agents,meanScore,clow,chigh,Q1,Q2,Q3,means
700,8.9822181000000008,13.987625657842354,6.6150521053235911,4.4399999999999995,7.6500000000000004,9.6466689999999975,"[0.933333, 1.93333, 2.7, 2.73333, 4.0, 4.06667, 4.1, 4.16667, 4.3, 4.5, 5.1, 5.96667, 6.06667, 7.1, 7.5, 7.8, 8.1, 8.9, 8.93333, 9.16667, 9.36667, 10.3, 10.7667, 11.4333, 12.0333, 12.1333, 18.8333, 18.9333, 28.2, 29.4]"
1400,21.264446666666668,33.114217054525426,15.660432771151987,10.916700000000001,15.96665,20.883309999999998,"[1.2, 2.6, 5.23333, 7.0, 7.9, 9.06667, 9.7, 10.5667, 10.5667, 11.0667, 11.5333, 12.6, 13.0, 13.4, 15.7, 16.2333, 16.7667, 17.1333, 17.5667, 19.1, 20.5333, 21.7, 22.0333, 24.5667, 24.5667, 34.0, 45.4, 60.5, 62.2667, 94.4333]"
2100,42.543326666666665,66.250910524276335,31.331495127445475,25.796679999999995,37.700000000000003,53.836679999999994,"[4.2, 10.9667, 11.1333, 11.5667, 12.4, 14.1333, 15.1667, 19.0333, 20.7333, 27.9667, 28.3333, 29.6667, 32.4, 37.0667, 37.4333, 37.9667, 39.2, 40.1, 46.2667, 51.0, 53.3667, 54.9333, 55.9333, 65.6667, 72.7667, 74.6, 86.2333, 88.1667, 95.4667, 102.433]"
2800,53.406656666666663,83.167911619763942,39.331912528502002,37.986699999999999,50.116700000000002,69.179999999999993,"[16.7667, 17.0, 17.5333, 19.6333, 21.4667, 27.4333, 31.4, 37.4, 37.5667, 38.1667, 38.2333, 44.1667, 44.2667, 44.4333, 49.3667, 50.8667, 55.0667, 62.3333, 65.4333, 67.5667, 68.7, 70.3, 71.5333, 74.4333, 80.9667, 81.2, 83.2, 86.0333, 90.2, 109.533]"
3500,75.278876666666676,117.22858819874534,55.439946574023665,64.759990000000002,74.766649999999998,88.299990000000008,"[29.0, 34.4, 43.5333, 50.3667, 54.2667, 55.0, 55.5333, 61.3667, 62.3333, 65.8, 67.2, 71.1333, 71.5667, 73.1333, 74.3333, 75.2, 75.5667, 76.2667, 78.6, 85.7333, 87.9, 89.2333, 90.3667, 92.5667, 95.9333, 101.6, 103.533, 103.8, 114.133, 118.967]"
4200,84.04889,130.88575641212381,61.898718173477754,73.429990000000004,86.900000000000006,97.149999999999977,"[42.4667, 49.0, 49.5, 69.0, 69.1333, 69.2667, 69.4, 72.5667, 73.0333, 73.6, 75.4667, 76.5333, 80.3333, 82.8, 86.2667, 87.5333, 90.6667, 91.8667, 91.9, 92.3333, 96.1, 99.6, 99.8, 100.0, 102.333, 102.8, 105.433, 105.467, 108.1, 109.167]"
4900,84.53555333333334,131.64361649214842,62.257126672571147,74.583309999999983,85.099999999999994,90.799999999999997,"[45.1, 50.2333, 61.2667, 65.5333, 66.4333, 67.6, 67.6333, 68.0667, 70.5, 76.3333, 77.3, 78.0, 79.0, 81.7333, 84.6667, 85.5333, 85.9667, 86.3333, 88.3, 89.9, 90.8, 90.8, 96.9667, 98.0, 98.0667, 98.6, 110.767, 119.033, 125.533, 132.067]"
5600,86.999989999999997,135.48137874274374,64.072087830135331,78.609989999999996,85.333349999999996,94.653310000000005,"[52.0333, 61.5667, 65.4, 67.2, 69.3667, 74.8667, 75.2333, 75.5, 76.5333, 79.5, 80.8, 81.7333, 82.0, 82.5667, 84.6667, 86.0, 86.4, 86.6, 87.2667, 93.7667, 94.6333, 94.7, 94.7, 97.4333, 102.3, 103.167, 106.5, 107.833, 116.0, 143.733]"
6300,94.837763333333342,147.68680931202439,69.844301153447503,82.200000000000003,87.699999999999989,101.03989999999999,"[63.1, 70.5333, 70.9333, 75.2, 79.0333, 79.7, 80.4333, 80.6333, 81.5, 82.5, 84.1667, 84.8, 85.9667, 87.0333, 87.5667, 87.8333, 91.2333, 91.4667, 95.4, 99.4667, 100.4, 102.533, 104.833, 105.2, 106.0, 110.267, 113.267, 131.833, 153.7, 158.6]"
7000,94.459986666666666,147.09851380007274,69.566083422999,82.739989999999992,87.916650000000004,101.84009999999999,"[49.7333, 67.1333, 67.6, 67.6667, 70.0333, 73.0, 74.9, 76.0667, 80.7333, 83.6, 84.1, 85.7, 87.0, 87.1, 87.6, 88.2333, 89.5, 91.3667, 93.5333, 99.8667, 101.4, 102.867, 105.133, 105.267, 116.733, 117.9, 121.6, 122.333, 149.333, 186.767]"
7700,92.558913333333336,144.13805327253633,68.166017312820586,82.559989999999999,90.18334999999999,99.403210000000001,"[60.1333, 62.7, 66.1, 67.6, 68.0667, 72.0333, 76.0667, 81.5667, 82.2333, 82.7, 82.7333, 84.1667, 85.7, 86.7667, 89.8667, 90.5, 91.6, 93.5, 93.8, 96.5667, 99.1333, 100.033, 103.433, 103.767, 109.3, 110.367, 117.467, 121.367, 131.667, 165.833]"
8400,98.268896666666663,153.02996710606766,72.371196573668115,85.776679999999999,94.633350000000007,105.63,"[53.6667, 68.1, 74.1, 75.8333, 78.2, 80.1, 82.8333, 83.3333, 84.6333, 86.2667, 87.1333, 90.0333, 90.3667, 90.8, 94.0, 95.2667, 98.3, 98.3333, 98.5667, 98.9333, 104.4, 108.5, 109.267, 110.9, 112.233, 117.3, 123.267, 129.133, 139.3, 184.967]"
9100,90.914413333333343,141.57714346849565,66.95490742146707,83.653300000000002,89.466700000000003,100.36989999999999,"[62.5, 66.2, 68.2, 69.4667, 70.3333, 74.7667, 78.4, 81.1, 82.5333, 84.1333, 85.3667, 85.6, 87.6667, 88.1667, 88.9667, 89.9667, 91.2333, 91.6, 97.4333, 98.7, 99.4, 102.633, 103.3, 104.467, 107.233, 109.2, 111.6, 114.333, 116.0, 116.933]"
9800,90.235566666666671,140.52000446934272,66.454963418601537,78.549989999999994,85.133350000000007,92.903309999999976,"[62.1, 65.6, 66.1667, 66.8667, 73.0667, 77.2, 77.2333, 77.6, 78.4333, 78.6, 78.8667, 79.5667, 81.3333, 81.6333, 83.1, 87.1667, 87.3, 88.0333, 88.3667, 90.3333, 90.9333, 97.5, 98.6, 104.367, 109.1, 117.133, 120.367, 125.833, 130.2, 144.467]"
10500,90.996660000000006,141.7052226992748,67.015478872686799,75.83999,86.400000000000006,97.580099999999987,"[57.5, 63.9, 68.4, 68.7667, 68.7667, 70.5, 72.8667, 73.9667, 74.5333, 76.4, 81.1667, 81.4, 83.2333, 83.9667, 86.1, 86.7, 87.2667, 91.4667, 93.3333, 94.2333, 96.0, 101.267, 101.333, 102.8, 107.833, 115.967, 117.833, 122.7, 126.767, 172.933]"
11200,95.51891333333333,148.74753519406897,70.345941471170491,90.283320000000003,96.583349999999996,100.75700000000001,"[57.8333, 73.0, 73.7667, 76.7667, 82.3667, 85.1667, 87.5333, 88.7667, 90.1667, 90.3333, 90.5333, 91.2, 91.2333, 91.5, 94.6, 98.5667, 98.7667, 99.6333, 100.1, 100.433, 100.667, 100.967, 101.733, 103.667, 106.267, 107.067, 111.1, 112.5, 125.333, 134.0]"
11900,95.179946666666666,148.2196768420412,70.096305786865756,82.899999999999991,92.700000000000003,104.65309999999999,"[73.2333, 73.4, 74.4667, 75.0333, 75.2667, 75.9333, 76.5333, 77.3333, 80.8, 83.8, 84.5333, 86.0333, 87.0333, 92.0333, 92.6333, 92.7667, 95.6333, 103.367, 103.833, 104.333, 104.633, 104.7, 107.067, 109.667, 111.933, 112.633, 115.5, 115.6, 117.233, 148.433]"
12600,99.188879999999997,154.46261796522688,73.048728294483169,89.156700000000001,100.2835,106.53989999999999,"[71.2, 73.1333, 74.9, 75.3667, 80.2, 81.8, 82.1333, 82.6333, 86.5667, 90.2667, 90.4667, 90.9667, 95.9333, 99.9667, 100.067, 100.5, 101.9, 102.833, 105.867, 106.267, 106.5, 106.633, 106.7, 108.533, 109.0, 117.033, 119.167, 119.433, 124.0, 165.7]"
13300,101.83556666666667,158.58419037805172,74.997909444567384,91.063310000000001,97.5,108.5231,"[81.6, 84.4, 84.6667, 87.9667, 88.0, 88.4333, 89.0, 90.7333, 90.9, 91.1333, 93.1, 93.2667, 93.6, 95.3, 97.0333, 97.9667, 101.533, 101.833, 104.467, 106.467, 108.233, 109.2, 110.533, 111.967, 115.7, 116.367, 119.267, 124.4, 135.5, 142.5]"
14000,102.58003666666667,159.7435217990394,75.546182464218333,87.690010000000001,101.48349999999999,113.62689999999999,"[76.7, 76.8, 79.8667, 80.5667, 81.1667, 82.1667, 83.0667, 86.6, 87.6667, 87.7, 91.9, 93.4333, 96.0333, 97.9333, 101.367, 101.6, 103.533, 106.2, 107.1, 109.833, 112.567, 116.1, 118.567, 119.0, 121.367, 123.1, 126.567, 126.833, 131.5, 150.567]"
14700,108.27662333333333,168.61457357418934,79.741495604353673,98.06998999999999,105.3335,112.21319999999999,"[78.4667, 80.0333, 82.8, 85.5, 87.4667, 91.1667, 91.9667, 93.0333, 96.8333, 98.6, 100.733, 100.9, 101.5, 104.0, 104.8, 105.867, 105.967, 108.1, 110.0, 110.133, 110.433, 116.367, 118.0, 118.133, 119.8, 134.833, 138.433, 139.233, 152.867, 162.333]"
15400,110.56894666666668,172.18431106179321,81.429702027692372,98.713319999999996,106.2835,115.89009999999999,"[86.9667, 87.9, 92.8333, 93.5667, 95.5333, 95.7667, 96.0667, 96.8333, 97.2667, 99.3333, 99.3667, 100.833, 103.967, 106.1, 106.267, 106.3, 108.133, 109.167, 113.833, 114.767, 115.3, 117.267, 120.767, 121.833, 129.167, 133.833, 137.067, 138.267, 145.067, 147.7]"
16100,114.68885333333333,178.60006623017225,84.463852052291529,102.68689999999998,113.75,127.393,"[79.0667, 79.8333, 81.7, 86.2, 90.7, 94.6333, 98.1333, 101.567, 101.8, 103.067, 105.1, 110.967, 111.033, 112.367, 113.0, 114.5, 115.8, 121.267, 122.833, 125.533, 127.333, 127.533, 130.433, 132.2, 133.233, 135.8, 139.4, 142.633, 147.7, 155.3]"
16800,122.29556666666667,190.4456769032403,90.065898728296844,111.8801,118.467,126.69319999999999,"[95.4, 101.033, 101.733, 104.3, 106.367, 106.5, 107.333, 108.1, 111.367, 112.1, 112.633, 113.5, 114.667, 115.6, 118.067, 118.867, 118.933, 121.7, 122.067, 125.967, 126.233, 127.767, 130.533, 138.2, 139.833, 140.5, 144.233, 145.5, 165.167, 174.667]"
17500,128.00113333333334,199.33071284989543,94.26782528699367,111.84689999999999,124.65000000000001,138.26689999999999,"[77.2333, 89.7, 93.1, 99.7667, 101.9, 102.633, 104.633, 105.167, 106.9, 113.967, 114.533, 116.067, 119.1, 120.367, 124.633, 124.667, 132.7, 133.767, 136.533, 138.167, 138.167, 138.5, 143.3, 144.833, 145.4, 151.167, 154.0, 158.7, 188.3, 222.133]"
18200,136.41336666666666,212.43072550858273,100.46310591841586,123.47319999999999,135.51650000000001,146.833,"[94.2, 100.633, 100.867, 104.067, 111.767, 113.3, 114.8, 118.533, 119.367, 125.233, 125.5, 125.9, 128.733, 129.767, 132.3, 138.733, 139.067, 141.033, 141.167, 143.0, 145.633, 149.633, 158.767, 161.2, 161.667, 161.967, 172.167, 176.0, 176.133, 181.267]"
18900,140.88893333333331,219.40033484595233,103.75918561401458,124.02679999999999,131.96699999999998,148.07319999999999,"[106.433, 112.967, 114.033, 115.333, 117.967, 119.833, 121.4, 122.467, 123.933, 124.067, 127.0, 127.867, 128.9, 131.167, 131.367, 132.567, 136.967, 145.233, 146.3, 146.467, 147.733, 148.867, 153.6, 154.233, 160.933, 165.5, 175.667, 179.067, 199.933, 208.867]"
19600,142.77439999999999,222.33649177624034,105.14775802497073,135.15989999999999,140.767,151.18699999999998,"[99.6, 107.033, 107.1, 112.167, 118.333, 127.667, 129.367, 131.933, 134.833, 135.3, 135.5, 136.633, 136.733, 137.733, 139.767, 141.767, 142.2, 143.367, 148.033, 149.1, 150.167, 153.567, 154.5, 157.333, 162.1, 163.633, 165.133, 184.1, 185.1, 193.433]"
20300,152.0556,236.78970921209469,111.98299859878058,135.5701,148.30000000000001,163.09989999999996,"[108.433, 112.567, 122.033, 123.9, 125.2, 126.767, 127.867, 130.167, 130.367, 137.8, 138.567, 139.767, 141.267, 145.933, 147.4, 149.2, 150.3, 150.6, 153.767, 161.133, 161.2, 167.533, 167.933, 168.533, 170.8, 174.8, 179.0, 187.867, 230.367, 230.6]"
21000,161.94333333333333,252.18745517322165,119.26492723548836,149.19999999999999,159.25,176.81309999999999,"[117.733, 117.833, 122.4, 124.967, 128.133, 131.067, 145.3, 145.367, 147.1, 150.1, 151.033, 152.667, 154.733, 156.033, 156.867, 161.633, 164.633, 166.433, 168.067, 173.6, 175.833, 179.1, 180.5, 184.4, 192.167, 196.167, 197.067, 203.367, 205.0, 209.0]"
21700,175.37996666666669,273.11175194222943,129.16048183353669,153.8468,174.98349999999999,188.85999999999999,"[122.767, 127.833, 130.6, 134.1, 142.833, 145.467, 146.233, 146.633, 151.233, 154.967, 155.1, 159.967, 165.6, 172.8, 173.367, 176.6, 178.933, 183.633, 184.133, 186.1, 187.6, 191.8, 198.5, 199.0, 202.033, 209.967, 212.7, 214.667, 220.933, 285.3]"
22400,193.49447666666669,301.3207067943992,142.50110952464178,167.16320000000002,189.69999999999999,214.2268,"[94.2333, 138.3, 141.733, 142.467, 154.0, 154.767, 158.933, 166.467, 166.767, 167.333, 170.1, 173.633, 180.2, 185.233, 185.767, 193.633, 201.267, 208.0, 210.3, 213.067, 213.967, 214.833, 220.067, 224.267, 226.4, 240.8, 259.633, 259.767, 265.6, 273.3]"
23100,197.77436666666665,307.98559719343575,145.65308101318234,179.6568,191.81650000000002,216.88689999999997,"[140.133, 143.733, 144.433, 148.7, 149.633, 162.1, 175.233, 175.267, 178.233, 180.267, 186.3, 186.333, 187.567, 188.9, 190.133, 193.5, 197.667, 197.9, 203.2, 212.933, 215.767, 219.5, 219.933, 224.467, 225.733, 237.433, 239.633, 256.233, 273.8, 278.567]"
23800,219.43666666666667,341.7193742977658,161.6065171940686,179.99989999999997,215.55000000000001,249.61299999999997,"[147.9, 153.867, 154.333, 157.733, 176.633, 177.267, 177.367, 179.5, 179.533, 180.2, 184.767, 201.2, 208.367, 213.667, 214.633, 216.467, 220.133, 225.1, 225.733, 229.3, 244.633, 261.233, 262.0, 267.2, 272.0, 273.5, 276.0, 285.1, 302.867, 314.867]"
24500,237.45769999999999,369.78276191848778,174.87830297844775,219.15989999999999,233.583,249.73989999999998,"[143.9, 164.433, 174.2, 174.333, 180.267, 192.633, 195.467, 207.433, 218.833, 219.3, 219.6, 227.567, 228.667, 229.8, 231.033, 236.133, 238.233, 242.133, 243.467, 246.133, 247.0, 256.133, 259.233, 260.967, 281.367, 283.1, 286.533, 294.3, 297.133, 444.4]"
25200,273.99120000000005,426.67482535778288,201.7837959646223,230.327,263.95000000000005,295.74000000000001,"[163.533, 168.4, 180.8, 198.6, 199.2, 201.267, 210.833, 212.567, 224.167, 232.967, 237.7, 245.433, 247.567, 250.9, 261.033, 266.867, 271.0, 284.167, 285.933, 293.767, 295.5, 296.3, 301.7, 311.067, 352.367, 356.267, 360.167, 374.167, 392.333, 543.167]"
25900,286.87326666666667,446.73551907804568,211.27093391602114,240.9999,272.05000000000001,312.49000000000001,"[170.233, 193.267, 193.467, 221.733, 222.933, 227.1, 231.467, 238.2, 240.533, 241.2, 246.333, 250.6, 259.333, 263.233, 271.6, 272.5, 274.233, 275.2, 277.633, 297.267, 311.2, 315.5, 345.067, 354.6, 366.7, 370.933, 378.833, 393.767, 422.7, 478.833]"
26600,313.39779999999996,488.04104505003556,230.80521466003825,260.12,324.73349999999999,343.25009999999997,"[175.233, 196.767, 207.633, 208.5, 211.0, 224.267, 225.3, 235.067, 258.3, 260.9, 267.833, 281.433, 292.233, 318.3, 321.767, 327.7, 338.4, 338.5, 340.033, 342.2, 342.3, 345.467, 363.767, 366.4, 386.6, 391.867, 393.2, 413.767, 502.4, 524.8]"
27300,353.59126666666663,550.63261868642928,260.40612986088234,289.16699999999997,343.0335,378.56679999999994,"[210.4, 218.7, 218.967, 222.667, 242.467, 254.233, 262.0, 267.3, 277.267, 294.267, 324.033, 328.867, 338.267, 338.867, 341.367, 344.7, 349.1, 356.567, 363.867, 365.767, 369.367, 400.033, 425.5, 433.7, 435.167, 453.8, 473.867, 499.067, 585.667, 611.9]"
28000,404.15996666666666,629.38110126933759,297.64799836978415,294.57319999999999,358.48349999999999,466.42009999999993,"[219.533, 257.433, 271.033, 276.933, 280.1, 281.767, 284.333, 288.267, 288.367, 297.233, 311.767, 328.667, 344.3, 347.333, 356.267, 360.7, 388.033, 424.8, 427.8, 438.867, 464.9, 469.967, 472.933, 506.4, 542.233, 557.933, 600.567, 614.6, 645.0, 776.733]"
28700,433.50223333333332,675.07456334257745,319.25742943985568,350.38310000000001,418.0,489.19,"[218.433, 258.033, 272.767, 289.033, 300.4, 322.4, 326.867, 339.067, 349.8, 350.633, 367.067, 382.4, 388.767, 389.667, 408.9, 427.1, 441.433, 468.4, 476.267, 477.3, 487.9, 492.2, 505.867, 568.833, 572.367, 579.533, 605.833, 634.433, 635.567, 667.8]"
29400,508.05663333333337,791.17495488673751,374.16382730177548,384.2568,451.66650000000004,568.07989999999984,"[245.2, 263.133, 305.167, 319.9, 329.367, 333.0, 337.5, 344.3, 366.733, 391.767, 395.3, 399.567, 404.3, 441.167, 446.3, 457.033, 487.233, 531.733, 538.4, 546.767, 551.3, 607.233, 608.933, 642.433, 650.467, 687.133, 764.033, 830.567, 840.233, 1175.5]"
30100,547.25229999999999,852.2126970835011,403.02990185221364,413.32309999999995,482.60000000000002,559.27999999999986,"[275.3, 351.967, 363.033, 365.167, 367.767, 370.967, 380.267, 410.167, 411.9, 413.933, 417.467, 427.2, 453.367, 467.033, 472.567, 492.633, 507.8, 528.767, 531.967, 538.4, 546.2, 589.8, 590.133, 623.767, 708.233, 793.3, 861.9, 868.967, 1120.9, 1166.7]"
30800,624.46213333333333,972.44828185192966,459.89192244191071,460.76699999999994,557.13300000000004,673.7469000000001,"[281.1, 315.367, 323.833, 368.2, 393.267, 399.133, 420.9, 421.067, 434.167, 472.167, 495.3, 507.333, 521.6, 539.133, 548.933, 565.333, 585.867, 593.5, 638.4, 667.4, 672.267, 677.2, 699.933, 713.967, 723.9, 826.1, 947.567, 1213.03, 1254.43, 1513.47]"
31500,760.91013333333331,1184.9329403753377,560.38053445492721,506.33010000000002,647.04999999999995,857.02309999999989,"[366.8, 389.433, 409.7, 442.4, 449.967, 461.6, 483.933, 495.533, 502.667, 507.9, 535.033, 564.967, 586.2, 615.067, 624.9, 669.2, 699.167, 773.267, 794.5, 831.367, 854.333, 863.3, 937.467, 962.6, 977.333, 1032.27, 1073.63, 1488.0, 1500.5, 1934.27]"
32200,852.65780000000007,1327.807673768177,627.94910034644795,619.42989999999998,842.79999999999995,980.81409999999983,"[383.2, 412.4, 475.933, 518.1, 519.233, 523.567, 560.0, 576.033, 588.933, 632.5, 713.7, 718.533, 767.967, 775.433, 842.1, 843.5, 861.3, 875.933, 948.333, 965.133, 967.033, 1012.97, 1036.83, 1043.17, 1076.5, 1092.37, 1219.97, 1365.83, 1614.9, 1648.33]"
32900,984.0539,1532.4252236026014,724.71718571906979,685.28999999999996,822.39999999999998,1021.3,"[415.567, 558.5, 559.2, 621.433, 629.1, 632.067, 639.4, 682.2, 683.4, 686.1, 695.533, 751.533, 777.1, 782.867, 818.733, 826.067, 837.967, 858.133, 901.367, 1013.13, 1018.63, 1027.53, 1296.73, 1305.63, 1561.43, 1690.5, 1756.3, 1768.9, 1772.3, 1954.27]"
33600,1037.1533999999999,1615.1148132284197,763.82288938336058,747.71320000000003,1096.5650000000001,1294.2809999999999,"[485.633, 496.333, 581.733, 606.233, 612.1, 630.433, 643.367, 703.467, 739.967, 751.033, 788.4, 788.933, 877.1, 884.7, 1039.73, 1153.4, 1176.0, 1191.27, 1197.37, 1210.0, 1290.93, 1302.1, 1306.8, 1393.07, 1403.0, 1422.8, 1519.4, 1531.4, 1669.57, 1718.33]"
34300,1297.0775666666666,2019.883646748501,955.24686582107518,927.03700000000003,1235.25,1393.249,"[665.833, 687.967, 706.8, 742.333, 764.067, 788.7, 790.633, 861.1, 913.667, 932.767, 1035.43, 1127.6, 1164.93, 1190.77, 1233.73, 1236.77, 1269.2, 1269.5, 1314.87, 1340.87, 1392.1, 1395.93, 1470.43, 1546.27, 1624.93, 1760.8, 1818.23, 2283.63, 2742.1, 2840.37]"
35000,1381.8839,2151.9489374010254,1017.7034113664835,1174.7619999999999,1296.6849999999999,1581.8919999999998,"[481.367, 772.1, 834.6, 863.533, 942.933, 950.867, 956.667, 1072.23, 1163.17, 1179.73, 1240.6, 1253.17, 1258.67, 1274.67, 1291.6, 1301.77, 1325.47, 1418.33, 1451.77, 1513.23, 1570.03, 1609.57, 1617.3, 1695.0, 1726.57, 1739.07, 1782.1, 2255.7, 2306.1, 2608.6]"
35700,1536.5129999999999,2392.7462485472629,1131.5816919995591,1254.5909999999999,1552.165,1816.7189999999998,"[681.3, 750.433, 804.833, 844.167, 885.867, 1117.7, 1138.7, 1149.0, 1222.3, 1268.43, 1311.53, 1335.47, 1416.17, 1475.73, 1547.7, 1556.63, 1606.47, 1677.83, 1729.53, 1754.53, 1804.8, 1844.53, 1860.37, 1914.7, 2038.1, 2184.37, 2229.2, 2271.03, 2330.17, 2343.8]"
36400,1721.0378666666666,2680.0989637409198,1267.4770347911006,1405.1089999999999,1714.7649999999999,1990.9309999999996,"[817.733, 954.233, 1149.73, 1158.97, 1187.97, 1215.43, 1217.1, 1358.8, 1374.4, 1418.27, 1512.63, 1605.37, 1611.2, 1664.03, 1673.2, 1756.33, 1813.17, 1822.3, 1935.5, 1943.67, 1962.53, 2057.2, 2098.93, 2100.5, 2108.57, 2123.8, 2149.57, 2351.37, 2585.43, 2903.2]"
37100,1815.6309000000001,2827.4046654479926,1337.1411018772264,1574.52,1774.665,2008.8999999999999,"[846.967, 982.9, 1090.77, 1261.77, 1292.67, 1304.87, 1429.8, 1448.57, 1568.5, 1577.1, 1593.5, 1613.47, 1635.77, 1716.97, 1728.9, 1820.43, 1845.77, 1893.43, 1963.4, 1968.53, 1986.4, 2061.4, 2070.77, 2202.77, 2233.6, 2287.4, 2466.33, 2496.07, 2768.23, 3311.87]"
37800,1751.1805666666667,2727.038906550441,1289.6759536856594,1447.7489999999998,1660.7350000000001,1983.0889999999999,"[792.567, 1143.6, 1223.3, 1324.17, 1324.73, 1384.13, 1436.6, 1437.1, 1446.3, 1448.37, 1498.6, 1500.97, 1513.83, 1556.07, 1621.3, 1700.17, 1765.47, 1767.53, 1770.17, 1960.3, 1980.5, 1989.13, 2094.43, 2273.27, 2284.77, 2329.67, 2358.5, 2456.7, 2545.5, 2607.67]"
38500,2041.675,3179.4135142382352,1503.613735134815,1739.5419999999999,2133.4650000000001,2311.808,"[1123.73, 1301.53, 1313.87, 1322.4, 1373.43, 1415.77, 1574.97, 1588.93, 1589.77, 1803.73, 1911.67, 1970.2, 2005.33, 2078.3, 2125.93, 2141.0, 2188.9, 2196.5, 2258.33, 2258.9, 2308.97, 2318.43, 2327.43, 2418.3, 2567.47, 2620.97, 2628.1, 2700.93, 2837.73, 2978.73]"
39200,2046.1833333333334,3186.434149709939,1506.9339461980674,1776.481,1991.1849999999999,2157.6679999999997,"[1277.3, 1359.77, 1425.27, 1465.87, 1513.57, 1612.37, 1618.63, 1692.07, 1729.77, 1796.5, 1866.67, 1868.77, 1936.1, 1970.4, 1985.5, 1996.87, 2055.63, 2085.17, 2091.47, 2094.23, 2115.77, 2255.43, 2362.77, 2421.67, 2548.3, 2613.3, 2627.83, 2706.5, 2813.87, 3478.13]"
39900,2127.346,3312.8253134610809,1566.7070738408945,1937.6109999999999,2060.9849999999997,2213.23,"[1254.2, 1324.53, 1544.7, 1683.37, 1706.2, 1756.2, 1767.93, 1781.4, 1924.57, 1943.2, 1953.07, 1967.3, 1991.47, 2011.83, 2025.87, 2096.1, 2137.13, 2157.6, 2171.87, 2206.2, 2211.07, 2218.27, 2383.3, 2477.97, 2588.03, 2600.83, 2801.83, 2920.4, 2946.87, 3267.07]"
40600,2205.1606666666671,3434.0027794171933,1624.0145305100204,1886.8599999999999,2067.1999999999998,2484.3090000000002,"[1497.83, 1567.83, 1597.53, 1603.47, 1663.07, 1674.23, 1719.77, 1767.3, 1811.33, 1919.23, 1956.27, 1968.33, 1975.17, 1975.93, 2025.17, 2109.23, 2228.27, 2240.0, 2333.43, 2395.57, 2476.77, 2501.9, 2530.63, 2587.97, 2844.0, 2897.8, 2917.43, 3004.83, 3070.73, 3293.8]"
41300,2419.711666666667,3768.11391311542,1782.0229454080379,2215.1300000000001,2463.9200000000001,2687.8400000000001,"[1485.4, 1554.67, 1562.43, 1781.63, 1898.9, 1978.33, 2034.67, 2055.17, 2151.5, 2242.4, 2287.47, 2322.27, 2333.4, 2433.8, 2438.67, 2489.17, 2512.27, 2562.9, 2620.4, 2660.4, 2684.63, 2695.33, 2700.3, 2879.8, 2895.37, 2906.53, 2996.27, 3009.2, 3073.7, 3344.37]"
42000,2485.7869999999998,3871.010215297596,1830.6848425041037,2123.6610000000001,2357.9499999999998,2678.598,"[1414.27, 1645.6, 1746.97, 1764.1, 1773.43, 1926.9, 2037.83, 2048.07, 2095.5, 2135.73, 2182.9, 2187.9, 2274.6, 2314.33, 2347.1, 2368.8, 2436.97, 2475.3, 2595.07, 2597.7, 2672.37, 2693.13, 2720.2, 2889.53, 2934.37, 3051.07, 3088.03, 3280.47, 3443.77, 5431.6]"
42700,2595.6826666666666,4042.14605609313,1911.6187001610756,2270.192,2544.335,2894.2390000000005,"[1563.7, 1654.07, 1738.47, 1796.7, 1799.13, 1834.33, 2082.43, 2212.73, 2251.67, 2278.13, 2286.27, 2318.07, 2515.07, 2523.73, 2530.6, 2558.07, 2626.43, 2757.27, 2769.07, 2796.73, 2893.57, 2895.8, 2992.17, 3105.2, 3168.37, 3206.4, 3275.77, 3492.47, 3691.73, 4256.33]"
43400,2597.5169999999998,4045.002585261394,1912.9696148731698,2333.4590000000003,2553.0650000000001,2807.2489999999998,"[1379.13, 1870.23, 1960.07, 2039.87, 2068.03, 2076.07, 2173.67, 2229.4, 2293.3, 2350.67, 2358.43, 2383.27, 2447.07, 2492.5, 2521.53, 2584.6, 2594.83, 2690.27, 2708.2, 2793.73, 2797.67, 2829.6, 2847.97, 2944.87, 2946.53, 3226.97, 3233.63, 3390.27, 3554.23, 4138.9]"
44100,2786.688333333333,4339.5910450830934,2052.2868985220202,2401.7889999999998,2712.2849999999999,3099.5420000000004,"[1915.67, 2030.93, 2055.23, 2070.97, 2155.93, 2170.57, 2249.87, 2307.57, 2360.23, 2419.6, 2468.97, 2578.8, 2605.3, 2669.0, 2706.4, 2718.17, 2758.07, 2865.57, 2868.3, 3041.67, 3078.53, 3148.57, 3183.67, 3372.97, 3430.33, 3523.43, 3608.1, 3642.33, 3773.07, 3822.83]"
44800,2795.7929999999997,4353.7693546782211,2058.9921292045838,2469.212,2690.5700000000002,2836.9409999999998,"[1965.03, 2088.93, 2104.43, 2225.4, 2257.3, 2299.73, 2402.17, 2430.3, 2430.67, 2485.73, 2545.03, 2588.83, 2599.03, 2603.17, 2681.07, 2700.07, 2700.47, 2767.53, 2797.47, 2798.6, 2833.83, 2844.2, 3128.27, 3214.17, 3226.2, 3268.43, 3565.4, 3902.6, 4040.03, 4379.7]"
45500,2827.2183333333332,4402.7066877451598,2082.135657352399,2529.2309999999998,2806.4850000000001,3108.4799999999996,"[1856.0, 1944.97, 2158.9, 2336.23, 2353.47, 2368.03, 2421.57, 2463.23, 2494.7, 2544.03, 2573.5, 2662.67, 2667.47, 2694.9, 2761.4, 2851.57, 2899.03, 2922.93, 2957.23, 2957.43, 3062.4, 3216.0, 3234.13, 3243.63, 3463.8, 3466.9, 3497.03, 3539.87, 3549.5, 3654.03]"
46200,2893.9049999999997,4506.5549932881577,2131.247777523512,2430.471,2762.0149999999999,3326.1689999999994,"[1912.63, 1934.5, 2049.5, 2110.17, 2151.4, 2327.07, 2338.53, 2357.97, 2388.87, 2448.3, 2479.8, 2514.37, 2588.77, 2747.63, 2751.93, 2772.1, 2813.67, 2840.17, 2930.77, 3086.17, 3295.17, 3398.5, 3463.6, 3478.83, 3721.4, 3764.9, 3956.1, 3972.93, 3980.57, 4240.83]"
46900,2983.1046666666666,4645.4618348107051,2196.9398411327775,2693.7780000000002,2927.9200000000001,3240.0320000000002,"[2023.6, 2120.3, 2425.47, 2430.13, 2500.17, 2514.33, 2569.7, 2588.03, 2673.73, 2702.37, 2713.6, 2730.57, 2772.8, 2777.1, 2808.87, 3046.97, 3098.27, 3166.67, 3189.23, 3198.1, 3237.53, 3245.87, 3258.9, 3322.73, 3342.97, 3400.37, 3625.93, 3876.23, 3910.67, 4221.93]"
47600,2786.9083333333333,4339.9336417123968,2052.4489199121676,2509.8789999999999,2692.0500000000002,3065.7220000000002,"[1613.93, 1929.43, 2198.77, 2232.83, 2273.43, 2376.97, 2428.57, 2437.67, 2497.93, 2515.0, 2534.7, 2556.47, 2586.4, 2604.0, 2684.07, 2700.03, 2714.9, 2834.2, 2843.47, 2991.43, 3051.73, 3098.37, 3150.5, 3360.83, 3378.67, 3415.47, 3444.87, 3491.97, 3627.47, 4033.17]"
48300,3008.0063333333333,4684.2401396472023,2215.2789440888055,2829.25,2936.7350000000001,3242.5920000000001,"[1741.07, 2319.17, 2427.6, 2617.27, 2669.83, 2766.9, 2786.9, 2811.67, 2821.97, 2832.37, 2858.73, 2861.2, 2890.4, 2905.53, 2924.17, 2949.3, 2957.43, 3063.97, 3068.47, 3133.33, 3237.63, 3254.17, 3261.37, 3285.0, 3404.67, 3466.57, 3581.13, 3652.63, 3692.37, 3997.37]"
49000,3027.7889999999998,4715.046843822779,2229.8481038804443,2665.7510000000002,2929.8299999999999,3247.3819999999996,"[2262.97, 2325.77, 2331.23, 2332.1, 2349.17, 2374.03, 2535.57, 2653.6, 2663.0, 2666.93, 2687.33, 2737.73, 2824.7, 2836.7, 2910.03, 2949.63, 2971.93, 3040.57, 3093.93, 3167.53, 3190.73, 3379.57, 3399.8, 3449.13, 3456.13, 3778.47, 3985.63, 4046.13, 4154.13, 4279.5]"
49700,3039.6860000000001,4733.5735351810481,2238.6097787831095,2691.6990000000001,2999.8000000000002,3448.6500000000005,"[2148.0, 2196.0, 2313.6, 2439.67, 2491.03, 2538.67, 2579.93, 2630.33, 2657.7, 2706.27, 2889.67, 2924.97, 2952.8, 2958.2, 2971.93, 3027.67, 3084.83, 3090.77, 3154.5, 3294.9, 3447.3, 3451.8, 3481.57, 3505.33, 3516.77, 3543.57, 3575.17, 3701.03, 3813.57, 4103.03]"
50400,2925.5983333333334,4555.909671339884,2154.5886771829614,2704.1409999999996,2914.1149999999998,3210.5,"[1727.23, 2024.53, 2064.8, 2228.77, 2410.27, 2584.67, 2586.03, 2613.37, 2654.7, 2725.33, 2813.93, 2826.37, 2856.07, 2866.7, 2883.93, 2944.3, 2951.8, 3106.47, 3130.1, 3139.1, 3193.67, 3249.77, 3279.57, 3308.57, 3351.6, 3377.07, 3475.6, 3614.93, 3739.77, 4038.93]"
51100,2929.2286666666669,4561.5630348091872,2157.2622756073524,2598.511,2914.0699999999997,3297.0590000000002,"[2001.23, 2085.9, 2159.8, 2160.8, 2224.17, 2238.27, 2410.77, 2519.0, 2566.5, 2612.23, 2647.4, 2654.83, 2713.17, 2796.37, 2851.77, 2976.37, 3018.73, 3095.83, 3163.37, 3170.67, 3296.87, 3297.5, 3381.3, 3382.63, 3466.47, 3551.7, 3609.9, 3743.87, 3939.67, 4139.77]"
51800,3050.0160000000001,4749.6600041842348,2246.2174195114053,2774.6210000000001,3019.23,3303.7379999999998,"[1934.9, 2274.6, 2288.03, 2307.37, 2666.93, 2668.33, 2684.33, 2734.93, 2768.37, 2777.3, 2863.67, 2883.33, 2970.17, 2993.33, 2996.23, 3042.23, 3045.77, 3065.07, 3107.57, 3253.13, 3293.97, 3326.53, 3349.7, 3360.63, 3369.0, 3379.4, 3444.93, 3468.2, 3795.8, 5386.73]"
52500,3082.489,4800.2288239267773,2270.1325131580593,2760.232,3114.335,3404.52,"[2098.97, 2311.53, 2329.57, 2366.73, 2403.73, 2424.7, 2496.77, 2518.37, 2745.07, 2766.73, 2839.07, 2867.57, 3008.1, 3011.2, 3105.17, 3123.5, 3149.43, 3149.57, 3363.97, 3381.27, 3404.43, 3404.73, 3427.03, 3430.33, 3476.53, 3766.4, 3772.23, 3875.8, 4222.97, 4233.2]"
53200,3110.0903333333331,4843.2112046734655,2290.4598149607623,2640.6219999999998,2961.9349999999999,3424.4409999999998,"[2054.3, 2152.83, 2405.5, 2412.57, 2424.93, 2463.63, 2485.83, 2545.93, 2579.47, 2666.83, 2681.2, 2779.93, 2858.2, 2892.67, 2928.9, 2994.97, 3022.37, 3068.97, 3320.5, 3349.67, 3392.83, 3498.2, 3588.4, 3636.3, 3650.87, 3914.37, 4186.87, 4285.2, 4457.67, 4602.8]"
53900,2952.8573333333334,4598.3589509679441,2174.6638638831168,2648.5689999999995,2959.6849999999999,3206.98,"[1839.13, 2144.57, 2340.77, 2382.43, 2415.53, 2463.87, 2468.77, 2553.6, 2614.43, 2663.2, 2786.87, 2803.93, 2813.83, 2902.03, 2958.97, 2960.4, 2991.2, 3024.1, 3053.4, 3139.47, 3191.8, 3242.4, 3257.63, 3364.53, 3389.33, 3426.27, 3515.3, 3621.53, 3622.2, 4634.23]"
54600,3138.0713333333333,4886.7848241486026,2311.066726404948,2932.511,3262.2349999999997,3399.009,"[1734.3, 1848.9, 2416.87, 2760.1, 2760.33, 2792.4, 2828.07, 2876.83, 2880.97, 2954.6, 2967.27, 3034.73, 3124.4, 3178.97, 3249.77, 3274.7, 3278.3, 3278.33, 3357.67, 3359.4, 3383.67, 3434.8, 3470.9, 3488.7, 3502.77, 3572.2, 3638.23, 3698.83, 3751.73, 4243.4]"
55300,3026.951,4713.7418621166153,2229.230949676155,2672.761,2911.1000000000004,3137.8009999999995,"[2178.7, 2448.3, 2467.03, 2506.37, 2555.83, 2576.7, 2628.07, 2631.4, 2650.2, 2682.43, 2693.23, 2696.17, 2821.4, 2843.57, 2906.9, 2915.3, 2949.77, 2983.53, 2996.3, 3000.87, 3113.33, 3194.9, 3282.83, 3532.0, 3579.03, 3713.6, 3850.4, 4000.77, 4180.7, 4228.9]"
56000,3002.8503333333333,4676.210920462262,2211.4817518724371,2739.1989999999996,2967.2650000000003,3323.9219999999991,"[2030.2, 2031.57, 2119.13, 2207.43, 2235.0, 2266.73, 2362.73, 2707.87, 2712.9, 2750.47, 2756.1, 2848.93, 2868.63, 2937.73, 2951.4, 2983.13, 3027.13, 3239.33, 3243.4, 3248.73, 3249.33, 3497.97, 3502.97, 3515.33, 3516.9, 3574.57, 3678.27, 3853.83, 3871.77, 4296.03]"
56700,2926.4653333333335,4557.2598135108201,2155.2271887523161,2503.442,2855.2649999999999,3212.6179999999995,"[2013.17, 2155.1, 2325.03, 2377.17, 2431.63, 2443.3, 2443.63, 2482.07, 2491.57, 2508.53, 2682.73, 2735.37, 2765.33, 2800.03, 2828.33, 2882.2, 2912.7, 3032.77, 3124.03, 3170.17, 3193.07, 3258.23, 3320.53, 3346.97, 3375.43, 3555.0, 3567.87, 3844.5, 3861.27, 3866.23]"
57400,3186.377,4962.0091813133267,2346.6419594292265,2890.9090000000001,3168.0300000000002,3364.8989999999999,"[2321.87, 2332.87, 2374.6, 2622.5, 2706.5, 2774.83, 2789.63, 2824.73, 2851.8, 2907.67, 2988.77, 3074.63, 3105.7, 3132.03, 3132.53, 3203.53, 3205.47, 3266.97, 3283.03, 3334.9, 3358.2, 3380.53, 3423.97, 3445.07, 3512.37, 3572.9, 3943.0, 4077.57, 4266.07, 4377.07]"
58100,3009.4119999999998,4686.429124474128,2216.3141625770668,2725.098,2974.1300000000001,3251.73,"[2008.7, 2250.03, 2456.4, 2561.37, 2608.83, 2674.63, 2676.27, 2708.7, 2721.43, 2726.67, 2750.87, 2808.27, 2928.73, 2939.13, 2972.43, 2975.83, 2989.2, 3015.73, 3192.43, 3193.4, 3244.2, 3269.3, 3273.67, 3302.67, 3344.5, 3420.4, 3444.63, 3626.47, 3887.57, 4309.9]"
58800,3274.9106666666671,5099.8788894035288,2411.8435401028637,2980.6409999999996,3222.0500000000002,3524.9319999999993,"[2075.07, 2221.27, 2469.63, 2522.37, 2603.57, 2606.03, 2622.77, 2712.4, 2819.27, 3049.8, 3069.07, 3083.1, 3135.2, 3153.03, 3209.23, 3234.87, 3274.07, 3344.17, 3356.27, 3484.0, 3484.93, 3618.27, 3639.27, 3640.6, 3853.63, 4038.3, 4078.9, 4363.67, 4673.93, 4810.63]"
59500,3160.3236666666662,4921.4374350310072,2327.4546990444705,2714.3389999999999,3152.8000000000002,3424.2379999999994,"[1773.63, 2272.8, 2419.1, 2427.43, 2446.9, 2496.4, 2560.97, 2623.27, 2649.33, 2742.2, 2908.67, 3001.43, 3082.5, 3089.97, 3139.23, 3166.37, 3172.27, 3334.27, 3386.4, 3403.77, 3407.87, 3462.43, 3565.03, 3578.17, 3617.1, 3835.73, 3923.87, 4158.9, 4326.2, 4837.5]"
60200,3083.9796666666666,4802.5501756332069,2271.230330819787,2725.3490000000002,2998.8000000000002,3219.8099999999999,"[2229.5, 2396.73, 2554.37, 2564.83, 2601.93, 2603.93, 2616.0, 2684.03, 2719.0, 2728.07, 2776.93, 2802.8, 2803.1, 2932.57, 2945.03, 3052.57, 3130.63, 3154.8, 3178.77, 3195.5, 3214.2, 3232.9, 3283.87, 3366.0, 3535.53, 3823.63, 3830.07, 3872.3, 3976.97, 4712.83]"
60900,3096.8939999999998,4822.6611168591007,2280.7412319084074,2747.1509999999998,3022.335,3394.2079999999996,"[2136.73, 2312.37, 2485.67, 2500.17, 2533.47, 2535.87, 2606.5, 2613.0, 2626.1, 2799.03, 2953.73, 2968.63, 2968.87, 2979.2, 3015.5, 3029.17, 3062.0, 3080.43, 3096.8, 3302.67, 3381.77, 3423.23, 3463.97, 3498.87, 3508.47, 3622.43, 3751.83, 3996.87, 4077.5, 4575.97]"
61600,3147.5266666666666,4901.5092120074087,2318.0302093639293,2818.1190000000001,3170.1999999999998,3380.989,"[2291.23, 2366.1, 2382.37, 2532.67, 2647.83, 2688.37, 2730.7, 2770.23, 2798.4, 2826.57, 2919.53, 2927.33, 2992.57, 3056.13, 3082.87, 3257.53, 3285.03, 3344.23, 3347.67, 3348.17, 3380.77, 3381.5, 3382.73, 3402.07, 3537.1, 3657.9, 3664.2, 3784.53, 3822.37, 4817.1]"
62300,3056.2816666666668,4759.4172600039474,2250.8318378002004,2885.4589999999998,3080.1300000000001,3259.0389999999998,"[1873.9, 2115.07, 2244.13, 2385.2, 2419.43, 2465.43, 2528.23, 2540.13, 2771.8, 2934.17, 2937.0, 2938.43, 2950.93, 3009.93, 3057.63, 3102.63, 3136.5, 3139.13, 3170.13, 3229.77, 3237.4, 3309.53, 3309.57, 3318.5, 3319.97, 3489.47, 3772.1, 3852.7, 4081.77, 5047.87]"
63000,3028.2733333333331,4715.8010754930474,2230.204796425724,2828.2509999999997,2952.2650000000003,3249.73,"[2306.93, 2308.2, 2458.43, 2460.67, 2649.9, 2736.8, 2745.67, 2765.67, 2821.37, 2831.2, 2840.27, 2850.0, 2876.53, 2899.2, 2932.0, 2972.53, 3047.93, 3050.07, 3094.87, 3226.23, 3242.8, 3265.9, 3409.8, 3413.7, 3443.93, 3483.3, 3513.07, 3629.83, 3709.73, 3861.67]"
63700,2975.8020000000001,4634.0897030610504,2191.5617129276957,2609.3179999999998,2877.0649999999996,3219.1179999999995,"[1724.1, 2164.77, 2222.87, 2333.9, 2357.23, 2473.0, 2477.63, 2525.37, 2566.03, 2627.87, 2709.4, 2727.83, 2810.0, 2825.8, 2854.93, 2899.2, 2916.57, 3036.57, 3076.23, 3083.07, 3177.37, 3316.53, 3380.03, 3381.8, 3556.13, 3633.53, 3635.47, 4036.43, 4259.1, 4485.3]"
64400,3309.1763333333333,5153.2393525890902,2437.078862592266,2999.8789999999999,3166.6700000000001,3414.5210000000002,"[2435.67, 2575.8, 2602.07, 2686.17, 2706.77, 2829.23, 2950.57, 2969.93, 2990.8, 3003.77, 3005.87, 3074.33, 3103.43, 3126.27, 3151.37, 3181.97, 3216.03, 3233.47, 3322.97, 3351.87, 3393.53, 3463.5, 3531.57, 3547.43, 3657.87, 3840.63, 4306.5, 4480.6, 4531.7, 5003.6]"
65100,3147.0899999999997,4900.8292096068217,2317.7086214531819,3077.5900000000001,3202.9350000000004,3399.9589999999998,"[1841.3, 1918.33, 2533.93, 2672.97, 2673.03, 2828.23, 2983.47, 3032.5, 3069.33, 3081.13, 3105.7, 3107.33, 3120.3, 3138.57, 3162.3, 3243.57, 3334.7, 3366.13, 3388.3, 3394.3, 3396.77, 3407.4, 3433.17, 3442.33, 3480.37, 3480.63, 3498.37, 3630.17, 3736.2, 3911.87]"
65800,3100.5576666666666,4828.3663889086019,2283.4393790282752,2698.6100000000001,3080.1499999999996,3330.8979999999997,"[1847.63, 2507.77, 2555.37, 2561.2, 2619.03, 2622.27, 2675.07, 2680.6, 2696.23, 2699.63, 2718.23, 2913.57, 2952.6, 2994.83, 2995.33, 3164.97, 3184.97, 3190.27, 3265.6, 3274.4, 3326.47, 3341.23, 3350.03, 3469.23, 3537.9, 3543.9, 3698.87, 4015.93, 4067.43, 4546.17]"
66500,3203.6363333333334,4988.8864059679563,2359.3527829732629,2942.2220000000002,3114.5349999999999,3523.8519999999999,"[2201.53, 2326.0, 2554.13, 2653.6, 2682.03, 2792.77, 2795.83, 2819.47, 2923.77, 2950.13, 2962.67, 3038.43, 3057.8, 3076.57, 3092.47, 3136.6, 3144.23, 3183.27, 3396.77, 3415.2, 3498.43, 3583.17, 3593.13, 3714.8, 3772.23, 3785.07, 3858.33, 3860.33, 4002.1, 4238.23]"
67200,3076.6083333333331,4791.0711122083449,2265.801632302022,2754.0189999999998,3066.835,3432.9189999999999,"[1924.13, 1971.9, 2315.63, 2395.27, 2444.57, 2453.43, 2526.67, 2631.33, 2707.7, 2773.87, 2847.4, 2886.3, 2936.0, 3045.57, 3054.6, 3079.07, 3101.4, 3154.43, 3251.57, 3345.37, 3419.17, 3465.0, 3473.0, 3678.53, 3685.27, 3722.33, 3734.3, 3822.4, 4214.67, 4237.37]"
67900,3306.1659999999997,5148.5514887114596,2434.8618699037456,3080.1599999999999,3262.6500000000001,3465.451,"[2384.6, 2439.0, 2489.4, 2744.67, 2823.4, 2862.53, 2927.7, 2961.9, 3048.17, 3093.87, 3117.23, 3147.67, 3148.93, 3214.7, 3231.8, 3293.5, 3315.17, 3315.47, 3340.33, 3342.6, 3449.8, 3501.97, 3706.17, 3821.07, 3875.73, 3904.4, 3987.7, 4017.0, 4118.73, 4559.77]"
68600,3036.165,4728.0904318547919,2236.0167000798833,2821.6989999999996,3087.3500000000004,3307.8220000000001,"[2012.03, 2162.73, 2310.7, 2381.8, 2518.3, 2587.33, 2610.8, 2645.17, 2698.1, 2874.67, 2894.4, 2927.67, 2968.93, 3041.13, 3074.17, 3100.53, 3219.33, 3237.33, 3237.33, 3280.07, 3299.83, 3326.47, 3396.83, 3418.13, 3421.23, 3572.07, 3637.6, 3641.6, 3690.37, 3898.3]"
69300,3428.0173333333337,5338.3053799664094,2524.6006081674227,3129.0799999999999,3357.4650000000001,3670.0010000000002,"[2497.7, 2628.87, 2760.7, 2773.17, 2900.97, 2917.77, 3087.3, 3095.1, 3102.97, 3140.27, 3203.77, 3224.37, 3259.4, 3260.0, 3340.7, 3374.23, 3451.53, 3612.13, 3630.47, 3630.53, 3659.3, 3694.97, 3724.8, 3848.1, 3881.37, 3910.13, 3932.53, 4308.17, 4380.87, 4608.33]"
70000,3293.0690000000004,5128.1560884660848,2425.2164419639125,2830.1410000000001,3226.3850000000002,3609.8209999999999,"[2352.73, 2455.5, 2484.63, 2516.9, 2702.67, 2725.13, 2750.57, 2765.47, 2789.87, 2847.4, 2855.87, 2857.87, 2860.93, 3107.47, 3184.67, 3268.1, 3317.3, 3471.63, 3538.57, 3542.13, 3594.8, 3644.87, 3746.2, 3752.83, 3831.47, 4028.23, 4114.8, 4174.73, 4658.8, 4849.93]"
70700,3119.433,4857.7601415312047,2297.3403233290319,2786.931,3110.1999999999998,3336.1799999999998,"[1973.0, 2200.53, 2576.77, 2620.2, 2712.8, 2729.3, 2729.33, 2733.93, 2734.9, 2809.23, 2856.07, 2881.7, 2883.1, 3066.07, 3077.67, 3142.73, 3164.47, 3167.33, 3194.97, 3250.6, 3323.13, 3366.63, 3453.9, 3586.57, 3728.03, 3787.5, 3797.63, 3894.47, 4055.93, 4084.5]"
71400,3371.0406666666668,5249.5780438349257,2482.6395229887344,3203.9679999999998,3387.3150000000001,3557.3899999999994,"[2269.7, 2392.2, 2449.37, 2896.77, 3006.03, 3075.2, 3114.37, 3125.07, 3141.43, 3230.77, 3241.37, 3310.33, 3346.8, 3373.57, 3381.8, 3392.83, 3412.0, 3413.1, 3450.0, 3484.73, 3532.97, 3614.37, 3691.7, 3775.9, 3780.13, 3866.37, 3874.97, 4084.23, 4167.47, 4235.67]"
72100,3446.0893333333338,5366.448135806253,2537.9099289071855,3187.3000000000002,3439.3850000000002,3676.7189999999996,"[1890.63, 2702.73, 2737.17, 2777.77, 2786.8, 2874.77, 3139.03, 3173.67, 3185.13, 3188.23, 3230.23, 3243.0, 3343.6, 3411.9, 3419.77, 3459.0, 3528.47, 3582.1, 3628.33, 3642.9, 3652.77, 3732.6, 3752.13, 3783.07, 3956.77, 3969.77, 4251.57, 4315.97, 4417.27, 4605.53]"
72800,3403.1493333333333,5299.5795027959102,2506.2862993938256,3016.8510000000001,3474.6500000000001,3657.9889999999996,"[2440.47, 2518.53, 2651.3, 2666.6, 2728.23, 2822.33, 2936.27, 2941.6, 2947.6, 3046.53, 3096.97, 3170.33, 3293.1, 3297.23, 3455.17, 3494.13, 3511.83, 3583.73, 3603.3, 3612.57, 3645.8, 3686.43, 3857.37, 3866.73, 4004.53, 4029.47, 4066.43, 4126.63, 4140.27, 4853.0]"
73500,3087.2496666666671,4807.6424073505768,2273.6385578460722,2670.5699999999997,3007.9650000000001,3328.6009999999997,"[1996.2, 2212.27, 2317.13, 2317.2, 2341.07, 2424.13, 2426.73, 2434.17, 2541.63, 2725.83, 2750.4, 2783.67, 2847.0, 2912.83, 2957.63, 3058.3, 3120.1, 3200.77, 3227.03, 3266.83, 3311.3, 3368.97, 3390.67, 3408.07, 3773.9, 3778.23, 3844.87, 4231.7, 4669.63, 4979.23]"
74200,3158.1183333333333,4918.0031633651452,2325.8305573517187,2815.8020000000001,3032.8649999999998,3351.1709999999994,"[2086.77, 2089.93, 2166.2, 2323.4, 2469.43, 2513.83, 2561.87, 2761.7, 2783.77, 2829.53, 2840.2, 2889.73, 2953.97, 2959.5, 2982.43, 3083.3, 3095.87, 3171.7, 3241.0, 3248.4, 3306.0, 3456.57, 3506.73, 3519.63, 3664.23, 4016.1, 4484.23, 4484.33, 4608.1, 4645.1]"
74900,3232.4903333333336,5033.8195111584646,2380.602624751989,2934.5010000000002,3174.3499999999999,3519.7099999999996,"[2089.13, 2208.4, 2285.17, 2505.93, 2582.9, 2610.5, 2677.33, 2784.53, 2787.9, 2997.33, 3017.37, 3032.57, 3061.2, 3112.63, 3162.43, 3186.27, 3208.13, 3258.83, 3307.63, 3330.6, 3486.2, 3597.9, 3664.67, 3777.2, 4018.6, 4020.13, 4067.87, 4227.43, 4250.8, 4657.13]"
75600,3295.8693333333335,5132.5169282884708,2427.278777870928,2997.0990000000002,3153.3649999999998,3531.9919999999993,"[2340.37, 2592.03, 2609.9, 2816.9, 2817.63, 2820.87, 2953.0, 2975.43, 2984.73, 3002.4, 3074.5, 3139.0, 3141.77, 3148.8, 3150.53, 3156.2, 3179.1, 3254.07, 3352.27, 3362.5, 3465.83, 3686.37, 3693.33, 3720.43, 3750.47, 3846.43, 3913.33, 3920.63, 4478.43, 4528.83]"
76300,3080.211666666667,4796.6824297276889,2268.4553462830768,2839.8890000000001,3017.6499999999996,3226.7499999999995,"[2033.6, 2207.0, 2238.07, 2349.1, 2606.4, 2615.77, 2719.37, 2806.63, 2830.53, 2843.9, 2958.07, 2980.8, 2987.23, 3015.0, 3017.43, 3017.87, 3052.5, 3121.83, 3164.6, 3167.53, 3183.13, 3328.53, 3383.5, 3388.9, 3464.73, 3575.47, 3634.1, 3801.13, 4341.83, 4571.8]"
77000,3309.5999999999999,5153.8991106434005,2437.3908765117776,3030.8910000000001,3251.4499999999998,3471.4809999999998,"[2520.03, 2640.2, 2721.87, 2768.9, 2778.93, 2806.0, 2807.47, 2847.67, 2988.1, 3049.23, 3116.77, 3118.8, 3170.8, 3215.8, 3222.07, 3280.83, 3308.37, 3332.73, 3368.23, 3445.3, 3462.43, 3492.6, 3548.5, 3579.57, 3634.6, 3674.5, 3883.03, 4338.87, 4573.23, 4592.57]"
77700,3182.2636666666667,4955.6036625169618,2343.6126504073754,2871.3710000000001,3259.3000000000002,3555.9200000000001,"[1937.77, 2334.47, 2354.57, 2432.97, 2592.13, 2592.67, 2651.57, 2748.3, 2865.4, 2873.93, 2927.73, 2933.93, 2944.6, 3081.3, 3258.13, 3260.47, 3323.13, 3326.77, 3349.37, 3511.03, 3525.17, 3627.67, 3703.4, 3745.9, 3807.23, 3836.43, 3874.87, 3937.37, 3998.7, 4110.93]"
78400,3325.3936666666664,5178.4939150267483,2449.0222939156938,2978.8800000000001,3163.9850000000001,3581.5199999999986,"[2166.27, 2455.53, 2487.0, 2496.33, 2708.9, 2750.5, 2819.5, 2941.27, 2959.77, 2987.07, 2994.67, 3016.23, 3133.7, 3139.97, 3150.07, 3177.9, 3225.43, 3242.0, 3337.17, 3423.4, 3453.93, 3879.23, 4008.47, 4010.23, 4010.27, 4019.83, 4200.5, 4235.53, 4381.57, 4949.57]"
79100,3332.6396666666669,5189.7778021900685,2454.3586893384654,3092.0879999999997,3251.2799999999997,3527.79,"[2411.83, 2625.97, 2631.53, 2697.7, 2780.83, 2993.33, 3039.4, 3041.23, 3086.53, 3094.47, 3098.13, 3116.27, 3116.93, 3217.93, 3240.13, 3262.43, 3272.3, 3354.83, 3493.23, 3498.53, 3511.83, 3565.03, 3760.13, 3775.8, 3827.87, 3913.9, 3993.87, 4026.33, 4171.83, 4359.07]"
79800,3322.0756666666666,5173.3269349538959,2446.5787167679223,3160.098,3289.3699999999999,3537.8499999999999,"[2292.13, 2459.5, 2469.77, 2558.07, 2771.13, 2800.7, 2895.93, 2967.3, 3156.43, 3161.67, 3200.73, 3201.27, 3228.83, 3242.57, 3270.47, 3308.27, 3426.63, 3426.87, 3430.57, 3445.23, 3497.23, 3632.63, 3796.07, 3799.4, 3826.3, 3936.03, 3954.5, 3987.47, 4128.17, 4390.4]"
