agents,meanScore,clow,chigh,Q1,Q2,Q3,means
500,8.6866703333333319,13.527381709396625,6.3973927416401333,4.5466689999999996,6.25,9.0566689999999923,"[1.03333, 1.4, 1.53333, 1.66667, 2.36667, 2.83333, 3.06667, 4.36667, 4.5, 4.56667, 4.66667, 4.8, 5.83333, 5.9, 6.23333, 6.26667, 6.3, 7.63333, 8.2, 8.26667, 8.26667, 10.9, 11.1, 11.4333, 12.9, 14.2667, 17.7, 18.4667, 30.2667, 33.8667]"
1000,22.533320333333332,35.090179969123007,16.594908568402222,10.633310999999999,15.98335,25.359999999999992,"[3.6, 4.56667, 5.63333, 6.06667, 6.93333, 8.26667, 8.5, 9.36667, 9.46667, 11.1333, 12.0667, 13.0333, 13.6333, 13.8, 15.9667, 16.0, 16.6333, 16.7667, 19.4333, 22.8667, 24.4, 27.6, 29.3, 31.9, 36.7667, 37.7, 37.8333, 46.5, 52.1333, 118.133]"
1500,42.564445666666664,66.283798243432031,31.347048444438787,20.369990000000001,32.75,49.726699999999994,"[6.36667, 6.9, 10.7333, 11.1667, 13.7333, 16.8, 19.0333, 19.7, 19.8333, 20.6, 21.4667, 24.8, 27.0667, 28.5, 28.6333, 36.8667, 37.4667, 38.5, 39.0667, 39.9333, 48.7667, 51.9667, 60.3, 63.7667, 66.6333, 78.0333, 78.7, 111.0, 117.067, 133.533]"
2000,57.503356666666669,89.547528034609485,42.348971751310145,34.579999999999998,59.149999999999999,72.883319999999998,"[14.2, 15.5, 17.6667, 19.8667, 24.8, 25.9667, 27.1, 28.6, 32.2, 35.6, 35.9667, 40.3, 42.8667, 51.3, 58.6333, 59.6667, 60.1333, 61.5, 63.1, 69.4333, 71.7333, 75.5667, 76.3, 77.4333, 80.1333, 89.9, 91.8, 111.467, 128.7, 137.667]"
2500,75.406670000000005,117.42759531350629,55.534061362743046,62.37668,72.43334999999999,87.539999999999992,"[30.4, 38.0667, 38.2667, 41.0667, 44.8333, 46.1, 52.6, 53.6667, 60.5333, 63.1667, 65.5, 66.6667, 68.2333, 68.4667, 69.8667, 75.0, 78.9, 79.6, 80.8333, 82.3667, 86.7, 89.5, 94.1333, 98.2333, 101.433, 102.167, 116.733, 120.5, 121.467, 127.2]"
3000,89.38445333333334,139.19460192772939,65.828151757511307,68.826679999999996,81.883299999999991,97.376589999999993,"[41.3667, 49.3333, 50.9, 51.5, 51.6, 58.6, 59.3667, 63.4333, 66.6333, 69.7667, 73.7333, 73.9333, 74.1, 77.2, 78.4333, 85.3333, 87.5, 89.8667, 91.3, 91.4, 95.7667, 101.133, 103.767, 105.133, 123.067, 128.333, 136.567, 157.5, 163.4, 181.567]"
3500,94.357789999999994,146.9393672840454,69.490819577536328,81.21669,88.650000000000006,105.1069,"[39.5667, 40.4333, 45.4, 47.6667, 58.1, 58.7, 69.2333, 77.9, 81.1, 81.2667, 81.9667, 83.1667, 83.2333, 85.3333, 86.1333, 91.1667, 94.5333, 98.4667, 99.2, 100.833, 105.067, 105.2, 110.0, 110.767, 129.167, 133.033, 135.2, 144.867, 158.833, 195.2]"
4000,89.543346666666665,139.44203974781453,65.945170479110658,76.159989999999993,86.066699999999997,98.933309999999992,"[54.1667, 56.4333, 61.1667, 63.1667, 65.3333, 65.8, 66.4333, 68.4, 72.3333, 77.8, 78.1, 78.8333, 80.9, 83.6667, 84.2667, 87.8667, 89.6333, 89.7667, 92.2667, 94.4667, 98.1333, 100.8, 103.067, 104.067, 114.133, 116.9, 118.633, 125.967, 141.567, 152.233]"
4500,92.002226666666672,143.27114883809097,67.756039369138847,78.076679999999996,91.633350000000007,107.2169,"[49.0333, 64.2333, 65.0333, 70.9667, 71.7333, 74.2333, 77.0, 77.5667, 77.6333, 78.2667, 79.6333, 80.4, 80.7, 89.4333, 90.0, 93.2667, 94.4, 96.3333, 97.2333, 98.0, 106.367, 109.2, 109.2, 112.867, 113.633, 115.467, 116.333, 117.2, 118.233, 136.467]"
5000,89.93443666666667,140.05106754669706,66.233192958532641,75.723320000000001,85.583349999999996,98.513319999999993,"[61.6667, 63.3667, 66.4333, 67.5333, 67.7667, 67.9, 68.4333, 71.1, 74.7667, 76.1333, 76.2667, 77.5667, 78.3333, 83.7667, 84.7667, 86.4, 90.8667, 93.6, 93.7333, 94.9, 97.9333, 99.8667, 101.267, 102.233, 107.033, 113.1, 114.033, 122.7, 130.867, 163.7]"
5500,94.639989999999997,147.37882532399695,69.698648833443883,82.853320000000011,89.533349999999999,102.15299999999998,"[67.1667, 70.5667, 72.8667, 77.2667, 79.1667, 79.9667, 81.9, 82.5667, 82.6667, 82.9333, 84.9667, 85.2667, 86.1667, 88.2333, 89.0, 90.0667, 92.0333, 93.6667, 93.9667, 99.5, 100.233, 106.633, 106.833, 107.733, 109.467, 111.233, 118.067, 120.667, 122.5, 155.9]"
6000,98.638860000000008,153.60609524682101,72.643660089896827,83.743310000000008,92.300000000000011,114.59299999999999,"[62.6667, 64.0667, 72.0667, 74.1333, 74.9667, 78.4, 79.8667, 81.4, 83.3, 83.9333, 84.4, 86.0, 89.4667, 90.6, 91.9333, 92.6667, 94.2333, 96.7667, 104.633, 105.167, 113.933, 116.133, 117.267, 120.633, 123.1, 123.167, 123.633, 124.133, 137.9, 168.6]"
6500,95.612243333333325,148.89287402776375,70.414675363636292,79.043300000000002,90.900000000000006,107.663,"[67.0667, 69.3667, 70.7, 70.9333, 71.8333, 73.7333, 73.9667, 74.3, 75.3333, 80.6333, 82.7667, 84.3333, 85.1, 88.8, 90.8667, 90.9333, 93.0667, 99.8, 101.7, 101.933, 106.733, 109.833, 110.767, 110.8, 111.367, 127.4, 127.667, 134.9, 138.467, 143.267]"
7000,99.054433333333321,154.25324989785852,72.949713586146601,80.146699999999996,101.91650000000001,112.51689999999999,"[60.5333, 67.9, 72.6667, 75.0333, 77.5333, 77.6333, 77.7333, 77.9333, 79.1667, 80.5667, 86.5, 88.2667, 89.4667, 97.0667, 100.933, 102.9, 103.333, 105.333, 110.0, 110.6, 112.267, 113.1, 113.867, 118.9, 119.3, 121.8, 128.167, 128.7, 133.3, 141.133]"
7500,102.77108333333334,160.04103063558298,75.686880857474705,89.28331,95.783299999999997,110.46680000000001,"[59.7667, 66.5667, 72.7, 78.1333, 80.8667, 83.7333, 85.0333, 85.6333, 88.0, 89.8333, 90.7667, 91.9, 93.5333, 94.6333, 95.1333, 96.4333, 96.6667, 99.6333, 100.233, 103.233, 109.667, 112.333, 113.767, 115.5, 116.233, 130.3, 139.1, 139.2, 145.8, 208.8]"
8000,103.25555,160.79546994017258,76.043671597536161,91.190010000000001,102.767,117.23,"[63.5333, 73.5667, 75.3, 77.1667, 83.4, 85.7667, 88.3, 88.5667, 89.7667, 91.8, 93.0333, 94.4, 97.1667, 98.8667, 101.967, 103.567, 104.533, 107.9, 109.933, 112.767, 116.9, 118.0, 118.4, 119.233, 119.267, 119.433, 128.9, 133.133, 135.2, 147.9]"
8500,101.54225666666666,158.12743120832039,74.781898108457384,90.960009999999997,99.933499999999995,112.89009999999999,"[57.5, 69.1667, 73.9, 75.9333, 78.1, 79.5667, 80.5333, 82.4, 90.1667, 91.3, 95.0, 96.7, 96.8333, 97.2667, 99.3, 100.567, 102.167, 106.3, 106.967, 111.9, 112.6, 113.567, 116.2, 120.2, 121.8, 130.167, 130.433, 131.933, 136.633, 141.167]"
9000,105.65670333333334,164.53468375126309,77.812027056737435,94.419989999999999,101.01665,113.90299999999999,"[69.4333, 73.2667, 73.7333, 74.4333, 75.9333, 83.5667, 84.9333, 92.3333, 94.2333, 94.5, 95.4, 96.9333, 97.6, 98.7, 99.9333, 102.1, 108.8, 110.567, 112.567, 113.267, 113.333, 115.233, 115.7, 118.567, 122.7, 125.4, 125.467, 132.8, 167.467, 180.8]"
9500,102.55892,159.71063771348429,75.530630865633697,85.956680000000006,106.56649999999999,116.28,"[59.7333, 67.0, 70.7333, 75.3333, 78.6667, 79.3333, 81.2, 85.4, 85.9333, 85.9667, 86.0667, 92.1667, 95.8333, 101.167, 104.033, 109.1, 110.1, 110.3, 112.6, 114.767, 116.1, 116.7, 118.467, 122.733, 127.0, 127.733, 128.267, 128.467, 130.967, 154.9]"
10000,106.36564333333334,165.63868581661825,78.334133621879516,95.840010000000007,104.48349999999999,118.14299999999999,"[62.1333, 71.3, 72.8, 91.3, 92.1, 93.4, 94.0333, 95.0333, 95.4667, 96.0, 99.4667, 100.767, 100.9, 101.033, 103.7, 105.267, 105.767, 107.4, 108.567, 117.267, 117.333, 120.033, 120.767, 121.767, 123.467, 126.367, 127.567, 128.967, 134.0, 157.0]"
10500,110.44784333333334,171.99572199907792,81.340514162155188,96.976699999999994,106.717,121.627,"[78.3333, 78.6333, 83.2333, 84.8667, 85.1, 87.2333, 87.4667, 92.2333, 94.6667, 97.9667, 98.3, 101.333, 101.6, 104.467, 105.467, 107.967, 108.633, 115.6, 119.433, 121.167, 121.567, 121.767, 122.1, 123.6, 127.1, 131.667, 135.267, 139.0, 168.567, 169.1]"
11000,113.35997666666667,176.53066319944702,83.485186393800248,98.023310000000009,110.6335,123.32300000000001,"[75.3333, 80.2, 81.3333, 83.0, 84.1667, 85.8, 90.9, 94.2667, 98.0, 98.0333, 100.933, 105.367, 105.833, 107.867, 107.867, 113.4, 116.167, 118.333, 118.8, 121.2, 123.233, 123.533, 123.533, 123.9, 131.2, 132.0, 141.333, 162.333, 163.567, 189.367]"
11500,115.77334666666667,180.28890150517992,85.262538949893823,105.8368,111.417,120.59990000000001,"[69.5667, 71.9667, 87.3333, 90.3667, 97.2, 101.933, 104.067, 104.533, 105.533, 105.967, 106.933, 108.033, 108.4, 109.667, 110.467, 112.367, 112.933, 113.567, 116.967, 118.267, 119.9, 122.233, 123.533, 125.367, 128.133, 136.1, 144.367, 162.7, 167.1, 187.7]"
12000,118.01115666666666,183.77374770072888,86.910598436649565,106.32689999999999,112.0835,132.55999999999997,"[60.8, 84.3, 90.5667, 91.5, 92.3, 93.3667, 95.5333, 104.333, 106.0, 106.467, 106.833, 107.433, 109.433, 111.5, 111.667, 112.5, 115.467, 115.6, 123.8, 126.567, 131.0, 136.2, 137.633, 140.0, 143.667, 143.7, 147.167, 154.467, 169.067, 171.467]"
12500,125.71441,195.76969600376472,92.583743044495094,113.93989999999999,125.833,134.17689999999999,"[71.2, 89.5333, 91.2, 94.6, 103.633, 105.8, 107.567, 110.767, 111.933, 114.8, 116.5, 118.367, 121.633, 123.5, 124.533, 127.133, 127.5, 127.633, 128.133, 130.833, 131.767, 139.8, 140.267, 140.967, 143.167, 149.133, 156.2, 157.933, 173.2, 192.2]"
13000,132.97668666666667,207.07893012679457,97.932125595267905,122.4131,130.56650000000002,140.66319999999999,"[78.8333, 86.4, 88.4333, 94.3333, 94.7667, 108.7, 109.367, 112.4, 117.7, 124.433, 125.833, 127.367, 127.367, 127.5, 130.133, 131.0, 132.567, 133.5, 137.033, 138.433, 140.233, 141.667, 148.667, 149.467, 150.2, 178.167, 182.633, 184.6, 190.7, 196.867]"
13500,141.16224333333332,219.82594886756524,103.96046773283845,125.09009999999999,140.08350000000002,149.08679999999998,"[85.6, 93.8, 98.8333, 102.467, 109.7, 110.433, 116.233, 122.2, 125.067, 125.1, 125.933, 128.067, 133.733, 137.267, 139.9, 140.267, 140.733, 141.667, 144.4, 146.433, 148.467, 150.533, 156.133, 159.533, 159.567, 170.467, 189.7, 189.967, 207.467, 235.2]"
14000,145.20108666666664,226.11546755976204,106.9349177849073,130.03989999999999,140.81650000000002,158.49679999999998,"[85.0333, 90.1333, 100.367, 104.3, 108.567, 121.367, 124.8, 127.733, 128.733, 130.6, 132.867, 133.933, 137.6, 138.6, 139.4, 142.233, 143.633, 152.833, 155.4, 157.433, 158.267, 159.033, 162.333, 170.567, 175.533, 176.267, 177.333, 197.3, 209.667, 214.167]"
14500,149.84008666666665,233.33958466583974,110.35135973442935,135.78,147.13350000000003,170.64299999999997,"[85.5333, 90.6333, 102.667, 111.467, 113.6, 126.167, 132.967, 133.1, 133.4, 136.8, 136.9, 140.033, 144.667, 145.033, 146.8, 147.467, 148.767, 152.667, 163.8, 168.867, 169.833, 172.533, 173.167, 180.567, 181.533, 184.7, 188.367, 190.867, 191.967, 200.333]"
15000,157.04883333333333,244.56545879993058,115.6603195351358,136.18000000000001,153.30000000000001,173.083,"[88.0, 107.533, 109.267, 109.533, 120.867, 127.133, 128.533, 131.267, 132.4, 137.8, 138.633, 139.733, 141.567, 143.5, 151.5, 155.1, 155.8, 162.5, 163.6, 167.0, 172.933, 173.433, 175.533, 187.4, 196.167, 198.033, 200.3, 219.167, 219.7, 257.533]"
15500,172.28443333333334,268.29120973361398,126.88074267937766,143.89679999999998,160.10000000000002,188.51689999999996,"[114.167, 120.967, 125.2, 125.4, 130.8, 135.833, 136.567, 137.9, 142.333, 144.567, 146.833, 150.2, 150.933, 153.633, 154.133, 166.067, 177.833, 178.333, 184.033, 184.9, 185.267, 196.1, 200.767, 206.067, 207.0, 232.067, 235.2, 239.1, 249.9, 256.433]"
16000,186.20330000000001,289.96646793233811,137.13144325489048,161.22,167.69999999999999,204.88300000000001,"[98.8, 122.5, 127.033, 133.567, 133.6, 152.067, 154.733, 157.833, 158.7, 162.3, 162.933, 163.4, 164.067, 164.067, 165.733, 169.667, 176.2, 183.1, 184.1, 201.233, 204.133, 206.633, 232.533, 234.3, 239.933, 243.067, 253.167, 269.0, 281.667, 286.033]"
16500,208.23220000000001,324.27113560167953,153.35486598863179,174.69309999999999,202.40000000000001,229.54679999999999,"[106.2, 140.333, 141.0, 152.967, 153.4, 159.667, 161.533, 168.133, 171.8, 175.933, 177.0, 180.4, 180.5, 194.367, 201.8, 203.0, 209.467, 214.333, 216.833, 224.933, 226.467, 236.733, 245.367, 266.5, 271.333, 273.3, 285.367, 294.5, 294.967, 318.833]"
17000,207.07996666666668,322.47681170999465,152.50629123208134,179.61319999999998,201.59999999999999,232.17679999999999,"[115.533, 129.167, 135.367, 146.133, 155.233, 164.0, 167.5, 169.233, 171.867, 182.933, 189.567, 190.767, 194.933, 195.5, 199.667, 203.533, 212.5, 228.2, 228.833, 229.4, 229.967, 237.333, 237.5, 244.733, 246.567, 258.667, 260.9, 276.133, 290.2, 320.533]"
17500,228.71553333333335,356.1689581330063,168.44003935919511,194.6431,218.5,255.87,"[154.733, 156.967, 161.133, 165.467, 169.6, 170.367, 175.967, 193.833, 194.2, 194.833, 201.2, 203.2, 210.033, 211.267, 216.2, 220.8, 227.833, 230.4, 241.333, 250.167, 255.3, 257.2, 265.1, 267.233, 270.067, 285.133, 295.933, 301.667, 324.267, 390.033]"
18000,250.04889999999997,389.39050136794782,184.15122901311508,203.09309999999999,250.8665,267.39699999999999,"[159.967, 161.533, 174.9, 179.367, 190.333, 191.367, 197.933, 200.467, 200.9, 204.033, 210.7, 214.533, 224.5, 239.033, 249.6, 252.133, 252.3, 254.267, 258.7, 265.033, 265.567, 271.667, 275.3, 283.467, 295.233, 301.5, 372.667, 378.033, 378.167, 398.267]"
18500,291.52776666666671,453.98377367391532,214.69879100893999,252.40700000000001,290.35000000000002,323.17680000000001,"[157.467, 177.2, 179.633, 180.733, 188.533, 195.967, 241.2, 250.033, 252.267, 252.467, 252.9, 264.967, 280.3, 282.9, 288.133, 292.567, 299.5, 306.233, 307.133, 312.167, 322.467, 324.833, 354.133, 374.567, 377.4, 383.5, 385.767, 397.233, 406.8, 456.833]"
19000,303.14666666666665,472.07739174759621,223.2556561452412,245.78319999999997,281.2165,330.45309999999984,"[144.533, 178.167, 200.933, 205.8, 213.9, 226.067, 231.4, 233.4, 235.867, 250.033, 268.867, 268.967, 274.8, 277.133, 277.933, 284.5, 285.8, 286.333, 295.667, 315.267, 316.633, 362.7, 389.567, 406.7, 416.633, 427.933, 434.8, 447.567, 458.933, 477.567]"
19500,337.81329999999997,526.0622632443534,248.78627489253569,266.15299999999996,304.93349999999998,374.74679999999989,"[190.333, 213.567, 217.7, 223.733, 230.233, 245.333, 249.067, 255.967, 261.533, 268.133, 299.233, 299.5, 303.5, 303.7, 304.067, 305.8, 331.833, 345.267, 348.967, 361.7, 365.367, 396.633, 402.433, 421.733, 422.533, 429.667, 439.767, 536.733, 579.0, 581.367]"
20000,359.4899666666667,559.81841294674859,264.7502915611725,293.9468,351.5,406.90699999999998,"[218.233, 228.567, 239.267, 245.6, 252.033, 252.1, 270.7, 280.333, 285.733, 297.467, 311.9, 320.7, 329.9, 331.4, 333.8, 369.2, 376.733, 379.833, 396.833, 398.9, 406.367, 408.167, 413.667, 443.567, 458.333, 470.433, 474.833, 495.9, 533.7, 560.5]"
20500,414.98113333333333,646.23244320173342,305.61736412593194,349.63689999999997,399.35000000000002,437.00299999999999,"[202.867, 236.667, 243.3, 251.733, 297.167, 303.7, 305.667, 311.767, 326.0, 359.767, 366.5, 372.933, 381.133, 382.233, 390.267, 408.433, 414.233, 422.467, 427.867, 428.4, 433.433, 445.333, 467.867, 479.7, 501.733, 547.833, 574.067, 675.067, 695.767, 795.533]"
21000,425.50896666666665,662.62698962839181,313.37070136188282,357.30700000000002,371.14999999999998,454.7829999999999,"[245.9, 259.7, 264.167, 296.067, 302.667, 333.9, 341.267, 349.9, 355.067, 358.267, 360.367, 361.267, 364.933, 367.1, 369.967, 372.333, 406.833, 417.067, 422.967, 433.6, 451.633, 462.133, 462.7, 486.367, 527.9, 556.633, 617.8, 621.367, 667.967, 927.433]"
21500,504.89226666666667,786.24722146001454,371.83339509145668,367.95299999999997,461.01650000000001,620.71690000000001,"[235.733, 287.767, 298.867, 312.367, 331.433, 357.267, 358.467, 361.567, 365.433, 369.033, 386.9, 443.0, 448.667, 452.2, 457.233, 464.8, 492.533, 510.5, 532.867, 556.2, 619.567, 623.4, 653.5, 656.267, 686.2, 689.333, 716.467, 762.667, 815.1, 901.433]"
22000,571.59439999999995,890.119612584224,420.95690585727078,437.77999999999997,554.45000000000005,668.71999999999991,"[228.1, 328.133, 355.233, 355.9, 366.567, 368.3, 376.467, 397.367, 405.3, 451.7, 463.933, 467.1, 500.767, 513.7, 550.1, 558.8, 559.367, 572.033, 623.233, 627.833, 665.9, 675.3, 687.133, 721.7, 755.767, 770.0, 801.133, 906.033, 943.733, 1151.2]"
22500,701.75533333333328,1092.8136899794322,516.8153393189956,456.36320000000001,622.06649999999991,871.7568,"[324.4, 351.367, 376.433, 403.5, 406.267, 421.2, 443.233, 449.167, 451.767, 458.333, 481.8, 495.7, 539.667, 579.867, 596.9, 647.233, 670.1, 681.033, 699.7, 704.567, 870.567, 874.533, 884.733, 951.9, 969.733, 1141.8, 1153.3, 1183.63, 1332.63, 1507.6]"
23000,760.32983333333334,1184.0292639026804,559.95316621536949,539.80309999999997,744.59999999999991,903.36999999999989,"[342.8, 343.0, 375.067, 379.533, 383.333, 433.233, 440.7, 489.1, 521.3, 547.733, 615.733, 651.867, 664.533, 718.333, 741.833, 747.367, 752.9, 782.167, 806.8, 811.733, 876.7, 965.6, 1005.1, 1086.03, 1112.8, 1144.27, 1175.43, 1222.73, 1288.47, 1383.7]"
23500,918.85146666666674,1430.8882514100549,676.69814531145744,643.15309999999988,887.31700000000001,1116.742,"[348.267, 376.767, 397.267, 422.733, 434.133, 460.867, 469.333, 482.333, 553.6, 681.533, 684.4, 771.133, 793.5, 869.667, 878.267, 896.367, 912.9, 929.867, 1036.8, 1064.07, 1105.63, 1142.67, 1181.03, 1195.9, 1332.6, 1367.87, 1418.27, 1617.67, 1780.67, 1959.43]"
24000,989.3832666666666,1540.724419313148,728.64205570061404,602.72680000000003,962.93350000000009,1238.828,"[334.967, 402.3, 451.867, 491.7, 529.6, 556.6, 565.767, 580.067, 602.633, 602.767, 733.3, 805.367, 908.433, 952.767, 953.267, 972.6, 974.533, 982.833, 1090.57, 1137.37, 1237.67, 1241.53, 1357.13, 1379.3, 1486.0, 1506.03, 1525.43, 1686.3, 1707.6, 1925.2]"
24500,1035.2065666666667,1612.0830926019887,762.38912282403157,781.90989999999999,1082.75,1206.8699999999999,"[340.0, 496.667, 516.1, 550.333, 648.5, 707.9, 720.033, 759.167, 780.533, 782.5, 785.867, 788.5, 849.567, 969.5, 1069.1, 1096.4, 1165.6, 1172.3, 1178.23, 1192.77, 1199.1, 1225.0, 1240.07, 1332.4, 1407.63, 1470.7, 1493.0, 1509.67, 1575.73, 2033.33]"
25000,1186.1179999999999,1847.0910397988062,873.52948745056699,854.44989999999996,1060.45,1285.7619999999997,"[445.667, 458.467, 605.8, 614.833, 617.8, 683.767, 722.1, 766.833, 813.733, 871.9, 930.7, 939.8, 970.867, 979.133, 1017.67, 1103.23, 1142.47, 1183.17, 1202.6, 1237.6, 1261.93, 1341.37, 1608.97, 1686.2, 1719.7, 1885.13, 1886.9, 2127.37, 2178.93, 2578.9]"
25500,1349.8493333333333,2102.0628712138182,994.11120671143715,1150.5319999999999,1357.7350000000001,1614.5509999999997,"[394.633, 426.267, 607.533, 733.233, 743.067, 837.4, 869.267, 924.1, 1103.17, 1170.83, 1195.2, 1216.73, 1256.07, 1279.67, 1305.4, 1410.07, 1426.03, 1467.6, 1547.57, 1566.53, 1574.0, 1709.17, 1709.27, 1748.73, 1776.17, 1783.57, 1826.4, 2054.43, 2100.57, 2732.8]"
26000,1427.5018666666665,2222.9878538358489,1051.299258525763,1210.8,1337.5999999999999,1672.7579999999998,"[492.533, 593.7, 836.533, 907.967, 920.533, 992.3, 1041.37, 1044.47, 1135.27, 1243.17, 1248.83, 1253.1, 1288.23, 1292.13, 1314.83, 1360.37, 1454.03, 1497.13, 1544.3, 1643.63, 1657.77, 1707.73, 1746.2, 1793.4, 1794.3, 1954.67, 2118.33, 2169.5, 2237.83, 2540.9]"
26500,1621.9123333333334,2525.7349928415001,1194.4749588375018,1336.0420000000001,1567.2,1879.5799999999999,"[567.5, 653.5, 1021.17, 1079.7, 1136.5, 1290.97, 1293.87, 1300.73, 1326.97, 1339.93, 1375.67, 1410.5, 1481.2, 1534.93, 1551.43, 1582.97, 1648.97, 1649.57, 1697.4, 1757.83, 1871.33, 1898.83, 1976.1, 2017.97, 2095.6, 2185.53, 2289.97, 2355.8, 2493.73, 2771.2]"
27000,1619.1343333333332,2521.4089317678449,1192.4290705564556,1297.0699999999999,1712.8150000000001,1997.9809999999998,"[604.0, 672.633, 950.767, 991.0, 1006.73, 1098.4, 1116.93, 1155.37, 1292.03, 1299.23, 1343.1, 1433.87, 1512.67, 1550.2, 1659.73, 1765.9, 1803.87, 1812.6, 1849.33, 1909.87, 1991.3, 2013.57, 2074.83, 2090.8, 2111.53, 2175.93, 2207.2, 2207.97, 2386.0, 2486.67]"
27500,1822.0401999999999,2837.385595339776,1341.8613004948315,1577.4409999999998,1841.3,2053.0219999999995,"[774.833, 799.7, 877.133, 1257.67, 1337.47, 1406.63, 1429.1, 1512.43, 1517.57, 1603.1, 1634.9, 1639.87, 1730.67, 1769.43, 1823.6, 1859.0, 1874.77, 1913.57, 1949.4, 1960.43, 1994.33, 2189.97, 2200.67, 2317.6, 2404.03, 2432.23, 2527.87, 2562.4, 2649.73, 2711.1]"
28000,1935.7986666666666,3014.5368100429091,1425.6399591784495,1629.7080000000001,1962.75,2280.4619999999995,"[892.0, 911.4, 1036.1, 1242.93, 1332.13, 1537.3, 1570.87, 1600.7, 1626.53, 1631.07, 1634.43, 1640.9, 1677.67, 1882.83, 1907.3, 2018.2, 2029.6, 2033.4, 2063.7, 2171.2, 2264.43, 2317.87, 2332.7, 2387.97, 2407.27, 2428.7, 2700.83, 2767.33, 2825.23, 3201.37]"
28500,1875.7112333333332,2920.9652094816602,1381.3879160917697,1795.4689999999998,1919.6849999999999,2061.3289999999997,"[801.1, 865.867, 1231.47, 1389.5, 1404.93, 1593.2, 1593.57, 1725.07, 1743.9, 1817.57, 1827.03, 1845.1, 1848.0, 1871.33, 1901.77, 1937.6, 1977.97, 1997.53, 2041.27, 2057.3, 2058.77, 2067.3, 2131.9, 2184.43, 2187.73, 2336.33, 2349.43, 2399.67, 2524.77, 2559.93]"
29000,2197.4448666666667,3421.9872927245701,1618.332145773197,2001.3800000000001,2225.1149999999998,2465.0299999999997,"[698.933, 736.633, 1199.4, 1560.9, 1634.47, 1711.03, 1900.23, 1933.87, 1978.63, 2011.13, 2084.7, 2088.87, 2138.57, 2149.57, 2224.83, 2225.4, 2251.47, 2270.47, 2356.47, 2360.3, 2457.83, 2481.83, 2552.67, 2595.23, 2624.3, 2832.3, 2838.97, 3028.57, 3318.87, 3676.9]"
29500,2355.6408999999999,3668.3392372205753,1734.8373332118663,2160.2200000000003,2385.6149999999998,2559.2679999999996,"[978.367, 1165.5, 1282.5, 1386.0, 1733.9, 2027.13, 2054.67, 2100.57, 2131.03, 2172.73, 2260.27, 2284.4, 2313.17, 2347.47, 2377.0, 2394.23, 2394.4, 2472.63, 2486.53, 2492.17, 2522.77, 2644.43, 2683.63, 2688.97, 2975.13, 3017.7, 3070.13, 3131.2, 3186.03, 3894.57]"
30000,2221.8969999999999,3460.0655584485248,1636.3401850220234,1968.2820000000002,2190.415,2484.8809999999999,"[1332.57, 1365.37, 1384.77, 1487.0, 1510.47, 1733.17, 1737.0, 1749.7, 1890.47, 2001.63, 2010.7, 2039.0, 2099.47, 2177.47, 2188.73, 2192.1, 2286.3, 2293.27, 2296.93, 2316.9, 2463.8, 2534.07, 2721.43, 2733.53, 2786.23, 2879.47, 2956.3, 3008.7, 3071.23, 3409.13]"
30500,2185.5883333333331,3403.5236183826619,1609.600272986841,1706.0199999999998,2200.02,2514.8199999999997,"[1283.73, 1344.97, 1468.17, 1517.87, 1560.5, 1606.77, 1630.33, 1648.87, 1695.87, 1710.37, 1735.17, 1842.8, 1924.13, 1994.93, 2183.97, 2216.07, 2269.9, 2356.0, 2396.8, 2435.33, 2491.33, 2569.63, 2587.03, 2657.5, 2696.87, 2858.57, 2977.27, 3070.5, 3328.3, 3508.1]"
31000,2484.6126666666669,3869.181476017241,1829.8199919624526,2128.79,2550.52,2859.7109999999998,"[1802.0, 1819.0, 1827.7, 1829.27, 1862.43, 1955.57, 1971.53, 2001.4, 2032.4, 2170.1, 2238.07, 2275.1, 2369.33, 2453.43, 2514.27, 2586.77, 2599.53, 2684.1, 2765.53, 2817.3, 2849.43, 2883.7, 2897.43, 2933.6, 2979.03, 3008.6, 3020.33, 3055.53, 3158.9, 3177.0]"
31500,2360.6089999999999,3676.0758477389431,1738.4961444318321,2144.0610000000001,2238.7649999999999,2598.8619999999996,"[1261.43, 1463.27, 1676.1, 1773.43, 1914.8, 1932.2, 1955.67, 2034.07, 2133.4, 2148.63, 2150.13, 2158.97, 2162.73, 2173.37, 2212.2, 2265.33, 2292.6, 2449.1, 2467.77, 2522.1, 2571.73, 2662.17, 2709.63, 2761.3, 2763.67, 2782.67, 3164.23, 3185.47, 3424.13, 3645.97]"
32000,2483.3759999999997,3867.2556676919157,1828.9092353602587,2216.0309999999999,2532.4200000000001,2805.27,"[1207.47, 1347.6, 1651.17, 1687.93, 1937.2, 2073.6, 2075.33, 2190.0, 2198.3, 2223.63, 2236.57, 2287.17, 2410.4, 2452.47, 2513.57, 2551.27, 2659.07, 2667.73, 2701.17, 2724.9, 2805.03, 2805.83, 2863.5, 2946.83, 3003.0, 3068.5, 3093.3, 3161.97, 3227.6, 3729.17]"
32500,2651.224666666667,4128.6392469329157,1952.5232094864371,2316.3990000000003,2502.4650000000001,2790.6320000000001,"[1610.87, 1743.3, 1841.6, 1882.47, 1966.2, 2049.37, 2060.3, 2176.33, 2295.0, 2325.57, 2338.57, 2340.6, 2397.37, 2479.83, 2499.03, 2505.9, 2509.7, 2618.1, 2661.13, 2702.97, 2774.03, 2829.37, 3050.2, 3053.13, 3262.47, 3337.63, 3546.97, 3631.3, 4491.43, 4556.0]"
33000,2650.1466666666665,4126.9605234493301,1951.7293046747136,2387.3899999999999,2615.8499999999999,2903.2780000000002,"[1578.1, 1769.6, 1939.2, 1989.63, 2150.3, 2206.53, 2268.43, 2338.77, 2343.43, 2406.23, 2449.33, 2505.9, 2513.5, 2571.97, 2578.83, 2652.87, 2677.43, 2685.87, 2856.67, 2879.87, 2896.57, 2918.93, 2928.8, 2939.27, 3097.03, 3251.8, 3366.37, 3500.47, 3518.63, 3724.07]"
33500,2677.925666666667,4170.2195769284717,1972.1874510243094,2348.3389999999999,2673.9349999999999,2892.1309999999999,"[1869.7, 1923.9, 2121.8, 2148.8, 2177.93, 2182.0, 2196.17, 2224.93, 2233.63, 2397.5, 2491.07, 2554.7, 2601.97, 2633.87, 2654.17, 2693.7, 2703.57, 2758.2, 2797.2, 2843.93, 2874.53, 2933.2, 3049.03, 3080.1, 3106.73, 3154.9, 3275.37, 3401.47, 3616.7, 3637.0]"
34000,2692.3766666666666,4192.7235037014671,1982.8300469744152,2447.0509999999999,2597.0299999999997,3023.2600000000002,"[1446.73, 1967.77, 2109.87, 2231.27, 2279.4, 2324.7, 2398.77, 2401.97, 2426.87, 2455.7, 2477.2, 2488.8, 2498.63, 2514.8, 2524.23, 2669.83, 2684.73, 2795.8, 2836.87, 2926.73, 3010.9, 3052.1, 3129.7, 3158.33, 3178.8, 3226.7, 3279.0, 3369.8, 3442.03, 3463.27]"
34500,2753.4960000000001,4287.9020381798882,2027.8420440269742,2468.7109999999998,2692.9499999999998,2986.7090000000003,"[1752.97, 1948.03, 2058.37, 2201.37, 2210.57, 2334.5, 2373.8, 2431.63, 2457.7, 2473.43, 2500.23, 2510.87, 2528.9, 2588.8, 2656.5, 2729.4, 2734.6, 2770.0, 2825.6, 2833.3, 2965.67, 3035.8, 3242.4, 3260.5, 3276.27, 3307.07, 3379.6, 3487.37, 3622.03, 4107.6]"
35000,2910.1893333333333,4531.9138919720135,2143.240551724849,2704.71,2962.9200000000001,3153.6889999999999,"[2172.4, 2233.67, 2350.33, 2404.37, 2490.8, 2554.5, 2598.37, 2604.4, 2649.97, 2728.17, 2735.87, 2784.53, 2796.4, 2851.43, 2949.87, 2975.97, 3052.77, 3071.63, 3075.3, 3108.87, 3139.97, 3185.7, 3191.23, 3263.2, 3278.33, 3309.63, 3315.1, 3426.5, 3438.23, 3568.17]"
35500,2972.1056666666668,4628.3335606029559,2188.8395080862606,2513.6880000000001,3009.0500000000002,3302.3090000000002,"[1815.03, 1898.6, 2200.3, 2314.97, 2336.13, 2451.27, 2454.77, 2493.43, 2511.63, 2514.57, 2628.23, 2767.73, 2809.0, 2905.9, 2993.87, 3024.23, 3140.43, 3141.9, 3211.77, 3247.07, 3301.97, 3303.1, 3320.73, 3391.37, 3396.23, 3510.97, 3734.07, 3984.8, 4006.53, 4352.57]"
36000,2845.2916666666665,4430.8515199282119,2095.4459600399814,2515.4700000000003,2582.8499999999999,3068.7089999999998,"[1620.7, 1790.57, 2150.73, 2167.17, 2297.1, 2318.83, 2398.57, 2485.0, 2485.3, 2528.4, 2532.63, 2538.37, 2555.03, 2567.7, 2577.0, 2588.7, 2706.43, 2743.87, 2870.17, 2931.67, 3032.37, 3153.5, 3204.47, 3492.6, 3560.27, 3803.43, 3827.53, 4090.47, 4126.77, 4213.4]"
36500,2845.7313333333336,4431.5361941010169,2095.7697573333221,2596.02,2807.6350000000002,3035.8789999999995,"[1936.47, 2025.13, 2432.1, 2432.27, 2458.33, 2503.1, 2508.13, 2587.7, 2587.83, 2599.53, 2618.87, 2633.73, 2691.47, 2787.57, 2788.8, 2826.47, 2838.8, 2879.4, 2935.6, 2949.8, 3006.47, 3104.5, 3126.57, 3161.03, 3170.03, 3258.07, 3363.6, 3569.77, 3684.07, 3906.73]"
37000,2966.7513333333336,4619.9954853658419,2184.8962511318041,2557.2510000000002,3003.6149999999998,3258.8599999999997,"[1795.73, 1949.17, 2017.1, 2115.1, 2175.13, 2317.2, 2412.27, 2478.13, 2504.8, 2579.73, 2736.5, 2795.67, 2955.27, 2978.43, 3003.53, 3003.7, 3044.17, 3082.73, 3091.0, 3122.17, 3239.57, 3303.87, 3358.77, 3437.4, 3498.93, 3657.07, 3766.83, 3811.07, 3857.07, 4914.43]"
37500,2968.7549999999997,4623.1157101215085,2186.3718732169209,2742.9679999999998,3046.5649999999996,3278.6889999999994,"[2150.13, 2170.0, 2200.7, 2300.87, 2356.47, 2454.8, 2632.97, 2728.67, 2731.53, 2747.87, 2775.37, 2830.7, 2916.67, 2992.6, 3010.93, 3082.2, 3094.17, 3142.07, 3142.97, 3159.87, 3275.2, 3286.83, 3304.83, 3310.5, 3383.6, 3422.83, 3492.0, 3519.5, 3520.6, 3925.2]"
38000,2971.1156666666666,4626.7918757710922,2188.1104118305961,2625.8289999999997,2875.6999999999998,3095.8020000000001,"[2184.63, 2249.27, 2301.4, 2484.2, 2499.07, 2552.5, 2591.17, 2593.4, 2601.63, 2636.2, 2770.5, 2813.87, 2847.17, 2869.6, 2873.87, 2877.53, 3029.4, 3077.17, 3082.23, 3090.33, 3090.63, 3107.87, 3165.93, 3179.07, 3323.53, 3461.7, 3487.03, 3792.47, 4249.37, 4250.73]"
38500,3158.1840000000002,4918.1054232681345,2325.8789182818082,2644.9879999999998,3243.1199999999999,3562.9499999999998,"[2104.83, 2249.77, 2442.37, 2443.73, 2508.0, 2515.8, 2520.33, 2593.63, 2620.53, 2655.47, 2664.43, 2696.2, 2860.53, 2996.5, 3200.87, 3285.37, 3387.53, 3422.27, 3444.1, 3543.8, 3552.33, 3587.73, 3631.57, 3745.47, 3759.0, 3896.53, 3945.93, 4012.1, 4138.43, 4320.37]"
39000,3117.9203333333335,4855.4045301618444,2296.2263035282899,2795.6700000000001,3099.6800000000003,3396.5609999999997,"[1740.27, 2117.73, 2460.33, 2580.77, 2582.13, 2589.57, 2647.97, 2692.8, 2710.9, 2832.0, 2908.6, 2957.3, 3061.4, 3072.9, 3089.63, 3109.73, 3148.8, 3152.6, 3184.83, 3346.17, 3387.0, 3418.87, 3442.5, 3450.3, 3561.4, 3565.07, 3786.67, 3832.2, 4336.67, 4770.5]"
39500,2982.799,4644.9858331302948,2196.7147295952545,2707.2190000000001,2947.8499999999999,3121.569,"[2028.43, 2233.53, 2539.83, 2588.27, 2608.33, 2617.13, 2623.23, 2667.3, 2704.3, 2708.47, 2714.33, 2832.67, 2837.7, 2893.83, 2938.47, 2957.23, 3003.43, 3034.17, 3086.6, 3111.6, 3118.5, 3128.73, 3136.57, 3234.53, 3289.03, 3322.73, 3586.3, 3599.5, 3849.1, 4490.13]"
40000,3157.0546666666664,4916.3467605710439,2325.0472084790499,2809.6619999999998,3222.6849999999999,3418.8400000000001,"[2301.67, 2427.07, 2450.0, 2492.9, 2643.1, 2664.17, 2695.43, 2704.43, 2786.87, 2819.43, 2910.17, 2995.03, 3121.13, 3139.83, 3211.27, 3234.1, 3239.23, 3284.67, 3301.97, 3336.1, 3412.57, 3433.47, 3457.63, 3493.73, 3506.7, 3571.57, 3726.57, 3774.43, 3853.3, 4723.1]"
40500,2998.3073333333332,4669.1363000671536,2208.1360101658884,2649.058,2925.585,3166.6499999999996,"[2280.47, 2320.23, 2361.23, 2391.37, 2525.07, 2548.13, 2582.6, 2595.57, 2623.13, 2660.17, 2672.57, 2704.77, 2724.0, 2758.17, 2917.0, 2934.17, 2950.47, 2957.33, 3057.17, 3136.77, 3157.23, 3188.63, 3278.3, 3490.9, 3595.2, 3616.4, 3670.7, 3994.5, 4004.07, 4252.9]"
41000,3080.1643333333332,4796.6087195438076,2268.4204871354991,2815.9179999999997,3050.6500000000001,3232.8989999999994,"[2294.67, 2435.27, 2485.77, 2502.43, 2584.23, 2594.7, 2654.87, 2670.73, 2697.03, 2866.87, 2892.37, 2899.43, 2942.5, 2961.93, 3044.53, 3056.77, 3070.8, 3073.2, 3076.23, 3092.1, 3193.17, 3325.6, 3331.8, 3430.43, 3506.77, 3671.9, 3822.87, 3841.63, 4036.6, 4347.73]"
41500,2872.6946666666668,4473.5250446227255,2115.6271971045976,2640.5990000000002,3034.6999999999998,3155.8510000000001,"[1278.03, 1801.47, 1824.67, 1971.27, 2307.27, 2444.1, 2548.23, 2600.33, 2633.13, 2643.8, 2715.87, 2852.0, 2889.1, 2908.67, 3030.13, 3039.27, 3060.43, 3063.57, 3129.6, 3133.63, 3140.53, 3191.6, 3279.43, 3280.83, 3324.37, 3364.3, 3418.27, 3518.6, 3845.27, 3943.07]"
42000,2954.1820000000002,4600.4217979449913,2175.6394290413696,2569.8989999999999,2779.165,3295.3710000000001,"[2012.9, 2170.2, 2406.9, 2408.0, 2453.8, 2475.0, 2479.33, 2525.3, 2566.7, 2571.27, 2610.27, 2682.33, 2693.23, 2756.83, 2774.0, 2784.33, 2853.47, 2871.53, 2995.07, 3112.23, 3280.53, 3330.0, 3363.17, 3373.07, 3707.93, 3712.97, 3731.9, 3748.3, 3887.57, 4287.33]"
42500,3160.828,4922.2228118493949,2327.8261208070367,2792.8220000000001,3144.0500000000002,3284.9400000000001,"[2036.5, 2438.23, 2564.17, 2589.7, 2639.03, 2654.6, 2689.97, 2706.43, 2742.87, 2814.23, 2862.77, 3055.83, 3065.63, 3080.83, 3133.6, 3154.5, 3192.33, 3211.23, 3220.2, 3266.67, 3284.43, 3286.13, 3341.0, 3446.8, 3627.8, 3759.73, 3822.6, 3882.9, 4327.0, 4927.13]"
43000,3209.6686666666665,4998.2803017262877,2363.7953603937199,3056.3899999999999,3206.8499999999999,3477.9610000000002,"[2069.57, 2573.53, 2681.23, 2745.7, 2767.2, 2784.8, 2810.23, 2972.83, 2977.5, 3090.2, 3093.87, 3142.2, 3188.97, 3196.77, 3204.27, 3209.43, 3260.43, 3279.67, 3340.6, 3419.0, 3458.23, 3524.0, 3528.23, 3533.53, 3533.8, 3581.37, 3658.63, 3826.0, 3872.57, 3965.7]"
43500,3026.4179999999997,4712.911843919258,2228.838416035479,2590.502,2964.1000000000004,3437.1219999999994,"[2107.33, 2161.1, 2272.67, 2280.03, 2382.2, 2514.67, 2520.07, 2536.9, 2538.17, 2612.93, 2660.1, 2758.0, 2768.4, 2829.87, 2922.8, 3005.4, 3049.4, 3179.27, 3279.4, 3385.7, 3414.13, 3490.77, 3591.83, 3601.6, 3687.23, 3690.73, 3758.47, 3772.07, 3772.83, 4248.47]"
44000,3020.2866666666669,4703.3637796777411,2224.3229289894557,2740.4400000000001,2904.75,3318.8989999999999,"[1911.6, 2099.0, 2207.33, 2212.47, 2445.53, 2507.27, 2606.3, 2682.0, 2720.7, 2748.9, 2758.27, 2760.37, 2828.13, 2851.13, 2888.83, 2920.67, 2924.63, 3026.73, 3181.0, 3274.57, 3297.17, 3369.6, 3468.27, 3635.63, 3706.07, 3777.37, 3826.33, 3873.63, 4033.53, 4065.57]"
44500,3255.7676666666666,5070.0683108819412,2397.7454697774269,2934.511,3114.5799999999999,3555.4909999999995,"[2305.2, 2360.23, 2519.7, 2565.87, 2723.97, 2775.0, 2798.27, 2856.87, 2916.5, 2942.23, 2944.4, 2996.43, 3077.87, 3081.2, 3083.43, 3145.73, 3221.0, 3395.0, 3458.33, 3491.3, 3525.8, 3624.77, 3636.43, 3729.33, 3772.8, 3786.27, 3831.47, 4036.8, 4265.2, 4805.63]"
45000,3182.5593333333331,4956.0640916233133,2343.8303973362554,2809.9389999999999,3109.3850000000002,3505.1089999999995,"[2035.67, 2305.8, 2550.93, 2620.47, 2652.97, 2658.1, 2768.3, 2797.7, 2798.2, 2814.97, 2822.1, 2852.2, 2931.6, 2998.73, 3100.77, 3118.0, 3200.1, 3210.87, 3393.77, 3473.13, 3495.47, 3527.6, 3602.33, 3671.8, 3692.1, 3809.3, 3888.0, 4093.4, 4107.8, 4484.6]"
45500,3075.5463333333332,4789.4173048432549,2265.0195108641278,2835.2489999999998,3020.4000000000001,3430.23,"[1932.17, 2322.77, 2344.9, 2440.63, 2566.33, 2640.83, 2657.57, 2710.63, 2800.13, 2850.3, 2898.97, 2911.8, 2912.3, 2958.0, 2997.03, 3043.77, 3062.87, 3221.57, 3308.5, 3329.7, 3416.67, 3461.87, 3495.7, 3506.87, 3607.0, 3628.1, 3653.07, 3782.97, 3875.27, 3928.1]"
46000,2976.5970000000002,4635.3277226987593,2192.1471993148198,2638.0300000000002,3047.8499999999999,3244.6210000000001,"[2181.03, 2252.77, 2291.27, 2343.27, 2377.5, 2452.03, 2482.3, 2623.3, 2633.13, 2640.13, 2748.37, 2794.77, 2817.37, 2956.53, 3036.77, 3058.93, 3072.57, 3142.3, 3222.63, 3229.1, 3237.73, 3260.7, 3323.67, 3338.87, 3423.0, 3501.77, 3506.13, 3596.67, 3856.5, 3896.8]"
46500,3075.4250000000002,4789.2283576113359,2264.9301536125918,2938.2800000000002,3082.1199999999999,3235.5899999999997,"[1826.13, 2185.5, 2401.07, 2553.07, 2712.1, 2768.1, 2813.67, 2855.5, 2891.03, 2958.53, 2963.13, 3001.57, 3020.3, 3044.3, 3079.67, 3084.57, 3183.33, 3208.9, 3209.23, 3210.63, 3228.9, 3251.2, 3262.87, 3372.63, 3375.23, 3397.33, 3542.13, 3905.23, 3912.13, 4044.77]"
47000,3017.6043333333337,4699.1866962292543,2222.3474954644289,2654.9499999999998,3035.8000000000002,3207.6899999999996,"[2027.9, 2042.87, 2370.03, 2438.63, 2483.27, 2574.57, 2632.63, 2637.43, 2649.7, 2657.2, 2711.67, 2801.17, 2878.0, 2967.27, 3011.77, 3059.83, 3085.37, 3127.03, 3141.97, 3146.23, 3170.13, 3295.33, 3360.13, 3526.5, 3633.7, 3727.3, 3766.53, 3786.97, 3858.83, 3958.17]"
47500,3117.9786666666669,4855.4953701771901,2296.2692637453742,2812.3809999999999,3083.3499999999999,3438.4179999999997,"[1835.23, 2010.6, 2335.03, 2336.63, 2470.93, 2651.43, 2666.3, 2700.2, 2707.5, 2857.33, 2881.27, 2908.77, 2932.37, 2960.77, 3005.27, 3161.43, 3184.37, 3213.87, 3287.93, 3373.1, 3408.67, 3507.83, 3562.3, 3633.43, 3786.4, 3805.93, 3886.8, 3938.07, 4013.3, 4516.3]"
48000,3421.5029999999997,5328.1608861384229,2519.8030566103685,3155.4200000000001,3387.1999999999998,3706.9110000000001,"[2272.87, 2524.83, 2755.8, 2762.33, 2811.67, 2974.13, 3029.0, 3044.67, 3124.9, 3168.5, 3199.1, 3261.0, 3290.5, 3335.83, 3356.37, 3418.03, 3442.97, 3585.7, 3615.17, 3622.9, 3704.73, 3712.0, 3837.03, 3869.73, 3937.23, 3999.07, 4010.8, 4117.93, 4391.37, 4468.93]"
48500,3057.364,4761.1027316029576,2251.6289339423356,2837.6700000000001,3134.6999999999998,3288.1109999999999,"[1742.83, 2230.37, 2369.37, 2375.37, 2475.77, 2497.37, 2527.67, 2704.43, 2830.6, 2840.7, 2952.9, 2965.77, 2989.23, 3057.33, 3124.43, 3144.97, 3155.97, 3202.07, 3211.67, 3257.93, 3285.93, 3293.2, 3297.8, 3353.0, 3363.97, 3393.6, 3556.37, 3786.0, 4237.3, 4497.0]"
49000,3239.5416666666665,5044.8002522134302,2385.7956557931743,2915.02,3146.7150000000001,3518.7489999999998,"[2369.27, 2402.03, 2466.63, 2598.53, 2632.8, 2638.93, 2888.13, 2893.87, 2900.6, 2921.2, 2941.17, 2984.7, 2993.87, 3003.1, 3142.3, 3151.13, 3245.63, 3298.27, 3335.73, 3405.43, 3516.4, 3524.23, 3602.5, 3617.03, 3854.97, 3868.07, 3988.6, 3996.07, 4455.13, 4549.93]"
49500,3170.4993333333332,4937.2835673078798,2334.9486793127085,2917.3089999999997,3031.0650000000001,3408.0799999999999,"[2290.7, 2308.6, 2497.57, 2539.7, 2553.03, 2557.07, 2628.13, 2885.83, 2897.1, 2925.97, 2928.8, 2938.07, 3002.2, 3017.2, 3026.53, 3035.6, 3049.67, 3063.43, 3174.97, 3204.6, 3396.5, 3435.1, 3507.37, 3736.6, 3869.5, 4021.97, 4040.47, 4071.4, 4114.67, 4396.63]"
50000,3326.5236666666665,5180.2536158954417,2449.8544946923612,2873.8289999999997,3281.1499999999996,3556.3099999999995,"[2174.47, 2372.43, 2537.37, 2538.43, 2681.13, 2743.27, 2769.9, 2843.2, 2846.13, 2885.7, 2976.2, 3070.83, 3244.83, 3267.3, 3276.83, 3285.47, 3306.7, 3329.63, 3341.07, 3501.43, 3548.93, 3573.53, 3889.07, 3889.33, 3905.93, 3951.43, 4058.0, 4247.4, 4613.7, 5126.07]"
50500,3158.9533333333334,4919.3034732990909,2326.4455021734152,2771.498,3071.165,3315.8489999999993,"[2273.13, 2480.73, 2651.9, 2670.57, 2684.97, 2703.8, 2715.77, 2725.77, 2742.63, 2783.87, 2904.33, 2917.37, 3047.63, 3050.93, 3069.83, 3072.5, 3077.93, 3111.77, 3199.63, 3210.17, 3257.67, 3451.6, 3490.13, 3492.33, 3638.2, 3661.17, 3723.17, 3967.53, 4331.0, 4660.57]"
51000,3327.6836666666663,5182.0600344863124,2450.7087892949576,2837.8710000000001,3225.3149999999996,3651.8499999999995,"[2088.43, 2464.07, 2475.93, 2512.97, 2541.5, 2663.57, 2695.4, 2819.37, 2834.07, 2839.5, 2847.8, 2988.33, 3063.13, 3101.83, 3205.2, 3245.43, 3417.5, 3432.1, 3504.33, 3584.13, 3639.73, 3680.13, 3891.27, 3964.93, 3991.4, 4064.9, 4413.93, 4573.9, 4580.23, 4705.5]"
51500,3261.078,5078.3378667931947,2401.6563224538536,2889.9079999999999,3318.4000000000001,3572.1490000000003,"[2216.3, 2428.8, 2459.07, 2548.97, 2590.33, 2608.7, 2719.8, 2771.93, 2855.23, 2904.77, 2989.3, 3030.17, 3163.8, 3215.5, 3283.0, 3353.8, 3370.0, 3373.13, 3448.67, 3489.1, 3570.7, 3575.53, 3577.7, 3850.83, 3891.27, 3913.07, 3918.27, 3922.3, 4008.87, 4783.43]"
52000,3181.6273333333334,4954.6127277209935,2343.1440158107216,2886.9790000000003,3148.9200000000001,3476.9989999999998,"[2283.93, 2313.13, 2345.1, 2516.83, 2535.93, 2618.67, 2621.37, 2794.57, 2864.6, 2896.57, 2951.57, 2958.77, 3001.4, 3080.4, 3105.57, 3192.27, 3205.9, 3308.83, 3396.8, 3421.67, 3462.8, 3510.13, 3532.93, 3538.87, 3546.87, 3563.77, 3682.8, 4242.7, 4262.97, 4691.1]"
52500,3211.9816666666666,5001.8822381061882,2365.4987943728629,2880.9789999999998,3157.2650000000003,3612.6800000000003,"[2205.03, 2309.83, 2421.03, 2473.83, 2656.13, 2667.0, 2746.2, 2816.6, 2828.43, 2903.5, 2911.87, 2992.27, 3004.77, 3121.37, 3157.23, 3157.3, 3194.97, 3212.73, 3367.13, 3486.73, 3608.57, 3622.27, 3624.63, 3767.17, 3778.77, 3783.43, 3842.33, 3903.83, 4341.9, 4452.6]"
53000,3144.0156666666667,4896.0416812552121,2315.4444952693457,2854.52,3004.4499999999998,3375.2209999999995,"[2025.87, 2334.57, 2428.37, 2596.33, 2708.63, 2724.3, 2789.47, 2799.17, 2848.57, 2857.07, 2913.63, 2926.9, 2932.4, 2973.47, 2987.83, 3021.07, 3054.6, 3083.13, 3307.73, 3336.07, 3339.83, 3457.8, 3480.0, 3724.03, 3740.83, 3812.5, 3849.47, 3884.43, 4148.97, 4233.43]"
53500,3212.4349999999999,5002.5881947968728,2365.832656631349,2808.0190000000002,3263.1849999999999,3519.1909999999998,"[2043.53, 2320.93, 2494.77, 2584.93, 2631.27, 2644.47, 2732.93, 2753.67, 2762.4, 2827.57, 2837.53, 2886.4, 2968.9, 2984.5, 3213.7, 3312.67, 3398.47, 3467.0, 3476.43, 3500.93, 3506.6, 3548.57, 3638.57, 3746.07, 3752.87, 3915.53, 3928.07, 3971.87, 4080.2, 4441.7]"
54000,3141.5613333333331,4892.2196524952742,2313.6369748213806,2752.3700000000003,2942.4499999999998,3339.5489999999991,"[2101.33, 2191.57, 2206.03, 2519.5, 2570.1, 2603.93, 2605.5, 2729.33, 2733.33, 2760.53, 2770.4, 2845.13, 2870.63, 2881.47, 2891.7, 2993.2, 3170.43, 3174.3, 3214.5, 3255.73, 3272.67, 3495.6, 3581.23, 3886.37, 3895.83, 3906.33, 4068.27, 4118.33, 4310.77, 4622.8]"
54500,3247.7473333333332,5057.5785874006351,2391.8388081587268,2912.0599999999999,3204.6999999999998,3493.8890000000001,"[1961.83, 2368.03, 2372.87, 2446.8, 2687.97, 2795.83, 2824.2, 2902.07, 2906.53, 2914.43, 3046.93, 3095.37, 3098.63, 3100.1, 3187.27, 3222.13, 3233.1, 3295.4, 3352.13, 3447.73, 3493.07, 3495.8, 3501.53, 3840.97, 3938.0, 3994.7, 4007.1, 4110.17, 4307.3, 4484.43]"
55000,3361.9043333333334,5235.3504210886094,2475.9109710454668,2974.4499999999998,3363.75,3575.6800000000003,"[2095.67, 2357.97, 2411.9, 2699.43, 2713.7, 2729.33, 2744.17, 2924.17, 2965.07, 2978.47, 3121.83, 3200.77, 3224.17, 3259.53, 3296.57, 3430.93, 3431.57, 3462.07, 3481.7, 3531.0, 3555.07, 3623.77, 3890.57, 3966.83, 4077.83, 4148.5, 4268.87, 4311.67, 4370.53, 4583.47]"
55500,2944.578,4585.4658978185043,2168.566458900561,2650.5999999999999,2889.7849999999999,3083.4409999999998,"[2442.47, 2452.03, 2470.23, 2483.17, 2505.93, 2510.27, 2533.8, 2546.53, 2598.73, 2672.83, 2680.8, 2760.8, 2805.9, 2878.97, 2886.37, 2893.2, 2907.2, 2923.0, 2976.37, 3016.77, 3060.2, 3137.67, 3146.87, 3158.53, 3176.47, 3234.13, 3564.43, 3770.37, 4033.8, 4109.5]"
56000,3275.1710000000003,5100.2842954148709,2412.0352654145381,2898.5209999999997,3122.5500000000002,3654.0299999999997,"[2613.17, 2613.67, 2625.53, 2648.73, 2651.73, 2717.67, 2818.83, 2838.43, 2883.17, 2905.1, 2974.23, 2977.43, 3019.87, 3076.77, 3117.97, 3127.13, 3305.03, 3305.57, 3376.37, 3426.33, 3620.43, 3732.43, 3735.07, 3760.53, 3889.77, 3896.87, 4070.3, 4073.87, 4085.3, 4367.83]"
56500,3140.8503333333333,4891.1124424796626,2313.1133511468583,2924.7589999999996,3039.77,3366.7290000000003,"[1831.6, 2385.8, 2387.2, 2519.7, 2575.7, 2668.5, 2687.53, 2872.87, 2919.6, 2926.97, 2956.97, 2959.23, 2996.87, 3010.8, 3026.97, 3052.57, 3073.43, 3240.4, 3324.17, 3338.03, 3361.8, 3378.23, 3419.97, 3512.2, 3596.6, 3653.0, 3897.8, 4045.47, 4180.13, 4425.4]"
57000,3192.4223333333334,4971.4233214179339,2351.0941108409197,2937.8209999999999,3290.9499999999998,3490.7779999999998,"[2006.6, 2077.43, 2202.4, 2365.5, 2508.43, 2509.2, 2552.77, 2753.33, 2904.97, 2951.9, 3001.6, 3072.37, 3186.87, 3187.77, 3229.37, 3352.53, 3354.23, 3421.4, 3423.37, 3424.03, 3456.17, 3571.53, 3655.43, 3720.13, 3878.1, 3927.03, 3940.7, 3975.87, 3982.27, 4179.37]"
57500,3280.2386666666666,5108.1759568622874,2415.7674035878931,2901.4409999999998,3259.2800000000002,3677.8980000000001,"[2129.93, 2532.93, 2564.83, 2714.23, 2734.5, 2765.77, 2826.27, 2850.37, 2867.4, 2916.03, 2944.83, 3034.77, 3073.1, 3107.53, 3189.53, 3329.03, 3415.2, 3418.87, 3507.27, 3638.8, 3677.67, 3678.43, 3687.4, 3688.07, 3775.13, 3862.97, 3963.4, 4091.0, 4123.87, 4298.03]"
58000,3224.2446666666665,5020.9788856750238,2374.5300139518645,2803.6909999999998,3104.9499999999998,3720.0900000000001,"[2103.5, 2353.9, 2439.03, 2596.9, 2613.93, 2623.87, 2703.53, 2721.8, 2796.67, 2806.7, 2884.73, 2986.03, 3018.3, 3086.73, 3087.33, 3122.57, 3284.23, 3325.4, 3340.13, 3415.7, 3719.13, 3722.33, 3754.37, 3797.5, 3815.53, 3867.03, 4041.2, 4046.67, 4268.53, 4384.07]"
58500,3158.1946666666668,4918.122034013797,2325.8867738643607,2981.7289999999998,3143.835,3415.4500000000003,"[2337.67, 2345.23, 2469.23, 2565.3, 2682.5, 2710.23, 2910.6, 2967.13, 2979.93, 2982.5, 2992.57, 3055.07, 3093.93, 3111.03, 3140.5, 3147.17, 3325.23, 3329.77, 3379.27, 3403.1, 3414.4, 3417.9, 3478.53, 3572.83, 3588.7, 3603.43, 3656.33, 3660.03, 3707.9, 3717.83]"
59000,3168.6080000000002,4934.3382744674773,2333.5557863313488,2870.2319999999995,3027.3999999999996,3414.9099999999999,"[2159.33, 2272.73, 2460.57, 2584.23, 2647.37, 2698.87, 2713.23, 2714.5, 2750.77, 2921.43, 2942.27, 2956.87, 2974.47, 2986.57, 2998.2, 3056.6, 3244.3, 3297.7, 3335.33, 3349.43, 3381.97, 3491.77, 3677.1, 3784.43, 3792.8, 3811.4, 3838.8, 3900.7, 3926.1, 4388.4]"
59500,3180.4029999999998,4952.7061255703411,2342.2423422258544,2960.8890000000001,3144.7649999999999,3340.1820000000002,"[2485.63, 2487.13, 2593.4, 2684.07, 2821.13, 2836.23, 2860.53, 2891.4, 2901.9, 2986.17, 2986.23, 2999.63, 3007.87, 3111.4, 3141.83, 3147.7, 3183.27, 3219.1, 3293.53, 3321.0, 3334.53, 3353.37, 3449.6, 3487.07, 3612.4, 3624.23, 3669.97, 3862.9, 3887.1, 4171.77]"
60000,3250.786333333333,5062.3110926572344,2394.0769127253566,2890.02,3159.835,3610.3909999999996,"[2090.6, 2101.93, 2209.63, 2421.5, 2502.2, 2504.27, 2703.4, 2741.3, 2862.37, 2901.87, 2945.43, 2955.67, 2970.63, 2975.1, 3133.2, 3186.47, 3187.53, 3335.23, 3448.53, 3523.83, 3584.6, 3670.57, 3674.5, 3685.07, 3723.83, 3764.83, 3781.07, 4438.63, 5169.23, 5330.57]"
60500,3157.7536666666665,4917.4352834977853,2325.5619946232009,2781.6289999999999,3187.4650000000001,3397.989,"[2104.73, 2215.67, 2342.33, 2431.13, 2499.13, 2532.1, 2536.43, 2704.93, 2728.8, 2804.27, 2873.5, 2959.87, 2987.4, 3055.5, 3186.1, 3188.83, 3280.7, 3284.57, 3286.03, 3381.63, 3396.0, 3402.63, 3675.9, 3734.47, 3773.53, 3808.73, 3936.43, 3940.73, 4322.17, 4358.37]"
61000,3232.27,5033.4763954433593,2380.4403578748861,2958.9400000000001,3276.6849999999999,3513.4100000000003,"[2023.07, 2277.07, 2385.13, 2449.2, 2656.43, 2820.3, 2862.63, 2938.1, 2941.23, 2966.53, 3029.63, 3195.57, 3226.5, 3228.27, 3230.2, 3323.17, 3350.37, 3413.73, 3483.3, 3506.0, 3509.3, 3523.0, 3583.1, 3656.73, 3757.73, 3808.87, 3900.4, 3934.6, 3940.47, 4047.47]"
61500,3146.0856666666668,4899.2652040854737,2316.9689692584625,2821.6089999999999,3019.0299999999997,3389.1300000000001,"[1855.43, 2233.1, 2416.87, 2635.5, 2642.97, 2684.8, 2714.07, 2763.17, 2769.2, 2844.07, 2881.8, 2886.0, 2925.63, 2990.93, 2997.93, 3040.13, 3154.7, 3186.57, 3307.9, 3318.47, 3358.8, 3459.9, 3627.4, 3642.03, 3792.73, 3860.03, 3888.1, 3913.67, 4124.77, 4465.9]"
62000,3198.3340000000003,4980.6293081159502,2355.4478219837501,2883.9290000000001,3006.3850000000002,3669.6210000000001,"[2108.43, 2271.03, 2543.8, 2572.67, 2691.53, 2734.03, 2750.43, 2827.13, 2880.8, 2885.27, 2912.37, 2920.13, 2936.43, 2942.0, 2998.5, 3014.27, 3056.63, 3315.3, 3338.13, 3343.93, 3662.7, 3685.77, 3705.43, 3748.4, 3801.27, 3870.6, 3945.57, 3987.4, 4022.07, 4478.0]"
62500,3233.1593333333335,5034.861316363028,2381.0953170702105,2808.049,3211.2150000000001,3582.8699999999999,"[2300.23, 2321.37, 2408.87, 2484.07, 2496.37, 2521.47, 2630.47, 2712.83, 2720.5, 2845.57, 2946.0, 3006.97, 3129.03, 3132.03, 3198.73, 3223.7, 3449.87, 3503.07, 3519.6, 3561.87, 3565.23, 3624.03, 3644.73, 3676.1, 3699.0, 3769.6, 3810.8, 4050.5, 4404.5, 4637.67]"
63000,3169.8743333333332,4936.3102814291778,2334.4883912725163,2890.5199999999995,3157.6499999999996,3399.3400000000001,"[2271.43, 2459.4, 2541.4, 2547.83, 2562.6, 2717.93, 2721.13, 2723.3, 2809.6, 2925.2, 2952.43, 3050.7, 3089.77, 3137.77, 3154.7, 3160.6, 3206.07, 3264.17, 3286.3, 3311.47, 3382.6, 3438.4, 3454.17, 3458.0, 3471.33, 3496.53, 3511.6, 3830.73, 4415.7, 4743.37]"
63500,3303.3143333333333,5144.1107096755686,2432.761729005696,3124.79,3256.165,3519.3199999999997,"[2091.6, 2271.27, 2609.53, 2659.53, 2681.17, 2686.37, 2776.43, 2985.1, 3052.27, 3155.87, 3187.53, 3188.2, 3190.17, 3222.33, 3248.9, 3263.43, 3291.67, 3399.8, 3463.33, 3463.8, 3498.23, 3568.53, 3598.67, 3713.93, 3808.83, 3880.87, 4132.0, 4249.47, 4309.37, 4451.23]"
64000,3444.2106666666668,5363.5225682263244,2536.5263644301062,3018.2420000000002,3308.23,3723.9209999999998,"[2275.9, 2455.93, 2592.13, 2619.93, 2658.47, 2675.3, 2709.03, 2768.83, 2979.77, 3034.73, 3096.7, 3103.37, 3254.1, 3259.4, 3304.33, 3312.13, 3428.73, 3573.57, 3587.73, 3693.53, 3722.73, 3726.7, 3790.33, 3885.33, 3974.4, 4417.1, 4595.83, 4747.13, 4775.13, 5308.03]"
64500,3234.8309999999997,5037.4645316599281,2382.3264341483773,2985.2399999999998,3220.5799999999999,3500.5419999999995,"[1739.97, 1879.13, 2184.03, 2509.0, 2674.8, 2865.27, 2874.87, 2927.2, 2964.17, 2994.27, 3018.67, 3026.33, 3155.77, 3184.43, 3190.83, 3250.33, 3250.8, 3272.9, 3401.3, 3444.8, 3476.23, 3557.27, 3560.37, 3724.7, 3806.33, 3818.33, 3922.97, 4009.53, 4552.4, 4807.93]"
65000,3334.3003333333331,5192.3638876555042,2455.5817053471251,2843.4700000000003,3375.3649999999998,3628.8800000000001,"[2160.67, 2398.17, 2473.77, 2529.33, 2560.6, 2613.87, 2752.17, 2773.07, 2785.3, 2868.4, 3012.47, 3095.07, 3237.8, 3337.8, 3373.73, 3377.0, 3431.5, 3450.7, 3555.6, 3560.93, 3591.17, 3716.87, 3728.2, 3798.3, 3861.8, 3886.53, 4224.43, 4329.13, 4445.0, 5099.63]"
65500,3287.384,5119.30308011341,2421.0296619503242,2968.5700000000002,3338.48,3546.2780000000002,"[2441.37, 2490.43, 2590.93, 2647.07, 2699.13, 2873.93, 2924.33, 2927.13, 2958.77, 2972.77, 3115.63, 3132.3, 3235.07, 3262.47, 3338.03, 3338.93, 3398.03, 3414.1, 3415.7, 3464.9, 3546.17, 3546.53, 3559.17, 3607.93, 3644.37, 3802.93, 3947.87, 3965.73, 4148.27, 4211.53]"
66000,2927.9886666666666,4559.632035625842,2156.3490641356107,2622.6790000000001,2915.585,3152.4799999999996,"[1888.1, 2048.57, 2326.7, 2375.97, 2515.9, 2531.97, 2564.27, 2617.47, 2621.93, 2623.0, 2669.33, 2746.63, 2827.97, 2836.37, 2887.17, 2944.0, 2955.5, 3045.43, 3063.73, 3069.73, 3146.27, 3166.97, 3259.07, 3343.4, 3375.47, 3376.77, 3443.87, 3523.9, 3901.57, 4142.63]"
66500,3304.8150000000001,5146.4476339560579,2433.8669112760667,2997.6100000000001,3210.1850000000004,3388.5419999999986,"[2408.7, 2411.43, 2665.87, 2722.97, 2757.33, 2761.97, 2875.37, 2912.97, 2985.57, 3002.77, 3009.67, 3087.03, 3117.0, 3160.1, 3199.8, 3220.57, 3230.23, 3241.07, 3257.63, 3276.77, 3282.93, 3634.97, 3685.7, 3762.1, 3851.1, 3859.1, 3884.1, 3887.3, 4686.4, 5305.93]"
67000,3101.1603333333333,4829.3048960385713,2283.8832194424972,2907.1189999999997,3073.8199999999997,3208.6509999999998,"[1799.73, 1994.07, 2409.57, 2527.57, 2651.53, 2679.4, 2680.37, 2700.13, 2812.5, 2947.67, 2968.43, 2997.33, 3016.7, 3035.83, 3060.97, 3086.67, 3097.9, 3133.77, 3154.43, 3167.37, 3189.1, 3254.27, 3268.63, 3477.37, 3690.07, 3802.23, 3947.2, 4067.87, 4180.5, 4235.63]"
67500,3448.7656666666667,5370.6158757103049,2539.8809436670267,2994.0210000000002,3545.5799999999999,3712.6120000000001,"[2308.73, 2323.2, 2409.83, 2603.2, 2669.43, 2817.53, 2956.83, 2965.43, 2975.1, 3002.13, 3006.53, 3048.6, 3126.63, 3250.67, 3519.33, 3571.83, 3597.8, 3661.03, 3670.23, 3677.7, 3688.03, 3769.97, 3873.27, 3961.37, 4204.4, 4349.5, 4385.67, 4539.9, 4573.13, 4955.97]"
68000,3240.2276666666667,5045.868530793894,2386.3008679460895,2863.2510000000002,3245.4700000000003,3498.971,"[2282.6, 2457.83, 2470.43, 2559.13, 2565.2, 2566.97, 2684.8, 2776.5, 2855.6, 2866.53, 2893.2, 2982.4, 3116.5, 3161.3, 3175.07, 3315.87, 3326.53, 3394.2, 3394.57, 3424.57, 3493.1, 3512.67, 3574.6, 3629.3, 3803.97, 3859.13, 3960.7, 4312.8, 4338.53, 4452.23]"
68500,3331.0453333333335,5187.2950147992251,2453.1845252338048,3100.1009999999997,3236.0,3565.3510000000001,"[2525.43, 2722.13, 2795.0, 2835.67, 2854.03, 2886.93, 2907.9, 3081.5, 3090.77, 3104.1, 3109.17, 3148.23, 3162.93, 3174.43, 3187.17, 3284.83, 3295.4, 3307.27, 3396.1, 3459.03, 3556.0, 3587.17, 3618.7, 3712.07, 3790.93, 3800.57, 3992.47, 4080.07, 4096.53, 4368.83]"
69000,3224.5239999999999,5021.4138795770787,2374.7357320199612,2935.71,3219.1999999999998,3503.6189999999997,"[2317.83, 2342.5, 2558.3, 2578.03, 2707.83, 2753.57, 2774.9, 2834.0, 2920.73, 2942.13, 2958.47, 2960.83, 3105.63, 3146.53, 3207.9, 3230.5, 3232.3, 3233.83, 3298.13, 3393.33, 3483.3, 3551.03, 3555.7, 3630.33, 3683.73, 3684.6, 3960.33, 3983.5, 4340.53, 4365.4]"
69500,3350.6146666666668,5217.7695040615381,2467.596573374391,3028.4989999999998,3226.3999999999996,3560.3409999999999,"[2061.53, 2784.43, 2865.37, 2912.13, 2913.67, 2917.1, 2922.23, 2930.5, 3017.6, 3033.17, 3046.2, 3072.73, 3125.03, 3155.9, 3204.83, 3247.97, 3283.97, 3377.83, 3442.2, 3450.13, 3541.63, 3604.0, 3633.93, 3644.0, 3702.73, 3980.7, 4058.23, 4226.0, 4325.3, 5037.4]"
70000,3349.5306666666665,5216.0814370335165,2466.7982497974817,3020.221,3294.5,3570.0099999999998,"[2550.97, 2655.6, 2768.17, 2862.7, 2862.8, 2868.77, 2940.63, 2987.47, 3016.77, 3021.7, 3059.6, 3161.7, 3230.57, 3247.9, 3289.93, 3299.07, 3333.4, 3336.6, 3477.73, 3526.27, 3563.83, 3584.43, 3674.7, 3752.5, 3756.0, 3804.17, 4081.97, 4227.33, 4251.87, 4290.77]"
70500,3156.1279999999997,4914.9037020415553,2324.3647547447918,2858.4300000000003,3155.75,3410.5779999999995,"[2199.3, 2216.73, 2359.47, 2481.8, 2494.67, 2519.03, 2562.4, 2685.57, 2784.37, 2890.17, 3009.23, 3060.8, 3104.77, 3118.7, 3120.63, 3190.87, 3257.93, 3262.17, 3286.57, 3295.47, 3374.47, 3494.83, 3511.93, 3686.73, 3789.43, 3846.67, 3871.3, 4045.33, 4075.7, 4086.8]"
71000,3008.7866666666669,4685.455319509625,2215.8536290499205,2808.7399999999998,2999.0500000000002,3141.6979999999999,"[1875.6, 2221.27, 2467.93, 2625.27, 2693.5, 2709.73, 2731.33, 2788.83, 2797.4, 2813.6, 2827.57, 2842.73, 2898.83, 2903.83, 2960.77, 3037.33, 3054.17, 3106.67, 3109.17, 3115.27, 3139.67, 3146.43, 3240.7, 3297.17, 3305.43, 3340.37, 3554.77, 3624.73, 3641.9, 4391.63]"
71500,3249.8806666666665,5060.9007365332709,2393.409924669249,3031.3509999999997,3279.8000000000002,3470.3209999999999,"[2190.87, 2697.03, 2708.6, 2779.87, 2804.6, 2810.27, 2824.8, 2846.57, 2906.17, 3085.0, 3130.0, 3165.3, 3202.07, 3230.27, 3271.9, 3287.7, 3365.6, 3384.0, 3431.9, 3440.1, 3467.03, 3478.0, 3492.8, 3529.83, 3606.77, 3681.53, 3762.4, 3787.0, 3925.47, 4202.97]"
72000,3145.1696666666667,4897.8387563016468,2316.2943711067569,2889.3699999999999,3189.5150000000003,3422.3109999999997,"[1971.57, 2241.67, 2416.57, 2454.23, 2454.7, 2575.4, 2687.33, 2740.93, 2844.5, 2908.6, 2966.77, 2984.17, 3062.67, 3064.1, 3185.63, 3193.4, 3307.43, 3311.2, 3397.17, 3411.53, 3418.03, 3432.3, 3437.33, 3554.57, 3668.83, 3783.8, 3810.47, 3980.33, 4028.63, 4061.23]"
72500,3348.1356666666666,5213.9090629522534,2465.7708868917725,3061.8499999999999,3306.1849999999999,3739.2809999999999,"[2134.73, 2224.2, 2468.67, 2492.07, 2582.8, 2693.1, 2707.3, 2962.47, 3061.5, 3062.0, 3091.47, 3105.5, 3156.83, 3182.7, 3200.37, 3412.0, 3473.77, 3564.1, 3614.23, 3679.4, 3737.1, 3744.37, 3817.7, 3828.03, 3836.87, 3853.23, 4382.9, 4414.63, 4422.63, 4537.4]"
73000,3254.6129999999998,5068.2701976639009,2396.8951029661062,3060.3589999999999,3335.665,3547.4400000000001,"[2006.2, 2318.77, 2545.37, 2713.23, 2778.1, 2835.6, 2858.67, 2866.0, 3020.9, 3077.27, 3110.07, 3167.77, 3246.63, 3258.87, 3321.1, 3350.23, 3355.23, 3420.67, 3457.97, 3472.03, 3545.97, 3550.87, 3566.13, 3579.27, 3643.67, 3690.7, 3758.43, 3796.2, 4154.97, 4171.5]"
73500,3204.4756666666667,4990.1934640173286,2359.9709191253719,2711.8400000000001,3148.6700000000001,3511.0900000000001,"[2150.0, 2278.27, 2368.0, 2499.5, 2522.07, 2530.97, 2641.47, 2675.1, 2699.03, 2717.33, 2813.03, 2888.6, 3015.77, 3031.77, 3121.67, 3175.67, 3259.33, 3374.93, 3415.03, 3425.6, 3489.13, 3562.33, 3629.4, 3764.8, 3919.9, 3941.47, 4096.33, 4314.4, 4377.4, 4435.97]"
74000,3171.3396666666667,4938.5921826146568,2335.5675519256815,2964.5389999999998,3133.915,3302.9119999999998,"[2379.27, 2385.83, 2485.77, 2579.73, 2666.83, 2784.43, 2857.33, 2916.0, 2926.83, 2980.7, 3010.87, 3044.53, 3095.0, 3115.5, 3117.43, 3150.4, 3166.13, 3170.17, 3263.43, 3273.63, 3284.03, 3346.97, 3505.47, 3570.4, 3643.17, 3675.77, 3682.77, 3944.6, 4029.03, 4088.17]"
74500,3295.2200000000003,5131.5057491462248,2426.8005692830375,2904.79,3256.0,3652.0909999999994,"[2074.97, 2144.47, 2255.93, 2637.47, 2687.73, 2715.77, 2780.67, 2879.0, 2888.9, 2911.6, 3028.23, 3119.93, 3163.5, 3197.8, 3199.97, 3312.03, 3329.33, 3500.7, 3620.87, 3622.83, 3642.83, 3673.7, 3703.57, 3759.37, 3877.83, 4129.23, 4174.27, 4180.8, 4250.83, 4392.47]"
75000,3189.6779999999999,4967.1496880102795,2349.0730167423053,2890.3199999999997,3144.4850000000001,3487.4210000000003,"[2180.13, 2273.73, 2419.3, 2468.7, 2710.9, 2746.23, 2756.07, 2791.43, 2871.0, 2898.6, 2914.47, 2918.33, 2930.77, 2983.87, 3116.9, 3172.07, 3208.83, 3215.1, 3261.07, 3443.37, 3470.03, 3528.0, 3607.6, 3772.1, 3787.07, 3856.5, 3928.8, 3943.6, 4257.67, 4258.1]"
75500,3234.4436666666666,5036.8613539580347,2382.0411783069358,2918.7310000000002,3217.2849999999999,3471.5199999999991,"[2323.37, 2347.9, 2461.1, 2504.33, 2624.47, 2648.67, 2884.0, 2890.77, 2904.57, 2924.8, 2966.7, 2977.63, 2983.37, 3040.33, 3167.47, 3267.1, 3267.37, 3277.73, 3396.57, 3410.47, 3417.7, 3597.1, 3625.43, 3661.27, 3727.4, 3984.83, 4018.1, 4157.7, 4239.53, 4335.53]"
76000,3334.8373333333334,5193.2001348824861,2455.9771848312585,3042.4580000000001,3360.8000000000002,3635.6399999999994,"[2283.83, 2308.47, 2424.27, 2570.33, 2810.67, 2927.7, 2941.4, 2945.13, 3038.23, 3044.27, 3132.17, 3158.83, 3283.8, 3313.9, 3358.63, 3362.97, 3409.77, 3416.07, 3585.67, 3609.87, 3617.67, 3677.57, 3712.83, 3756.5, 3782.27, 3978.87, 4007.67, 4060.53, 4143.6, 4381.63]"
76500,3298.2823333333336,5136.2745904089643,2429.0558579365015,2926.1079999999997,3289.0999999999999,3496.8899999999994,"[2427.13, 2716.6, 2744.97, 2768.8, 2811.17, 2841.3, 2848.17, 2908.9, 2912.43, 2931.97, 2955.67, 2998.9, 3101.93, 3172.73, 3248.37, 3329.83, 3367.4, 3404.73, 3405.0, 3452.73, 3482.97, 3529.37, 3561.47, 3596.07, 3639.43, 3885.77, 3894.2, 3932.1, 4133.83, 4944.53]"
77000,3272.5413333333336,5096.1892275230948,2410.0986188283646,3055.7600000000002,3266.4650000000001,3517.732,"[2246.83, 2468.6, 2490.0, 2591.0, 2619.4, 2668.8, 2769.4, 2879.37, 3013.13, 3074.03, 3088.3, 3167.33, 3212.97, 3240.4, 3263.33, 3269.6, 3299.93, 3338.4, 3365.67, 3470.27, 3504.13, 3549.47, 3680.47, 3714.33, 3766.47, 3796.77, 3873.73, 4185.57, 4203.47, 4365.07]"
77500,3185.5559999999996,4960.7306729830625,2346.0373250596299,2981.6390000000001,3115.4499999999998,3465.8299999999999,"[1976.53, 2276.87, 2307.13, 2361.73, 2459.97, 2488.2, 2565.63, 2618.9, 2977.53, 2983.4, 3050.0, 3071.1, 3102.97, 3106.37, 3114.5, 3116.4, 3279.13, 3369.97, 3376.13, 3407.33, 3462.77, 3472.97, 3495.33, 3686.73, 3730.93, 3740.93, 3813.77, 3842.7, 4628.13, 4682.63]"
78000,3198.9080000000004,4981.5231738669509,2355.8705505198632,2828.1219999999998,3032.27,3394.9200000000001,"[2299.83, 2474.27, 2491.73, 2521.83, 2526.67, 2580.27, 2741.8, 2767.97, 2776.07, 2850.43, 2858.43, 2873.23, 2875.1, 2875.2, 2944.57, 3119.97, 3140.4, 3232.27, 3298.5, 3321.33, 3383.73, 3421.03, 3515.37, 3719.17, 3825.47, 3910.83, 4066.07, 4210.7, 4599.83, 4745.17]"
78500,3126.1353333333332,4868.1973997515033,2302.2763295285749,2651.8400000000001,3252.6350000000002,3474.6799999999998,"[2108.63, 2332.63, 2386.1, 2447.73, 2529.13, 2532.07, 2571.5, 2575.27, 2583.03, 2681.33, 2695.97, 2738.73, 2805.63, 2996.2, 3231.2, 3274.07, 3342.37, 3406.27, 3416.23, 3448.9, 3471.8, 3481.4, 3539.8, 3579.2, 3628.5, 3646.6, 3656.37, 3718.67, 3930.03, 5028.7]"
79000,3215.48,5007.330043597909,2368.0751799631653,3070.7019999999998,3269.9000000000001,3504.3999999999996,"[2316.6, 2344.7, 2395.23, 2519.4, 2568.63, 2730.53, 2882.03, 2949.03, 3059.67, 3075.43, 3082.87, 3110.93, 3254.4, 3260.83, 3266.57, 3273.23, 3282.67, 3293.77, 3296.4, 3330.83, 3498.37, 3518.47, 3567.47, 3592.1, 3606.07, 3720.17, 3788.1, 3822.5, 3943.57, 4113.83]"
79500,3304.1193333333335,5145.3643018873372,2433.3545800014635,3004.1399999999999,3226.2350000000001,3679.3589999999995,"[2328.3, 2335.53, 2370.13, 2392.47, 2622.3, 2623.5, 2760.33, 2888.27, 2985.03, 3012.33, 3035.0, 3038.97, 3073.33, 3155.23, 3159.3, 3293.17, 3314.57, 3339.63, 3437.03, 3503.2, 3646.2, 3756.73, 3818.53, 3901.6, 3908.8, 3909.4, 3982.3, 4096.43, 4291.07, 5144.9]"
