agents,meanScore,clow,chigh,Q1,Q2,Q3,means
500,5.8822208666666667,9.1601320078926101,4.3320254635123687,2.2733300000000001,4.6833299999999998,6.916669999999999,"[0.233333, 0.3, 0.833333, 1.03333, 1.33333, 1.56667, 1.73333, 1.83333, 2.13333, 2.33333, 2.46667, 2.6, 3.6, 4.2, 4.23333, 5.13333, 5.6, 5.63333, 6.4, 6.56667, 6.76667, 7.26667, 7.96667, 8.16667, 8.33333, 8.8, 8.96667, 12.3, 14.9333, 33.2]"
1000,14.024449000000001,21.839677069242118,10.328457831975079,7.9666680000000003,11.233350000000002,14.533300000000001,"[1.86667, 2.36667, 2.7, 4.13333, 6.0, 6.16667, 6.23333, 6.86667, 7.73333, 8.06667, 8.76667, 8.83333, 9.03333, 10.7667, 11.0667, 11.4, 12.2, 12.5, 13.1, 13.7, 14.5333, 14.5333, 16.1667, 19.1333, 19.3, 26.7, 30.4667, 31.8667, 40.8667, 43.6667]"
1500,27.138893333333332,42.262242631892903,19.986732840613058,14.316689999999999,23.36665,36.456690000000002,"[5.06667, 5.53333, 9.3, 10.0667, 11.9333, 12.5667, 12.7, 12.8333, 13.5, 14.6667, 18.9333, 19.4, 20.0667, 20.9667, 21.3, 25.4333, 27.2667, 34.9667, 35.5667, 35.6, 36.2667, 36.9, 37.3333, 38.7667, 42.7333, 42.9, 45.4667, 46.1333, 57.0333, 62.9667]"
2000,41.515556666666662,64.650408080190644,30.574582744936258,26.093299999999996,39.733350000000002,54.506679999999996,"[10.7, 13.6, 14.4667, 16.1333, 16.6667, 16.7, 17.0333, 23.4, 24.1333, 26.9333, 27.8333, 32.5667, 33.5, 36.4667, 38.0, 41.4667, 48.8333, 49.4, 50.2667, 52.2333, 54.3667, 54.8333, 55.8, 57.9333, 61.3, 61.5667, 66.5, 68.1, 81.1667, 93.5667]"
2500,54.830013333333333,85.384444330200751,40.380159009453038,44.530010000000004,53.349999999999994,60.563299999999998,"[17.9, 28.2667, 35.2667, 37.2, 38.3333, 39.4, 42.7667, 43.9333, 44.3667, 44.6, 45.3333, 46.6, 47.0667, 51.7, 53.1333, 53.5667, 55.1333, 55.7667, 58.3333, 59.4, 60.2333, 61.3333, 62.1, 63.0, 63.9667, 71.5667, 73.0667, 75.5333, 85.3667, 130.667]"
3000,67.010000000000005,104.35181877091318,49.35024251723901,56.360010000000003,61.399999999999999,73.21329999999999,"[28.1667, 42.1, 44.8667, 47.8333, 52.5, 52.5667, 53.9667, 56.2, 56.2667, 56.4, 57.2667, 57.7, 58.4667, 60.1667, 61.4, 61.4, 61.7, 63.8333, 64.9, 66.5333, 72.4333, 75.0333, 76.7, 82.8333, 83.5, 92.2333, 93.6333, 94.3, 95.2, 140.2]"
3500,72.705563333333345,113.22127695265111,53.544802012423233,62.076699999999988,68.466649999999987,80.626679999999993,"[46.9667, 47.3667, 47.7, 50.8333, 53.1333, 53.7, 54.8667, 55.4333, 59.7667, 63.0667, 63.9667, 67.2333, 67.6, 68.0667, 68.1, 68.8333, 72.4333, 73.1667, 73.3333, 75.4333, 80.3667, 81.2333, 81.8333, 87.0333, 89.3333, 90.7, 91.0, 114.567, 115.667, 118.433]"
4000,83.662206666666663,130.2835909275434,61.613941031597818,66.003309999999999,75.583349999999996,92.55001,"[52.8, 55.7333, 58.1, 58.5, 64.1333, 64.9, 65.0333, 65.5333, 65.7, 66.1333, 68.2333, 69.4333, 72.7, 73.1667, 74.5667, 76.6, 82.3667, 85.7667, 86.1, 86.5333, 92.2, 93.3667, 99.2333, 101.233, 105.3, 105.4, 112.3, 113.967, 118.8, 176.033]"
4500,92.728893333333346,144.40275588639517,68.291200930535567,80.416690000000003,86.033350000000013,95.40340999999998,"[68.5333, 69.8, 70.0667, 70.2333, 71.3667, 74.1333, 77.2667, 78.5, 80.3, 80.4667, 80.5667, 81.6667, 83.2, 84.1667, 85.9, 86.1667, 86.8, 87.0, 87.8333, 91.6667, 93.2333, 100.467, 102.633, 104.733, 109.433, 110.6, 113.133, 117.867, 132.967, 201.167]"
5000,108.72437333333333,169.31183557769148,80.071245956347312,87.453310000000002,99.883150000000001,113.86000000000001,"[64.6333, 68.8667, 73.7667, 80.7333, 82.0667, 83.5333, 83.5667, 84.7333, 86.8, 87.7333, 89.3333, 89.7333, 94.8333, 96.9667, 98.5333, 101.233, 102.333, 103.633, 106.233, 107.7, 113.5, 114.7, 115.533, 124.433, 144.267, 147.733, 155.367, 157.533, 157.633, 244.067]"
5500,117.36333333333333,182.76492001716568,86.433501904664382,97.506680000000003,108.19999999999999,119.14699999999999,"[73.7333, 78.5667, 78.7333, 83.1333, 86.1, 88.1667, 90.2667, 92.7, 95.7333, 98.2667, 102.733, 104.667, 105.333, 106.633, 107.833, 108.567, 109.9, 112.733, 114.4, 116.833, 116.867, 124.467, 125.1, 135.467, 154.467, 157.133, 167.8, 179.267, 190.9, 214.4]"
6000,132.07882333333333,205.68072580145437,97.270884388771307,111.29689999999999,122.2,139.05299999999997,"[90.6, 92.9667, 100.4, 103.333, 104.967, 106.333, 106.933, 108.433, 110.2, 111.767, 113.6, 119.667, 120.2, 120.333, 121.733, 122.667, 129.6, 131.6, 132.633, 133.033, 138.033, 141.433, 141.8, 155.967, 163.433, 171.367, 184.833, 184.867, 195.133, 204.5]"
6500,153.01995666666667,238.2914607732128,112.69320954301453,122.40299999999999,129.14999999999998,157.6369,"[90.5, 98.6667, 98.9, 101.2, 109.433, 110.467, 114.2, 120.7, 121.633, 122.733, 126.333, 126.8, 127.633, 129.1, 129.1, 129.2, 132.3, 135.533, 140.9, 152.867, 157.567, 157.8, 173.567, 195.133, 200.333, 217.533, 223.067, 226.133, 233.167, 388.1]"
7000,167.26003333333335,260.46692562329355,123.18046871275155,130.68299999999999,149.94999999999999,175.89999999999998,"[102.367, 110.867, 116.633, 116.9, 117.433, 118.733, 119.267, 122.767, 126.833, 132.333, 134.233, 138.867, 143.7, 147.967, 148.9, 151.0, 160.4, 165.167, 166.467, 167.167, 172.6, 183.6, 187.6, 207.233, 208.3, 213.6, 240.3, 264.2, 286.8, 345.567]"
7500,176.04553333333334,274.14821056303168,129.65064563612421,151.17320000000001,163.2165,189.29999999999998,"[103.0, 129.6, 133.833, 138.767, 139.9, 143.6, 144.133, 145.367, 145.667, 153.533, 156.067, 156.833, 158.933, 161.367, 163.0, 163.433, 171.667, 174.567, 177.433, 179.2, 186.3, 196.3, 202.533, 213.233, 216.6, 219.967, 220.9, 243.1, 251.033, 291.5]"
8000,192.06,299.08685738160847,141.44467359887963,158.56999999999999,186.31650000000002,216.71299999999999,"[118.733, 131.9, 139.967, 141.8, 151.6, 154.3, 155.633, 158.067, 158.5, 158.6, 160.767, 164.867, 166.733, 176.1, 180.133, 192.5, 199.267, 202.467, 204.533, 209.433, 214.133, 222.733, 225.933, 228.967, 235.933, 238.767, 249.767, 251.567, 253.633, 314.467]"
8500,207.79446666666666,323.58947212652674,153.03249251962896,179.40700000000001,195.15000000000001,218.7869,"[136.4, 142.567, 144.033, 150.333, 155.067, 168.1, 169.8, 174.0, 177.867, 180.067, 181.533, 184.933, 186.6, 191.0, 191.833, 198.467, 200.2, 201.133, 205.867, 214.133, 217.667, 221.4, 227.433, 236.367, 272.533, 285.067, 288.667, 295.3, 312.3, 323.167]"
9000,220.98333333333332,344.12793241892695,162.74557666419736,186.17310000000001,201.33350000000002,235.947,"[141.967, 147.3, 169.833, 174.833, 182.033, 184.1, 184.133, 184.4, 184.4, 186.933, 187.167, 187.8, 189.867, 190.1, 195.267, 207.4, 208.033, 223.7, 224.267, 229.4, 233.967, 240.567, 250.967, 251.333, 269.533, 277.0, 280.267, 310.267, 333.533, 399.133]"
9500,249.44666666666666,388.45266904952075,183.70770773193371,217.84,235.6165,267.65309999999999,"[138.433, 179.667, 181.2, 192.7, 195.067, 199.167, 202.8, 205.0, 213.5, 219.7, 220.933, 221.033, 234.9, 235.2, 235.6, 235.633, 253.333, 255.867, 256.833, 259.667, 267.633, 267.7, 269.867, 274.7, 278.367, 298.9, 314.2, 336.767, 418.533, 420.5]"
10000,256.56223333333332,399.53343793852764,188.94804410930402,216.71299999999997,239.2165,270.27699999999993,"[137.267, 160.833, 175.067, 183.733, 183.9, 204.033, 206.533, 211.267, 215.033, 217.433, 224.0, 228.4, 231.7, 237.2, 238.833, 239.6, 239.667, 241.667, 248.567, 249.1, 265.267, 281.967, 286.267, 311.2, 311.5, 354.9, 358.8, 398.8, 421.0, 433.333]"
10500,277.44773333333336,432.05753748993658,204.32939749079628,236.46679999999998,256.2165,291.21679999999998,"[171.7, 191.967, 201.033, 212.2, 213.0, 214.433, 223.133, 228.967, 235.533, 236.867, 238.633, 244.033, 246.133, 253.9, 255.233, 257.2, 261.3, 261.7, 265.933, 282.0, 287.867, 299.033, 300.367, 302.867, 328.067, 339.733, 372.2, 391.467, 472.1, 534.833]"
11000,284.20776666666666,442.58464946255748,209.30789748220974,242.90320000000003,273.11649999999997,301.89999999999998,"[190.467, 201.967, 214.4, 227.0, 227.9, 236.467, 236.667, 241.967, 242.367, 243.133, 246.233, 247.167, 249.1, 254.433, 268.0, 278.233, 282.633, 284.0, 288.067, 293.867, 296.5, 314.5, 319.833, 337.933, 354.433, 355.333, 363.7, 378.8, 395.5, 455.633]"
11500,318.17113333333333,495.47435373430909,234.3205878523323,260.07689999999997,295.16650000000004,331.36320000000001,"[186.233, 186.567, 224.6, 229.367, 242.6, 245.333, 245.5, 250.733, 258.7, 260.667, 262.567, 269.367, 291.067, 292.333, 294.033, 296.3, 309.833, 311.5, 325.267, 328.9, 330.633, 333.067, 346.267, 346.667, 361.8, 456.5, 466.733, 470.3, 525.6, 596.1]"
12000,323.62450000000001,503.96664936319047,238.33677898105086,243.86000000000001,289.70000000000005,340.54679999999985,"[174.9, 185.7, 198.867, 208.267, 213.367, 225.267, 225.5, 231.8, 239.1, 245.9, 270.967, 274.6, 278.3, 283.033, 288.033, 291.367, 296.967, 297.733, 305.433, 321.467, 323.667, 379.933, 383.467, 436.767, 462.933, 464.433, 495.8, 502.867, 588.933, 613.367]"
12500,328.61003333333332,511.73040806900059,242.00842916875081,284.05689999999998,314.39999999999998,355.60699999999997,"[196.0, 218.0, 221.267, 239.967, 243.367, 248.233, 261.167, 263.433, 280.3, 285.667, 289.2, 301.133, 307.3, 308.867, 311.767, 317.033, 320.4, 330.0, 342.7, 347.733, 355.367, 356.167, 362.6, 382.967, 413.6, 428.9, 434.0, 487.733, 491.1, 512.333]"
13000,366.12336666666664,570.14832422319932,269.63553105846916,300.67000000000002,336.0335,403.46699999999998,"[229.5, 229.633, 245.067, 248.233, 253.167, 263.567, 263.6, 270.033, 290.1, 305.2, 312.067, 312.133, 313.867, 314.933, 327.267, 344.8, 353.2, 356.9, 366.667, 385.6, 399.267, 413.267, 449.067, 449.067, 456.8, 466.633, 484.0, 552.733, 596.033, 731.3]"
13500,371.04659999999996,577.81506579262054,273.26129973432279,289.30679999999995,336.06650000000002,397.43679999999995,"[223.667, 241.967, 253.033, 263.433, 268.267, 269.8, 275.033, 275.133, 286.133, 290.667, 291.3, 295.867, 312.733, 313.133, 320.933, 351.2, 354.867, 357.833, 378.667, 379.533, 389.467, 416.033, 422.733, 475.733, 481.433, 498.167, 500.133, 529.567, 585.8, 829.133]"
14000,380.52116666666666,592.56940490220029,280.2389472905943,297.28689999999995,322.93349999999998,390.91989999999993,"[199.333, 220.867, 250.733, 255.6, 258.367, 263.2, 274.267, 288.467, 296.4, 297.667, 301.9, 304.133, 304.9, 314.633, 321.3, 324.567, 355.9, 367.9, 369.733, 372.467, 379.6, 417.333, 453.667, 493.167, 507.167, 531.167, 536.367, 627.733, 634.767, 892.333]"
14500,454.61233333333337,707.94842290735664,334.80419193147139,307.2731,357.26650000000001,492.49680000000001,"[265.967, 266.467, 284.0, 284.933, 294.833, 296.267, 299.167, 300.2, 304.1, 308.633, 315.133, 322.133, 324.767, 338.267, 350.0, 364.533, 387.2, 391.767, 466.6, 468.033, 489.567, 499.333, 513.267, 543.1, 605.9, 631.833, 722.0, 728.2, 871.0, 1401.17]"
15000,457.22326666666669,712.0143181770618,336.7270421507871,329.3331,354.64999999999998,509.51999999999975,"[268.333, 268.533, 281.5, 303.467, 305.6, 310.067, 311.733, 323.6, 324.2, 331.533, 341.6, 345.467, 352.333, 352.4, 352.7, 356.6, 357.933, 360.9, 402.1, 417.033, 484.5, 567.9, 655.7, 660.8, 669.133, 684.367, 686.6, 792.533, 873.8, 973.733]"
15500,494.92313333333334,770.72271474604531,364.49151854039422,320.31319999999999,388.63300000000004,472.30309999999986,"[241.0, 241.433, 288.633, 309.233, 311.7, 311.867, 314.167, 316.033, 319.567, 320.633, 322.267, 329.233, 344.833, 368.167, 376.433, 400.833, 401.7, 413.933, 420.2, 435.0, 452.633, 518.2, 524.133, 541.467, 707.533, 903.467, 971.533, 975.033, 1153.9, 1312.93]"
16000,579.43633333333332,902.33152134431327,426.73218285777853,331.8931,410.0335,581.96299999999997,"[259.967, 266.8, 290.567, 299.7, 303.8, 314.533, 322.033, 325.433, 328.3, 333.433, 337.267, 339.0, 372.3, 397.867, 400.367, 419.7, 431.767, 481.533, 488.267, 493.167, 579.533, 587.633, 588.6, 749.733, 1006.23, 1020.43, 1086.73, 1285.0, 1463.3, 1810.1]"
16500,563.32966666666664,877.24929539291031,414.87025320333396,343.58680000000004,383.36699999999996,590.18989999999985,"[266.0, 286.1, 286.7, 306.333, 316.5, 317.533, 326.433, 330.4, 340.833, 344.767, 350.867, 353.6, 360.7, 379.167, 380.067, 386.667, 415.567, 444.167, 462.733, 505.733, 576.2, 622.833, 737.733, 778.3, 799.667, 1147.7, 1184.4, 1243.63, 1299.53, 1349.03]"
17000,617.99109999999996,962.37121726962062,455.12625964028206,351.68309999999997,407.73349999999999,611.98689999999976,"[290.267, 298.433, 299.3, 300.233, 304.733, 307.533, 322.067, 329.3, 347.6, 353.433, 361.633, 366.333, 367.0, 394.267, 400.567, 414.9, 415.6, 420.3, 450.0, 549.3, 582.367, 681.1, 795.367, 1059.4, 1186.9, 1235.33, 1240.9, 1383.7, 1537.37, 1544.5]"
17500,704.23383333333334,1096.6733524600129,518.64065757118158,376.53299999999996,451.18349999999998,732.16099999999881,"[251.067, 272.8, 284.467, 301.167, 303.333, 306.9, 349.667, 358.667, 370.233, 379.233, 383.267, 385.8, 406.667, 413.0, 449.267, 453.1, 457.9, 499.767, 505.9, 597.233, 605.6, 1027.47, 1128.07, 1163.87, 1263.7, 1309.43, 1467.67, 1556.97, 1900.0, 1974.8]"
18000,688.54250000000002,1072.2379074178702,507.08460466237932,394.54320000000001,472.36700000000002,891.52319999999986,"[272.933, 309.067, 321.1, 321.367, 326.2, 359.333, 368.467, 371.267, 379.867, 400.833, 407.2, 407.3, 417.067, 463.0, 464.367, 480.367, 486.8, 536.7, 537.3, 636.8, 872.133, 936.767, 949.8, 1080.9, 1205.87, 1216.3, 1459.37, 1495.0, 1529.97, 1642.83]"
18500,801.98983333333331,1248.9046074334406,590.63412582241585,383.92699999999996,423.44999999999999,925.13999999999965,"[266.3, 277.967, 300.7, 307.067, 330.1, 342.767, 344.467, 359.2, 379.167, 385.967, 387.167, 387.667, 393.833, 396.533, 402.233, 444.667, 497.933, 609.967, 639.1, 778.133, 892.5, 1001.3, 1440.23, 1446.97, 1500.1, 1614.0, 1643.4, 1713.1, 1914.03, 2663.13]"
19000,859.90203333333341,1339.0888097767458,633.28419468835909,393.98000000000002,508.48349999999994,905.55209999999863,"[279.6, 289.467, 290.433, 311.633, 326.1, 357.5, 375.967, 377.167, 383.2, 398.6, 416.5, 418.333, 418.8, 469.1, 498.167, 518.8, 564.3, 565.067, 663.667, 748.267, 761.733, 1241.13, 1376.03, 1538.87, 1553.77, 1841.8, 1905.63, 2074.63, 2134.6, 2698.2]"
19500,861.01673333333338,1340.8246846071283,634.10512761380255,418.50299999999999,495.39999999999998,1195.7799999999993,"[266.767, 306.4, 328.867, 328.9, 342.133, 358.933, 370.533, 375.633, 413.533, 420.633, 422.767, 431.5, 456.8, 468.967, 485.7, 505.1, 640.2, 640.833, 646.5, 872.633, 1131.1, 1346.7, 1479.37, 1592.8, 1610.13, 1779.67, 1887.53, 1950.03, 1980.27, 1989.57]"
20000,905.15106666666668,1409.5532020459448,666.60833688610023,434.07309999999995,608.29999999999995,1044.3609999999994,"[229.9, 300.1, 313.967, 316.1, 369.6, 387.133, 392.533, 397.633, 409.9, 444.433, 489.1, 496.133, 549.667, 584.433, 605.033, 611.567, 689.233, 798.1, 803.467, 973.1, 1000.3, 1147.17, 1397.67, 1528.83, 1704.93, 1902.3, 1934.2, 2019.2, 2146.8, 2212.0]"
20500,939.15643333333333,1462.5083111287449,691.65195861252357,465.2731,677.26649999999995,1158.4409999999989,"[287.567, 305.867, 320.6, 336.033, 345.7, 366.767, 385.5, 442.233, 453.0, 470.533, 480.667, 537.167, 596.9, 643.733, 658.133, 696.4, 725.333, 759.633, 888.8, 891.067, 1036.8, 1442.27, 1462.83, 1640.87, 1796.13, 1810.93, 1868.63, 1900.13, 1922.57, 2701.9]"
21000,992.64336666666668,1545.8012341821984,731.04299176434267,472.303,737.40000000000009,1222.4689999999991,"[264.767, 274.8, 335.067, 343.233, 362.467, 401.933, 428.167, 456.233, 458.933, 478.033, 545.1, 661.967, 677.8, 683.7, 711.767, 763.033, 781.5, 819.867, 938.467, 991.867, 1135.97, 1424.3, 1487.5, 1878.53, 1973.4, 1987.07, 2027.17, 2052.53, 2114.1, 2320.03]"
21500,1059.4938999999999,1649.9047223054467,780.2757933224201,463.67990000000003,846.93350000000009,1357.489,"[286.133, 289.433, 316.433, 325.5, 381.733, 386.3, 388.067, 409.467, 461.533, 464.6, 470.867, 586.1, 745.0, 790.267, 795.7, 898.167, 996.167, 1179.97, 1207.5, 1224.93, 1354.57, 1364.3, 1735.3, 1736.67, 1755.97, 1889.17, 2081.17, 2155.7, 2291.07, 2817.03]"
22000,1101.0969,1714.6913021640698,810.91477466020103,555.98320000000001,815.76700000000005,1555.0,"[237.433, 294.067, 336.0, 338.733, 344.933, 364.133, 396.7, 420.967, 512.467, 574.633, 610.967, 614.4, 647.567, 703.233, 730.167, 901.367, 938.1, 973.6, 1151.7, 1477.1, 1547.77, 1571.87, 1584.6, 1673.53, 1879.17, 2064.0, 2111.93, 2127.77, 2252.93, 3651.07]"
22500,1029.6849999999999,1603.484592018023,758.32270506436714,480.14319999999998,792.21699999999998,1337.96,"[277.6, 359.233, 382.6, 387.933, 388.533, 392.9, 427.333, 452.067, 476.667, 481.633, 492.0, 642.567, 645.4, 656.933, 679.467, 904.967, 921.867, 1101.97, 1170.37, 1213.4, 1332.77, 1350.07, 1475.57, 1712.33, 1786.37, 1857.27, 2004.17, 2005.3, 2377.83, 2533.43]"
23000,1193.4298666666666,1858.4774983165953,878.91439109560076,551.58320000000003,1135.8499999999999,1717.0089999999996,"[318.033, 345.933, 355.767, 407.433, 409.3, 417.767, 431.2, 472.8, 551.467, 551.633, 581.1, 629.9, 754.333, 864.2, 1064.07, 1207.63, 1291.5, 1315.4, 1331.33, 1341.6, 1669.3, 1828.33, 2041.0, 2065.57, 2149.57, 2153.77, 2196.73, 2258.9, 2395.8, 2401.53]"
23500,1191.2906666666668,1855.1462132738448,877.33895401467453,572.02309999999989,954.20000000000005,1698.5990000000002,"[317.933, 385.767, 397.433, 421.7, 426.3, 429.0, 438.2, 479.267, 492.9, 605.933, 726.967, 739.767, 753.0, 842.433, 921.267, 987.133, 1354.17, 1403.8, 1422.7, 1430.6, 1691.3, 1715.63, 1763.63, 1924.7, 1926.03, 2128.6, 2161.2, 2284.23, 2462.7, 2704.43]"
24000,1267.2891999999999,1973.4954921464787,933.30889955943587,727.76679999999988,1171.2649999999999,1877.6599999999996,"[243.267, 344.133, 385.0, 423.033, 429.367, 538.233, 550.2, 598.267, 621.133, 773.467, 866.833, 880.0, 928.433, 1098.57, 1149.7, 1192.83, 1295.33, 1349.03, 1583.27, 1687.97, 1854.8, 1931.0, 1967.03, 2029.5, 2105.47, 2107.97, 2226.7, 2231.6, 2232.37, 2394.17]"
24500,1304.2262333333333,2031.0159608576441,960.51157905305411,684.98680000000002,1431.53,1832.0309999999995,"[367.5, 383.6, 390.067, 401.1, 409.467, 441.2, 502.167, 579.167, 677.333, 688.267, 694.033, 771.333, 818.0, 979.633, 1427.53, 1435.53, 1555.67, 1605.8, 1697.03, 1740.53, 1782.3, 1948.07, 2019.53, 2023.47, 2039.13, 2204.7, 2219.83, 2288.1, 2373.63, 2663.07]"
25000,1343.2694666666669,2091.816325117165,989.26539241907642,871.56989999999985,1510.77,1760.6080000000002,"[387.467, 397.0, 398.667, 411.533, 421.467, 466.133, 535.567, 575.967, 738.733, 928.5, 1000.53, 1042.4, 1184.63, 1395.93, 1488.07, 1533.47, 1620.53, 1628.07, 1631.83, 1707.23, 1752.67, 1779.13, 1832.63, 1837.27, 2083.37, 2113.73, 2151.43, 2254.93, 2455.87, 2543.33]"
25500,1367.6309000000001,2129.7533475944019,1007.20663466751,787.27309999999989,1522.9650000000001,1756.6599999999999,"[318.167, 352.5, 352.933, 371.533, 493.967, 505.667, 524.967, 557.1, 754.0, 801.533, 1215.53, 1314.5, 1413.77, 1495.07, 1507.43, 1538.5, 1550.77, 1582.47, 1633.03, 1633.5, 1722.7, 1835.9, 1881.1, 1896.93, 1989.23, 2105.5, 2125.53, 2155.27, 2301.03, 3098.8]"
26000,1403.319,2185.3289056227295,1033.4895236389991,848.47989999999982,1525.5,1887.2079999999996,"[384.733, 407.9, 433.067, 484.2, 542.1, 565.8, 622.367, 655.1, 685.333, 918.4, 1147.3, 1164.23, 1398.83, 1479.77, 1509.67, 1541.33, 1632.3, 1658.07, 1737.23, 1815.07, 1852.57, 1968.03, 2000.37, 2001.87, 2032.5, 2099.1, 2101.87, 2381.7, 2412.73, 2466.03]"
26500,1460.6912333333335,2274.6722408754163,1075.7419281869118,1023.2190999999996,1560.9850000000001,1893.2999999999997,"[358.0, 385.233, 385.9, 393.3, 447.2, 495.333, 653.067, 673.967, 719.067, 1153.57, 1283.6, 1353.57, 1431.9, 1537.43, 1555.27, 1566.7, 1602.5, 1604.73, 1651.43, 1867.73, 1871.07, 1945.17, 1952.2, 1957.13, 2001.83, 2102.8, 2125.5, 2756.17, 2813.4, 3175.97]"
27000,1594.5983333333331,2483.2000640561132,1174.3592667898092,1141.3298999999997,1666.4650000000001,2090.1599999999994,"[358.9, 361.533, 431.2, 456.867, 581.567, 661.133, 724.267, 826.0, 921.133, 1235.7, 1440.9, 1499.6, 1545.27, 1602.73, 1614.2, 1718.73, 1722.33, 1870.6, 1902.8, 2008.83, 2016.87, 2261.17, 2274.7, 2281.83, 2386.23, 2469.23, 2629.67, 2631.53, 2642.6, 2759.83]"
27500,1668.9735000000001,2599.0213431645525,1229.1336663161499,1109.569,1820.6849999999999,2124.741,"[363.233, 412.433, 412.833, 483.0, 505.133, 765.933, 784.1, 995.4, 1068.5, 1127.17, 1222.4, 1465.37, 1554.57, 1747.6, 1790.6, 1850.77, 1894.27, 1898.63, 2009.5, 2032.83, 2093.73, 2197.1, 2355.2, 2533.13, 2535.87, 2607.87, 2622.93, 2662.7, 2762.63, 3313.77]"
28000,1737.3788999999999,2705.5461589196902,1279.5115663234433,1323.6609999999998,2006.865,2181.4299999999998,"[266.233, 409.833, 441.1, 585.167, 635.667, 654.4, 757.767, 1024.23, 1184.2, 1383.43, 1558.13, 1568.93, 1730.47, 1953.77, 1993.0, 2020.73, 2034.87, 2086.1, 2096.2, 2136.77, 2179.93, 2184.93, 2193.03, 2264.27, 2311.87, 2438.4, 2667.27, 2789.2, 2998.17, 3573.3]"
28500,1752.2713333333334,2728.7375110202415,1290.4792606477504,1539.8690000000001,1758.2849999999999,2403.8099999999999,"[334.067, 355.933, 401.1, 531.467, 603.933, 808.0, 1040.8, 1449.03, 1460.93, 1573.7, 1649.03, 1719.97, 1726.97, 1727.8, 1735.3, 1781.27, 1798.13, 1959.2, 2230.5, 2359.5, 2395.5, 2423.2, 2436.27, 2454.0, 2474.07, 2502.03, 2564.17, 2588.17, 2733.13, 2750.97]"
29000,1881.9952666666666,2930.7510669290614,1386.0158607117728,1599.479,1871.165,2435.1179999999995,"[337.8, 360.767, 459.2, 637.167, 722.767, 894.567, 929.5, 1115.5, 1576.33, 1609.4, 1622.17, 1642.57, 1687.5, 1734.97, 1761.93, 1980.4, 2018.9, 2122.07, 2131.2, 2407.9, 2416.77, 2477.93, 2658.07, 2664.57, 2677.87, 2848.5, 3021.2, 3236.87, 3331.57, 3373.9]"
29500,1596.1085666666665,2485.5518860991192,1175.4714945357819,1441.6389999999999,1686.5150000000001,1966.3899999999996,"[331.667, 435.267, 439.267, 675.3, 690.133, 875.733, 1180.7, 1232.9, 1414.5, 1453.27, 1529.03, 1581.6, 1592.3, 1618.03, 1668.63, 1704.4, 1720.43, 1819.87, 1848.53, 1917.23, 1935.1, 2039.4, 2086.1, 2116.13, 2176.2, 2246.57, 2304.63, 2351.1, 2356.07, 2543.17]"
30000,1810.6471999999999,2819.6437617140928,1333.4708018677773,1260.8309999999999,1827.0799999999999,2283.0499999999997,"[376.233, 388.633, 472.633, 603.167, 768.9, 1093.17, 1123.37, 1145.27, 1178.07, 1296.3, 1525.73, 1656.5, 1702.1, 1764.13, 1804.63, 1849.53, 2045.23, 2069.17, 2238.93, 2245.73, 2264.6, 2326.1, 2363.53, 2378.73, 2610.53, 2615.07, 2660.1, 2826.5, 3025.0, 3901.83]"
30500,1791.5908000000002,2789.9680416838587,1319.4365090531899,1581.4689999999998,1978.0999999999999,2148.5789999999997,"[211.0, 347.867, 406.0, 905.767, 1030.17, 1096.8, 1324.73, 1411.37, 1480.2, 1624.87, 1768.8, 1771.8, 1850.07, 1942.33, 1966.43, 1989.77, 1993.8, 2037.33, 2046.27, 2103.33, 2148.0, 2149.93, 2165.03, 2193.3, 2293.33, 2359.23, 2481.1, 2631.43, 2816.27, 3201.4]"
31000,1892.0935666666667,2946.4767193912958,1393.4528634578085,1691.242,1959.4000000000001,2304.2620000000002,"[327.167, 467.333, 564.4, 695.067, 1208.43, 1513.87, 1572.5, 1573.03, 1668.17, 1701.13, 1754.57, 1809.1, 1811.47, 1874.97, 1933.6, 1985.2, 2026.83, 2079.97, 2086.37, 2209.47, 2298.13, 2318.57, 2381.93, 2392.63, 2466.6, 2510.47, 2591.23, 2682.47, 3118.7, 3139.43]"
31500,2047.8789333333334,3189.0746353674226,1508.1826892395873,1707.7400000000002,2262.5,2510.73,"[352.967, 400.367, 426.5, 742.767, 866.867, 1077.7, 1415.73, 1613.0, 1698.5, 1711.7, 1952.33, 1996.83, 1998.47, 2040.23, 2239.67, 2285.33, 2389.53, 2391.33, 2395.87, 2461.4, 2507.37, 2518.57, 2610.07, 2631.33, 2723.3, 2957.5, 2984.37, 3050.57, 3187.4, 3808.8]"
32000,2025.049,3153.5225526073564,1491.3693368048403,1937.4899999999998,2129.1500000000001,2452.7080000000001,"[319.833, 328.033, 390.867, 935.667, 1290.47, 1314.57, 1622.03, 1625.93, 1923.77, 1943.37, 1984.5, 1992.97, 2015.87, 2041.63, 2110.17, 2148.13, 2163.33, 2209.1, 2298.2, 2307.0, 2439.67, 2483.13, 2504.53, 2778.1, 2862.87, 2887.57, 2911.03, 2917.07, 2982.63, 3019.43]"
32500,1930.6127666666666,3006.4610288615318,1421.8207467822378,1908.7090000000001,2052.27,2290.1309999999999,"[292.3, 357.033, 398.367, 849.533, 1319.17, 1580.83, 1621.27, 1622.7, 1840.9, 1937.77, 1939.63, 1995.97, 2013.2, 2047.83, 2051.37, 2053.17, 2063.2, 2075.9, 2077.3, 2163.67, 2274.93, 2325.6, 2379.6, 2433.7, 2458.93, 2462.57, 2487.27, 2548.57, 2933.17, 3312.93]"
33000,2159.7406666666666,3363.272148040161,1590.5644780531777,2067.6299999999997,2373.8150000000001,2531.1409999999996,"[324.6, 332.5, 419.4, 1007.07, 1245.77, 1341.43, 1691.67, 2018.5, 2053.7, 2073.6, 2183.3, 2192.17, 2209.73, 2217.77, 2358.03, 2389.6, 2396.07, 2418.63, 2426.17, 2481.13, 2516.93, 2564.3, 2582.17, 2744.87, 2774.03, 2894.37, 3107.27, 3235.3, 3243.47, 3348.67]"
33500,1879.3000999999999,2926.5539986771969,1384.0309759389868,1748.3420000000001,2132.8199999999997,2259.4919999999997,"[358.667, 364.133, 421.533, 1008.87, 1147.9, 1504.97, 1590.47, 1719.23, 1743.47, 1750.43, 1813.13, 1851.63, 1993.5, 2085.63, 2118.47, 2147.17, 2151.97, 2157.87, 2179.53, 2249.0, 2256.93, 2265.47, 2292.83, 2294.87, 2296.87, 2420.47, 2465.7, 2469.23, 2560.93, 2698.13]"
34000,1945.0869,3029.0009801891856,1432.4803795270052,1878.4200000000001,2073.3650000000002,2241.1779999999999,"[300.167, 399.167, 458.133, 1214.17, 1322.33, 1603.47, 1624.27, 1690.27, 1866.8, 1883.4, 1895.87, 1923.53, 1939.07, 1939.5, 1992.7, 2154.03, 2158.27, 2174.97, 2218.8, 2219.4, 2220.37, 2289.73, 2321.93, 2343.33, 2351.8, 2487.53, 2692.37, 2838.63, 2901.93, 2926.67]"
34500,2142.864,3336.9908338861974,1578.1354735332168,1824.5390000000002,2184.2350000000001,2486.71,"[346.767, 355.933, 447.0, 1136.43, 1543.93, 1663.3, 1758.8, 1783.73, 1822.53, 1825.4, 1894.67, 2015.43, 2031.97, 2058.83, 2163.9, 2204.57, 2324.83, 2386.77, 2422.2, 2427.63, 2462.17, 2543.97, 2598.83, 2837.8, 2970.37, 3063.0, 3108.03, 3316.83, 3371.83, 3398.47]"
35000,2077.3246666666664,3234.9292216735944,1529.8683194604187,1836.4720000000002,2146.77,2522.2499999999995,"[349.3, 376.133, 409.367, 1489.37, 1552.87, 1620.63, 1728.2, 1803.47, 1823.27, 1842.13, 1936.1, 1939.43, 1984.5, 1985.83, 2132.67, 2160.87, 2191.03, 2389.37, 2407.73, 2443.13, 2492.1, 2592.6, 2638.97, 2640.2, 2689.7, 2753.6, 2755.47, 3039.53, 3049.47, 3102.7]"
35500,2099.8371333333334,3269.9869271158609,1546.4478701194441,1979.9720000000002,2236.8500000000004,2433.8420000000001,"[321.067, 357.1, 368.467, 1343.2, 1591.43, 1779.57, 1802.13, 1887.63, 1948.57, 1993.43, 2055.73, 2075.37, 2133.1, 2197.63, 2226.57, 2247.13, 2288.83, 2392.97, 2424.37, 2425.8, 2432.33, 2437.37, 2460.53, 2473.13, 2544.93, 2704.97, 2778.43, 2811.03, 2942.43, 3549.87]"
36000,2194.4033666666664,3417.2508943244547,1616.0922000544062,1926.0609999999999,2144.6499999999996,2656.1700000000001,"[330.967, 399.067, 471.967, 1701.6, 1714.77, 1718.17, 1766.4, 1815.2, 1886.7, 1942.93, 1985.17, 1990.87, 2025.77, 2069.37, 2070.93, 2218.37, 2268.37, 2329.27, 2395.17, 2565.37, 2653.77, 2661.77, 2730.2, 2853.33, 3109.93, 3123.17, 3125.4, 3184.53, 3325.97, 3397.6]"
36500,2410.5133333333333,3753.7897404099358,1775.2487328911832,2183.2109999999998,2545.6700000000001,2753.6480000000001,"[383.967, 417.433, 491.8, 1829.27, 1898.0, 1971.47, 2035.1, 2118.6, 2154.0, 2195.73, 2214.73, 2360.53, 2402.87, 2408.07, 2534.67, 2556.67, 2604.83, 2620.0, 2654.27, 2695.43, 2746.07, 2771.33, 2872.3, 2876.3, 3308.6, 3319.1, 3356.4, 3414.7, 3515.03, 3588.13]"
37000,2366.9000000000001,3685.8725540796058,1743.1292197291898,2264.1689999999999,2415.4349999999999,2625.4299999999998,"[319.9, 367.533, 463.767, 1659.17, 2038.23, 2045.57, 2048.87, 2183.97, 2241.93, 2273.7, 2284.47, 2309.23, 2328.7, 2333.83, 2399.2, 2431.67, 2438.27, 2447.13, 2487.4, 2507.4, 2609.2, 2663.3, 2871.33, 2876.6, 3073.83, 3083.47, 3226.0, 3330.33, 3635.7, 4027.3]"
37500,2242.7819,3492.5887236454901,1651.7210965269971,2177.2510000000002,2437.25,2617.2599999999993,"[353.567, 376.7, 535.4, 1337.5, 1628.4, 1798.7, 1938.67, 1996.5, 2153.57, 2187.4, 2245.63, 2245.7, 2347.83, 2363.13, 2411.47, 2463.03, 2498.23, 2505.83, 2513.47, 2520.5, 2582.7, 2697.9, 2797.8, 2843.43, 2843.5, 2858.87, 2978.43, 3040.1, 3046.07, 3173.43]"
38000,2200.1973333333331,3426.2735918257931,1620.3592297535074,2030.8610000000001,2276.9650000000001,2476.8599999999997,"[351.867, 543.533, 573.1, 1647.57, 1811.07, 1879.47, 1882.67, 1947.27, 2005.57, 2041.7, 2042.37, 2068.53, 2164.77, 2177.03, 2233.93, 2320.0, 2323.93, 2369.03, 2396.33, 2398.53, 2465.7, 2502.9, 2586.17, 2591.97, 2876.77, 2892.27, 2981.6, 3119.47, 3169.43, 3641.37]"
38500,2194.9772333333331,3418.1445524411338,1616.5148303957362,1816.279,2266.415,2651.8089999999997,"[357.5, 380.167, 554.0, 1321.0, 1565.37, 1572.9, 1783.53, 1793.47, 1799.43, 1823.5, 1907.3, 2126.63, 2190.87, 2232.97, 2251.03, 2281.8, 2319.03, 2390.8, 2409.67, 2458.17, 2629.3, 2704.33, 2801.8, 2818.77, 2990.57, 3045.77, 3074.77, 3112.77, 3406.27, 3745.83]"
39000,2246.211666666667,3497.9297531877464,1654.2469854507037,1998.1280000000002,2281.0,2628.0579999999995,"[293.133, 504.5, 520.867, 1451.87, 1725.87, 1795.37, 1844.03, 1930.33, 1964.43, 2012.57, 2075.57, 2103.23, 2111.97, 2115.3, 2256.8, 2305.2, 2482.23, 2490.87, 2491.57, 2514.17, 2610.37, 2669.33, 2854.9, 2923.27, 3055.47, 3078.7, 3122.03, 3163.3, 3413.27, 3505.83]"
39500,2240.4554333333335,3488.9658161991906,1650.0077448748818,2029.7579999999998,2471.1700000000001,2643.962,"[410.0, 436.033, 559.5, 1600.03, 1721.7, 1724.47, 1960.93, 1998.8, 2021.33, 2033.37, 2125.97, 2226.53, 2368.17, 2416.3, 2465.17, 2477.17, 2524.9, 2592.07, 2601.43, 2637.57, 2639.63, 2654.07, 2657.4, 2673.17, 2769.37, 2824.27, 2913.27, 2974.17, 3006.37, 3200.5]"
40000,2201.1918999999998,3427.8223881331446,1621.0916891804522,1979.298,2235.6350000000002,2518.0779999999995,"[423.667, 613.0, 698.1, 1652.63, 1763.33, 1859.33, 1928.8, 1929.83, 1935.03, 1998.27, 2079.07, 2116.7, 2127.53, 2185.37, 2221.07, 2250.2, 2319.93, 2379.97, 2474.6, 2480.5, 2499.97, 2560.33, 2659.57, 2667.07, 2748.43, 2755.73, 2824.63, 3159.4, 3174.6, 3549.1]"
40500,2213.0812333333333,3446.3371405179673,1629.8477178831579,2101.8000000000002,2462.6199999999999,2555.6399999999999,"[437.3, 490.467, 503.5, 1625.03, 1785.7, 1961.03, 2027.9, 2064.47, 2077.23, 2112.33, 2125.27, 2224.7, 2294.77, 2439.2, 2462.47, 2462.77, 2463.37, 2496.63, 2511.9, 2514.67, 2550.33, 2568.03, 2606.27, 2626.3, 2665.47, 2680.63, 2797.3, 2801.0, 2835.67, 3180.73]"
41000,2248.0113000000001,3500.7322455240251,1655.5723449708062,2065.261,2243.9499999999998,2596.6599999999994,"[370.733, 625.533, 645.333, 1660.9, 1737.1, 1871.5, 1914.17, 2010.6, 2029.47, 2080.6, 2096.3, 2106.53, 2156.17, 2196.93, 2229.73, 2258.17, 2377.57, 2388.8, 2396.5, 2455.97, 2542.0, 2724.2, 2738.63, 2743.8, 2759.9, 2856.93, 3064.77, 3250.0, 3428.53, 3722.97]"
41500,2265.4088666666667,3527.8247350607339,1668.3849719549853,2073.6390000000001,2325.98,2576.8579999999997,"[406.733, 594.333, 800.9, 1469.87, 1598.13, 1743.9, 1902.9, 1947.97, 2046.43, 2085.3, 2128.33, 2174.9, 2240.17, 2251.57, 2312.63, 2339.33, 2343.87, 2390.1, 2429.17, 2486.6, 2563.97, 2606.93, 2756.27, 2776.23, 3016.07, 3099.03, 3119.03, 3213.1, 3229.53, 3888.97]"
42000,2300.9500333333335,3583.1714800675518,1694.5596502768121,2131.9899999999998,2371.6500000000001,2782.0289999999995,"[358.767, 517.567, 703.067, 1542.2, 1778.13, 1816.4, 1849.87, 1956.73, 2129.47, 2133.07, 2146.53, 2274.8, 2277.8, 2338.77, 2354.17, 2389.13, 2430.73, 2485.23, 2535.9, 2549.0, 2774.97, 2798.5, 2831.77, 2992.43, 3001.0, 3008.83, 3026.87, 3047.9, 3473.37, 3505.53]"
42500,2350.0887666666667,3659.6931364685697,1730.7484042984499,1983.1390000000001,2406.1849999999999,2777.4390000000003,"[359.333, 770.433, 865.067, 1796.53, 1798.33, 1838.57, 1938.37, 1942.3, 1982.53, 1983.4, 2043.43, 2121.43, 2307.07, 2391.9, 2403.2, 2409.17, 2585.33, 2585.63, 2662.6, 2738.5, 2767.17, 2801.4, 2863.27, 2865.2, 2918.7, 2970.37, 3079.97, 3166.43, 3539.5, 4007.53]"
43000,2393.6305666666667,3727.4989269857961,1762.8152359599496,2185.9589999999998,2467.7799999999997,2754.0899999999997,"[260.0, 926.8, 978.967, 1566.13, 1779.43, 1881.57, 1942.63, 2022.97, 2163.23, 2195.7, 2211.8, 2264.4, 2319.33, 2325.57, 2457.83, 2477.73, 2500.17, 2683.6, 2686.87, 2723.1, 2725.83, 2820.03, 2890.4, 2904.03, 2929.97, 3044.53, 3149.77, 3307.53, 3326.67, 4342.33]"
43500,2346.4967999999999,3654.0995197750735,1728.1030614225529,2092.9700000000003,2443.2849999999999,2702.1700000000001,"[365.8, 685.367, 953.267, 1928.3, 1934.23, 1946.13, 2006.8, 2057.73, 2080.93, 2098.13, 2116.43, 2308.3, 2319.2, 2353.1, 2424.67, 2461.9, 2501.67, 2526.37, 2609.77, 2643.3, 2698.03, 2711.83, 2862.97, 2966.9, 3058.2, 3082.3, 3108.27, 3134.57, 3159.77, 3290.67]"
44000,2375.6911333333333,3699.5626115693976,1749.6035453820982,2231.7220000000002,2412.52,2729.6620000000003,"[371.467, 755.467, 1083.1, 1748.83, 1949.37, 2032.67, 2038.2, 2039.73, 2165.67, 2260.03, 2281.23, 2325.13, 2334.7, 2336.23, 2338.57, 2486.47, 2581.93, 2641.87, 2651.6, 2677.0, 2716.63, 2760.07, 2834.03, 2876.17, 2914.17, 3020.5, 3022.33, 3245.27, 3304.37, 3477.93]"
44500,2340.7469000000001,3645.145445416756,1723.8684850988718,1976.8099999999999,2507.9200000000001,2784.0790000000002,"[449.767, 890.0, 1030.03, 1581.13, 1631.77, 1689.37, 1885.57, 1955.07, 1973.8, 1978.1, 1979.5, 2207.73, 2247.4, 2357.3, 2484.57, 2531.27, 2537.43, 2550.27, 2604.27, 2682.03, 2780.77, 2791.8, 2799.0, 2846.83, 2922.03, 2966.27, 3219.47, 3241.1, 3646.63, 3762.13]"
45000,2374.9479999999999,3698.4053616824758,1749.0562567651355,2195.1189999999997,2431.9000000000001,2598.7489999999998,"[426.867, 791.4, 837.333, 1837.37, 1987.93, 2014.17, 2075.67, 2110.5, 2174.7, 2203.87, 2221.83, 2275.17, 2312.13, 2413.97, 2425.13, 2438.67, 2491.87, 2500.43, 2544.13, 2559.2, 2565.8, 2675.63, 2769.07, 2802.57, 2866.8, 2967.17, 3086.4, 3478.13, 3499.73, 3894.8]"
45500,2310.3371999999999,3597.7897148798538,1701.4729311535432,2069.4299999999998,2357.665,2624.2799999999997,"[378.933, 923.733, 1262.17, 1422.23, 1473.57, 1548.57, 1562.4, 1823.13, 1924.67, 2131.47, 2169.7, 2279.73, 2302.8, 2333.43, 2339.5, 2375.83, 2417.23, 2430.4, 2461.03, 2593.47, 2616.27, 2642.97, 2743.97, 2848.2, 3077.57, 3126.07, 3361.93, 3386.87, 3541.17, 3811.1]"
46000,2421.8570000000004,3771.4547493369278,1783.602899448932,2220.98,2528.415,2896.9719999999998,"[411.767, 858.533, 1112.13, 1655.73, 2043.17, 2075.33, 2139.17, 2174.97, 2175.83, 2240.33, 2288.43, 2295.4, 2327.13, 2391.7, 2502.7, 2554.13, 2561.03, 2588.8, 2735.93, 2781.53, 2895.73, 2899.87, 2964.8, 2978.73, 3041.4, 3056.67, 3156.9, 3179.23, 3212.57, 3356.07]"
46500,2360.2768999999998,3675.5586825544351,1738.2515657787951,2067.3389999999999,2451.6800000000003,2694.7789999999995,"[515.667, 1404.53, 1459.23, 1730.33, 1748.03, 1753.77, 1944.07, 1978.57, 2043.7, 2077.47, 2085.33, 2221.43, 2241.63, 2297.5, 2337.13, 2566.23, 2602.83, 2625.63, 2656.13, 2666.43, 2692.97, 2699.0, 2796.4, 2849.37, 2913.37, 2920.7, 3045.73, 3153.73, 3359.5, 3421.9]"
47000,2228.9943333333335,3471.1179333441637,1641.567093262968,2110.268,2369.6700000000001,2533.8019999999997,"[385.867, 620.533, 1340.93, 1635.87, 1713.8, 1750.8, 1799.2, 1925.6, 1985.43, 2163.77, 2196.5, 2246.83, 2266.43, 2349.57, 2366.37, 2372.97, 2403.5, 2470.03, 2504.07, 2522.87, 2522.93, 2559.17, 2581.9, 2650.9, 2652.93, 2746.57, 2804.03, 2812.73, 3212.03, 3305.7]"
47500,2392.7062333333333,3726.0595020569212,1762.1345006343752,2263.3510000000001,2460.0649999999996,2602.5190000000002,"[592.867, 1129.47, 1444.33, 1791.7, 1921.37, 1999.77, 2071.57, 2075.53, 2136.7, 2317.63, 2354.37, 2363.8, 2366.33, 2381.27, 2457.7, 2462.43, 2483.67, 2500.9, 2526.97, 2554.6, 2597.8, 2613.53, 2711.97, 2732.77, 2845.17, 2951.37, 2965.1, 3304.8, 3559.63, 3566.07]"
48000,2677.384766666667,4169.3772563976072,1971.7890993428055,2388.6979999999999,2506.8000000000002,2956.3499999999995,"[469.233, 1219.07, 1381.63, 1588.0, 2105.03, 2272.2, 2294.87, 2370.6, 2387.83, 2389.07, 2393.57, 2411.03, 2441.8, 2453.7, 2503.07, 2510.53, 2520.07, 2668.97, 2689.37, 2804.43, 2926.83, 3025.23, 3081.1, 3410.57, 3546.77, 3692.9, 3872.2, 3915.57, 3977.77, 4998.53]"
48500,2502.1267666666668,3896.4554379503197,1842.7184411860183,2342.02,2560.48,2666.9609999999998,"[482.833, 1334.37, 1675.37, 1696.03, 1721.47, 1917.87, 2095.47, 2291.13, 2294.0, 2362.6, 2459.27, 2459.4, 2483.1, 2502.57, 2530.13, 2590.83, 2606.03, 2621.4, 2626.6, 2643.13, 2664.93, 2671.7, 2816.23, 2994.93, 3094.67, 3273.73, 3361.8, 3400.27, 3680.77, 3711.17]"
49000,2446.3336666666664,3809.5712197759062,1801.629006537629,2189.201,2420.1849999999999,2733.5900000000001,"[480.8, 1505.03, 1741.1, 1931.6, 1954.23, 1966.53, 2025.87, 2033.33, 2104.9, 2225.33, 2247.43, 2321.47, 2359.9, 2367.3, 2407.7, 2432.67, 2437.33, 2453.6, 2457.07, 2460.67, 2714.6, 2777.9, 2890.43, 2983.73, 3144.93, 3153.03, 3244.77, 3268.93, 3470.73, 3827.1]"
49500,2256.4499000000001,3513.8733178696484,1661.7870436203509,2027.5509999999999,2254.48,2607.8679999999999,"[394.267, 1600.33, 1650.5, 1743.07, 1864.63, 1914.3, 1922.93, 1929.8, 2021.3, 2030.23, 2062.73, 2084.87, 2108.37, 2151.43, 2251.03, 2257.93, 2277.73, 2303.13, 2317.17, 2513.5, 2598.07, 2630.73, 2632.13, 2634.9, 2635.43, 2698.43, 2806.47, 2885.53, 3057.13, 3715.43]"
50000,2436.7485666666666,3794.6447518143927,1794.5699555071562,2312.261,2483.6149999999998,2582.9520000000002,"[546.067, 1845.67, 2017.47, 2040.1, 2097.7, 2166.07, 2225.8, 2234.47, 2309.3, 2313.53, 2332.13, 2345.43, 2392.63, 2444.93, 2483.23, 2484.0, 2493.57, 2514.33, 2514.93, 2518.77, 2579.73, 2590.47, 2770.53, 2822.1, 2870.8, 2900.57, 2927.4, 3095.83, 3111.87, 3113.03]"
50500,2494.4617666666668,3884.5190599339189,1837.0734686611024,2216.2190000000001,2556.4499999999998,2835.1989999999996,"[488.633, 1993.4, 2011.73, 2018.47, 2053.93, 2081.03, 2155.63, 2157.5, 2216.1, 2216.27, 2224.73, 2305.17, 2442.5, 2453.67, 2555.17, 2557.73, 2569.43, 2615.67, 2777.27, 2790.13, 2805.4, 2904.73, 2926.07, 2930.43, 2945.27, 2956.53, 3134.43, 3151.97, 3179.43, 3215.43]"
51000,2697.9387666666667,4201.3851251189526,1986.9263159477794,2475.0889999999999,2868.5699999999997,3035.6499999999996,"[771.633, 1866.73, 1890.93, 2072.3, 2144.03, 2159.23, 2271.0, 2386.83, 2404.9, 2505.17, 2557.27, 2735.37, 2784.0, 2852.4, 2859.37, 2877.77, 2912.1, 2918.43, 2964.83, 2969.3, 3029.17, 3050.77, 3064.73, 3074.93, 3128.97, 3132.4, 3161.4, 3423.93, 3457.97, 3510.3]"
51500,2344.8482333333332,3651.5322771242481,1726.8889565903512,2172.9120000000003,2354.9499999999998,2551.1410000000001,"[448.867, 1607.73, 1845.47, 1874.07, 1878.27, 1883.8, 2015.97, 2045.07, 2077.67, 2213.73, 2225.43, 2235.03, 2270.37, 2297.43, 2342.47, 2367.43, 2380.03, 2393.6, 2447.7, 2468.4, 2545.0, 2565.47, 2624.93, 2733.47, 2820.1, 2872.4, 2923.33, 3240.77, 3326.37, 3375.07]"
52000,2528.1958999999997,3937.0517888996519,1861.9173376524298,2259.442,2657.585,2809.2310000000002,"[646.267, 1592.57, 1782.5, 1966.43, 2055.13, 2171.2, 2184.13, 2201.67, 2248.97, 2263.93, 2435.43, 2494.37, 2524.77, 2574.8, 2614.77, 2700.4, 2704.87, 2712.6, 2768.97, 2799.63, 2801.23, 2827.9, 2853.73, 2883.47, 2937.37, 3070.5, 3173.27, 3213.13, 3234.1, 3407.77]"
52500,2514.3185666666668,3915.4412087918545,1851.6972247514816,2329.0900000000001,2566.8000000000002,2710.25,"[498.867, 1368.87, 1756.97, 1771.67, 1812.43, 1889.47, 2034.67, 2260.63, 2328.6, 2329.3, 2387.83, 2391.03, 2473.87, 2523.93, 2557.23, 2576.37, 2631.63, 2652.27, 2661.33, 2672.4, 2702.33, 2728.73, 2879.47, 3023.93, 3108.63, 3118.47, 3336.33, 3601.2, 3616.67, 3734.43]"
53000,2568.9539,4000.5224862502705,1891.9340095598711,2222.3910000000001,2605.6999999999998,2972.3609999999999,"[756.167, 1807.37, 1827.23, 1845.8, 1895.17, 2064.23, 2091.57, 2182.33, 2211.8, 2226.93, 2286.8, 2327.4, 2524.9, 2564.1, 2572.67, 2638.73, 2746.27, 2767.13, 2786.0, 2819.97, 2972.1, 2972.97, 3024.1, 3054.77, 3086.87, 3191.13, 3229.2, 3268.37, 3296.87, 4029.67]"
53500,2640.2646666666669,4111.5717057639977,1944.4515984136281,2376.6790000000001,2641.9349999999999,2882.3309999999992,"[851.8, 2003.87, 2090.67, 2148.97, 2155.0, 2292.43, 2330.87, 2336.4, 2356.33, 2385.4, 2400.57, 2424.13, 2611.63, 2618.87, 2625.6, 2658.27, 2730.8, 2797.57, 2817.73, 2837.4, 2840.43, 2980.1, 2998.07, 3038.43, 3106.7, 3133.73, 3329.83, 3363.67, 3398.27, 3544.4]"
54000,2639.5461,4110.4527125006807,1943.9224021852319,2331.6500000000001,2587.4499999999998,3094.201,"[895.233, 1689.1, 1893.47, 2062.17, 2140.0, 2213.0, 2233.57, 2269.07, 2317.3, 2337.8, 2370.57, 2398.1, 2459.83, 2473.13, 2582.87, 2592.03, 2616.67, 2666.9, 2697.07, 3062.3, 3081.7, 3123.37, 3149.1, 3149.2, 3180.9, 3301.43, 3317.4, 3376.13, 3601.1, 3935.87]"
54500,2563.2289999999998,3991.6073433270999,1887.7178447577974,2284.2709999999997,2579.6800000000003,3070.5599999999995,"[784.0, 1463.37, 1491.73, 1797.37, 1831.23, 1868.57, 2048.83, 2116.63, 2137.67, 2347.1, 2367.8, 2463.93, 2466.3, 2537.93, 2559.13, 2600.23, 2691.0, 2698.93, 2719.6, 2729.23, 3041.67, 3137.97, 3185.13, 3290.13, 3307.43, 3320.33, 3358.73, 3435.9, 3466.0, 3633.0]"
55000,2616.1399000000001,4074.0032342061618,1926.6846519030803,2444.2420000000002,2642.4700000000003,2801.261,"[599.567, 1616.37, 1782.43, 1952.43, 2118.53, 2219.97, 2236.87, 2300.07, 2387.57, 2468.53, 2507.73, 2525.77, 2543.1, 2575.03, 2602.37, 2682.57, 2711.3, 2711.53, 2729.3, 2731.77, 2795.33, 2815.1, 2922.7, 3030.93, 3073.73, 3090.57, 3119.8, 3702.7, 3934.4, 3996.13]"
55500,2527.297,3935.6519702174687,1861.2553329815041,2295.2599999999998,2514.52,2827.7400000000002,"[713.4, 1758.3, 1809.67, 2098.57, 2112.77, 2178.27, 2218.6, 2232.93, 2268.1, 2306.9, 2330.53, 2396.13, 2459.33, 2474.73, 2513.97, 2515.07, 2585.6, 2586.63, 2620.07, 2686.17, 2824.77, 2834.67, 2926.33, 2973.1, 3013.93, 3033.73, 3054.5, 3209.27, 3373.47, 3709.4]"
56000,2693.1851000000001,4193.9824424969956,1983.4254264858173,2435.3989999999999,2518.4650000000001,3005.9790000000003,"[782.333, 1910.5, 1966.6, 2094.63, 2285.43, 2350.6, 2350.9, 2354.87, 2416.73, 2443.4, 2444.53, 2454.9, 2479.93, 2507.67, 2509.23, 2527.7, 2715.47, 2800.33, 2880.87, 2958.2, 3000.87, 3017.9, 3110.93, 3142.0, 3165.53, 3262.33, 3430.1, 3441.17, 3938.17, 4051.73]"
56500,2763.0553333333332,4302.78838080891,2034.8821189158432,2517.538,2748.9300000000003,2971.0509999999999,"[1034.63, 1732.1, 2062.37, 2192.47, 2255.77, 2470.97, 2475.07, 2483.13, 2514.43, 2518.87, 2615.17, 2657.87, 2675.2, 2729.13, 2746.73, 2751.13, 2753.27, 2765.83, 2833.77, 2851.1, 2959.3, 2998.47, 3000.07, 3029.87, 3256.67, 3349.7, 3439.3, 3619.4, 3866.17, 4253.7]"
57000,2519.8779999999997,3924.0986775229239,1855.7915298292075,2272.8400000000001,2501.085,2798.3779999999997,"[1324.0, 1676.87, 1793.67, 1795.0, 1843.07, 1899.63, 1935.3, 2039.93, 2244.77, 2284.87, 2313.73, 2361.53, 2409.9, 2472.17, 2483.57, 2518.6, 2522.33, 2721.7, 2765.27, 2779.73, 2784.47, 2830.83, 2862.87, 2953.4, 3018.13, 3038.8, 3057.83, 3342.83, 3699.37, 3822.17]"
57500,2713.1784333333335,4225.1172088994199,1998.1497340328694,2419.991,2739.5,3088.25,"[942.533, 1891.23, 2000.37, 2017.27, 2151.97, 2207.4, 2215.93, 2329.3, 2363.27, 2444.3, 2476.5, 2489.57, 2495.87, 2614.57, 2704.2, 2774.8, 2817.27, 2837.0, 2972.8, 3025.8, 3079.37, 3108.97, 3161.73, 3277.6, 3292.87, 3354.8, 3435.93, 3593.83, 3618.97, 3699.33]"
58000,2652.5933333333332,4130.7706132358226,1953.5311789227189,2435.7400000000002,2623.5799999999999,2792.721,"[1112.27, 1851.7, 2020.67, 2071.9, 2159.5, 2183.37, 2243.83, 2360.2, 2420.83, 2442.13, 2462.47, 2479.17, 2485.93, 2556.83, 2603.33, 2643.83, 2650.87, 2665.53, 2672.23, 2699.47, 2792.4, 2793.47, 2881.23, 2892.47, 2998.27, 3082.8, 3440.2, 3652.03, 3876.47, 4382.4]"
58500,2747.1606666666671,4278.0362934275636,2023.1763189646322,2400.8720000000003,2716.75,2921.6689999999994,"[2013.3, 2060.17, 2158.83, 2203.9, 2282.37, 2325.9, 2355.57, 2370.77, 2387.67, 2406.53, 2456.7, 2477.63, 2521.5, 2555.83, 2715.2, 2718.3, 2815.07, 2818.47, 2859.53, 2867.43, 2880.5, 3017.73, 3019.97, 3103.43, 3304.43, 3340.43, 3350.13, 3467.73, 3704.23, 3855.57]"
59000,2625.1873333333333,4088.0924167690919,1933.3477324755106,2223.6990000000001,2575.2849999999999,2923.1089999999995,"[1567.23, 1573.87, 1674.17, 1731.03, 1872.13, 1883.23, 2073.8, 2149.7, 2152.6, 2254.17, 2403.77, 2434.43, 2446.23, 2488.77, 2492.3, 2658.27, 2710.63, 2733.2, 2791.6, 2831.47, 2851.1, 3091.13, 3109.3, 3164.9, 3255.0, 3323.93, 3344.73, 3620.6, 3645.63, 4426.7]"
59500,2585.8046666666664,4026.7634674374199,1904.3439397434465,2329.4119999999998,2524.1350000000002,2755.46,"[1800.67, 2000.47, 2101.1, 2115.07, 2261.9, 2270.5, 2279.03, 2282.57, 2294.37, 2344.43, 2353.03, 2414.97, 2439.57, 2490.07, 2516.27, 2532.0, 2544.97, 2574.77, 2589.4, 2691.8, 2745.47, 2778.77, 2784.9, 2831.03, 3097.47, 3133.4, 3174.4, 3311.57, 3389.5, 3430.67]"
60000,2740.9523333333336,4268.3683203657911,2018.604124432057,2435.9179999999997,2702.4000000000001,2980.6700000000001,"[1896.03, 1920.77, 2083.73, 2112.53, 2216.93, 2282.0, 2325.27, 2361.57, 2362.53, 2467.37, 2524.97, 2625.4, 2659.07, 2685.13, 2701.07, 2703.73, 2712.3, 2805.1, 2810.77, 2951.63, 2956.07, 3038.07, 3064.4, 3068.8, 3116.9, 3149.63, 3152.83, 3198.1, 4132.37, 4143.5]"
60500,2687.4503333333332,4185.051934634087,1979.201995269882,2499.7289999999998,2681.0349999999999,2927.77,"[1314.17, 1786.5, 1850.07, 2159.23, 2274.5, 2362.67, 2367.73, 2401.13, 2470.63, 2512.2, 2534.67, 2570.7, 2642.4, 2644.53, 2666.3, 2695.77, 2708.27, 2783.0, 2809.67, 2821.3, 2910.73, 2967.53, 2979.6, 3013.1, 3165.2, 3209.47, 3251.1, 3277.6, 3556.87, 3916.87]"
61000,2672.5210000000002,4161.8031197352584,1968.2071255396822,2318.4299999999998,2637.0,2950.9999999999995,"[1982.53, 1989.43, 2038.4, 2137.5, 2176.83, 2192.6, 2196.2, 2268.17, 2275.87, 2336.67, 2383.47, 2388.57, 2401.17, 2423.07, 2539.7, 2734.3, 2744.2, 2756.17, 2803.63, 2815.93, 2950.43, 2952.33, 3013.93, 3051.37, 3230.83, 3233.7, 3289.2, 3446.73, 3627.9, 3794.8]"
61500,2625.277333333333,4088.2325699356243,1933.4140139532979,2446.308,2633.0999999999999,2942.2899999999995,"[1706.8, 1801.67, 1988.77, 1997.23, 2087.4, 2168.7, 2332.17, 2398.47, 2417.93, 2458.47, 2474.47, 2486.2, 2548.6, 2586.4, 2592.2, 2674.0, 2710.17, 2764.1, 2791.4, 2848.97, 2924.47, 2983.87, 2984.17, 3023.4, 3051.03, 3118.27, 3140.53, 3144.23, 3214.73, 3339.5]"
62000,2698.4126666666666,4202.1231094036193,1987.2753247513747,2523.4319999999998,2691.9349999999999,2900.8689999999997,"[1655.73, 1719.63, 1730.27, 1925.33, 1955.9, 2399.27, 2433.77, 2450.17, 2492.17, 2536.83, 2542.6, 2543.47, 2562.47, 2567.47, 2669.1, 2714.77, 2753.33, 2757.23, 2821.47, 2863.97, 2892.37, 2920.7, 2998.27, 3063.53, 3064.73, 3308.23, 3474.47, 3577.83, 3654.57, 3902.73]"
62500,2684.8720000000003,4181.0368059558159,1977.303153674743,2479.3609999999999,2741.0149999999999,2863.991,"[1710.73, 2028.6, 2063.67, 2110.87, 2118.0, 2289.47, 2324.9, 2329.73, 2406.4, 2510.63, 2560.37, 2569.87, 2585.3, 2691.3, 2731.93, 2750.1, 2763.13, 2779.3, 2818.9, 2825.0, 2861.0, 2870.97, 2899.83, 2951.57, 3019.1, 3092.57, 3267.93, 3386.63, 3436.63, 3791.73]"
63000,2528.3020000000001,3937.2170139104214,1861.9954761501333,2213.8879999999999,2663.8850000000002,2903.1399999999999,"[1408.83, 1417.77, 1569.87, 1658.5, 1660.27, 1970.87, 2048.27, 2154.03, 2167.03, 2233.97, 2244.97, 2294.13, 2423.5, 2489.33, 2655.1, 2672.67, 2693.33, 2757.9, 2765.23, 2765.47, 2889.4, 2935.2, 2973.53, 3005.43, 3022.6, 3102.8, 3224.3, 3489.13, 3575.83, 3579.8]"
63500,2760.0299999999997,4298.0771580701903,2032.6540793143588,2534.6109999999999,2717.1500000000001,2901.4919999999997,"[1628.0, 1733.63, 2210.63, 2214.07, 2318.4, 2327.9, 2424.63, 2443.63, 2502.6, 2548.33, 2595.33, 2608.33, 2635.43, 2660.87, 2704.77, 2729.53, 2757.8, 2759.53, 2769.63, 2794.17, 2844.63, 3034.17, 3165.33, 3171.93, 3293.5, 3371.1, 3462.07, 3501.7, 3590.13, 3999.13]"
64000,2721.9613333333332,4238.7944449699025,2004.6179961579949,2382.7310000000002,2644.7150000000001,2957.7599999999998,"[1544.27, 1877.97, 2057.4, 2137.07, 2209.83, 2263.67, 2270.13, 2344.57, 2348.27, 2397.5, 2430.43, 2565.33, 2623.97, 2626.23, 2631.13, 2658.3, 2836.43, 2856.47, 2902.53, 2919.5, 2956.77, 2960.07, 2974.4, 3083.57, 3257.5, 3284.37, 3409.57, 3495.43, 3813.03, 3923.13]"
64500,2756.3836666666666,4292.3988784823932,2029.9686975161392,2475.0799999999999,2825.835,2976.04,"[1816.5, 2020.6, 2121.2, 2216.83, 2235.37, 2254.9, 2359.57, 2369.37, 2452.33, 2484.83, 2625.57, 2664.73, 2675.67, 2689.37, 2787.67, 2864.0, 2879.57, 2933.97, 2947.93, 2954.5, 2967.43, 2996.13, 3083.47, 3105.4, 3129.37, 3216.9, 3364.9, 3369.07, 3400.13, 3704.23]"
65000,2725.1849999999999,4243.8145237607969,2006.9921004975672,2414.5499999999997,2664.8000000000002,2917.6389999999997,"[1623.87, 2047.57, 2069.83, 2126.43, 2245.03, 2319.0, 2319.67, 2328.03, 2330.83, 2450.43, 2471.33, 2488.77, 2566.37, 2594.7, 2656.7, 2672.9, 2675.2, 2679.33, 2733.4, 2825.63, 2879.5, 3006.63, 3105.2, 3212.63, 3214.2, 3339.37, 3349.33, 3730.7, 3775.07, 3917.9]"
65500,2849.1046666666666,4436.789342416997,2098.2540853155861,2581.3310000000001,2699.9200000000001,3165.1599999999994,"[1915.67, 2055.87, 2095.2, 2324.33, 2385.6, 2389.9, 2443.07, 2461.0, 2567.8, 2587.13, 2599.13, 2612.9, 2662.8, 2693.43, 2698.77, 2701.07, 2729.27, 2767.33, 3016.2, 3060.17, 3132.37, 3241.67, 3257.4, 3272.63, 3453.27, 3578.23, 3608.83, 3666.57, 3707.4, 3788.13]"
66000,2660.8396666666667,4143.6122768908672,1959.604280696753,2427.21,2533.6499999999996,2887.4290000000001,"[1579.0, 1793.73, 1948.73, 2055.57, 2181.67, 2347.53, 2373.0, 2374.87, 2392.0, 2442.3, 2447.07, 2483.67, 2492.2, 2509.07, 2525.37, 2541.93, 2579.37, 2588.47, 2782.1, 2857.73, 2860.9, 2949.33, 3024.57, 3034.27, 3056.77, 3191.77, 3329.33, 3379.3, 3548.37, 4155.2]"
66500,2607.145,4059.995859565624,1920.0602600747216,2242.0590000000002,2664.3649999999998,2840.8009999999999,"[1705.47, 1758.3, 2005.5, 2062.1, 2064.43, 2081.77, 2096.07, 2197.13, 2237.53, 2244.0, 2250.17, 2465.83, 2480.83, 2599.53, 2650.23, 2678.5, 2683.0, 2778.57, 2799.23, 2818.23, 2835.83, 2852.4, 2866.7, 3016.83, 3100.3, 3113.7, 3204.27, 3396.03, 3556.3, 3615.57]"
67000,2735.7909999999997,4260.3307958080186,2014.8030044244113,2444.4200000000001,2734.9849999999997,2924.2979999999998,"[1638.1, 1961.63, 2219.13, 2250.57, 2252.57, 2255.07, 2317.2, 2352.8, 2359.3, 2480.9, 2485.63, 2499.73, 2523.2, 2686.33, 2724.1, 2745.87, 2755.57, 2861.77, 2878.83, 2896.37, 2921.97, 2929.73, 3069.63, 3083.47, 3148.77, 3268.1, 3389.13, 3599.6, 3740.13, 3778.53]"
67500,2595.4716666666664,4041.8174747804801,1911.4633069187064,2406.3800000000001,2632.9699999999998,2864.7379999999998,"[1618.7, 1818.4, 1908.93, 1975.03, 2042.5, 2119.7, 2281.33, 2317.03, 2367.53, 2423.03, 2425.1, 2508.47, 2578.77, 2619.9, 2625.47, 2640.47, 2675.23, 2680.13, 2688.97, 2763.3, 2829.17, 2947.73, 2985.7, 3056.3, 3060.83, 3072.5, 3102.0, 3154.63, 3264.1, 3313.2]"
68000,2533.8210000000004,3945.8115175337116,1866.0600036602457,2202.5190000000002,2536.3200000000002,2798.3889999999997,"[1598.07, 1719.8, 1851.83, 1974.67, 2036.1, 2142.93, 2175.67, 2187.17, 2202.4, 2202.57, 2293.87, 2372.37, 2382.93, 2519.47, 2528.07, 2544.57, 2602.0, 2636.77, 2656.5, 2666.8, 2780.17, 2840.9, 2874.17, 2919.63, 2967.93, 3135.73, 3143.47, 3290.07, 3303.8, 3464.2]"
68500,2629.1473333333333,4094.259156096547,1936.2641174981675,2364.7200000000003,2610.8999999999996,2855.1199999999999,"[1563.27, 1745.43, 1916.7, 1971.47, 2133.23, 2148.77, 2178.53, 2310.63, 2346.17, 2372.67, 2411.83, 2428.47, 2532.9, 2569.53, 2588.83, 2632.97, 2648.37, 2654.6, 2655.23, 2731.0, 2837.93, 2895.23, 2958.03, 2995.47, 3014.23, 3358.83, 3380.73, 3397.47, 3455.73, 4040.17]"
69000,2640.5256666666669,4111.9781499469436,1944.6438146992125,2295.9200000000001,2577.1700000000001,2980.4290000000001,"[1555.9, 1858.2, 1951.3, 1976.13, 2100.1, 2152.73, 2187.3, 2288.1, 2289.97, 2298.47, 2318.9, 2338.97, 2477.1, 2512.07, 2565.77, 2588.57, 2730.77, 2847.43, 2864.8, 2941.0, 2979.07, 2983.6, 3004.97, 3031.87, 3102.1, 3137.37, 3319.27, 3328.1, 3352.17, 4133.67]"
69500,2802.3696666666665,4364.0109175511761,2063.8355868221793,2413.5100000000002,2869.1499999999996,3046.5479999999998,"[1716.73, 1890.0, 1907.27, 2056.8, 2171.87, 2186.4, 2282.8, 2332.8, 2339.73, 2445.13, 2541.37, 2708.67, 2807.33, 2822.97, 2865.6, 2872.7, 2886.97, 2894.23, 2927.73, 2929.97, 3027.27, 3091.53, 3184.07, 3192.13, 3196.03, 3227.03, 3336.73, 3429.73, 3799.5, 5000.0]"
70000,2781.0120000000002,4330.7515329612716,2048.1065011692567,2517.808,2905.4849999999997,3070.2799999999997,"[1914.63, 1985.4, 2044.2, 2105.93, 2204.97, 2228.97, 2328.43, 2390.6, 2437.63, 2552.17, 2628.27, 2694.67, 2777.97, 2874.63, 2883.1, 2927.87, 2945.33, 2995.53, 3027.33, 3042.8, 3064.13, 3084.63, 3111.3, 3119.07, 3126.33, 3129.03, 3302.7, 3475.2, 3513.37, 3514.17]"
70500,2741.2260000000001,4268.794489809211,2018.8056692219222,2503.3319999999999,2784.52,2924.3199999999997,"[1851.47, 1906.4, 2272.03, 2310.37, 2311.97, 2347.87, 2356.7, 2366.0, 2377.57, 2557.23, 2588.67, 2661.47, 2737.73, 2775.87, 2783.57, 2785.47, 2816.27, 2820.33, 2849.77, 2888.23, 2903.17, 2973.67, 3030.73, 3066.33, 3202.13, 3215.3, 3319.83, 3336.03, 3390.7, 3433.9]"
71000,2858.5250000000001,4451.4592262665956,2105.1917921443164,2607.0520000000001,2868.8500000000004,3048.5309999999995,"[2130.63, 2158.1, 2166.1, 2186.73, 2267.23, 2440.2, 2531.53, 2532.07, 2601.27, 2609.53, 2617.97, 2677.8, 2779.6, 2787.3, 2861.03, 2876.67, 2884.67, 2904.67, 3010.9, 3011.57, 3046.2, 3053.97, 3200.37, 3225.6, 3291.2, 3296.17, 3344.57, 3460.83, 3592.27, 4209.0]"
71500,2801.6193333333335,4362.8424554109324,2063.2829956869941,2475.049,2792.4700000000003,3048.0,"[1385.03, 1948.33, 1951.67, 2225.27, 2264.33, 2297.37, 2336.53, 2345.63, 2432.23, 2493.4, 2494.3, 2599.63, 2706.33, 2736.7, 2772.57, 2812.37, 2831.1, 2951.5, 2960.57, 3019.93, 3022.23, 3108.13, 3255.37, 3300.8, 3373.43, 3424.03, 3567.4, 3649.53, 3875.5, 3907.37]"
72000,2799.9913333333334,4360.3072403540891,2062.0840373999017,2492.1080000000002,2718.0299999999997,2894.3820000000001,"[2061.83, 2171.43, 2180.8, 2214.3, 2324.73, 2325.33, 2378.57, 2444.37, 2455.33, 2507.87, 2534.23, 2651.0, 2655.23, 2667.73, 2681.93, 2754.13, 2766.7, 2802.43, 2813.97, 2826.5, 2892.63, 2898.47, 3098.8, 3121.73, 3142.7, 3320.43, 3334.4, 3633.43, 3838.77, 4499.97]"
72500,2749.047,4280.9737999809367,2024.5655296416708,2365.0909999999999,2523.75,3202.3209999999999,"[1939.33, 2082.67, 2116.9, 2159.33, 2203.3, 2206.53, 2244.0, 2342.4, 2357.37, 2368.4, 2369.67, 2384.93, 2427.03, 2502.57, 2511.53, 2535.97, 2551.93, 2586.37, 2843.87, 3069.93, 3196.6, 3215.67, 3253.1, 3376.07, 3444.03, 3473.57, 3489.27, 3623.07, 3749.2, 3846.8]"
73000,2821.2773333333334,4393.4550214965711,2077.7603433575491,2496.6279999999997,2844.4499999999998,3114.25,"[1917.97, 1972.53, 2078.03, 2127.33, 2166.5, 2266.4, 2338.97, 2462.33, 2472.73, 2506.87, 2570.4, 2721.67, 2752.37, 2812.33, 2834.07, 2854.83, 2882.43, 2889.97, 2934.9, 3049.7, 3105.13, 3135.53, 3157.57, 3244.4, 3314.03, 3380.33, 3396.97, 3397.77, 3843.13, 4051.13]"
73500,2672.248,4161.3779884634414,1968.0060717237263,2356.8099999999999,2554.8299999999999,2890.3400000000001,"[1857.87, 2076.03, 2123.63, 2201.3, 2237.47, 2252.1, 2265.2, 2295.4, 2350.93, 2359.33, 2458.13, 2465.3, 2500.13, 2507.67, 2514.23, 2595.43, 2615.57, 2636.6, 2696.57, 2813.37, 2885.27, 2902.17, 2925.37, 3067.9, 3224.1, 3323.8, 3410.2, 3454.63, 3563.57, 3588.17]"
74000,2787.1103333333331,4340.2482077083923,2052.5976850067577,2487.5300000000002,2756.085,3070.6019999999999,"[1861.57, 1953.17, 2209.0, 2242.03, 2277.53, 2287.8, 2460.03, 2462.13, 2479.27, 2491.07, 2544.17, 2581.8, 2653.77, 2689.73, 2748.57, 2763.6, 2861.53, 2900.07, 2926.97, 3000.6, 3064.23, 3085.47, 3107.37, 3170.73, 3194.73, 3240.6, 3288.2, 3305.47, 3357.03, 4405.07]"
74500,2825.0646666666667,4399.3528743786037,2080.5495661376358,2583.2200000000003,2770.5500000000002,2991.3509999999997,"[1993.5, 2156.73, 2375.73, 2404.97, 2497.53, 2504.2, 2545.1, 2553.73, 2581.33, 2584.03, 2617.5, 2669.17, 2725.0, 2737.63, 2745.7, 2795.4, 2797.87, 2836.4, 2872.33, 2979.4, 2982.63, 3011.7, 3040.27, 3054.43, 3073.93, 3349.67, 3379.0, 3393.7, 3534.83, 3958.53]"
75000,2847.2383333333332,4433.8829810117431,2096.8796038558335,2643.819,2828.7200000000003,3104.549,"[1622.47, 2119.53, 2195.73, 2270.0, 2398.83, 2444.27, 2477.53, 2518.7, 2566.63, 2676.9, 2685.27, 2724.37, 2771.1, 2783.63, 2811.17, 2846.27, 2869.03, 2970.1, 3055.03, 3058.73, 3088.97, 3140.9, 3194.5, 3195.9, 3241.33, 3367.5, 3422.33, 3424.4, 3680.23, 3795.8]"
75500,2663.5603333333333,4147.8490552065823,1961.6079452215786,2384.7579999999998,2648.2349999999997,2900.5809999999997,"[1767.07, 2036.87, 2044.33, 2148.83, 2171.47, 2188.7, 2316.2, 2355.13, 2355.33, 2397.37, 2417.93, 2475.0, 2579.53, 2636.9, 2647.97, 2648.5, 2681.87, 2826.93, 2874.1, 2879.2, 2880.7, 2946.97, 2962.17, 2983.37, 3033.87, 3039.0, 3134.0, 3231.3, 3519.6, 3726.6]"
76000,2702.8809999999999,4209.0814545790854,1990.5660773800548,2333.2999999999997,2690.8000000000002,2954.2599999999998,"[1489.2, 1912.93, 1990.3, 2032.33, 2139.2, 2183.03, 2232.9, 2232.97, 2271.07, 2359.97, 2536.97, 2546.57, 2553.47, 2590.53, 2683.0, 2698.6, 2721.73, 2730.33, 2850.07, 2857.8, 2951.83, 2959.93, 3174.57, 3176.17, 3272.23, 3298.53, 3493.6, 3651.43, 3668.87, 3826.3]"
76500,2914.4940000000001,4538.6173660187105,2146.4107702587376,2691.04,2896.6499999999996,3160.5600000000004,"[1684.8, 1972.9, 2023.7, 2192.2, 2229.2, 2291.33, 2521.67, 2582.1, 2656.67, 2705.77, 2717.6, 2725.9, 2762.13, 2818.47, 2823.47, 2969.83, 3006.73, 3052.47, 3106.27, 3136.3, 3160.23, 3161.33, 3363.3, 3436.57, 3456.13, 3569.87, 3776.87, 3787.87, 3812.07, 3931.07]"
77000,2698.8960000000002,4202.875783816482,1987.6312808357902,2456.1900000000001,2694.165,2949.0080000000003,"[1747.63, 1957.97, 1963.07, 2070.43, 2318.67, 2342.43, 2345.6, 2368.17, 2415.1, 2473.8, 2572.73, 2601.63, 2632.47, 2647.13, 2686.03, 2702.3, 2703.13, 2783.1, 2852.2, 2858.53, 2938.07, 2974.53, 3043.9, 3050.4, 3127.03, 3173.67, 3192.73, 3323.63, 3507.03, 3593.77]"
77500,2831.311666666667,4409.0810613934063,2085.1502371569645,2357.29,2845.7849999999999,3197.288,"[1857.9, 1955.97, 1994.9, 2085.2, 2179.23, 2187.13, 2201.63, 2229.73, 2307.87, 2378.47, 2560.7, 2565.0, 2716.23, 2731.63, 2824.8, 2866.77, 3004.6, 3045.03, 3075.43, 3165.53, 3192.47, 3208.53, 3321.73, 3358.53, 3367.4, 3577.27, 3619.97, 3629.6, 3821.8, 3908.3]"
78000,2726.2950000000001,4245.5430794813719,2007.8095720569484,2415.4299999999998,2730.6199999999999,2955.6819999999998,"[1958.0, 2109.43, 2169.07, 2240.93, 2270.73, 2295.43, 2309.3, 2309.6, 2356.0, 2440.9, 2457.6, 2458.07, 2496.03, 2535.83, 2684.47, 2776.77, 2875.27, 2911.53, 2917.43, 2938.53, 2953.63, 2960.47, 2975.53, 3131.23, 3194.07, 3224.73, 3263.4, 3485.23, 3530.77, 3558.87]"
78500,2794.6823333333332,4352.0397607860432,2058.1741666712937,2596.3009999999995,2829.4499999999998,3003.2800000000002,"[1511.9, 2084.77, 2154.3, 2159.07, 2176.43, 2282.33, 2304.3, 2452.67, 2494.5, 2639.93, 2750.83, 2795.6, 2800.4, 2815.7, 2819.7, 2839.2, 2871.73, 2894.83, 2922.57, 2941.47, 3001.57, 3007.27, 3158.8, 3168.2, 3263.77, 3322.33, 3325.8, 3408.6, 3466.5, 4005.4]"
79000,2819.6243333333332,4390.8808750045791,2076.5429735488487,2634.7980000000002,2790.1500000000001,3033.7099999999996,"[2028.33, 2130.4, 2177.1, 2360.03, 2403.93, 2406.17, 2445.73, 2478.83, 2582.83, 2657.07, 2666.1, 2686.53, 2687.6, 2692.43, 2765.9, 2814.4, 2817.8, 2888.7, 2939.1, 2967.97, 3012.17, 3083.97, 3120.7, 3176.0, 3235.27, 3321.9, 3355.7, 3462.83, 3563.27, 3659.97]"
79500,2666.4789999999998,4152.3941704886702,1963.7574289975369,2469.1610000000001,2673.77,2917.9389999999999,"[1468.33, 1730.17, 1862.03, 2052.53, 2180.23, 2272.97, 2338.43, 2392.93, 2455.7, 2474.93, 2478.6, 2491.27, 2540.37, 2613.83, 2616.87, 2730.67, 2772.57, 2788.9, 2851.7, 2887.73, 2906.47, 2944.7, 2984.3, 2985.47, 3106.6, 3146.2, 3178.47, 3267.7, 3417.13, 4056.57]"
