agents,meanScore,clow,chigh,Q1,Q2,Q3,means
300,6.6411173333333329,10.341929150938221,4.8909230112735358,1.853332,2.9666699999999997,5.9633309999999975,"[0.0, 0.666667, 0.933333, 1.0, 1.16667, 1.23333, 1.46667, 1.6, 1.66667, 1.93333, 2.26667, 2.26667, 2.36667, 2.8, 2.86667, 3.06667, 3.13333, 3.66667, 3.8, 4.7, 5.73333, 6.5, 8.76667, 10.1667, 10.3667, 10.8667, 20.2667, 23.8667, 28.6333, 31.4667]"
600,14.627779,22.779217179957758,10.772786765237665,7.2500009999999993,9.5,14.916689999999992,"[3.23333, 5.33333, 5.36667, 5.5, 6.0, 6.06667, 6.16667, 6.5, 6.66667, 7.5, 7.8, 8.43333, 8.6, 8.73333, 9.46667, 9.53333, 9.66667, 10.0667, 13.2, 13.4667, 14.0667, 16.9, 18.5, 22.2333, 22.4, 23.8, 32.6333, 35.7, 40.3333, 54.9667]"
900,28.609999999999999,44.553134383462556,21.070145327834773,15.496700000000001,17.933349999999997,31.31329999999997,"[6.33333, 6.6, 8.33333, 9.46667, 9.96667, 12.2, 12.2, 13.3667, 14.8667, 15.7667, 16.2667, 16.6333, 16.6333, 16.6667, 17.2, 18.6667, 21.3333, 25.4, 26.7333, 28.2667, 28.4333, 38.0333, 43.1333, 44.2, 45.1333, 49.4333, 62.6667, 68.1, 72.1, 94.1667]"
1200,43.125545666666667,67.15757537389554,31.760276635401667,26.183309999999999,40.466650000000001,48.31998999999999,"[6.06667, 8.0, 11.6667, 14.1667, 15.4667, 16.3667, 19.2333, 19.9667, 24.9, 26.7333, 27.7, 28.9, 33.2333, 33.7667, 36.9333, 44.0, 45.5667, 45.7, 46.4333, 47.6, 47.8, 49.5333, 58.5333, 58.6667, 59.2333, 79.4, 83.8, 94.9667, 102.0, 107.433]"
1500,57.046665666666662,88.836342592641003,42.012636702728727,48.87332,59.900000000000006,67.993319999999997,"[7.66667, 22.1, 23.5, 33.4, 34.5667, 35.2333, 37.2333, 43.8333, 46.8667, 49.7333, 52.1, 52.6, 55.6667, 56.3333, 59.8667, 59.9333, 59.9333, 60.7, 60.9667, 67.1667, 67.2333, 69.7667, 70.2, 73.0667, 75.4667, 77.4667, 87.9333, 88.9, 89.1333, 92.8333]"
1800,64.862226666666672,101.00718284133551,47.768491511835954,55.196690000000004,62.149999999999999,70.149999999999991,"[23.7667, 34.0333, 46.5667, 47.2, 50.6, 51.6667, 53.6667, 54.0667, 54.8, 55.3667, 58.6, 58.8333, 59.2333, 59.5667, 62.0667, 62.2333, 63.5, 65.5667, 66.8, 68.1, 68.8, 73.3, 77.1, 81.0333, 82.9, 85.5333, 89.4667, 92.7, 94.7, 104.1]"
2100,72.18777333333334,112.41494464043814,53.163469941493496,63.55668,74.81665000000001,85.000010000000003,"[32.4667, 40.1, 49.1667, 49.3333, 51.2667, 53.6, 54.9333, 55.5667, 60.7333, 64.7667, 64.9, 66.1, 68.5667, 71.2, 74.7, 74.9333, 76.9, 77.2333, 82.1667, 84.2, 84.5, 86.1667, 87.0667, 88.7, 89.3333, 90.4, 91.8667, 93.4667, 95.9667, 105.333]"
2400,82.945516666666663,129.1675201172923,61.086126894757342,66.340000000000003,84.06665000000001,99.05659,"[42.2, 55.7667, 56.7, 57.2333, 59.5, 60.6667, 63.3667, 65.4667, 65.5, 66.7, 73.0, 76.5333, 80.7, 82.4667, 83.9, 84.2333, 86.6667, 88.5, 88.9667, 97.2, 98.4667, 100.433, 100.533, 100.7, 103.433, 104.367, 104.867, 110.833, 112.133, 117.333]"
2700,92.145556666666664,143.49435054208192,67.861596304820011,74.836699999999993,89.383350000000007,101.4701,"[49.2667, 56.3, 57.1, 63.5, 64.0667, 64.9333, 65.8333, 67.7333, 74.7667, 74.8667, 77.6333, 82.5, 84.8333, 86.0667, 87.2, 91.5667, 92.3667, 96.1333, 100.133, 100.4, 100.7, 103.267, 105.467, 106.9, 108.233, 117.3, 128.2, 138.9, 158.633, 159.567]"
3000,106.59336333333334,165.99330447309509,78.501840489899607,93.559989999999999,102.7,112.57320000000001,"[57.0667, 66.7667, 69.1667, 72.8333, 79.8333, 81.0333, 82.6, 85.3333, 91.8333, 94.3, 96.2333, 97.0667, 97.4333, 101.267, 102.233, 103.167, 103.8, 106.6, 107.667, 109.633, 112.533, 112.667, 116.567, 128.067, 137.733, 139.467, 147.2, 160.8, 165.967, 170.933]"
3300,118.31331,184.2442782167866,87.133122541669593,101.327,115.09999999999999,131.017,"[66.4, 73.1, 73.5333, 76.0667, 85.2333, 90.4667, 91.2333, 92.6, 100.067, 101.867, 102.8, 102.833, 109.367, 111.633, 114.833, 115.367, 120.633, 121.033, 123.967, 127.8, 129.067, 135.567, 144.633, 150.233, 150.5, 161.533, 163.333, 166.367, 170.3, 177.033]"
3600,132.18562666666668,205.84704608326501,97.349540863948903,115.42319999999999,132.90000000000001,151.60319999999999,"[75.9667, 81.0667, 85.3667, 86.0, 92.0, 93.2667, 96.0, 99.7, 109.567, 117.933, 118.8, 119.733, 123.767, 128.467, 132.8, 133.0, 139.067, 144.3, 144.967, 148.767, 150.933, 153.167, 154.767, 158.433, 161.3, 170.067, 170.433, 182.967, 194.4, 198.567]"
3900,147.02884333333336,228.96175516515427,108.28098903938428,117.67999999999999,143.13299999999998,156.2568,"[87.1, 94.1, 98.2333, 101.167, 104.533, 107.0, 111.333, 114.267, 117.4, 117.8, 124.6, 136.0, 136.333, 137.133, 141.533, 144.733, 145.933, 150.067, 150.2, 154.667, 154.767, 159.733, 165.2, 166.267, 168.533, 183.833, 208.633, 217.5, 240.467, 271.8]"
4200,153.92779000000002,239.7051909548901,113.3617932643283,128.43009999999998,145.96699999999998,175.73989999999995,"[87.3667, 96.1667, 98.5333, 107.567, 110.367, 112.1, 119.0, 120.5, 124.067, 130.3, 130.433, 137.2, 138.567, 143.767, 144.167, 147.767, 153.4, 156.7, 162.8, 163.3, 170.6, 187.733, 188.833, 189.533, 190.667, 206.6, 215.833, 217.0, 226.533, 240.433]"
4500,168.68326666666664,262.68326627198354,124.22862436352929,146.8099,162.44999999999999,181.97299999999998,"[96.9, 100.333, 116.6, 128.1, 130.767, 133.3, 143.033, 143.5, 146.133, 147.1, 149.233, 156.1, 160.567, 160.8, 160.9, 164.0, 164.3, 165.4, 168.033, 177.967, 180.533, 185.333, 187.833, 199.967, 202.267, 217.7, 217.8, 232.533, 256.133, 267.333]"
4800,188.91223333333335,294.1849744278237,139.12646663890828,157.6968,187.75,217.07990000000001,"[110.433, 113.1, 117.833, 128.6, 129.267, 133.1, 141.167, 146.3, 147.033, 162.267, 165.967, 168.867, 175.467, 182.267, 183.333, 192.167, 196.667, 208.8, 209.433, 214.233, 215.0, 221.933, 228.6, 229.733, 243.733, 245.5, 248.467, 253.8, 254.733, 299.567]"
5100,211.09333333333333,328.7266566743466,155.46197871619719,178.83690000000001,203.80000000000001,219.74679999999998,"[96.6, 130.267, 138.633, 152.167, 153.733, 162.6, 165.567, 166.933, 178.3, 179.067, 181.767, 187.267, 187.733, 195.4, 199.6, 208.0, 212.933, 213.967, 214.6, 216.533, 216.667, 226.933, 232.3, 235.933, 268.3, 273.9, 275.3, 316.167, 346.9, 398.733]"
5400,218.82336666666666,340.76430833071305,161.15484574598887,189.81700000000001,212.05000000000001,255.50319999999999,"[109.2, 136.467, 155.3, 159.8, 164.8, 165.1, 170.5, 184.033, 188.067, 190.567, 191.133, 194.0, 199.9, 210.067, 211.4, 212.7, 217.033, 217.567, 227.5, 232.0, 253.933, 259.167, 265.6, 267.9, 273.233, 273.367, 287.333, 289.367, 304.7, 352.967]"
5700,244.72229999999999,381.09561406955748,180.22839657329533,210.15989999999999,227.267,269.28989999999993,"[139.967, 151.433, 154.867, 156.667, 158.667, 175.2, 176.833, 196.233, 208.433, 210.9, 213.7, 217.767, 220.667, 221.367, 225.667, 228.867, 232.6, 235.533, 243.667, 260.067, 263.1, 283.733, 287.5, 293.567, 326.667, 339.2, 358.433, 371.1, 377.4, 411.867]"
6000,252.94896666666668,393.90665166228558,186.28701461699757,224.3732,245.233,277.59319999999997,"[113.667, 153.7, 173.7, 176.567, 178.667, 194.8, 202.167, 213.267, 219.567, 226.433, 227.367, 233.067, 237.333, 244.033, 244.733, 245.733, 252.167, 255.267, 259.667, 265.1, 277.433, 277.967, 284.033, 293.8, 303.933, 325.267, 328.7, 350.367, 401.1, 428.867]"
6300,268.54660000000001,418.1961816854934,197.77406114281416,223.37299999999999,242.56650000000002,278.48689999999999,"[137.633, 157.233, 173.533, 174.033, 181.133, 194.6, 197.967, 209.8, 218.333, 225.533, 227.033, 227.833, 232.067, 235.367, 240.4, 244.733, 248.8, 257.467, 257.833, 260.0, 275.567, 285.3, 285.4, 330.133, 355.733, 381.433, 390.967, 443.267, 465.0, 542.267]"
6600,286.58003333333335,446.27887929804893,211.05497904191077,238.98000000000002,278.7835,317.6431,"[153.067, 170.367, 186.467, 191.8, 202.5, 219.033, 222.233, 230.6, 238.0, 239.4, 240.4, 241.7, 246.1, 268.033, 277.867, 279.7, 279.767, 281.7, 299.333, 309.067, 314.533, 324.9, 367.667, 367.667, 368.4, 369.6, 416.433, 420.7, 433.5, 436.867]"
6900,295.35556666666668,459.94464357230805,217.51781590533582,241.57679999999999,277.58349999999996,311.62699999999995,"[186.467, 189.3, 197.933, 202.1, 213.667, 216.267, 219.633, 236.833, 240.433, 242.067, 242.7, 252.6, 257.1, 269.2, 276.9, 278.267, 281.733, 287.1, 295.433, 302.2, 311.267, 312.467, 326.9, 334.2, 390.733, 390.933, 414.967, 442.3, 484.667, 564.3]"
7200,328.37896666666671,511.37057779107204,241.8382576117049,255.65009999999998,290.98350000000005,371.79699999999997,"[200.033, 209.867, 217.867, 217.967, 218.867, 240.267, 242.767, 243.967, 246.667, 259.5, 269.167, 269.467, 274.6, 277.733, 287.1, 294.867, 310.033, 310.1, 314.633, 321.2, 369.667, 376.767, 379.4, 383.2, 388.233, 422.267, 481.833, 552.533, 588.767, 682.033]"
7500,361.54883333333333,563.0245983112236,266.26656628599955,266.9599,308.31650000000002,350.50299999999993,"[199.067, 200.333, 222.633, 235.733, 236.467, 243.267, 245.7, 247.067, 264.533, 268.0, 270.833, 279.4, 279.4, 283.533, 303.4, 313.233, 314.867, 318.467, 326.733, 342.0, 343.933, 365.833, 370.133, 405.567, 458.033, 615.6, 654.1, 678.933, 751.5, 808.167]"
7800,364.64666666666665,567.84872221187254,268.54799930014644,262.803,322.93349999999998,361.85699999999997,"[195.333, 232.4, 236.833, 237.7, 242.233, 245.867, 252.967, 253.133, 257.833, 264.933, 267.233, 287.9, 307.1, 308.433, 320.9, 324.967, 330.1, 338.267, 341.8, 347.7, 354.267, 379.567, 416.533, 477.767, 502.633, 531.933, 596.967, 612.967, 722.967, 750.167]"
8100,393.3888,612.60762220723791,289.7154556568517,303.11689999999999,337.38350000000003,366.08689999999996,"[206.0, 212.267, 218.167, 226.233, 249.033, 251.633, 280.8, 300.867, 300.9, 304.067, 309.133, 316.033, 319.0, 323.833, 337.067, 337.7, 342.133, 346.3, 353.233, 355.533, 361.367, 377.1, 385.0, 499.433, 499.433, 569.533, 631.433, 711.0, 787.533, 1089.9]"
8400,398.02216666666669,619.82296676326223,293.12774887683815,280.71300000000002,335.06650000000002,396.02999999999997,"[215.867, 242.167, 254.733, 254.9, 260.467, 261.0, 263.3, 271.8, 278.333, 281.733, 294.033, 308.567, 311.133, 312.433, 326.233, 343.9, 349.233, 366.8, 369.5, 377.0, 391.8, 405.9, 435.333, 452.8, 579.933, 638.167, 670.7, 698.333, 729.767, 994.8]"
8700,451.85120000000001,703.64862757528192,332.77072529033671,310.78679999999997,352.81650000000002,408.38989999999995,"[231.9, 247.633, 250.7, 252.2, 258.767, 277.367, 282.833, 290.367, 296.833, 316.767, 324.567, 328.8, 341.7, 348.833, 350.9, 354.733, 369.833, 373.2, 395.8, 395.9, 403.4, 420.033, 423.4, 587.5, 624.467, 778.3, 896.3, 987.133, 1049.97, 1095.4]"
9000,463.36236666666662,721.57447711776467,341.24824904285657,316.56319999999999,352.73349999999999,424.85319999999984,"[212.0, 243.133, 250.1, 251.533, 264.267, 267.167, 274.933, 295.633, 297.967, 324.533, 332.233, 338.433, 340.533, 343.233, 347.267, 358.2, 368.667, 387.0, 392.633, 405.233, 406.933, 466.667, 505.367, 536.6, 723.433, 724.9, 751.933, 1120.37, 1170.57, 1199.4]"
9300,450.40233333333333,701.39236922842008,331.70369169273727,323.0299,378.64999999999998,435.00319999999994,"[233.667, 239.967, 243.7, 255.6, 278.633, 284.767, 287.6, 293.933, 319.133, 324.7, 326.2, 331.267, 339.567, 364.967, 377.733, 379.567, 389.3, 391.2, 410.733, 415.367, 431.633, 442.867, 505.133, 555.1, 612.633, 656.3, 810.2, 887.933, 1031.57, 1091.1]"
9600,515.35993333333329,802.54807289941641,379.5424219320717,313.60989999999998,390.53300000000002,511.7430999999998,"[240.967, 245.8, 258.333, 276.7, 280.9, 281.5, 290.433, 310.133, 312.933, 313.9, 326.833, 336.333, 341.833, 346.4, 388.133, 392.933, 393.567, 435.933, 444.367, 462.267, 491.233, 559.6, 575.7, 770.5, 911.8, 954.267, 1001.43, 1074.87, 1126.37, 1314.83]"
9900,558.00766666666664,868.96157147858719,410.95080848348999,342.61009999999999,387.983,526.28679999999997,"[200.033, 200.567, 254.3, 261.367, 276.867, 292.8, 293.133, 299.567, 339.367, 344.0, 365.633, 370.1, 371.733, 374.867, 377.033, 398.933, 402.133, 458.467, 468.3, 507.6, 520.267, 540.333, 643.1, 745.133, 902.067, 1046.7, 1065.63, 1153.33, 1549.5, 1717.37]"
10200,561.80800000000011,874.87966870689741,413.74960525481299,339.09300000000002,436.267,568.29689999999994,"[248.267, 254.167, 296.633, 310.7, 312.533, 322.467, 326.8, 331.9, 338.533, 339.333, 372.4, 403.8, 405.6, 409.733, 412.467, 460.067, 467.733, 476.733, 512.4, 529.667, 565.467, 574.9, 776.267, 798.633, 842.6, 1008.97, 1066.23, 1083.37, 1302.57, 1303.3]"
10500,569.08463333333339,886.21125985541823,419.10856092872763,339.43999999999994,463.48349999999999,535.08679999999981,"[244.933, 258.667, 269.033, 287.0, 291.167, 293.133, 323.767, 331.4, 333.7, 341.9, 342.733, 398.733, 403.933, 442.967, 462.2, 464.767, 475.233, 479.5, 482.033, 507.3, 510.467, 592.533, 642.2, 791.167, 859.633, 923.4, 1083.7, 1125.17, 1201.37, 1908.8]"
10800,617.4471666666667,961.52417305795893,454.72567402748984,375.90689999999995,476.39999999999998,642.50689999999986,"[274.2, 278.067, 286.2, 288.2, 307.2, 316.767, 330.967, 331.5, 360.6, 382.467, 394.433, 412.333, 420.767, 443.267, 457.933, 494.867, 538.0, 577.4, 602.0, 634.367, 636.467, 656.6, 776.433, 1081.23, 1083.37, 1125.37, 1143.6, 1231.07, 1261.87, 1395.87]"
11100,681.11386666666669,1060.669613143649,501.61370693708989,385.73300000000006,567.29999999999995,807.86989999999992,"[263.833, 293.267, 295.8, 326.767, 330.833, 342.767, 366.7, 367.967, 380.833, 387.833, 397.8, 422.8, 434.833, 454.133, 566.333, 568.267, 705.2, 709.467, 718.033, 728.167, 790.4, 848.633, 931.833, 964.667, 1098.27, 1108.1, 1199.77, 1348.97, 1473.07, 1608.07]"
11400,723.44989999999996,1126.5977145893933,532.79253863710346,451.08009999999996,604.36699999999996,866.52309999999966,"[254.1, 303.067, 304.7, 321.167, 348.333, 349.267, 368.9, 381.367, 442.167, 454.9, 454.967, 457.833, 476.5, 493.533, 603.067, 605.667, 637.733, 668.933, 788.833, 800.7, 820.933, 972.9, 1018.03, 1053.83, 1096.3, 1286.7, 1325.7, 1401.2, 1522.0, 1690.17]"
11700,737.12130000000002,1147.8876034887319,542.86098969739578,400.06689999999998,623.68350000000009,852.64679999999976,"[276.033, 287.767, 301.9, 324.067, 339.133, 375.833, 378.967, 393.167, 399.6, 400.267, 421.967, 453.667, 465.367, 535.033, 601.767, 645.6, 669.667, 708.333, 727.5, 814.167, 839.667, 882.933, 890.167, 1064.07, 1145.7, 1151.0, 1382.47, 1396.53, 1429.03, 2412.27]"
12000,826.49733333333324,1287.0690933091032,608.68294045442963,425.44990000000001,667.26649999999995,994.78789999999981,"[286.133, 310.1, 316.067, 335.1, 351.633, 355.3, 367.867, 398.867, 408.533, 432.7, 452.2, 501.033, 571.733, 647.133, 649.533, 685.0, 711.667, 725.767, 733.067, 931.5, 975.467, 1039.87, 1269.37, 1320.57, 1367.37, 1444.8, 1583.07, 1655.83, 1659.57, 2308.07]"
12300,803.89329999999995,1251.8687949970351,592.03595452892966,440.89299999999997,626.06649999999991,966.00899999999979,"[311.4, 325.633, 336.033, 363.067, 371.167, 405.667, 410.7, 418.433, 433.333, 444.133, 488.0, 499.3, 563.6, 579.467, 591.233, 660.9, 729.933, 791.8, 846.233, 932.867, 946.5, 1011.53, 1127.27, 1144.1, 1240.4, 1254.93, 1261.27, 1363.3, 2126.73, 2137.87]"
12600,890.64319999999998,1386.9607192351316,655.92386086151032,480.66679999999997,804.18350000000009,1077.79,"[245.067, 358.3, 362.333, 363.6, 392.467, 402.367, 411.433, 447.0, 480.433, 480.767, 500.367, 541.667, 565.167, 566.367, 801.267, 807.1, 909.2, 952.6, 952.767, 955.667, 1070.53, 1094.73, 1095.63, 1251.87, 1385.1, 1612.4, 1657.33, 1797.1, 1989.77, 2268.9]"
12900,910.86323333333337,1418.4485158914788,670.81512408650144,426.55309999999997,743.66650000000004,1283.8699999999999,"[231.2, 303.5, 318.067, 327.2, 349.367, 398.033, 400.367, 410.3, 413.3, 432.233, 478.7, 581.2, 669.267, 716.3, 741.633, 745.7, 867.533, 920.467, 1051.77, 1093.67, 1281.23, 1290.03, 1400.2, 1432.5, 1462.03, 1560.83, 1611.13, 1619.4, 1810.57, 2408.17]"
13200,955.56866666666667,1488.0663830348178,703.73892615840509,518.27299999999991,835.95000000000005,1252.5219999999999,"[285.9, 303.4, 315.3, 344.967, 394.333, 413.933, 422.267, 460.333, 470.533, 538.733, 628.367, 650.1, 789.5, 816.867, 824.267, 847.633, 906.667, 1055.5, 1144.1, 1221.57, 1248.73, 1261.37, 1350.63, 1381.2, 1384.5, 1523.57, 1785.43, 1801.13, 1935.6, 2160.63]"
13500,1084.4184666666667,1688.7186883365403,798.63176123224093,630.0,1051.2685000000001,1521.3399999999999,"[278.667, 339.133, 381.933, 419.8, 429.2, 465.267, 483.5, 509.467, 611.8, 637.8, 665.867, 700.1, 790.8, 877.133, 924.267, 1178.27, 1204.87, 1258.0, 1452.7, 1463.57, 1502.83, 1564.53, 1626.37, 1723.87, 1732.27, 1733.27, 1738.67, 1819.6, 1875.13, 2143.87]"
13800,1096.1033666666667,1706.915085399012,807.23723278558657,581.75009999999997,1144.7849999999999,1420.0809999999999,"[244.867, 253.533, 386.433, 391.9, 403.567, 496.333, 549.267, 555.767, 558.067, 591.9, 785.567, 787.767, 821.7, 935.633, 1099.2, 1190.37, 1205.63, 1290.73, 1293.2, 1396.33, 1411.3, 1440.57, 1464.4, 1533.47, 1625.23, 1733.77, 1993.73, 2128.27, 2156.3, 2158.3]"
14100,1087.5975333333333,1693.6693134471302,800.97301941726516,530.84690000000001,1126.02,1386.9499999999998,"[255.333, 304.1, 354.933, 485.833, 496.7, 510.5, 515.5, 521.767, 528.7, 531.767, 717.233, 840.667, 876.333, 1091.77, 1109.17, 1142.87, 1244.47, 1264.53, 1292.2, 1331.67, 1376.0, 1412.5, 1493.97, 1573.27, 1642.23, 1686.47, 1876.27, 1961.0, 2039.37, 2150.8]"
14400,1067.5335333333335,1662.4245008546875,786.19666863580153,662.16300000000001,1130.75,1378.7909999999995,"[193.967, 306.867, 487.6, 501.533, 509.833, 598.8, 617.733, 641.3, 659.433, 663.333, 669.767, 755.2, 827.4, 1056.27, 1091.3, 1170.2, 1208.43, 1210.83, 1254.27, 1280.57, 1324.8, 1504.77, 1531.13, 1559.5, 1590.3, 1597.43, 1606.27, 1761.33, 1813.77, 2032.07]"
14700,1183.2084666666667,1842.5601474676921,871.38673001716904,678.35320000000002,1265.5650000000001,1602.4409999999998,"[278.967, 393.733, 424.1, 448.667, 460.2, 499.467, 557.733, 587.867, 653.667, 688.933, 690.233, 941.567, 1046.53, 1153.7, 1263.53, 1267.6, 1403.03, 1455.93, 1492.3, 1557.2, 1598.1, 1612.57, 1704.13, 1725.53, 1729.67, 1790.67, 1827.4, 1892.3, 2162.1, 2188.83]"
15000,1357.9696666666666,2114.7083204357164,1000.0915144165679,643.46679999999992,1336.115,1758.462,"[314.0, 327.4, 333.467, 483.167, 498.833, 552.633, 594.6, 605.267, 624.333, 651.667, 896.333, 1056.3, 1097.77, 1196.9, 1237.8, 1434.43, 1474.63, 1519.97, 1584.1, 1702.7, 1754.43, 1767.87, 1874.6, 1895.4, 1935.07, 2035.73, 2083.4, 2264.73, 2731.23, 4210.33]"
15300,1329.6798999999999,2070.6538717822109,979.25720840617976,837.06989999999996,1344.4349999999999,1681.0,"[284.467, 296.0, 444.367, 450.633, 452.0, 576.0, 644.5, 770.4, 821.833, 843.6, 972.967, 1171.93, 1183.07, 1236.3, 1307.87, 1381.0, 1404.1, 1546.5, 1575.2, 1583.7, 1680.97, 1681.07, 1745.67, 1836.73, 1838.8, 1999.43, 2231.53, 2251.03, 2492.9, 3185.83]"
15600,1467.4969333333333,2285.2704676029075,1080.7540598911285,871.66689999999994,1484.6199999999999,1957.5209999999997,"[221.267, 298.3, 377.867, 529.967, 619.2, 633.767, 659.833, 672.9, 774.6, 913.267, 974.3, 1177.7, 1252.77, 1439.0, 1445.57, 1523.67, 1636.0, 1667.7, 1838.33, 1919.67, 1922.43, 2039.4, 2098.8, 2221.4, 2281.13, 2337.57, 2415.6, 2644.13, 2726.07, 2762.7]"
15900,1416.4504999999999,2205.7780312486098,1043.1603594786516,988.78700000000003,1457.335,1817.759,"[281.2, 358.767, 544.4, 601.6, 761.067, 766.067, 766.333, 857.367, 976.467, 994.067, 1236.83, 1335.83, 1365.67, 1417.23, 1431.4, 1483.27, 1485.67, 1543.5, 1677.27, 1734.47, 1809.2, 1837.73, 1938.4, 1947.87, 1957.5, 2017.37, 2075.27, 2109.3, 2186.03, 2996.37]"
16200,1480.2374000000002,2305.1106536744924,1090.1369149841416,823.92319999999995,1455.8499999999999,1947.9809999999998,"[365.0, 392.7, 485.3, 553.633, 667.633, 682.233, 734.633, 750.6, 785.167, 840.533, 1067.1, 1161.0, 1220.07, 1279.97, 1300.03, 1611.67, 1686.13, 1738.03, 1827.5, 1857.83, 1903.23, 2052.4, 2176.3, 2258.53, 2333.43, 2351.43, 2551.27, 2562.87, 2585.87, 2625.03]"
16500,1538.1380333333334,2395.2768437404688,1132.7784654527543,967.48989999999992,1736.3699999999999,2038.7800000000002,"[278.567, 295.5, 485.8, 577.867, 650.467, 786.833, 820.667, 830.667, 894.433, 998.8, 1140.97, 1480.03, 1543.53, 1641.47, 1726.17, 1746.57, 1881.6, 1929.53, 1984.03, 2006.33, 2038.63, 2039.13, 2040.47, 2041.67, 2049.27, 2108.1, 2144.87, 2293.67, 2802.33, 2886.17]"
16800,1568.1173333333331,2441.9623306898611,1154.8570466420849,1141.7299999999998,1691.4699999999998,1997.9090000000001,"[333.033, 377.0, 393.867, 467.0, 627.4, 897.7, 1008.1, 1112.4, 1118.07, 1151.87, 1270.5, 1452.07, 1633.6, 1639.97, 1679.37, 1703.57, 1713.83, 1767.6, 1840.0, 1872.37, 1975.67, 2049.8, 2074.03, 2100.47, 2112.73, 2180.13, 2270.87, 2288.97, 2755.73, 3175.8]"
17100,1674.6129000000001,2607.8033405795159,1233.2868637143249,1429.568,1815.385,2113.0099999999998,"[318.367, 372.4, 491.533, 547.3, 627.367, 836.867, 931.933, 1153.4, 1410.43, 1437.77, 1462.63, 1574.2, 1606.53, 1644.2, 1681.57, 1949.2, 2010.27, 2040.1, 2045.7, 2078.43, 2102.33, 2137.93, 2165.33, 2165.43, 2193.97, 2381.03, 2535.17, 2669.23, 2805.57, 2862.2]"
17400,1731.4531333333332,2696.318214892251,1275.1474710824259,1320.269,1934.9499999999998,2273.7190000000001,"[241.533, 419.867, 457.4, 522.267, 551.967, 919.5, 959.8, 1150.87, 1170.63, 1384.4, 1644.23, 1696.93, 1702.17, 1756.2, 1927.33, 1942.57, 1967.93, 2023.83, 2040.73, 2120.4, 2267.47, 2288.3, 2301.33, 2431.87, 2548.6, 2615.8, 2696.9, 2707.57, 2721.17, 2764.03]"
17700,1643.4785999999999,2559.319221326281,1210.3576702267189,1486.5620000000001,1759.835,1932.2789999999995,"[364.967, 456.067, 474.733, 718.567, 733.467, 806.567, 1190.87, 1253.6, 1452.57, 1501.13, 1625.5, 1642.9, 1676.37, 1678.67, 1694.47, 1825.2, 1829.83, 1865.23, 1891.47, 1894.27, 1896.9, 2014.83, 2023.37, 2197.07, 2216.27, 2269.27, 2484.77, 2486.1, 2499.43, 2639.9]"
18000,1729.6120999999998,2693.4512520993662,1273.7916220825405,1547.011,1874.8000000000002,2088.5309999999999,"[308.067, 377.333, 595.133, 643.1, 918.5, 1012.3, 1184.3, 1406.8, 1460.4, 1584.13, 1634.97, 1777.47, 1825.13, 1865.83, 1867.67, 1881.93, 1951.33, 1996.47, 2011.83, 2012.5, 2073.6, 2123.37, 2201.7, 2220.4, 2294.03, 2315.1, 2475.2, 2592.3, 2618.17, 2659.3]"
18300,1745.0699666666667,2717.5231294458063,1285.1757359282224,1377.21,1784.5999999999999,2096.6909999999998,"[281.633, 296.6, 595.2, 686.933, 748.333, 1110.47, 1140.7, 1304.13, 1339.9, 1393.2, 1533.17, 1644.3, 1688.4, 1715.93, 1748.6, 1820.6, 1900.7, 1923.8, 1991.37, 2049.8, 2061.9, 2177.87, 2206.8, 2236.33, 2357.67, 2521.33, 2558.77, 2704.63, 2830.0, 3783.03]"
18600,1664.9289666666666,2592.7229636777156,1226.155025801763,1513.2090000000001,1751.4000000000001,1957.7289999999998,"[257.133, 293.533, 591.4, 897.833, 989.3, 1044.97, 1320.13, 1435.37, 1480.33, 1527.3, 1548.47, 1588.5, 1597.1, 1600.0, 1707.0, 1795.8, 1844.7, 1879.23, 1901.47, 1925.27, 1947.07, 1982.6, 2021.3, 2052.9, 2061.93, 2226.47, 2281.0, 2444.83, 2736.73, 2968.2]"
18900,1843.8640333333335,2871.3709214237429,1357.9336996539989,1761.499,1928.7,2162.1109999999999,"[332.267, 412.033, 672.867, 773.867, 979.967, 1443.03, 1446.33, 1473.27, 1637.13, 1814.8, 1862.43, 1872.43, 1897.0, 1914.6, 1924.97, 1932.43, 1957.37, 1998.83, 2037.57, 2072.67, 2161.73, 2163.0, 2164.8, 2265.43, 2332.7, 2386.83, 2627.0, 2636.47, 2647.7, 3474.4]"
19200,1778.7775666666666,2770.0145391817032,1310.0000641579509,1599.0599999999999,1850.8150000000001,2151.1900000000001,"[352.2, 439.7, 632.067, 904.133, 993.067, 1061.1, 1261.67, 1319.47, 1529.9, 1628.7, 1698.47, 1704.47, 1706.57, 1752.9, 1850.5, 1851.13, 1925.43, 2039.77, 2057.8, 2139.77, 2146.0, 2163.3, 2167.6, 2294.77, 2334.5, 2371.1, 2635.87, 2640.7, 2698.5, 3062.17]"
19500,1857.6427666666668,2892.8279559513171,1368.0811975137269,1554.0409999999999,2096.9850000000001,2281.0300000000002,"[453.233, 456.0, 505.1, 1014.6, 1228.2, 1264.27, 1424.3, 1524.27, 1531.97, 1563.5, 1825.07, 1855.87, 1970.47, 2001.43, 2064.9, 2129.07, 2146.2, 2206.4, 2239.17, 2259.57, 2280.13, 2283.13, 2331.23, 2332.6, 2350.0, 2393.13, 2431.27, 2436.13, 2516.6, 2711.47]"
19800,1935.5535666666665,3014.1551262527169,1425.4594526206079,1664.3100000000002,2051.0150000000003,2364.6890000000003,"[327.633, 340.967, 539.567, 983.7, 1157.03, 1393.3, 1510.8, 1583.1, 1652.97, 1669.17, 1805.77, 1914.6, 1968.1, 2017.33, 2041.73, 2060.3, 2211.9, 2251.07, 2258.33, 2287.33, 2350.07, 2398.8, 2402.67, 2420.33, 2461.2, 2586.47, 2610.4, 2884.8, 2894.97, 3082.2]"
20100,1883.9779999999998,2933.8386930963657,1387.4760662161307,1659.8009999999999,1985.5,2195.8899999999999,"[412.467, 441.833, 821.3, 1176.2, 1321.87, 1327.5, 1617.23, 1637.37, 1642.77, 1667.1, 1711.0, 1734.3, 1802.93, 1916.1, 1963.7, 2007.3, 2008.53, 2020.0, 2033.97, 2160.87, 2179.33, 2234.53, 2251.2, 2298.6, 2332.9, 2391.13, 2474.9, 2749.67, 2893.77, 3288.97]"
20400,2006.2040999999999,3124.1761925184742,1477.4908054630537,1828.8809999999996,2034.1999999999998,2376.1599999999999,"[341.3, 562.033, 767.9, 1325.53, 1345.3, 1375.67, 1377.93, 1527.4, 1653.37, 1904.1, 1932.73, 1952.07, 1953.97, 1996.63, 2015.53, 2052.87, 2181.73, 2205.17, 2281.63, 2321.67, 2363.53, 2405.63, 2545.83, 2624.23, 2656.4, 2777.87, 2799.5, 2862.73, 2998.27, 3077.6]"
20700,1953.1490999999999,3041.5559008472192,1438.4178743072243,1794.6610000000001,2011.635,2245.6179999999999,"[378.033, 576.167, 704.833, 1232.7, 1528.73, 1534.0, 1560.6, 1564.73, 1780.57, 1800.7, 1915.13, 1916.6, 1935.1, 1939.4, 2007.2, 2016.07, 2051.17, 2126.97, 2174.97, 2184.73, 2233.57, 2273.73, 2279.6, 2285.4, 2387.6, 2453.57, 2595.67, 2901.93, 2933.43, 3321.57]"
21000,1965.3722333333333,3060.5904657541391,1447.4197336464356,1745.509,2102.5,2326.9000000000001,"[311.967, 504.567, 878.833, 1493.33, 1497.27, 1627.97, 1640.47, 1640.7, 1707.73, 1761.7, 1894.9, 1990.43, 2028.77, 2062.23, 2084.07, 2120.93, 2137.23, 2191.53, 2237.57, 2314.47, 2325.07, 2331.17, 2349.33, 2362.83, 2445.17, 2460.1, 2524.3, 2598.67, 2635.33, 2802.53]"
21300,2040.0333333333333,3176.8570166635118,1502.4047118825772,1814.0999999999999,2143.585,2436.0589999999997,"[439.8, 462.467, 629.933, 1154.87, 1492.37, 1544.67, 1712.9, 1766.13, 1791.7, 1823.7, 1909.03, 1957.17, 1964.77, 2015.73, 2031.57, 2255.6, 2278.9, 2310.3, 2310.73, 2328.73, 2408.3, 2500.83, 2515.8, 2564.7, 2585.2, 2644.87, 2700.33, 2763.73, 3107.97, 3228.2]"
21600,2030.4237666666668,3161.8924478041322,1495.3276421096241,1758.8989999999999,2068.7150000000001,2340.0100000000002,"[359.8, 606.033, 803.2, 1455.4, 1550.33, 1585.8, 1664.53, 1667.97, 1703.13, 1782.8, 1853.8, 1902.2, 1914.8, 1931.97, 2018.5, 2118.93, 2239.23, 2257.43, 2304.77, 2309.3, 2337.73, 2345.33, 2388.97, 2495.17, 2508.03, 2605.93, 2810.67, 2906.83, 3191.33, 3292.8]"
21900,1867.6588999999999,2908.4256537633646,1375.4576877254119,1753.2800000000002,1847.8499999999999,1983.6489999999999,"[401.3, 708.467, 1289.6, 1357.6, 1494.73, 1510.17, 1519.87, 1522.4, 1748.17, 1755.47, 1785.07, 1796.9, 1799.23, 1821.93, 1845.5, 1850.2, 1855.33, 1889.03, 1890.57, 1904.63, 1959.7, 2039.53, 2144.33, 2172.33, 2308.27, 2377.27, 2435.0, 2702.57, 2922.93, 3221.67]"
22200,2050.5387666666666,3193.2166805242769,1510.1415523951673,1900.511,1995.915,2333.9209999999998,"[444.8, 722.633, 1001.2, 1384.27, 1526.97, 1670.37, 1798.63, 1852.63, 1887.47, 1906.1, 1920.53, 1931.97, 1938.0, 1956.47, 1988.0, 2003.83, 2035.3, 2037.1, 2293.33, 2317.93, 2323.7, 2357.77, 2418.53, 2533.73, 2570.4, 2650.93, 2857.17, 2915.0, 3021.9, 3249.5]"
22500,2092.9792333333335,3259.3074115517807,1541.3972951581104,1747.4400000000001,1982.8499999999999,2521.6489999999999,"[392.0, 750.767, 1190.77, 1195.63, 1361.13, 1520.87, 1640.5, 1733.97, 1738.27, 1751.37, 1758.53, 1809.9, 1811.37, 1946.37, 1963.53, 2002.17, 2094.9, 2207.4, 2312.53, 2396.63, 2509.97, 2548.9, 2671.23, 2704.67, 2764.57, 3039.0, 3047.07, 3080.43, 3165.7, 3679.23]"
22800,2075.7954333333332,3232.547811739877,1528.7420989580248,1920.3,2164.23,2363.8389999999999,"[424.1, 777.333, 1296.37, 1343.73, 1618.93, 1756.67, 1821.77, 1880.0, 1885.3, 1935.3, 2000.03, 2050.3, 2093.23, 2122.7, 2164.13, 2164.33, 2172.37, 2245.17, 2326.9, 2335.63, 2348.5, 2399.63, 2442.33, 2494.27, 2502.07, 2526.7, 2559.0, 2586.67, 2865.63, 3134.77]"
23100,2184.2547666666665,3401.4469118147026,1608.6181533268959,1914.1689999999999,2376.4349999999999,2551.1319999999996,"[329.233, 1225.83, 1333.1, 1354.83, 1361.1, 1410.67, 1575.27, 1844.83, 1904.6, 1918.27, 1947.9, 2108.33, 2165.0, 2318.43, 2347.27, 2405.6, 2477.3, 2506.17, 2518.6, 2519.9, 2539.93, 2577.27, 2589.47, 2601.47, 2602.5, 2755.37, 2880.03, 3085.17, 3154.27, 3169.93]"
23400,2182.9740999999999,3399.4525841635173,1607.6749924466728,1908.748,2120.6500000000001,2594.2379999999998,"[360.033, 1087.3, 1355.37, 1423.1, 1496.13, 1679.57, 1745.13, 1759.23, 1864.83, 1927.57, 1961.1, 2040.8, 2078.63, 2097.87, 2115.23, 2126.07, 2219.3, 2240.6, 2454.2, 2561.43, 2591.97, 2599.53, 2615.3, 2828.07, 2850.8, 2860.17, 2862.33, 2866.2, 3310.43, 3510.93]"
23700,2220.7956666666664,3458.3504989588009,1635.5290961234662,2039.1999999999998,2221.2150000000001,2479.6619999999994,"[316.6, 793.4, 1491.3, 1526.93, 1862.33, 1985.87, 1988.53, 1993.87, 2019.6, 2047.6, 2093.4, 2112.6, 2150.27, 2216.07, 2218.83, 2223.6, 2345.47, 2380.43, 2391.1, 2392.1, 2450.43, 2547.87, 2588.3, 2695.8, 2791.53, 2850.7, 2930.37, 2995.4, 3104.1, 3119.47]"
24000,2204.7282333333333,3433.3293694062913,1623.6960602835979,1857.8409999999999,2301.0500000000002,2538.1790000000001,"[380.367, 1152.3, 1279.93, 1612.2, 1678.3, 1728.07, 1767.93, 1810.27, 1831.57, 1869.1, 2066.7, 2198.4, 2198.57, 2216.97, 2280.0, 2322.1, 2334.57, 2445.7, 2487.77, 2525.17, 2534.0, 2547.93, 2562.77, 2600.13, 2787.73, 2834.73, 2854.77, 2972.93, 3051.0, 3209.87]"
24300,2155.152,3356.1264128901812,1587.1851046338259,1935.8099999999999,2181.9700000000003,2455.1100000000001,"[339.6, 1355.27, 1446.03, 1506.87, 1607.47, 1824.27, 1876.17, 1883.83, 1896.47, 1952.67, 2050.03, 2102.33, 2133.73, 2159.4, 2160.57, 2203.37, 2217.03, 2269.17, 2285.6, 2424.13, 2453.1, 2459.8, 2536.13, 2581.33, 2643.8, 2662.63, 2741.1, 2819.1, 2922.73, 3140.83]"
24600,2178.0718999999999,3391.8185969082006,1604.064713997665,2019.0720000000001,2228.0,2462.192,"[386.167, 1263.3, 1568.53, 1680.73, 1695.57, 1831.97, 1904.4, 1988.33, 2013.57, 2021.43, 2027.37, 2055.13, 2066.23, 2113.63, 2195.33, 2260.67, 2291.8, 2387.6, 2402.8, 2456.87, 2462.03, 2462.57, 2522.23, 2532.67, 2595.57, 2607.93, 2675.07, 2890.7, 2939.33, 3042.63]"
24900,2288.0179999999996,3563.0329753855717,1685.035713830893,2078.4079999999999,2253.5349999999999,2542.5279999999998,"[508.9, 1527.73, 1637.37, 1686.07, 1690.07, 1884.83, 1903.37, 1984.23, 2023.43, 2101.97, 2104.3, 2109.23, 2145.73, 2195.27, 2199.0, 2308.07, 2332.5, 2352.97, 2369.23, 2417.7, 2530.87, 2569.73, 2650.13, 2692.67, 2809.33, 2929.73, 3001.47, 3164.57, 3348.4, 3461.67]"
25200,2179.238233333333,3393.6348781293086,1604.9236728524024,1933.4089999999999,2071.3850000000002,2311.9779999999996,"[392.367, 1419.13, 1536.37, 1538.03, 1610.37, 1701.8, 1860.17, 1908.13, 1912.5, 1942.37, 1969.27, 1978.53, 2041.2, 2060.5, 2071.17, 2071.6, 2147.27, 2211.33, 2228.97, 2253.17, 2282.47, 2380.83, 2389.63, 2478.53, 2620.07, 2666.7, 2857.97, 3085.73, 3608.97, 4152.0]"
25500,2411.9544333333333,3756.0339040576118,1776.3100466427368,2155.6310000000003,2283.8850000000002,2697.6409999999996,"[422.533, 1904.47, 1953.03, 1954.5, 2069.63, 2090.97, 2094.43, 2118.9, 2148.4, 2158.73, 2162.93, 2183.1, 2188.0, 2250.53, 2263.67, 2304.1, 2393.57, 2416.43, 2452.87, 2651.07, 2694.83, 2704.2, 2810.97, 2820.83, 2971.57, 3028.87, 3069.73, 3218.93, 3248.47, 3608.37]"
25800,2220.4027666666666,3457.7386525240145,1635.2397406498799,1914.7090000000001,2193.5349999999999,2489.8799999999997,"[374.433, 1668.23, 1705.57, 1745.9, 1759.53, 1789.23, 1832.8, 1855.1, 1904.3, 1919.17, 1976.57, 2076.7, 2118.13, 2147.77, 2180.4, 2206.67, 2297.07, 2333.67, 2353.67, 2415.17, 2461.2, 2556.8, 2614.13, 2626.37, 2688.17, 2803.3, 2964.43, 3009.23, 3050.0, 3178.37]"
26100,2327.1149999999998,3623.9170681849514,1713.8291242427194,2132.2580000000003,2332.835,2482.3220000000001,"[440.7, 1675.43, 1811.93, 1835.67, 1892.6, 1995.23, 2049.77, 2052.57, 2100.03, 2146.07, 2156.67, 2245.33, 2293.03, 2301.53, 2327.87, 2337.8, 2407.53, 2464.23, 2467.1, 2467.53, 2474.03, 2501.67, 2659.57, 2703.9, 2757.33, 2840.53, 3006.33, 3021.8, 3140.17, 3239.5]"
26400,2339.3756666666668,3643.0100821531737,1722.8586254130382,2078.6689999999999,2331.5500000000002,2561.6210000000001,"[424.6, 1641.93, 1734.63, 1823.33, 1910.93, 1963.67, 1980.47, 2030.5, 2030.6, 2099.27, 2107.47, 2252.4, 2279.07, 2295.73, 2299.33, 2363.77, 2366.67, 2391.2, 2410.1, 2509.0, 2551.73, 2584.7, 2618.03, 2757.5, 2779.67, 2884.97, 3151.5, 3154.67, 3160.93, 3622.9]"
26700,2400.7554333333333,3738.5941783686776,1768.0624214233583,2104.9379999999996,2345.915,2666.4079999999999,"[332.033, 1429.73, 1604.1, 1733.57, 1973.17, 2012.43, 2043.43, 2050.67, 2096.93, 2108.37, 2165.5, 2231.13, 2284.83, 2285.93, 2312.23, 2379.6, 2390.97, 2442.53, 2460.97, 2506.43, 2661.47, 2677.93, 2733.6, 2828.77, 2862.17, 2974.77, 3003.57, 3119.2, 3630.9, 4685.73]"
27000,2309.7983333333332,3596.9505607723813,1701.076076942463,2195.5100000000002,2330.6199999999999,2588.27,"[526.4, 1357.6, 1381.2, 1656.53, 1671.47, 2098.87, 2117.27, 2144.7, 2169.47, 2206.67, 2213.57, 2219.1, 2260.33, 2318.97, 2324.27, 2336.97, 2365.23, 2403.8, 2447.03, 2487.4, 2584.67, 2596.67, 2598.07, 2622.83, 2649.13, 2694.73, 2912.73, 2966.67, 2974.57, 3987.03]"
27300,2468.5787666666665,3844.2125664964083,1818.0116521102336,2197.25,2486.7849999999999,2722.4889999999996,"[362.133, 1699.6, 1791.93, 1902.3, 1963.1, 2078.17, 2088.2, 2141.4, 2163.93, 2211.53, 2219.4, 2365.9, 2425.83, 2471.23, 2471.7, 2501.87, 2606.53, 2615.57, 2670.33, 2671.97, 2718.97, 2730.7, 2836.23, 2871.7, 2899.47, 2967.8, 3262.97, 3272.7, 3384.97, 3689.23]"
27600,2455.9346666666665,3824.5224481301748,1808.6997672958444,2180.9490000000001,2431.835,2757.482,"[355.9, 1536.4, 1757.23, 1892.93, 2037.33, 2039.13, 2078.8, 2090.1, 2129.73, 2202.9, 2227.8, 2248.47, 2333.17, 2336.3, 2396.0, 2467.67, 2512.4, 2595.97, 2625.07, 2698.37, 2725.13, 2832.97, 2975.5, 3025.47, 3059.47, 3120.8, 3126.37, 3229.3, 3235.93, 3785.43]"
27900,2388.7897666666668,3719.9605553352035,1759.2501762080105,2101.3900000000003,2373.0500000000002,2680.5189999999998,"[397.533, 1578.0, 1706.87, 1721.87, 1844.63, 1977.1, 2027.67, 2082.7, 2091.03, 2105.83, 2149.87, 2189.6, 2260.53, 2299.2, 2351.77, 2394.33, 2429.77, 2431.5, 2456.2, 2583.5, 2646.1, 2760.83, 2787.97, 3004.4, 3038.13, 3085.8, 3187.73, 3215.13, 3417.87, 3440.23]"
28200,2366.6071000000002,3685.416433385411,1742.9135103420342,2013.4780000000001,2447.2649999999999,2669.4789999999998,"[433.333, 1592.47, 1780.03, 1812.0, 1876.37, 1894.37, 1929.07, 1983.63, 2001.13, 2018.77, 2090.9, 2091.27, 2113.13, 2232.73, 2422.1, 2472.43, 2477.57, 2551.97, 2571.47, 2640.77, 2659.6, 2692.53, 2694.2, 2734.9, 2874.47, 3016.57, 3047.4, 3148.5, 3431.4, 3713.13]"
28500,2299.6087666666667,3581.0827826175673,1693.5718598682124,2146.4390000000003,2324.3699999999999,2543.3600000000001,"[483.333, 1411.93, 1573.37, 1902.27, 2009.93, 2096.53, 2105.3, 2137.2, 2139.53, 2149.4, 2172.57, 2174.57, 2200.4, 2241.6, 2308.37, 2340.37, 2351.93, 2413.0, 2414.27, 2459.67, 2535.53, 2561.63, 2563.53, 2602.5, 2602.87, 2646.13, 2743.23, 3037.27, 3109.3, 3500.73]"
28800,2256.4843333333333,3513.9269394329926,1661.8124024227786,2122.54,2317.335,2513.9299999999998,"[476.8, 1574.3, 1766.07, 1766.4, 1857.7, 1905.03, 1920.43, 2054.97, 2110.43, 2127.73, 2132.23, 2153.1, 2225.13, 2293.3, 2296.47, 2338.2, 2398.9, 2440.0, 2455.8, 2473.8, 2485.4, 2580.5, 2584.9, 2601.9, 2641.7, 2725.77, 2728.33, 2728.67, 2899.57, 2951.0]"
29100,2264.560766666667,3526.5040250547709,1667.7603794959664,2109.6799999999998,2228.1499999999996,2443.3180000000002,"[432.733, 1638.43, 1773.43, 1778.4, 1825.63, 1894.97, 1950.57, 1976.07, 2107.93, 2110.43, 2114.47, 2124.97, 2175.83, 2180.6, 2220.37, 2235.93, 2314.6, 2352.9, 2369.03, 2435.3, 2440.57, 2449.73, 2464.73, 2609.83, 2638.63, 2700.67, 2784.17, 2884.9, 3040.13, 3910.87]"
29400,2338.4362333333333,3641.5471426374693,1722.166769528412,2178.018,2429.25,2696.6819999999998,"[360.767, 1239.2, 1529.07, 1835.23, 1904.47, 2055.87, 2136.73, 2155.67, 2164.13, 2183.97, 2199.2, 2298.1, 2304.9, 2329.3, 2398.37, 2460.13, 2488.33, 2497.23, 2543.8, 2652.63, 2685.33, 2723.17, 2727.53, 2729.73, 2754.07, 2774.47, 2921.53, 2948.0, 3003.83, 3148.33]"
29700,2337.004566666667,3639.3176691179897,1721.1124030576789,2153.29,2441.9650000000001,2603.7290000000003,"[406.667, 1469.97, 1663.43, 1751.9, 1802.33, 1815.43, 1890.7, 2128.0, 2144.47, 2157.07, 2175.87, 2290.3, 2315.1, 2422.9, 2436.6, 2447.33, 2468.37, 2476.87, 2479.03, 2488.1, 2602.07, 2607.6, 2661.8, 2718.3, 2765.8, 2822.17, 2826.97, 3114.53, 3369.93, 3390.53]"
30000,2270.3499999999999,3535.5193515377218,1672.0239232803101,2008.059,2362.9650000000001,2523.3319999999994,"[477.2, 1536.67, 1591.6, 1667.37, 1702.53, 1788.4, 1842.47, 1917.77, 1988.2, 2016.57, 2086.0, 2155.17, 2216.43, 2236.57, 2353.7, 2372.23, 2381.67, 2399.67, 2423.6, 2439.9, 2489.33, 2602.67, 2674.43, 2743.97, 2792.13, 2827.03, 2992.03, 3022.33, 3082.53, 3290.33]"
30300,2307.8960999999999,3593.9882938262544,1699.6751565376824,1959.6500000000001,2319.6999999999998,2722.9099999999999,"[470.933, 1563.07, 1628.07, 1655.87, 1658.53, 1666.87, 1743.53, 1834.47, 1871.03, 1997.63, 2080.87, 2164.5, 2223.83, 2291.7, 2305.03, 2334.37, 2347.63, 2364.13, 2401.83, 2455.83, 2707.4, 2759.1, 2815.87, 2886.53, 2938.33, 3164.13, 3199.67, 3200.83, 3203.83, 3301.47]"
30600,2248.9094333333333,3502.1308703088648,1656.2337850217361,2066.5599999999999,2250.1849999999999,2562.2109999999998,"[446.833, 1394.63, 1526.17, 1544.57, 1667.97, 1802.3, 1871.8, 1942.33, 2023.93, 2084.83, 2120.73, 2124.2, 2164.8, 2225.4, 2232.0, 2268.37, 2300.13, 2339.1, 2388.93, 2442.0, 2506.3, 2692.67, 2696.87, 2750.77, 2818.53, 2838.63, 2909.03, 3000.43, 3016.9, 3326.13]"
30900,2386.3894333333333,3716.2226184751858,1757.4824246467178,2151.8180000000002,2426.6849999999999,2762.4189999999999,"[350.133, 1616.3, 1665.57, 1702.8, 1755.7, 1886.47, 2067.9, 2069.87, 2123.23, 2164.07, 2189.87, 2199.97, 2347.33, 2389.63, 2424.17, 2429.2, 2452.6, 2466.73, 2470.37, 2688.8, 2750.47, 2790.3, 2834.33, 2868.6, 2929.87, 2943.5, 2971.07, 3000.5, 3443.0, 3599.33]"
31200,2437.2092333333335,3795.3621283927209,1794.9092184786471,2203.4499999999998,2558.23,2701.5900000000001,"[510.167, 1578.5, 1841.0, 1858.9, 1901.47, 1941.03, 1973.63, 2000.6, 2159.63, 2222.23, 2237.7, 2384.03, 2465.73, 2490.07, 2542.63, 2573.83, 2590.57, 2591.63, 2631.23, 2653.43, 2678.67, 2755.07, 2776.6, 2794.13, 2938.47, 2988.23, 3024.4, 3103.0, 3332.73, 3576.97]"
31500,2590.6246666666671,4034.2694481339709,1907.8936811094088,2329.1790000000001,2558.4350000000004,2873.25,"[455.3, 1847.83, 2050.6, 2065.7, 2081.2, 2101.63, 2167.37, 2325.97, 2327.73, 2329.8, 2462.47, 2480.5, 2498.03, 2530.9, 2538.57, 2578.3, 2627.77, 2641.87, 2675.6, 2694.67, 2868.03, 2885.43, 2915.77, 2945.77, 3126.43, 3204.0, 3220.63, 3236.53, 3551.57, 4282.77]"
31800,2341.9006666666669,3646.9421571031307,1724.7181890954146,2180.9279999999999,2355.3649999999998,2493.7309999999998,"[341.5, 1802.37, 1809.53, 1862.37, 1892.6, 1969.8, 2053.93, 2114.67, 2140.93, 2198.07, 2215.47, 2261.87, 2281.27, 2293.0, 2348.5, 2362.23, 2368.43, 2381.73, 2386.43, 2389.33, 2471.3, 2546.07, 2648.43, 2695.9, 2712.57, 2839.5, 2847.73, 3114.23, 3148.93, 3758.33]"
32100,2479.9590000000003,3861.9345191358766,1826.3927485869208,2304.3510000000001,2537.2350000000001,2760.4880000000003,"[520.1, 1725.5, 1915.03, 1961.93, 1981.93, 2066.3, 2178.63, 2265.2, 2293.97, 2308.8, 2353.77, 2412.47, 2443.83, 2477.37, 2493.57, 2580.9, 2614.4, 2680.2, 2701.83, 2730.47, 2744.57, 2797.63, 2808.0, 2815.47, 2823.77, 2874.33, 2947.47, 3015.1, 3408.1, 3458.13]"
32400,2372.7147666666665,3694.9276425349876,1747.4115678142689,2056.5100000000002,2245.915,2829.8890000000001,"[445.933, 1677.77, 1698.67, 1883.1, 1893.57, 1933.6, 1970.87, 1972.73, 2026.2, 2069.5, 2135.17, 2163.37, 2165.37, 2177.0, 2207.9, 2283.93, 2395.2, 2600.47, 2655.97, 2732.43, 2823.4, 2845.03, 2859.3, 2867.6, 2897.3, 2969.73, 3121.3, 3151.4, 3228.0, 3329.63]"
32700,2375.5169000000001,3699.2912854207057,1749.4752293508402,2191.5799999999999,2429.0349999999999,2720.3789999999999,"[484.767, 1266.17, 1429.07, 1740.4, 2034.93, 2096.1, 2111.9, 2140.63, 2159.8, 2205.2, 2206.3, 2211.97, 2327.77, 2382.97, 2427.47, 2430.6, 2437.53, 2509.9, 2638.3, 2697.7, 2710.5, 2743.43, 2783.9, 2844.6, 2862.3, 3003.03, 3017.4, 3064.27, 3134.93, 3161.67]"
33000,2514.8197666666665,3916.2217062037025,1852.0663389366723,2412.3800000000001,2536.6999999999998,2754.4309999999996,"[508.933, 1867.27, 1906.17, 1929.33, 2014.63, 2121.8, 2312.27, 2377.7, 2410.07, 2413.37, 2424.73, 2438.77, 2438.93, 2495.83, 2508.7, 2564.7, 2570.87, 2575.93, 2579.9, 2741.8, 2747.6, 2770.37, 2890.13, 2947.83, 3009.7, 3023.63, 3040.23, 3188.43, 3219.9, 3405.07]"
33300,2454.5752333333335,3822.4054605039832,1807.6985978482096,2206.058,2457.9849999999997,2798.5989999999997,"[695.867, 1192.6, 1837.27, 1958.27, 1982.43, 2014.67, 2022.2, 2084.7, 2205.33, 2206.37, 2220.47, 2234.4, 2294.9, 2433.77, 2446.47, 2469.5, 2547.73, 2547.83, 2583.57, 2729.87, 2788.87, 2821.3, 2873.8, 2962.1, 3042.87, 3122.57, 3132.23, 3233.87, 3423.23, 3528.2]"
33600,2501.8564333333334,3896.0344593649183,1842.5193512657006,2240.0120000000002,2468.7150000000001,2716.8189999999995,"[597.233, 1531.23, 1688.3, 1985.8, 2013.53, 2139.33, 2178.23, 2213.07, 2237.17, 2241.23, 2348.6, 2409.07, 2410.4, 2456.2, 2467.03, 2470.4, 2522.97, 2600.47, 2676.4, 2680.3, 2696.2, 2764.93, 2799.97, 2848.97, 2928.67, 3172.13, 3378.13, 3404.63, 3482.5, 3712.6]"
33900,2474.9666666666667,3854.1601710797054,1822.7160904653429,2293.1980000000003,2546.3500000000004,2642.4089999999997,"[597.5, 1687.17, 1792.27, 1864.83, 1997.1, 2164.9, 2263.37, 2267.47, 2292.33, 2293.57, 2394.0, 2409.13, 2503.17, 2511.43, 2545.17, 2547.53, 2553.77, 2561.23, 2566.77, 2593.9, 2628.0, 2676.03, 2708.27, 2720.3, 3007.63, 3013.6, 3071.73, 3223.7, 3373.53, 3419.6]"
34200,2466.6525666666666,3841.2129772811195,1816.5930811934047,2241.3789999999999,2447.2150000000001,2680.982,"[583.467, 1836.67, 1855.67, 1925.7, 1937.17, 1986.07, 2080.57, 2096.1, 2223.83, 2248.9, 2285.17, 2316.8, 2380.53, 2421.2, 2444.43, 2450.0, 2470.1, 2487.57, 2504.43, 2532.93, 2680.13, 2682.97, 2759.37, 2844.97, 2900.33, 2967.07, 3095.7, 3373.43, 3574.33, 4053.97]"
34500,2332.2256666666667,3631.8756917008227,1717.5929302332402,2086.009,2348.585,2581.1789999999996,"[559.7, 1607.27, 1641.5, 1765.97, 1934.03, 1940.7, 1993.4, 1993.43, 2024.5, 2112.37, 2219.73, 2220.93, 2225.0, 2266.67, 2336.9, 2360.27, 2398.33, 2446.8, 2470.07, 2544.47, 2550.0, 2653.93, 2656.97, 2788.43, 2816.87, 2916.83, 2929.0, 3019.73, 3245.4, 3327.57]"
34800,2379.7944333333335,3705.9525058831223,1752.6254652466107,2289.5010000000002,2409.6849999999999,2577.7189999999996,"[668.833, 1634.0, 1642.6, 1754.57, 1759.63, 2094.2, 2238.73, 2252.23, 2282.27, 2292.6, 2298.33, 2344.67, 2368.03, 2394.87, 2409.2, 2410.17, 2446.27, 2450.07, 2478.2, 2517.93, 2557.37, 2625.2, 2626.6, 2720.5, 2735.83, 2962.43, 2981.2, 3000.93, 3107.37, 3339.0]"
35100,2408.7088999999996,3750.9797732381076,1773.9198383589314,2143.5810000000001,2539.2150000000001,2714.8109999999997,"[576.867, 1564.5, 1757.67, 1962.53, 2008.3, 2046.1, 2059.13, 2105.5, 2140.2, 2145.03, 2186.37, 2188.37, 2207.13, 2348.93, 2538.83, 2539.6, 2570.17, 2578.87, 2619.37, 2677.83, 2704.23, 2739.5, 2809.77, 2885.0, 2903.43, 2970.4, 2990.83, 3107.57, 3136.17, 3193.07]"
35400,2374.3034333333335,3697.4016054671979,1748.5815586406989,2184.4490000000001,2309.9349999999999,2629.549,"[709.933, 1659.47, 1758.07, 1831.0, 1962.63, 1966.5, 1987.4, 2114.63, 2160.53, 2194.7, 2211.73, 2219.2, 2267.8, 2274.6, 2301.6, 2318.27, 2365.2, 2427.87, 2445.53, 2474.87, 2616.1, 2660.93, 2683.67, 2700.27, 2842.77, 2872.87, 2897.8, 2956.0, 3126.93, 4220.23]"
35700,2414.5963333333334,3760.1480223983203,1778.2557026001502,2131.3220000000001,2418.5349999999999,2734.9080000000004,"[778.6, 1405.9, 1583.17, 1610.47, 1757.77, 1887.47, 2010.9, 2052.67, 2096.77, 2146.13, 2170.63, 2179.9, 2213.6, 2275.4, 2402.47, 2434.6, 2581.4, 2666.3, 2685.5, 2722.0, 2731.17, 2743.63, 2957.3, 2969.37, 2982.4, 3062.93, 3231.8, 3311.9, 3380.27, 3405.47]"
36000,2351.1636666666668,3661.3670324541963,1731.5400260814938,2073.5799999999999,2371.2150000000001,2592.4110000000001,"[778.4, 1664.23, 1671.5, 1772.07, 1803.23, 1835.73, 1848.07, 1934.73, 2042.43, 2086.93, 2232.57, 2266.47, 2297.13, 2312.37, 2360.0, 2382.43, 2433.73, 2443.8, 2471.43, 2559.67, 2578.23, 2625.5, 2794.83, 2905.5, 2969.97, 3031.43, 3055.8, 3058.93, 3115.7, 3202.1]"
36300,2500.3494333333333,3893.6876724541926,1841.4095047431892,2258.8490000000002,2390.5500000000002,2717.8299999999999,"[829.133, 1657.6, 2042.8, 2095.8, 2125.43, 2192.97, 2194.87, 2207.8, 2243.4, 2265.47, 2322.5, 2341.3, 2370.1, 2372.07, 2372.87, 2408.23, 2466.8, 2503.43, 2532.63, 2691.3, 2713.0, 2729.1, 2730.6, 2733.47, 2734.47, 2927.17, 2990.77, 3294.73, 3739.27, 4181.4]"
36600,2478.8254333333334,3860.1692640491024,1825.5579210998371,2331.6179999999999,2537.665,2711.3899999999999,"[974.933, 1892.23, 1937.27, 1991.77, 2060.97, 2096.5, 2122.43, 2234.1, 2314.23, 2339.07, 2361.43, 2428.3, 2516.77, 2518.87, 2525.1, 2550.23, 2573.73, 2620.93, 2651.53, 2678.67, 2682.5, 2778.8, 2793.47, 2794.3, 2907.77, 2926.7, 2927.83, 2948.4, 2987.0, 3228.93]"
36900,2444.2320000000004,3806.2983837944589,1800.0812112878102,2174.9279999999999,2446.5650000000001,2680.6099999999997,"[854.5, 1589.8, 1896.7, 1912.03, 1919.8, 1953.83, 2005.13, 2027.27, 2141.23, 2189.37, 2282.87, 2290.27, 2324.5, 2365.93, 2419.4, 2473.73, 2493.17, 2613.23, 2630.53, 2650.7, 2664.17, 2718.97, 2912.8, 2947.07, 2951.27, 3035.4, 3070.83, 3120.13, 3375.43, 3496.9]"
37200,2536.9053333333336,3950.6146184593799,1868.3314944527247,2390.6809999999996,2637.5349999999999,2844.049,"[1093.57, 1507.0, 1613.53, 1637.57, 1905.43, 2198.57, 2207.6, 2281.83, 2389.47, 2391.2, 2473.67, 2493.2, 2504.17, 2547.73, 2634.0, 2641.07, 2651.43, 2712.2, 2713.63, 2751.9, 2825.5, 2887.33, 2905.23, 2947.57, 3065.13, 3069.27, 3089.33, 3126.43, 3247.67, 3594.93]"
37500,2391.1413333333335,3723.6225499423922,1760.9820130278206,2206.2490000000003,2399.0,2603.2909999999997,"[1151.23, 1518.77, 1640.2, 1749.67, 1779.33, 2053.43, 2085.83, 2143.3, 2153.0, 2229.07, 2282.07, 2312.33, 2346.97, 2363.17, 2381.77, 2416.23, 2422.1, 2433.5, 2592.93, 2595.87, 2598.2, 2615.17, 2719.8, 2735.17, 2740.07, 2822.43, 2856.3, 3195.23, 3282.93, 3518.17]"
37800,2431.5576666666666,3786.5611843459851,1790.7470608066228,2293.4180000000001,2423.4499999999998,2611.4789999999998,"[1469.17, 1511.8, 1796.43, 2045.63, 2054.3, 2100.63, 2110.2, 2150.77, 2264.83, 2305.67, 2349.17, 2382.67, 2387.13, 2388.97, 2401.0, 2445.9, 2474.43, 2502.93, 2563.7, 2569.5, 2584.2, 2675.13, 2763.67, 2779.73, 2808.37, 2849.67, 2880.3, 2955.73, 3134.8, 3240.3]"
38100,2545.1100000000001,3963.3913963891782,1874.3739103574119,2333.4989999999998,2567.5149999999999,2729.7909999999993,"[1497.43, 1964.2, 2047.13, 2069.87, 2119.33, 2119.93, 2235.7, 2236.53, 2303.0, 2346.57, 2395.33, 2428.1, 2462.53, 2467.77, 2541.43, 2593.6, 2608.0, 2668.9, 2675.27, 2692.17, 2701.33, 2796.2, 2811.6, 2899.83, 2942.77, 2962.27, 3034.57, 3042.97, 3280.47, 3408.5]"
38400,2597.8486666666668,4045.5190756343595,1913.2138743931655,2252.29,2541.5299999999997,2835.8000000000002,"[1537.27, 1710.53, 1843.5, 1966.03, 1998.57, 2056.97, 2090.63, 2127.47, 2192.3, 2278.0, 2344.0, 2366.17, 2466.83, 2487.6, 2507.13, 2575.93, 2598.2, 2667.0, 2793.7, 2799.87, 2833.4, 2841.4, 2993.9, 2996.03, 3067.73, 3307.0, 3319.53, 3579.07, 3618.33, 3971.37]"
38700,2480.5129999999999,3862.7972397387571,1826.8007479057462,2277.1689999999999,2417.335,2732.8899999999999,"[1293.37, 1757.2, 1832.33, 1883.5, 2026.6, 2071.87, 2214.3, 2229.93, 2251.5, 2288.17, 2329.3, 2341.03, 2357.9, 2368.57, 2414.3, 2420.37, 2446.77, 2527.87, 2639.03, 2672.5, 2730.97, 2737.37, 2789.3, 2805.87, 2827.7, 2908.3, 3150.8, 3233.43, 3377.27, 3487.97]"
39000,2461.713666666667,3833.5218386790057,1812.9557746306773,2152.3609999999999,2391.6149999999998,2658.6689999999999,"[1425.63, 1839.57, 1918.2, 1975.7, 1998.67, 2008.0, 2043.87, 2057.47, 2127.7, 2162.93, 2166.77, 2200.2, 2310.9, 2325.0, 2378.03, 2405.2, 2541.37, 2553.67, 2580.2, 2591.77, 2656.5, 2663.73, 2690.7, 2695.8, 2830.07, 2845.0, 3044.23, 3286.13, 3679.57, 3848.83]"
39300,2740.741,4268.0392199673388,2018.448485702733,2509.2110000000002,2740.2849999999999,2881.6409999999996,"[1283.43, 2099.67, 2119.13, 2143.63, 2315.4, 2387.8, 2401.93, 2487.67, 2508.07, 2509.7, 2512.6, 2530.07, 2547.73, 2556.43, 2729.97, 2750.6, 2782.63, 2810.23, 2842.2, 2864.37, 2866.2, 2917.67, 2966.03, 3171.7, 3198.33, 3217.57, 3460.07, 3637.3, 3736.47, 3867.63]"
39600,2339.4916666666668,3643.1907240122614,1722.9440548732978,2121.1190000000001,2276.9850000000001,2445.1779999999999,"[1730.07, 1757.8, 1783.97, 1807.9, 1864.57, 1925.5, 1929.93, 2097.67, 2099.23, 2130.5, 2149.13, 2191.3, 2215.63, 2271.63, 2271.67, 2282.3, 2296.1, 2391.43, 2392.57, 2411.17, 2443.57, 2448.93, 2480.17, 2674.67, 2737.23, 2776.27, 2936.77, 3013.83, 3272.57, 3400.67]"
39900,2472.1200000000003,3849.7271783308443,1820.619631871615,2299.002,2465.9499999999998,2759.8090000000002,"[1457.2, 1747.87, 1748.37, 1882.57, 1900.23, 1944.43, 2195.23, 2246.7, 2267.67, 2312.43, 2323.73, 2337.33, 2374.57, 2440.73, 2464.17, 2467.73, 2514.83, 2527.27, 2701.67, 2741.03, 2747.17, 2789.3, 2860.77, 2885.3, 2908.33, 2934.13, 3005.63, 3008.67, 3209.17, 3219.37]"
40200,2457.7793333333334,3827.3950689583021,1810.0582921035373,2098.3719999999998,2412.0799999999999,2649.2510000000002,"[1656.17, 1662.17, 1826.5, 1870.77, 1979.13, 1982.37, 2040.4, 2045.2, 2083.07, 2104.93, 2266.27, 2277.47, 2301.93, 2324.27, 2360.33, 2463.83, 2502.37, 2533.7, 2539.3, 2640.5, 2645.33, 2658.4, 2695.1, 2762.63, 3011.0, 3023.57, 3158.07, 3177.7, 3508.4, 3632.5]"
40500,2590.2779999999998,4033.7295988999167,1907.6383746764486,2281.4989999999998,2487.5799999999999,2842.5899999999997,"[1561.1, 1644.67, 1657.2, 1839.7, 1932.9, 2003.0, 2061.43, 2130.2, 2273.4, 2284.97, 2289.57, 2314.23, 2323.9, 2362.0, 2386.03, 2589.13, 2606.7, 2616.47, 2785.5, 2805.07, 2808.6, 2921.9, 2932.43, 2963.27, 3052.97, 3300.33, 3477.47, 3607.37, 3769.2, 4407.63]"
40800,2513.6900000000001,3914.4623686950713,1851.2343100008734,2344.4690000000001,2502.0149999999999,2603.1880000000001,"[1704.77, 2017.4, 2040.03, 2154.57, 2173.83, 2214.33, 2216.4, 2246.93, 2283.73, 2370.5, 2381.73, 2382.53, 2425.47, 2476.17, 2478.6, 2525.43, 2531.97, 2543.03, 2543.27, 2561.67, 2599.87, 2610.93, 2732.1, 2804.3, 2920.87, 2994.9, 3012.0, 3038.13, 3158.27, 3266.97]"
41100,2537.9299999999998,3952.2102882146496,1869.0861213516848,2246.5619999999999,2572.6499999999996,2793.0419999999999,"[1789.63, 1865.27, 1871.8, 1941.97, 2046.9, 2075.87, 2171.67, 2173.4, 2204.17, 2264.73, 2329.37, 2335.97, 2372.03, 2407.7, 2561.1, 2584.2, 2625.4, 2716.67, 2744.23, 2749.77, 2765.73, 2856.77, 2866.8, 2907.73, 2929.33, 2945.63, 2976.13, 2994.33, 3154.63, 3908.97]"
41400,2585.8726666666671,4026.8693609410243,1904.3940190822202,2302.3600000000001,2579.335,2809.0409999999997,"[1330.17, 1773.17, 1943.53, 2012.97, 2032.27, 2178.07, 2225.63, 2298.03, 2299.07, 2303.77, 2404.5, 2436.5, 2436.63, 2469.83, 2508.47, 2650.2, 2655.67, 2686.77, 2692.13, 2788.37, 2802.9, 2823.37, 2950.67, 2966.83, 3002.7, 3045.3, 3231.03, 3438.43, 3556.3, 3632.9]"
41700,2602.0369999999998,4052.0413887361678,1916.2984179798393,2245.3580000000002,2560.8800000000001,2823.3310000000001,"[1843.4, 1882.47, 1983.23, 2030.97, 2075.43, 2094.9, 2126.47, 2227.73, 2236.23, 2249.27, 2321.77, 2344.7, 2405.07, 2449.07, 2548.53, 2573.23, 2577.57, 2653.63, 2656.37, 2668.07, 2819.23, 2832.9, 2996.4, 3042.97, 3159.3, 3235.77, 3236.2, 3374.3, 3594.3, 3821.63]"
42000,2597.9360000000001,4045.6550761144763,1913.2781919753147,2377.5079999999998,2615.1350000000002,2805.8399999999997,"[2009.3, 2040.33, 2098.47, 2101.53, 2109.3, 2134.23, 2210.93, 2254.93, 2372.93, 2379.47, 2416.0, 2454.63, 2551.73, 2567.7, 2592.5, 2637.77, 2638.07, 2684.63, 2756.43, 2795.8, 2803.2, 2812.0, 2828.7, 2839.7, 2869.07, 2954.2, 3052.0, 3149.63, 3265.37, 3557.53]"
42300,2465.3276666666666,3839.1497669440123,1815.617344194284,2182.4400000000001,2464.4499999999998,2737.3809999999999,"[1620.57, 1715.2, 1921.1, 1986.3, 2041.67, 2054.23, 2078.67, 2162.2, 2180.83, 2183.13, 2210.33, 2267.47, 2381.5, 2431.43, 2451.43, 2477.47, 2494.23, 2581.73, 2622.37, 2641.07, 2722.9, 2771.17, 2804.93, 2825.2, 2837.33, 2943.63, 2969.97, 3184.27, 3191.5, 3206.0]"
42600,2551.7366666666667,3973.7108221324288,1879.2541910182222,2280.5619999999999,2544.23,2725.04,"[1781.57, 1916.83, 1930.2, 1974.93, 2015.83, 2156.43, 2191.77, 2213.63, 2224.87, 2304.43, 2319.77, 2410.67, 2415.03, 2525.27, 2536.13, 2552.33, 2568.47, 2650.97, 2667.0, 2679.97, 2718.23, 2740.93, 2755.57, 2850.53, 2862.27, 3059.17, 3171.73, 3289.07, 3341.47, 3727.03]"
42900,2718.097666666667,4232.7777214392181,2001.7725568652661,2437.761,2609.73,2864.9699999999998,"[1924.4, 2002.9, 2035.3, 2236.5, 2282.63, 2320.77, 2392.53, 2410.2, 2421.57, 2444.7, 2506.47, 2529.3, 2538.47, 2554.57, 2564.83, 2654.63, 2799.83, 2804.9, 2832.17, 2861.53, 2862.6, 2870.5, 2922.0, 3020.4, 3029.07, 3088.3, 3370.83, 3436.73, 3520.87, 4303.43]"
43200,2717.9016666666666,4232.4724989876568,2001.6282105358616,2363.98,2546.8850000000002,2945.2919999999999,"[1900.0, 2107.67, 2108.8, 2290.57, 2291.53, 2306.73, 2320.4, 2336.23, 2355.23, 2367.73, 2368.2, 2375.73, 2493.3, 2494.0, 2523.5, 2570.27, 2666.0, 2838.67, 2915.07, 2935.23, 2942.43, 2951.97, 3012.7, 3062.5, 3395.5, 3400.73, 3421.03, 3519.03, 3549.0, 3717.3]"
43500,2604.7320000000004,4056.2381974451314,1918.2831800091483,2312.6700000000001,2440.1999999999998,2722.8709999999996,"[1814.03, 1850.83, 1854.37, 2087.03, 2133.93, 2172.87, 2206.5, 2210.13, 2307.7, 2314.8, 2343.17, 2356.63, 2372.0, 2372.0, 2380.73, 2499.67, 2505.83, 2578.17, 2642.63, 2690.93, 2693.3, 2791.87, 2881.43, 2984.53, 3107.87, 3144.67, 3169.2, 3591.07, 3848.47, 4235.6]"
43800,2585.3983333333331,4026.1307018448133,1904.0446911455831,2361.0999999999999,2475.7650000000003,2861.7200000000003,"[1832.67, 2042.43, 2042.67, 2047.27, 2052.63, 2080.27, 2137.97, 2177.43, 2237.27, 2414.17, 2422.0, 2440.83, 2452.37, 2456.53, 2461.8, 2489.73, 2500.8, 2502.4, 2505.23, 2778.2, 2858.27, 2869.77, 2966.57, 3009.97, 3052.97, 3080.2, 3232.53, 3275.07, 3424.0, 3717.93]"
44100,2731.1076666666663,4253.0376402902775,2011.353912709905,2344.4210000000003,2782.6999999999998,2958.25,"[1868.1, 2083.9, 2087.3, 2183.77, 2201.13, 2237.3, 2269.0, 2295.47, 2325.57, 2352.5, 2490.27, 2641.87, 2662.27, 2729.8, 2772.1, 2793.3, 2817.2, 2880.8, 2900.57, 2933.57, 2955.67, 2964.27, 2996.9, 3048.9, 3081.1, 3165.0, 3270.23, 3354.9, 3402.8, 4167.67]"
44400,2727.0256666666669,4246.6809155593,2008.3476794618027,2421.6210000000001,2595.4850000000001,2876.9499999999998,"[2139.97, 2153.8, 2217.67, 2224.63, 2263.97, 2329.73, 2336.1, 2350.5, 2420.2, 2422.23, 2467.17, 2480.87, 2492.53, 2519.53, 2542.4, 2648.57, 2804.67, 2809.0, 2812.9, 2832.3, 2872.6, 2887.1, 2900.03, 2952.0, 3009.03, 3233.4, 3367.07, 3533.3, 3632.5, 4155.0]"
44700,2557.5929999999998,3982.8306405873177,1883.5671513265613,2296.4099999999999,2551.4650000000001,2717.8719999999998,"[1786.97, 1875.23, 1915.27, 1960.87, 2019.97, 2092.43, 2125.03, 2193.83, 2262.67, 2310.87, 2356.8, 2442.03, 2469.0, 2470.23, 2537.7, 2565.23, 2580.9, 2604.1, 2607.17, 2631.83, 2682.13, 2801.27, 2831.0, 2871.5, 2997.4, 3006.63, 3235.83, 3251.2, 3386.27, 3856.43]"
45000,2721.1460000000002,4237.5247610982742,2004.01753506663,2381.0990000000002,2624.085,3034.3519999999999,"[1997.9, 2035.17, 2109.47, 2157.83, 2181.1, 2290.4, 2313.77, 2359.93, 2369.5, 2386.07, 2454.5, 2490.43, 2552.2, 2584.57, 2585.87, 2662.3, 2775.43, 2779.17, 2803.97, 2916.57, 3024.83, 3056.57, 3061.07, 3075.93, 3145.67, 3170.23, 3276.2, 3328.73, 3594.2, 4094.8]"
45300,2682.4693333333335,4177.295235495184,1975.5336837047671,2485.9209999999998,2655.585,2887.6900000000001,"[2003.6, 2020.3, 2143.63, 2247.47, 2271.97, 2272.1, 2304.27, 2318.83, 2359.2, 2540.23, 2587.13, 2590.73, 2610.7, 2636.27, 2645.8, 2665.37, 2672.57, 2743.7, 2827.47, 2861.13, 2879.17, 2907.57, 2923.67, 2995.1, 3029.17, 3115.07, 3150.73, 3267.23, 3286.07, 3597.83]"
45600,2698.1233333333334,4201.6725429275057,1987.0622420746354,2506.4099999999999,2686.6500000000001,2983.241,"[1789.47, 1894.07, 2068.9, 2070.8, 2171.07, 2298.9, 2340.8, 2379.4, 2429.97, 2539.17, 2543.07, 2639.5, 2646.3, 2646.47, 2683.53, 2689.77, 2798.1, 2815.97, 2826.8, 2975.77, 2978.9, 2993.37, 3002.2, 3066.4, 3086.47, 3092.13, 3209.83, 3259.23, 3421.77, 3585.57]"
45900,2612.3236666666667,4068.0603765850983,1923.8741454040151,2339.1100000000001,2515.4499999999998,2725.3519999999999,"[1897.93, 1945.67, 1967.47, 2056.6, 2096.83, 2165.73, 2265.3, 2283.27, 2332.6, 2341.9, 2354.87, 2357.9, 2450.9, 2460.47, 2502.07, 2528.83, 2582.87, 2592.27, 2631.23, 2673.77, 2705.33, 2772.07, 2872.8, 2883.07, 2887.87, 2953.93, 3374.8, 3418.43, 3929.63, 4083.3]"
46200,2440.8603333333331,3801.0478309074865,1797.5981107403197,2233.0919999999996,2353.9200000000001,2718.2289999999998,"[1579.3, 1760.57, 1859.03, 1876.77, 1890.97, 1954.33, 2178.27, 2190.87, 2212.47, 2241.93, 2245.4, 2250.4, 2284.03, 2291.2, 2307.47, 2400.37, 2446.6, 2453.8, 2500.27, 2643.13, 2707.9, 2742.33, 2849.47, 2851.2, 2851.73, 2863.33, 2947.3, 2954.83, 3434.67, 3455.87]"
46500,2641.5903333333335,4113.6361099984497,1945.4279000327447,2385.9299999999998,2604.665,2737.3999999999996,"[2091.0, 2099.67, 2127.4, 2242.77, 2273.2, 2282.4, 2296.3, 2331.8, 2363.6, 2395.5, 2404.47, 2417.53, 2464.8, 2524.9, 2580.73, 2628.6, 2634.2, 2646.1, 2656.47, 2704.87, 2711.33, 2798.23, 2814.17, 2836.77, 2959.63, 2987.9, 3060.83, 3289.17, 3574.57, 4048.8]"
46800,2684.2263333333331,4180.0313367573908,1976.8276454433549,2399.2919999999999,2571.3649999999998,2828.9489999999996,"[1985.17, 2043.53, 2190.8, 2214.23, 2218.27, 2291.07, 2316.83, 2321.83, 2356.97, 2417.43, 2442.13, 2467.9, 2476.47, 2509.9, 2519.33, 2623.4, 2686.43, 2690.0, 2697.7, 2801.67, 2812.47, 2867.4, 2973.9, 3066.4, 3155.5, 3182.73, 3251.6, 3377.23, 3717.6, 3850.9]"
47100,2881.2093333333332,4486.7845723483597,2121.8979158772204,2576.7489999999998,2807.1350000000002,2974.3379999999997,"[2025.43, 2346.67, 2362.93, 2406.5, 2443.57, 2479.7, 2492.0, 2540.13, 2557.8, 2584.87, 2621.23, 2630.07, 2694.9, 2758.4, 2781.7, 2832.57, 2859.8, 2909.87, 2937.3, 2937.93, 2965.47, 2995.03, 3091.9, 3257.87, 3310.17, 3336.67, 3527.53, 3698.27, 3876.93, 4173.07]"
47400,2784.5223333333333,4336.2180255418634,2050.6917242899303,2608.6990000000001,2699.3999999999996,2904.7689999999998,"[2086.27, 2181.07, 2256.47, 2307.27, 2360.37, 2389.93, 2508.43, 2509.07, 2608.23, 2608.9, 2622.73, 2633.23, 2658.87, 2659.97, 2694.93, 2703.87, 2705.83, 2724.37, 2737.23, 2898.5, 2901.97, 2911.3, 2913.8, 3063.77, 3211.03, 3227.8, 3281.83, 3480.43, 3631.27, 4056.93]"
47700,2636.9253333333331,4106.3715041998175,1941.9923101007507,2171.3699999999999,2576.02,3055.4999999999995,"[1738.03, 1769.63, 1904.3, 1928.1, 1932.9, 2043.93, 2163.3, 2163.3, 2168.43, 2172.63, 2236.6, 2292.97, 2460.0, 2518.4, 2526.27, 2625.77, 2630.13, 2740.0, 2892.63, 2967.47, 3047.97, 3073.07, 3155.23, 3210.97, 3273.83, 3361.67, 3395.93, 3437.9, 3550.67, 3725.73]"
48000,2686.0023333333334,4182.7970259103104,1978.1355999383652,2319.0599999999999,2541.73,2922.9489999999996,"[1838.63, 2036.9, 2070.6, 2090.17, 2194.9, 2222.0, 2281.9, 2304.73, 2310.03, 2322.93, 2369.17, 2379.57, 2452.27, 2465.4, 2537.23, 2546.23, 2578.67, 2708.17, 2726.53, 2823.87, 2903.8, 2967.63, 3021.47, 3078.3, 3198.03, 3357.57, 3451.8, 3640.3, 3714.27, 3987.0]"
48300,2519.7063333333335,3923.831348334907,1855.6651040475012,2312.569,2480.165,2630.9409999999998,"[1618.57, 1624.2, 1857.33, 1885.83, 2106.9, 2182.73, 2225.0, 2229.93, 2279.2, 2326.87, 2386.67, 2458.27, 2459.27, 2468.33, 2469.23, 2491.1, 2515.3, 2527.73, 2568.7, 2610.83, 2622.7, 2650.17, 2675.63, 2693.1, 2720.4, 2859.9, 3163.5, 3360.47, 3747.8, 3805.53]"
48600,2817.087,4386.9295938799505,2074.6743268491459,2672.4700000000003,2826.8150000000001,2995.529,"[2064.53, 2075.0, 2124.2, 2196.9, 2368.7, 2566.67, 2586.6, 2620.13, 2647.9, 2683.0, 2702.5, 2709.13, 2742.33, 2789.03, 2812.63, 2841.0, 2920.87, 2941.6, 2951.53, 2953.6, 2975.0, 3043.43, 3051.73, 3053.63, 3145.0, 3147.13, 3325.97, 3438.67, 3448.53, 3585.67]"
48900,2605.6960000000004,4057.7393935844407,1918.9931282823404,2256.6099999999997,2631.3649999999998,2887.1490000000003,"[1714.23, 1911.13, 1990.77, 2092.17, 2096.6, 2154.43, 2222.5, 2229.23, 2242.4, 2262.7, 2360.3, 2371.23, 2424.4, 2600.13, 2601.6, 2661.13, 2705.07, 2712.83, 2759.3, 2799.13, 2883.3, 2896.13, 2907.1, 3014.43, 3031.5, 3049.27, 3137.3, 3254.27, 3272.23, 3814.07]"
49200,2630.3556666666668,4096.1408421287051,1937.1540077092059,2400.6210000000001,2625.6499999999996,2791.0299999999997,"[1847.1, 2038.37, 2048.73, 2141.07, 2157.83, 2176.07, 2227.57, 2245.33, 2304.77, 2441.7, 2509.93, 2516.37, 2559.43, 2580.5, 2625.37, 2625.93, 2642.37, 2675.17, 2715.6, 2738.27, 2767.03, 2847.03, 2960.2, 3010.2, 3174.53, 3177.83, 3218.97, 3227.43, 3257.6, 3452.37]"
49500,2692.2046666666665,4192.4556554276478,1982.7033757057541,2381.8680000000004,2685.5999999999999,2883.5390000000002,"[1239.67, 1555.6, 1964.3, 1978.3, 2003.07, 2099.93, 2140.07, 2282.1, 2352.23, 2394.57, 2396.47, 2512.4, 2571.23, 2611.0, 2661.73, 2709.47, 2741.3, 2744.7, 2799.27, 2863.17, 2876.9, 2899.03, 2909.4, 3203.6, 3353.5, 3398.0, 3478.27, 3905.3, 4024.23, 4097.33]"
49800,2622.7413333333334,4084.2833651542032,1931.5463492014146,2379.1799999999998,2565.1149999999998,2727.752,"[2005.27, 2045.37, 2185.4, 2218.4, 2233.33, 2319.57, 2331.03, 2352.53, 2366.93, 2384.43, 2450.2, 2483.4, 2490.13, 2548.67, 2565.1, 2565.13, 2589.87, 2592.9, 2658.1, 2689.1, 2707.73, 2774.47, 2850.27, 2899.17, 2917.47, 3018.5, 3057.07, 3062.27, 3551.73, 3768.7]"
50100,2636.0520000000001,4105.0114993986454,1941.3491342792556,2344.3800000000001,2596.2200000000003,2779.1719999999996,"[1903.33, 1992.27, 2040.67, 2097.3, 2103.1, 2174.33, 2266.77, 2295.6, 2341.37, 2345.67, 2355.6, 2373.03, 2390.17, 2500.93, 2532.67, 2659.77, 2732.4, 2747.37, 2750.87, 2752.67, 2776.43, 2785.57, 2966.43, 3055.17, 3246.5, 3247.53, 3261.7, 3312.57, 3392.0, 3681.77]"
50400,2720.5843333333332,4236.6501015219465,2003.6038895478437,2406.1509999999998,2561.8649999999998,2953.8499999999999,"[2095.23, 2145.13, 2159.23, 2218.83, 2224.37, 2327.37, 2337.13, 2361.73, 2399.9, 2408.83, 2421.9, 2425.8, 2496.33, 2527.93, 2556.2, 2567.53, 2760.73, 2808.07, 2843.73, 2868.5, 2946.8, 2970.3, 2988.0, 3097.97, 3119.73, 3153.13, 3270.2, 3510.83, 3615.3, 3990.8]"
50700,2752.3833333333332,4286.169329772898,2027.0226085719544,2532.529,2774.8299999999999,3013.5309999999999,"[1818.87, 1989.87, 1990.87, 2046.03, 2356.83, 2363.7, 2405.23, 2417.43, 2479.7, 2555.17, 2587.1, 2591.67, 2639.37, 2648.73, 2763.23, 2786.43, 2795.5, 2808.2, 2851.0, 2996.17, 3008.83, 3024.5, 3046.23, 3163.17, 3192.57, 3239.9, 3282.5, 3437.4, 3638.93, 3646.37]"
51000,2796.7836666666667,4355.3120776816895,2059.7217164341582,2515.9920000000002,2820.2349999999997,3109.6599999999999,"[1732.8, 1865.3, 1955.17, 1973.53, 1976.93, 2042.57, 2114.93, 2391.7, 2465.27, 2537.73, 2537.87, 2605.8, 2614.53, 2615.5, 2791.47, 2849.0, 2877.37, 2887.5, 2902.47, 2913.33, 3089.77, 3156.07, 3220.33, 3270.57, 3417.1, 3451.87, 3632.47, 3790.83, 3965.33, 4258.4]"
51300,2701.2506666666668,4206.5426059216297,1989.3654006842792,2525.6400000000003,2712.6999999999998,2945.6909999999998,"[1631.3, 1857.6, 2092.67, 2098.33, 2098.67, 2171.37, 2269.03, 2448.5, 2489.8, 2541.0, 2557.63, 2602.93, 2603.77, 2638.83, 2658.63, 2766.77, 2823.5, 2846.03, 2884.93, 2906.23, 2922.03, 3000.9, 3063.3, 3157.1, 3173.17, 3181.9, 3205.3, 3295.67, 3446.2, 3604.43]"
51600,2741.8256666666666,4269.7283251669633,2019.2473002535519,2478.8789999999999,2708.1149999999998,3011.181,"[1584.47, 1810.27, 1910.3, 1957.23, 2216.23, 2227.03, 2249.23, 2412.9, 2437.6, 2496.57, 2531.47, 2597.63, 2614.1, 2619.9, 2644.3, 2771.93, 2863.87, 2923.07, 2944.33, 2960.17, 2998.53, 3040.7, 3061.13, 3077.63, 3083.47, 3378.5, 3543.87, 3646.47, 3815.67, 3836.2]"
51900,2686.7596666666664,4183.9763888523958,1978.6933462996003,2322.1689999999999,2644.2649999999999,2902.3089999999997,"[1596.7, 1722.7, 2136.2, 2217.03, 2238.97, 2242.53, 2243.77, 2285.7, 2292.3, 2334.97, 2532.73, 2533.93, 2581.57, 2602.43, 2629.2, 2659.33, 2659.83, 2718.17, 2835.83, 2849.77, 2901.97, 2903.1, 2929.53, 2982.1, 3048.63, 3468.63, 3505.07, 3552.3, 3685.43, 3712.37]"
52200,2776.8969999999999,4324.3434187358971,2045.0759647126315,2553.701,2760.1500000000001,2956.7919999999995,"[1681.67, 1812.13, 1866.17, 2212.73, 2282.1, 2396.63, 2501.0, 2512.33, 2552.77, 2554.1, 2568.2, 2657.43, 2667.8, 2684.6, 2711.0, 2809.3, 2844.67, 2854.3, 2859.87, 2873.17, 2914.33, 3055.87, 3104.97, 3151.73, 3257.0, 3280.4, 3371.6, 3600.87, 3827.1, 3841.07]"
52500,2577.777,4014.2623240684711,1898.4318774117419,2261.8609999999999,2534.02,2885.5699999999997,"[1882.1, 1924.7, 1956.07, 1984.13, 2005.5, 2099.6, 2193.0, 2216.87, 2246.37, 2268.5, 2293.6, 2307.77, 2389.4, 2477.5, 2480.27, 2587.77, 2621.07, 2630.13, 2712.63, 2723.27, 2855.93, 2954.73, 2973.93, 3039.4, 3056.07, 3077.57, 3147.73, 3177.8, 3339.67, 3710.23]"
52800,2682.348,4177.106288263265,1975.444326453231,2364.54,2736.0500000000002,2889.9189999999999,"[1807.93, 1957.17, 2016.63, 2034.4, 2035.53, 2061.57, 2167.13, 2325.97, 2342.63, 2373.93, 2380.4, 2588.97, 2636.2, 2659.97, 2735.53, 2736.57, 2766.1, 2793.6, 2847.87, 2866.67, 2875.87, 2922.7, 2950.7, 2975.07, 3081.77, 3283.33, 3315.1, 3483.33, 3548.6, 3899.2]"
53100,2617.4496666666669,4076.0428780478605,1927.6492437944551,2481.1900000000001,2613.1999999999998,2768.6090000000004,"[1690.1, 1745.23, 1891.07, 1899.1, 2158.7, 2320.93, 2372.67, 2465.77, 2478.6, 2482.3, 2489.57, 2490.13, 2545.83, 2600.33, 2605.97, 2620.43, 2649.43, 2686.4, 2687.87, 2709.77, 2762.3, 2783.33, 2821.83, 2858.03, 3059.53, 3130.67, 3137.83, 3309.07, 3359.6, 3711.1]"
53400,2780.1680000000001,4329.4372077106727,2047.4849281997815,2518.3690000000001,2709.3299999999999,2902.3499999999999,"[1778.23, 1918.6, 2072.33, 2091.3, 2104.6, 2344.9, 2376.73, 2482.0, 2486.4, 2532.07, 2639.53, 2641.9, 2647.8, 2653.93, 2698.33, 2720.33, 2738.63, 2747.5, 2764.23, 2788.53, 2884.17, 2944.77, 2965.07, 3203.2, 3205.03, 3222.03, 3256.27, 3631.6, 4285.1, 4579.93]"
53700,2635.422,4104.030427232914,1940.885163934742,2296.25,2639.9650000000001,2848.0799999999999,"[1760.03, 1763.13, 2013.83, 2073.5, 2100.6, 2105.2, 2188.3, 2225.97, 2264.33, 2309.93, 2389.5, 2397.73, 2412.47, 2540.17, 2623.9, 2656.03, 2674.77, 2675.4, 2732.67, 2819.0, 2828.1, 2894.7, 2899.8, 2948.67, 3011.2, 3324.0, 3483.33, 3486.23, 3540.37, 3919.8]"
54000,2715.0293333333334,4227.9995366320436,1999.5128494466162,2461.569,2692.0,2860.3800000000001,"[1766.73, 2020.8, 2066.4, 2131.57, 2202.7, 2389.27, 2421.5, 2446.2, 2449.9, 2466.57, 2549.23, 2592.63, 2618.8, 2642.47, 2686.4, 2697.6, 2752.2, 2820.07, 2822.4, 2825.3, 2853.63, 2876.13, 2880.77, 3036.4, 3137.47, 3182.27, 3234.67, 3419.47, 3606.9, 3854.43]"
54300,2814.9183333333335,4383.5524216523054,2073.0771887214182,2592.2179999999998,2846.4200000000001,3036.9099999999999,"[1623.53, 2023.93, 2334.3, 2426.7, 2445.43, 2525.83, 2540.03, 2591.27, 2591.63, 2592.47, 2635.23, 2662.57, 2719.8, 2763.2, 2801.27, 2891.57, 2943.0, 2945.43, 2962.03, 2970.3, 3026.23, 3061.83, 3075.33, 3167.23, 3169.93, 3177.27, 3253.0, 3331.87, 3566.97, 3628.37]"
54600,2752.8306666666667,4286.8659429191475,2027.3520520652551,2497.3000000000002,2676.3649999999998,3007.0999999999999,"[1841.33, 1916.3, 2031.97, 2048.07, 2071.07, 2237.97, 2330.63, 2446.77, 2459.43, 2513.53, 2548.53, 2579.07, 2589.33, 2632.03, 2653.2, 2699.53, 2746.13, 2777.4, 2841.23, 2915.47, 3002.27, 3018.37, 3047.1, 3051.03, 3171.73, 3195.3, 3270.33, 3611.57, 3900.53, 4437.7]"
54900,2515.1546666666668,3916.743231708947,1852.312979680129,2229.1800000000003,2467.4850000000001,2670.8290000000002,"[1655.8, 1908.7, 2107.53, 2130.67, 2190.43, 2194.67, 2203.0, 2226.1, 2228.13, 2229.63, 2241.1, 2258.97, 2303.27, 2328.53, 2425.8, 2509.17, 2528.93, 2552.3, 2621.97, 2661.7, 2668.57, 2676.1, 2692.87, 2736.97, 2819.53, 2958.43, 2982.57, 3311.0, 3478.97, 3623.23]"
55200,2701.7543333333333,4207.3269445684127,1989.736331472935,2402.71,2719.8499999999999,2944.1589999999997,"[1622.3, 1806.5, 1820.0, 2039.33, 2062.27, 2289.67, 2345.33, 2353.17, 2387.1, 2409.4, 2528.0, 2592.3, 2624.27, 2664.17, 2719.37, 2720.33, 2813.5, 2816.7, 2888.53, 2909.13, 2919.37, 3002.0, 3071.2, 3086.43, 3190.7, 3227.0, 3292.2, 3490.63, 3567.93, 3793.8]"
55500,2654.2686666666664,4133.3795384765453,1954.7649963573883,2396.962,2527.4000000000001,2824.192,"[1719.63, 2037.77, 2075.33, 2134.1, 2154.37, 2192.67, 2358.2, 2359.17, 2372.77, 2407.33, 2454.5, 2508.3, 2511.07, 2514.1, 2515.0, 2539.8, 2619.73, 2632.03, 2765.37, 2780.93, 2820.43, 2832.97, 2835.63, 2846.13, 2862.13, 2902.87, 3204.7, 3635.43, 3979.07, 4056.53]"
55800,2760.586666666667,4298.9440313594887,2033.0640425288234,2416.0680000000002,2609.0799999999999,3146.1320000000001,"[2032.3, 2134.67, 2175.1, 2199.57, 2268.3, 2320.3, 2338.9, 2342.57, 2386.43, 2428.77, 2456.83, 2489.7, 2565.0, 2588.5, 2595.33, 2622.83, 2652.2, 2659.9, 2942.43, 3019.57, 3128.03, 3188.37, 3263.2, 3322.43, 3409.2, 3430.57, 3433.5, 3463.3, 3469.7, 3490.1]"
56100,2663.0433333333335,4147.0439531277207,1961.2271949547319,2314.6709999999998,2651.6999999999998,3009.8099999999999,"[1748.87, 1904.0, 1980.73, 1995.93, 2080.87, 2133.43, 2134.07, 2274.07, 2277.27, 2330.7, 2377.83, 2430.83, 2538.1, 2620.1, 2630.2, 2673.2, 2697.93, 2793.87, 2894.8, 2967.7, 3006.27, 3018.07, 3021.13, 3038.0, 3165.23, 3175.9, 3239.9, 3470.13, 3554.27, 3717.9]"
56400,2737.4936666666667,4262.9822860845034,2016.0569517893725,2495.7280000000001,2741.6500000000001,2929.4290000000001,"[1796.63, 2157.17, 2248.63, 2387.67, 2419.4, 2439.2, 2457.6, 2460.47, 2471.13, 2506.27, 2562.23, 2637.43, 2659.67, 2673.23, 2733.03, 2750.27, 2779.67, 2854.93, 2878.93, 2913.2, 2921.8, 2947.23, 2958.7, 2964.87, 3130.17, 3136.17, 3190.57, 3294.17, 3297.1, 3497.27]"
56700,2760.3003333333331,4298.4981366555912,2032.8531692346762,2431.1490000000003,2669.1149999999998,2991.1680000000001,"[2123.63, 2234.0, 2241.0, 2253.83, 2274.1, 2294.17, 2307.37, 2359.73, 2421.23, 2435.4, 2436.2, 2485.37, 2495.03, 2620.17, 2667.3, 2670.93, 2765.2, 2866.57, 2882.77, 2957.97, 2986.77, 3001.43, 3124.97, 3167.33, 3271.13, 3319.47, 3339.37, 3360.77, 3693.5, 3752.3]"
57000,2804.2363333333333,4366.9177980422328,2065.2103137688864,2449.4300000000003,2726.6350000000002,3069.0999999999999,"[1930.83, 2097.0, 2137.63, 2250.93, 2265.9, 2374.2, 2407.47, 2407.47, 2440.33, 2453.33, 2461.43, 2551.47, 2552.67, 2628.57, 2726.6, 2726.67, 2726.83, 2757.5, 2758.8, 2975.63, 3062.53, 3084.43, 3150.07, 3259.2, 3454.2, 3524.43, 3539.53, 3570.67, 3768.3, 4082.47]"
57300,2870.8113333333331,4470.5922098415704,2114.2401958101518,2557.0299999999997,2912.585,3207.7779999999998,"[1707.93, 1855.57, 2009.27, 2100.97, 2147.83, 2166.6, 2489.2, 2537.03, 2547.3, 2561.2, 2597.83, 2599.27, 2599.57, 2610.4, 2886.9, 2938.27, 3016.7, 3022.5, 3065.83, 3107.07, 3165.07, 3307.43, 3388.33, 3404.57, 3467.5, 3471.13, 3472.4, 3636.5, 3768.0, 4476.17]"
57600,2753.9059999999999,4288.540513716317,2028.14399298134,2514.9119999999998,2713.4200000000001,2907.6509999999998,"[2033.83, 2181.33, 2252.2, 2258.2, 2284.47, 2384.63, 2418.9, 2488.73, 2495.27, 2523.33, 2644.5, 2670.13, 2680.2, 2693.17, 2706.07, 2720.77, 2791.43, 2798.83, 2839.17, 2884.83, 2890.83, 2946.9, 3002.83, 3130.03, 3133.37, 3154.07, 3235.73, 3238.9, 3504.0, 3630.53]"
57900,2771.7873333333332,4316.3863524774315,2041.3128951829756,2480.9379999999996,2786.4700000000003,2934.5599999999999,"[1765.4, 1915.33, 1966.37, 2075.57, 2158.8, 2256.07, 2351.97, 2374.13, 2469.43, 2485.87, 2545.83, 2637.53, 2692.97, 2766.83, 2783.87, 2789.07, 2793.83, 2805.43, 2847.9, 2909.53, 2933.03, 2938.13, 3038.43, 3044.53, 3177.97, 3201.4, 3334.17, 3394.7, 3938.13, 4761.4]"
58200,2603.4726666666666,4054.2770912852711,1917.3557302940299,2419.319,2545.0999999999999,2704.5499999999997,"[2006.17, 2014.57, 2122.67, 2307.83, 2339.13, 2343.9, 2387.97, 2402.63, 2403.1, 2426.27, 2433.7, 2465.63, 2466.1, 2511.17, 2513.2, 2577.0, 2602.07, 2605.33, 2621.7, 2674.27, 2698.1, 2719.6, 2815.97, 2930.67, 2960.6, 3003.23, 3020.8, 3100.43, 3150.37, 3480.0]"
58500,2852.1109999999999,4441.470977265004,2100.4681321606486,2586.6399999999999,2798.8999999999996,3114.8899999999999,"[1815.83, 1835.13, 1995.63, 2070.0, 2233.3, 2341.67, 2406.87, 2496.6, 2530.43, 2610.73, 2611.77, 2662.93, 2692.63, 2755.27, 2775.83, 2821.97, 2833.07, 2961.1, 3011.07, 3045.93, 3110.6, 3124.9, 3153.63, 3225.9, 3231.47, 3401.17, 3724.07, 3836.53, 3866.4, 4380.9]"
58800,2695.2573333333335,4197.2094432021295,1984.9515452375301,2504.52,2629.4000000000001,2840.328,"[1928.27, 1932.23, 2001.93, 2121.47, 2251.47, 2336.4, 2401.17, 2406.7, 2440.33, 2532.03, 2545.73, 2552.07, 2555.83, 2560.97, 2620.67, 2638.13, 2696.23, 2735.9, 2812.5, 2830.83, 2831.07, 2861.93, 2880.03, 2994.9, 3201.6, 3207.03, 3222.67, 3446.57, 3470.23, 3840.83]"
59100,2697.8616666666667,4201.2650605729559,1986.8695348151414,2468.4499999999998,2617.7799999999997,2860.27,"[1918.73, 2002.0, 2067.5, 2269.8, 2349.87, 2362.27, 2393.6, 2411.53, 2442.97, 2479.37, 2512.2, 2525.13, 2544.23, 2562.6, 2602.33, 2633.23, 2653.53, 2724.73, 2738.2, 2819.6, 2858.5, 2864.4, 2895.4, 2910.73, 2938.97, 2977.63, 3144.9, 3501.33, 3686.87, 4143.7]"
59400,2598.3620000000001,4046.3184677694003,1913.5919243035098,2364.5190000000002,2548.8500000000004,2754.3499999999995,"[1945.0, 1953.33, 2010.83, 2015.23, 2064.73, 2157.57, 2213.07, 2283.03, 2332.9, 2378.07, 2434.67, 2472.9, 2486.7, 2537.33, 2542.07, 2555.63, 2556.17, 2610.5, 2633.23, 2674.37, 2704.7, 2870.2, 2949.0, 2957.3, 3063.8, 3081.23, 3131.6, 3181.57, 3386.4, 3767.73]"
59700,2568.4896666666668,3999.7995554538606,1891.5921198779643,2291.9010000000003,2554.27,2682.7089999999998,"[1695.23, 1888.6, 1888.63, 2078.27, 2165.53, 2203.17, 2246.33, 2255.6, 2267.1, 2302.53, 2330.27, 2477.8, 2514.53, 2531.8, 2550.67, 2557.87, 2579.1, 2582.43, 2624.73, 2636.03, 2680.6, 2687.63, 2851.6, 2932.47, 2957.97, 2964.0, 3036.47, 3161.13, 3270.13, 4136.47]"
60000,2785.9403333333335,4338.426216543462,2051.7360257955183,2525.8389999999999,2771.3150000000001,3060.3899999999999,"[1786.1, 1939.83, 1956.27, 1958.33, 2158.4, 2235.1, 2373.8, 2455.53, 2493.1, 2539.87, 2598.03, 2617.2, 2638.03, 2687.17, 2721.9, 2820.73, 2872.8, 2890.27, 2962.83, 3005.33, 3047.07, 3091.47, 3128.47, 3274.27, 3333.5, 3409.77, 3477.77, 3494.2, 3766.5, 3844.57]"
60300,2858.4353333333333,4451.3195921858642,2105.1257561534835,2652.0880000000002,2931.9000000000001,3093.5900000000001,"[1840.57, 1860.33, 2000.7, 2037.53, 2455.7, 2465.2, 2475.33, 2518.27, 2617.13, 2667.07, 2692.13, 2791.9, 2882.27, 2891.1, 2900.8, 2963.0, 2963.33, 2994.5, 3003.43, 3081.67, 3083.03, 3118.23, 3176.67, 3182.47, 3258.03, 3429.37, 3469.33, 3479.3, 3513.3, 3941.37]"
60600,2724.8473333333332,4243.2886898433962,2006.7434222123861,2510.9179999999997,2717.4200000000001,2885.0099999999998,"[1770.73, 1795.5, 1930.17, 1990.47, 2076.4, 2174.87, 2380.2, 2425.2, 2453.63, 2535.47, 2613.93, 2682.9, 2686.6, 2696.57, 2715.17, 2719.67, 2761.97, 2764.67, 2782.87, 2788.13, 2854.53, 2956.13, 3029.2, 3033.43, 3055.87, 3441.3, 3463.0, 3709.77, 3715.37, 3741.7]"
60900,2755.0610000000001,4290.3391460201592,2028.9946052796156,2549.0599999999995,2776.0,2902.1199999999999,"[1991.1, 2077.63, 2122.6, 2144.53, 2213.67, 2220.37, 2371.23, 2414.73, 2482.77, 2577.47, 2604.27, 2631.73, 2665.13, 2719.4, 2768.57, 2783.43, 2819.6, 2851.77, 2881.0, 2888.63, 2895.73, 2917.03, 3011.17, 3032.9, 3166.27, 3194.4, 3250.0, 3478.3, 3521.9, 3954.5]"
61200,2865.8573333333334,4462.8775566526265,2110.5917686883731,2608.9309999999996,2746.6350000000002,3144.7889999999998,"[1833.83, 1915.9, 2173.27, 2229.87, 2288.8, 2295.8, 2305.43, 2428.93, 2577.97, 2622.2, 2664.2, 2702.73, 2716.17, 2737.23, 2745.6, 2747.67, 2782.6, 2947.93, 3012.73, 3096.5, 3140.1, 3155.73, 3193.57, 3324.6, 3338.8, 3418.5, 3738.33, 3760.63, 3977.33, 4102.77]"
61500,2850.5766666666668,4439.0816253185167,2099.3381557078465,2485.1310000000003,2868.2849999999999,3036.2989999999995,"[2005.33, 2061.87, 2330.67, 2359.4, 2438.43, 2439.77, 2467.8, 2475.87, 2483.57, 2485.8, 2545.07, 2586.87, 2611.93, 2847.47, 2853.37, 2883.2, 2906.33, 2934.9, 2962.07, 2968.7, 2981.87, 3163.3, 3214.77, 3235.77, 3288.17, 3352.2, 3497.37, 3506.8, 3578.53, 4050.1]"
61800,2799.5706666666665,4359.6521540719978,2061.7742328629829,2615.8399999999997,2853.9850000000001,3151.2379999999998,"[1747.7, 1996.73, 2031.23, 2083.7, 2263.27, 2272.33, 2432.63, 2578.53, 2594.63, 2624.93, 2629.5, 2647.67, 2734.37, 2841.43, 2851.57, 2856.4, 2883.53, 2889.43, 2905.0, 3024.63, 3147.77, 3159.33, 3206.57, 3212.9, 3258.0, 3271.37, 3328.47, 3398.6, 3489.67, 3625.23]"
62100,2836.0686666666666,4416.4889348733823,2088.6535814884742,2644.6179999999999,2845.3800000000001,3053.7709999999997,"[1746.0, 1831.03, 1894.57, 2085.17, 2275.83, 2338.6, 2359.47, 2473.27, 2595.03, 2665.87, 2716.17, 2723.23, 2778.5, 2792.3, 2820.43, 2870.33, 2883.33, 2938.3, 2956.67, 2996.7, 3033.2, 3101.77, 3135.73, 3224.03, 3224.03, 3324.97, 3502.27, 3602.33, 3855.0, 4337.93]"
62400,2568.1273333333329,3999.2353091871128,1891.3252755581298,2418.8199999999997,2571.5,2770.0219999999999,"[1764.07, 1816.73, 1884.23, 1908.47, 2040.23, 2210.83, 2278.47, 2281.8, 2404.4, 2425.0, 2453.2, 2468.43, 2514.17, 2530.33, 2566.27, 2576.73, 2628.13, 2683.43, 2694.5, 2710.07, 2762.63, 2787.27, 2840.83, 2901.37, 2934.6, 2977.5, 3035.93, 3258.7, 3343.87, 3361.63]"
62700,2777.8340000000003,4325.8025689252481,2045.7660285424879,2514.54,2764.7350000000001,3019.9110000000001,"[1696.77, 1828.37, 2024.9, 2212.4, 2295.5, 2402.23, 2405.93, 2443.5, 2445.8, 2544.0, 2602.5, 2637.47, 2659.47, 2702.3, 2731.57, 2797.9, 2893.2, 2988.63, 3007.47, 3010.47, 3015.9, 3029.27, 3042.03, 3115.97, 3226.7, 3266.47, 3319.0, 3433.0, 3462.07, 4094.23]"
63000,2891.9286666666667,4503.4773335682521,2129.792285368686,2565.701,2908.3150000000001,3148.6209999999996,"[1654.83, 2223.73, 2256.43, 2357.2, 2359.6, 2415.57, 2472.7, 2515.23, 2553.57, 2570.9, 2587.2, 2671.47, 2673.7, 2862.27, 2890.4, 2926.23, 2962.03, 2991.83, 3072.77, 3073.4, 3139.93, 3168.9, 3240.13, 3288.03, 3324.9, 3377.33, 3424.57, 3728.97, 3764.47, 4209.57]"
63300,2835.1669999999999,4415.0848077790415,2087.989539275824,2518.8199999999997,2695.5,3106.1379999999999,"[1759.33, 2036.0, 2039.97, 2274.5, 2301.57, 2379.07, 2380.93, 2407.4, 2493.97, 2529.47, 2530.53, 2536.27, 2546.23, 2583.13, 2631.5, 2759.5, 2806.07, 2842.37, 2948.37, 3050.47, 3080.47, 3166.03, 3179.33, 3246.43, 3355.03, 3476.33, 3477.77, 3727.0, 3956.97, 4553.0]"
63600,2875.7823333333336,4478.3333364064147,2117.9011427666237,2485.4479999999999,3000.9000000000001,3208.0190000000002,"[1946.93, 2007.5, 2032.73, 2074.5, 2232.3, 2247.87, 2280.6, 2297.17, 2456.23, 2497.97, 2538.67, 2672.3, 2877.77, 2985.93, 2990.8, 3011.0, 3054.9, 3065.47, 3074.23, 3106.07, 3202.37, 3221.2, 3261.27, 3269.5, 3316.43, 3463.9, 3492.2, 3631.63, 3803.93, 4160.1]"
63900,2683.0573333333332,4178.2109028498662,1975.9667226929796,2486.4279999999999,2713.8500000000004,2861.7199999999998,"[1886.5, 1954.63, 2027.1, 2178.23, 2222.47, 2315.93, 2433.37, 2454.43, 2473.03, 2492.17, 2609.23, 2633.0, 2683.9, 2689.67, 2709.07, 2718.63, 2728.27, 2777.67, 2779.6, 2802.3, 2809.73, 2983.03, 3007.9, 3054.9, 3104.4, 3106.47, 3118.93, 3181.0, 3227.53, 3328.63]"
64200,2838.1940000000004,4419.7986259467716,2090.218806312083,2480.509,2762.5500000000002,3052.8509999999992,"[1774.53, 2179.1, 2191.0, 2257.5, 2284.03, 2397.5, 2405.73, 2411.67, 2474.23, 2483.2, 2528.5, 2582.07, 2661.03, 2720.63, 2726.97, 2798.13, 2839.17, 2843.33, 2925.77, 2964.2, 2991.33, 3196.4, 3198.43, 3257.17, 3467.5, 3586.6, 3655.3, 3720.6, 3726.1, 3898.1]"
64500,2812.5326666666665,4379.8373245675739,2071.3202385861355,2460.0419999999999,2729.2150000000001,3116.471,"[2046.33, 2059.43, 2093.2, 2205.5, 2327.57, 2349.13, 2425.27, 2431.2, 2448.87, 2464.83, 2516.4, 2554.3, 2595.2, 2633.53, 2714.9, 2743.53, 2789.2, 2930.3, 2966.4, 3040.2, 3106.73, 3139.2, 3218.53, 3234.7, 3298.5, 3354.23, 3463.5, 3642.67, 3682.4, 3900.23]"
64800,2830.5586666666663,4407.9084465667456,2084.5956821261407,2515.5789999999997,2812.3200000000002,3076.5099999999998,"[1905.93, 2041.6, 2075.83, 2162.07, 2186.2, 2424.73, 2451.27, 2452.47, 2501.53, 2521.6, 2561.37, 2571.03, 2632.43, 2728.23, 2808.07, 2816.57, 2822.83, 2847.3, 2935.1, 3027.77, 3044.2, 3151.9, 3190.2, 3194.63, 3256.8, 3488.3, 3590.57, 3686.13, 3757.8, 4082.3]"
65100,2802.1576666666665,4363.6807789811201,2063.6794571189457,2606.6689999999999,2731.8850000000002,2970.6219999999998,"[1512.57, 2148.07, 2174.03, 2331.1, 2457.77, 2461.23, 2514.27, 2523.83, 2601.93, 2608.7, 2667.23, 2682.3, 2682.53, 2703.4, 2731.0, 2732.77, 2741.5, 2789.57, 2924.7, 2937.4, 2968.63, 2975.27, 3045.37, 3093.8, 3156.23, 3218.03, 3584.7, 3588.77, 3749.9, 3758.13]"
65400,2862.873,4458.2301814675493,2108.3939239823248,2550.2289999999998,2759.5,3138.8400000000001,"[2104.27, 2108.0, 2114.7, 2237.07, 2297.83, 2375.67, 2426.73, 2441.73, 2510.7, 2567.17, 2569.9, 2573.4, 2644.4, 2720.67, 2736.73, 2782.27, 2782.4, 2824.77, 2901.67, 2942.47, 3138.6, 3139.4, 3246.77, 3379.2, 3496.63, 3559.07, 3573.33, 3591.27, 3684.77, 4414.6]"
65700,2710.6353333333332,4221.1569475904162,1996.2768404088492,2549.4110000000001,2667.75,2838.3409999999999,"[1802.23, 1930.3, 1935.93, 2006.53, 2009.93, 2259.7, 2466.07, 2472.37, 2531.47, 2557.1, 2611.67, 2634.43, 2639.77, 2647.0, 2648.23, 2687.27, 2690.3, 2761.9, 2795.53, 2819.2, 2828.93, 2860.3, 2884.3, 3165.73, 3175.67, 3179.0, 3213.2, 3446.5, 3691.43, 3967.07]"
66000,2855.6396666666669,4446.9660195647066,2103.066857063835,2656.9379999999996,2802.835,3052.1210000000001,"[1925.77, 1979.6, 2373.13, 2445.7, 2445.7, 2517.8, 2545.93, 2558.2, 2627.93, 2669.37, 2692.73, 2699.4, 2707.67, 2727.0, 2785.5, 2820.17, 2825.6, 2846.63, 2961.37, 3019.03, 3036.83, 3087.8, 3133.0, 3146.7, 3166.3, 3301.03, 3361.9, 3436.03, 3908.1, 3917.27]"
66300,2795.2350000000001,4352.900405045717,2058.5811840423012,2546.7489999999998,2803.6500000000001,3066.569,"[1993.53, 2067.27, 2198.33, 2254.67, 2352.73, 2361.07, 2378.3, 2450.5, 2479.43, 2575.6, 2613.67, 2639.37, 2659.43, 2754.87, 2792.4, 2814.9, 2833.93, 2934.1, 2965.1, 3011.27, 3040.97, 3126.3, 3134.73, 3201.23, 3210.97, 3264.1, 3311.97, 3438.27, 3495.57, 3502.47]"
66600,2794.2453333333333,4351.3592392996552,2057.8523332735913,2457.6680000000001,2690.73,2987.6619999999998,"[2179.83, 2238.1, 2246.6, 2332.2, 2332.47, 2362.7, 2396.67, 2408.63, 2413.33, 2476.67, 2499.13, 2504.47, 2647.33, 2682.27, 2688.93, 2692.53, 2789.03, 2844.6, 2856.0, 2909.5, 2979.43, 3006.87, 3115.73, 3116.17, 3150.6, 3309.97, 3330.1, 3473.77, 3549.13, 4294.6]"
66900,2785.9336666666663,4338.4158348274223,2051.7311160564227,2487.9210000000003,2610.6849999999999,3101.989,"[1789.1, 2071.63, 2197.2, 2273.67, 2316.0, 2381.33, 2408.87, 2409.77, 2460.6, 2499.63, 2505.67, 2539.8, 2546.43, 2587.63, 2607.6, 2613.77, 2703.7, 2721.93, 2738.27, 2994.53, 3070.57, 3175.3, 3183.03, 3198.9, 3340.87, 3455.97, 3526.37, 3642.23, 3716.77, 3900.87]"
67200,2783.6053333333334,4334.7900205006317,2050.0163896773606,2426.6799999999998,2625.7650000000003,3198.1599999999999,"[1693.8, 1948.13, 2253.73, 2274.33, 2303.37, 2319.57, 2324.6, 2373.77, 2406.8, 2435.2, 2466.53, 2550.13, 2610.67, 2610.7, 2611.3, 2640.23, 2651.17, 2764.67, 2958.27, 3088.6, 3198.07, 3198.37, 3213.63, 3320.6, 3352.2, 3465.63, 3511.7, 3593.73, 3602.03, 3766.63]"
67500,2713.7186666666666,4225.9584912586797,1998.5475947404639,2402.1089999999999,2675.25,2944.9609999999998,"[2007.17, 2053.2, 2092.8, 2171.87, 2196.27, 2199.23, 2342.5, 2380.6, 2387.43, 2408.4, 2418.77, 2465.87, 2569.47, 2661.63, 2665.97, 2684.53, 2717.3, 2785.07, 2810.1, 2897.0, 2937.5, 2962.37, 3183.57, 3236.47, 3270.9, 3308.37, 3336.8, 3383.93, 3400.7, 3475.77]"
67800,2899.6233333333334,4515.4599102210286,2135.4591062325767,2461.0889999999999,2759.25,3235.1889999999994,"[1955.7, 2065.77, 2179.5, 2206.43, 2216.53, 2255.1, 2262.8, 2344.37, 2355.83, 2506.2, 2610.77, 2658.6, 2667.43, 2736.73, 2737.67, 2780.83, 2791.73, 2892.23, 2971.83, 3167.3, 3187.3, 3346.93, 3403.3, 3434.5, 3500.13, 3593.43, 3635.27, 3640.93, 3814.93, 5068.63]"
68100,2813.6210000000001,4381.5321397110201,2072.1217534934567,2450.3420000000001,2757.4350000000004,3107.502,"[1828.3, 1897.97, 2019.1, 2057.7, 2115.73, 2183.97, 2243.53, 2439.57, 2443.37, 2453.33, 2459.53, 2508.9, 2556.1, 2614.87, 2639.3, 2875.57, 2887.43, 2903.0, 3022.73, 3037.0, 3105.63, 3111.87, 3203.83, 3345.83, 3457.07, 3490.37, 3593.5, 3790.97, 3808.83, 4313.73]"
68400,2860.5599999999999,4454.6282450876497,2106.6904900031818,2563.9589999999998,2778.8500000000004,3205.8189999999995,"[1910.63, 2013.07, 2247.37, 2268.83, 2378.53, 2433.77, 2524.2, 2543.3, 2562.93, 2564.4, 2600.7, 2699.43, 2700.87, 2704.23, 2724.63, 2833.07, 2895.03, 2926.43, 2970.87, 3137.67, 3181.3, 3263.03, 3273.27, 3310.07, 3431.67, 3446.67, 3449.6, 3469.0, 3538.53, 3813.7]"
68700,2673.576333333333,4163.4465453843086,1968.984337238481,2408.7799999999997,2775.1849999999999,2970.8789999999999,"[1827.6, 1899.37, 1941.4, 1943.2, 2089.17, 2240.33, 2275.67, 2345.6, 2371.47, 2424.77, 2530.97, 2568.3, 2621.37, 2694.5, 2763.97, 2786.4, 2801.97, 2837.43, 2912.47, 2937.2, 2949.0, 3021.93, 3035.47, 3053.63, 3055.0, 3076.0, 3125.0, 3132.83, 3174.37, 3770.9]"
69000,2651.8213333333333,4129.56841051845,1952.9626311354737,2312.9180000000001,2628.6849999999999,2913.6289999999995,"[1660.1, 1733.9, 1940.87, 1944.2, 1999.53, 2114.37, 2216.83, 2221.1, 2303.93, 2316.77, 2404.2, 2420.27, 2438.9, 2603.97, 2608.5, 2648.87, 2653.93, 2684.9, 2753.67, 2789.87, 2875.4, 3002.83, 3014.33, 3050.3, 3072.0, 3165.53, 3197.53, 3558.0, 3835.37, 4324.67]"
69300,2747.1913333333337,4278.0840493213454,2023.198903764471,2487.348,2677.0999999999999,2837.0099999999998,"[2030.33, 2032.17, 2129.13, 2256.93, 2340.03, 2358.4, 2405.0, 2460.3, 2469.33, 2495.07, 2573.13, 2586.73, 2588.5, 2641.93, 2644.0, 2710.2, 2771.83, 2782.2, 2784.1, 2820.2, 2834.97, 2841.77, 3039.53, 3074.03, 3149.57, 3250.93, 3283.03, 3560.2, 3737.93, 3764.27]"
69600,2672.8139999999999,4162.2593961551929,1968.4229085729239,2433.8990000000003,2659.25,2860.3399999999997,"[1688.47, 1701.47, 1831.43, 1906.8, 2095.13, 2228.77, 2340.37, 2402.37, 2432.73, 2434.4, 2532.0, 2533.57, 2629.5, 2630.3, 2655.9, 2662.6, 2662.9, 2765.47, 2772.63, 2817.3, 2837.87, 2912.77, 3006.1, 3007.5, 3199.67, 3334.47, 3368.03, 3453.77, 3504.6, 3835.53]"
69900,2804.8343333333332,4367.8490379709756,2065.6507173657424,2629.6500000000001,2869.6999999999998,3010.6800000000003,"[1635.2, 1924.3, 2127.47, 2257.33, 2367.87, 2511.27, 2556.1, 2578.2, 2614.6, 2636.1, 2735.03, 2740.63, 2790.9, 2838.47, 2868.07, 2871.33, 2927.83, 2979.9, 2990.57, 2999.0, 3002.67, 3029.37, 3052.57, 3103.33, 3106.0, 3109.53, 3189.73, 3259.53, 3580.9, 3761.23]"
70200,2841.6843333333331,4425.2339733792451,2092.7893002154701,2412.518,2744.335,3114.2099999999996,"[1642.93, 2119.3, 2218.97, 2298.53, 2328.6, 2339.23, 2371.03, 2381.0, 2382.53, 2425.37, 2427.87, 2494.33, 2564.17, 2719.7, 2735.8, 2752.87, 2917.57, 2952.2, 3003.6, 3059.0, 3083.97, 3184.77, 3199.43, 3348.9, 3401.1, 3429.53, 3517.03, 3724.2, 3740.03, 4486.97]"
70500,2693.8929999999996,4195.0848250146473,1983.9467671316597,2432.5210000000002,2702.835,2973.558,"[1754.3, 1918.47, 2066.1, 2147.6, 2226.43, 2350.27, 2377.03, 2400.2, 2404.5, 2444.53, 2447.23, 2464.4, 2556.97, 2690.83, 2699.07, 2706.6, 2710.93, 2774.23, 2953.3, 2959.33, 2964.87, 2993.83, 2995.2, 3060.1, 3097.9, 3099.93, 3244.37, 3250.7, 3432.6, 3624.97]"
70800,2751.5033333333336,4284.798943255686,2026.3745230113645,2502.6610000000001,2740.5500000000002,2919.7889999999998,"[1982.4, 1983.2, 2052.87, 2271.77, 2276.2, 2334.97, 2371.0, 2429.67, 2482.9, 2511.13, 2536.23, 2551.1, 2579.23, 2730.33, 2739.9, 2741.2, 2762.1, 2773.4, 2877.53, 2886.6, 2909.1, 2944.73, 3036.13, 3058.3, 3082.13, 3345.7, 3389.27, 3415.87, 3741.47, 3748.67]"
71100,2901.701,4518.6953720247357,2136.9892264216528,2648.79,2829.0699999999997,3045.4099999999999,"[2008.8, 2126.8, 2346.57, 2387.67, 2406.57, 2421.3, 2455.2, 2482.27, 2587.33, 2675.13, 2724.43, 2735.77, 2778.5, 2792.23, 2821.47, 2836.67, 2861.13, 2907.0, 2998.93, 3013.83, 3042.5, 3052.2, 3097.5, 3151.87, 3443.97, 3470.9, 3605.03, 3704.93, 3823.33, 4291.2]"
71400,2828.4913333333334,4404.6890764229001,2083.0731720326626,2443.259,2874.23,3202.509,"[1884.37, 1917.8, 1965.37, 1998.47, 2033.37, 2175.17, 2296.0, 2303.17, 2401.63, 2461.1, 2510.63, 2511.9, 2564.87, 2604.83, 2866.23, 2882.23, 2990.87, 3010.7, 3076.17, 3175.63, 3198.6, 3211.63, 3344.8, 3414.87, 3425.67, 3453.57, 3507.43, 3709.13, 3789.6, 4168.93]"
71700,2925.9596666666666,4556.4723603492239,2154.8547850419313,2557.8200000000002,2818.27,3217.3000000000002,"[2051.6, 2093.87, 2375.83, 2439.23, 2475.43, 2493.33, 2494.53, 2511.87, 2542.77, 2564.27, 2652.87, 2720.97, 2774.37, 2784.6, 2815.87, 2820.67, 2938.47, 2974.2, 3019.93, 3073.33, 3215.17, 3222.27, 3238.67, 3284.0, 3433.5, 3500.07, 3580.2, 3594.43, 3658.5, 4433.97]"
72000,2929.0179999999996,4561.2349725823387,2157.1071278519375,2703.7709999999997,2902.6199999999999,3205.9489999999996,"[1940.67, 2064.37, 2190.6, 2367.0, 2450.17, 2563.4, 2570.3, 2617.97, 2686.67, 2711.1, 2736.53, 2771.13, 2810.43, 2872.47, 2886.67, 2918.57, 2926.1, 2941.7, 2957.13, 3146.7, 3184.7, 3255.53, 3290.4, 3341.3, 3440.67, 3453.83, 3476.93, 3655.5, 3724.7, 3917.3]"
72300,2919.1266666666666,4545.8316204945504,2149.8225479561183,2636.4890000000005,2836.4499999999998,3057.6099999999997,"[2103.9, 2228.97, 2340.2, 2543.33, 2561.5, 2604.23, 2608.43, 2621.43, 2636.3, 2636.57, 2657.57, 2674.77, 2677.7, 2725.13, 2751.73, 2921.17, 2953.4, 2990.97, 2994.5, 3039.83, 3054.4, 3065.1, 3107.73, 3199.3, 3233.5, 3308.03, 3317.07, 3318.57, 3778.9, 4919.57]"
72600,2974.3976666666667,4631.9027945773323,2190.527476387253,2742.9989999999998,3050.0299999999997,3187.549,"[1768.67, 2193.77, 2357.3, 2376.67, 2422.9, 2550.03, 2559.0, 2705.63, 2715.3, 2754.87, 2788.5, 2904.53, 2935.7, 3005.1, 3041.83, 3058.23, 3078.13, 3084.9, 3107.8, 3146.03, 3187.3, 3188.13, 3197.1, 3236.63, 3376.07, 3440.5, 3450.57, 3508.07, 3923.0, 4169.67]"
72900,2872.4143333333332,4473.088493463265,2115.4207425756367,2544.6979999999999,2815.8000000000002,3115.5609999999997,"[1803.37, 1814.0, 2065.37, 2152.33, 2154.13, 2390.07, 2405.03, 2457.6, 2503.23, 2562.47, 2666.07, 2758.83, 2764.27, 2781.73, 2802.3, 2829.3, 2836.77, 2864.53, 2991.0, 3020.7, 3071.2, 3219.07, 3292.33, 3396.53, 3444.57, 3475.07, 3510.63, 3832.93, 3864.77, 4442.23]"
73200,2695.9466666666663,4198.2829126406123,1985.4592122599925,2413.7809999999999,2645.8299999999999,2904.0219999999999,"[2010.47, 2159.57, 2183.1, 2206.53, 2213.57, 2231.93, 2311.9, 2331.1, 2375.4, 2430.23, 2431.63, 2474.8, 2578.87, 2604.3, 2623.93, 2667.73, 2731.43, 2761.7, 2791.3, 2795.67, 2902.63, 2907.27, 2918.5, 2924.87, 3117.47, 3247.1, 3283.83, 3285.47, 3677.0, 3699.1]"
73500,3025.8000000000002,4711.9494588423977,2228.383283221337,2865.2709999999997,3016.5,3334.7399999999998,"[1942.5, 1945.0, 2044.13, 2261.37, 2262.67, 2348.9, 2444.93, 2620.6, 2795.67, 2895.1, 2897.07, 2920.6, 2979.7, 2991.27, 3006.93, 3026.07, 3080.73, 3124.63, 3195.67, 3220.73, 3323.37, 3361.27, 3361.9, 3452.1, 3496.93, 3756.63, 3793.4, 3982.83, 4043.57, 4197.73]"
73800,2766.2549999999997,4307.7710854220622,2037.2385481946721,2627.0810000000001,2805.9000000000001,2934.1089999999999,"[1801.4, 2028.8, 2131.77, 2226.77, 2367.03, 2412.9, 2440.27, 2513.1, 2565.67, 2653.4, 2679.2, 2680.77, 2717.3, 2729.83, 2790.4, 2821.4, 2853.33, 2863.33, 2876.17, 2912.97, 2933.77, 2934.9, 2947.67, 3043.73, 3056.37, 3101.67, 3376.63, 3411.13, 3550.9, 3565.07]"
74100,2783.0266666666666,4333.8888875484045,2049.5902243238811,2474.6710000000003,2816.2350000000001,3091.3509999999997,"[1665.73, 1712.3, 1948.37, 2131.03, 2191.0, 2210.87, 2283.03, 2306.17, 2393.1, 2509.63, 2521.77, 2617.87, 2654.0, 2690.6, 2717.8, 2914.67, 2926.43, 2937.87, 2951.1, 3055.0, 3081.4, 3114.57, 3233.7, 3283.13, 3326.2, 3343.03, 3348.63, 3494.8, 3821.3, 4105.7]"
74400,2829.9103333333333,4406.8988246819054,2084.1182099991147,2648.3890000000001,2827.7150000000001,2964.04,"[2000.8, 2161.63, 2169.87, 2453.7, 2461.9, 2507.47, 2599.17, 2615.3, 2618.03, 2661.4, 2673.93, 2688.33, 2706.17, 2804.57, 2818.0, 2837.43, 2895.27, 2899.17, 2915.1, 2917.0, 2931.67, 3039.57, 3072.6, 3082.8, 3147.9, 3211.63, 3229.37, 3264.6, 3631.6, 3881.33]"
74700,2762.538,4301.9827596442465,2034.5011231620419,2560.4290000000001,2750.6999999999998,2888.3609999999999,"[1579.03, 1919.6, 1969.2, 2137.53, 2260.1, 2377.27, 2382.3, 2456.27, 2492.9, 2589.37, 2597.63, 2607.93, 2665.9, 2696.5, 2698.53, 2802.87, 2830.13, 2839.53, 2880.3, 2881.83, 2883.33, 2900.1, 2943.53, 3068.43, 3116.53, 3142.7, 3251.3, 3766.27, 3904.13, 4235.1]"
75000,2736.1469999999999,4260.8851794445272,2015.0651844921051,2438.4479999999999,2704.6500000000001,2915.8399999999992,"[1790.23, 1911.5, 2001.87, 2053.4, 2204.3, 2279.7, 2376.7, 2380.43, 2403.63, 2453.37, 2472.83, 2530.97, 2550.63, 2567.07, 2673.63, 2735.67, 2773.33, 2806.33, 2813.4, 2846.8, 2864.3, 3036.1, 3105.07, 3226.97, 3286.03, 3318.33, 3396.43, 3523.53, 3560.43, 4141.43]"
75300,2710.6943333333334,4221.2488257773657,1996.3202915998436,2353.0320000000002,2660.085,2985.6900000000001,"[1707.17, 1731.27, 1972.63, 1998.8, 2032.23, 2185.4, 2191.57, 2276.6, 2313.37, 2370.03, 2491.63, 2507.47, 2556.07, 2596.03, 2601.1, 2719.07, 2735.73, 2821.33, 2838.3, 2972.17, 2983.23, 2991.43, 2995.67, 3193.43, 3218.1, 3456.93, 3515.37, 3613.67, 3780.03, 3955.0]"
75600,2841.8783333333331,4425.5360813159932,2092.9321736231454,2633.3199999999997,2822.2150000000001,3078.3999999999996,"[1705.5, 1986.5, 2269.2, 2336.1, 2360.6, 2491.17, 2589.87, 2606.57, 2625.97, 2636.47, 2650.2, 2656.47, 2703.07, 2773.77, 2787.5, 2856.93, 2914.43, 2942.1, 2980.17, 3018.43, 3059.2, 3123.2, 3223.93, 3260.93, 3338.57, 3341.87, 3402.8, 3479.13, 3521.37, 3614.33]"
75900,2736.759,4261.8382209769525,2015.5158985410612,2455.3599999999997,2646.8649999999998,2949.7789999999995,"[1842.33, 2087.23, 2171.9, 2273.2, 2289.1, 2291.1, 2363.47, 2419.43, 2444.3, 2460.1, 2478.97, 2486.2, 2555.03, 2555.97, 2612.7, 2681.03, 2696.27, 2700.73, 2743.7, 2762.27, 2882.87, 3105.9, 3120.03, 3169.77, 3193.37, 3201.7, 3244.5, 3374.7, 3487.53, 4407.37]"
76200,2732.5793333333336,4255.3294041059962,2012.4377376152111,2483.6589999999997,2695.3850000000002,2905.27,"[1842.8, 1991.63, 2040.07, 2261.33, 2298.23, 2310.67, 2445.23, 2463.77, 2469.4, 2489.77, 2513.5, 2541.57, 2562.23, 2656.3, 2672.6, 2718.17, 2745.2, 2808.8, 2817.7, 2828.37, 2894.8, 2929.7, 2965.0, 3155.2, 3246.27, 3282.67, 3300.9, 3379.47, 3590.33, 3755.7]"
76500,2706.0650000000001,4214.0397621595457,1992.9109687720097,2481.9920000000002,2584.9650000000001,3057.2779999999998,"[1902.4, 2036.47, 2159.13, 2288.6, 2371.23, 2377.63, 2440.07, 2455.1, 2471.87, 2486.33, 2499.2, 2511.53, 2519.1, 2539.7, 2560.73, 2609.2, 2634.2, 2655.93, 2787.07, 2913.0, 3052.97, 3067.33, 3075.1, 3086.8, 3122.23, 3135.4, 3165.3, 3194.03, 3495.33, 3568.97]"
76800,2858.0296666666668,4450.6878647648618,2104.8269985295296,2548.25,2865.5500000000002,3091.1509999999998,"[1831.13, 1900.9, 2035.47, 2124.9, 2228.1, 2328.17, 2527.03, 2533.9, 2535.37, 2553.77, 2589.73, 2784.93, 2831.17, 2853.87, 2864.77, 2866.33, 2949.03, 2999.83, 3031.47, 3071.9, 3077.93, 3122.0, 3196.33, 3259.5, 3371.73, 3472.33, 3506.97, 3682.33, 3730.13, 3879.87]"
77100,2780.6603333333333,4330.2038974401876,2047.8475124319748,2471.6199999999999,2679.2200000000003,3005.8089999999997,"[1832.3, 2041.03, 2043.83, 2089.93, 2270.2, 2295.5, 2311.67, 2335.33, 2424.23, 2491.93, 2496.17, 2550.9, 2611.77, 2634.87, 2659.27, 2699.17, 2793.8, 2930.1, 2983.13, 2989.57, 3001.87, 3015.0, 3047.57, 3192.87, 3302.2, 3430.3, 3489.5, 3754.77, 3812.53, 3888.5]"
77400,2891.3090000000002,4502.5123530623814,2129.3359251197703,2562.9189999999999,2792.4299999999998,3042.3499999999999,"[1927.1, 1948.2, 2338.9, 2349.7, 2357.57, 2366.47, 2396.5, 2449.7, 2559.3, 2564.47, 2653.37, 2691.0, 2727.93, 2736.37, 2790.93, 2793.93, 2890.37, 2921.6, 2929.13, 3000.43, 3041.6, 3044.1, 3240.23, 3400.33, 3532.67, 3539.33, 3613.97, 3841.77, 4002.43, 4089.87]"
77700,3053.6476666666663,4755.3154439967439,2248.8919998836145,2780.8609999999999,3094.7649999999999,3314.6300000000001,"[1745.8, 1878.4, 2160.2, 2249.9, 2368.73, 2485.27, 2548.57, 2570.03, 2679.97, 2824.1, 2866.73, 2981.7, 3064.33, 3073.5, 3089.43, 3100.1, 3125.47, 3156.2, 3159.2, 3207.13, 3309.8, 3325.9, 3486.0, 3592.87, 3629.0, 3641.93, 3741.47, 4067.93, 4158.87, 4320.9]"
78000,2801.23,4362.2361631942258,2062.9962669238234,2560.8600000000001,2782.3000000000002,3078.4009999999998,"[1739.53, 2004.97, 2031.9, 2262.2, 2262.33, 2312.9, 2364.37, 2408.77, 2498.07, 2587.77, 2612.2, 2648.23, 2732.63, 2738.9, 2759.1, 2805.5, 2893.53, 2922.67, 2950.37, 3039.3, 3068.33, 3101.9, 3144.27, 3147.1, 3231.1, 3291.53, 3378.47, 3504.3, 3642.83, 3951.83]"
78300,2827.7156666666665,4403.4811637617058,2082.5019238889145,2525.2089999999998,2804.5300000000002,3162.3010000000004,"[1985.27, 2022.9, 2055.33, 2115.97, 2250.87, 2344.9, 2426.27, 2500.8, 2510.53, 2531.5, 2543.8, 2560.77, 2689.03, 2760.97, 2771.53, 2837.53, 2902.97, 2914.83, 2987.4, 3151.2, 3158.23, 3171.8, 3183.9, 3217.47, 3366.1, 3367.47, 3389.33, 3602.4, 3755.13, 3755.27]"
78600,2905.366,4524.4027204174436,2139.6883554893393,2483.1680000000001,2927.8699999999999,3146.6190000000001,"[1927.9, 2099.17, 2133.6, 2250.2, 2305.97, 2389.57, 2437.7, 2450.5, 2477.33, 2485.67, 2728.77, 2797.53, 2820.1, 2838.9, 2871.17, 2984.57, 2992.47, 3021.23, 3034.67, 3117.67, 3138.9, 3164.63, 3224.3, 3248.77, 3459.93, 3567.23, 3582.23, 3591.9, 4006.97, 4011.43]"
78900,2749.9446666666668,4282.3716980456529,2025.2266260108638,2340.1509999999998,2675.5,2999.7599999999993,"[1840.7, 1942.97, 1962.1, 2076.03, 2104.53, 2116.17, 2228.33, 2282.5, 2304.57, 2355.4, 2486.73, 2488.93, 2591.47, 2655.7, 2659.37, 2691.63, 2765.63, 2829.83, 2899.97, 2928.63, 2952.0, 3111.2, 3164.07, 3192.37, 3412.27, 3439.87, 3472.9, 3502.27, 3953.43, 4086.77]"
79200,2790.7856666666671,4345.9716477609636,2055.3044241700427,2551.3499999999999,2778.0149999999999,2933.0700000000002,"[2092.1, 2096.13, 2324.73, 2331.93, 2349.3, 2404.37, 2406.13, 2412.7, 2478.2, 2582.7, 2602.2, 2664.27, 2674.9, 2691.63, 2738.83, 2817.2, 2844.63, 2853.67, 2869.8, 2875.97, 2925.3, 2951.2, 2992.13, 3054.27, 3086.03, 3126.83, 3133.23, 3644.93, 3659.23, 4039.03]"
79500,2956.4389999999999,4603.9365279101585,2177.3016212121111,2753.6679999999997,2871.5500000000002,3024.7889999999998,"[2281.17, 2331.73, 2433.73, 2454.1, 2493.77, 2517.77, 2668.93, 2682.7, 2705.13, 2774.47, 2778.1, 2815.77, 2820.57, 2824.93, 2855.77, 2887.33, 2897.23, 2900.7, 2926.77, 2971.33, 3007.47, 3065.2, 3100.13, 3137.67, 3164.33, 3627.67, 3653.0, 3678.93, 4020.17, 4216.6]"
79800,2776.5599999999999,4323.8186229901012,2044.82777740136,2397.6909999999998,2742.9499999999998,3027.5410000000002,"[2046.0, 2081.9, 2181.47, 2191.27, 2196.47, 2230.73, 2275.93, 2333.93, 2346.57, 2419.6, 2505.0, 2577.87, 2582.4, 2607.33, 2703.53, 2782.37, 2806.53, 2952.83, 2955.63, 3002.43, 3021.4, 3041.87, 3059.57, 3235.57, 3320.73, 3330.8, 3483.93, 3520.47, 3584.2, 3918.47]"
