agents,meanScore,clow,chigh,Q1,Q2,Q3,means
300,7.1933300000000004,11.201866415749484,5.2976060290483646,4.4633310000000002,5.7166700000000006,8.1799989999999969,"[0.7, 1.16667, 1.53333, 2.03333, 2.23333, 2.3, 2.36667, 3.2, 4.3, 4.53333, 5.1, 5.1, 5.36667, 5.53333, 5.66667, 5.76667, 5.96667, 6.0, 6.96667, 7.53333, 7.9, 8.83333, 9.7, 10.5, 10.9, 11.2333, 14.2333, 19.2, 19.2333, 20.7]"
600,20.242216333333332,31.522341297382749,14.907600136344074,6.9000009999999996,10.483315000000001,22.563299999999998,"[3.23333, 3.7, 5.7, 6.03333, 6.06667, 6.06667, 6.2, 6.53333, 6.66667, 7.0, 7.1, 7.33333, 7.4, 8.43333, 9.83333, 11.1333, 11.3333, 12.2333, 17.1667, 18.9333, 22.2333, 23.3333, 29.9667, 34.1333, 41.1667, 47.6, 48.9333, 51.9, 54.4, 85.5]"
900,36.502229000000007,56.843366442954363,26.882463118486719,19.703299999999999,31.350000000000001,46.923319999999997,"[8.46667, 9.7, 13.9, 14.8333, 15.6333, 15.9333, 17.0, 18.5667, 18.9333, 20.0333, 20.4667, 28.3667, 29.5333, 29.7333, 30.7333, 31.9667, 36.7667, 38.2333, 38.2667, 40.8667, 46.4333, 48.0667, 48.4667, 48.6333, 52.2333, 54.8333, 57.9333, 63.8, 88.4667, 108.267]"
1200,61.008903333333336,95.006566543085512,44.930669679313404,47.779989999999998,57.283349999999999,68.040009999999995,"[22.2333, 36.0333, 37.1333, 37.8, 39.3, 43.1, 47.0, 47.4, 47.7333, 47.8, 49.3667, 49.5333, 50.4333, 51.0333, 57.2667, 57.3, 58.9, 60.1667, 62.9667, 64.1, 67.3, 69.7667, 71.2667, 72.7667, 83.1, 87.4667, 92.9667, 99.6667, 107.8, 111.567]"
1500,80.436666666666667,125.26059487444191,59.238457055339723,65.579990000000009,72.816699999999997,96.903319999999994,"[48.5667, 51.3333, 55.6667, 56.8333, 58.0333, 61.4, 61.6667, 63.6, 64.1333, 66.2, 67.2667, 70.7333, 71.5, 71.8, 72.1667, 73.4667, 77.4667, 78.6333, 83.9333, 85.6667, 96.8333, 97.0667, 98.8333, 100.767, 100.8, 103.2, 108.2, 110.533, 113.167, 143.633]"
1800,104.17891333333334,162.23338432936382,76.723692556072606,88.293310000000005,98.283350000000013,107.65009999999998,"[68.0667, 70.1333, 72.8667, 74.1, 76.9667, 80.4, 81.7, 84.4667, 87.5, 88.6333, 90.5333, 95.6, 96.3, 97.0, 97.4, 99.1667, 101.367, 102.533, 105.6, 106.967, 107.3, 108.467, 109.267, 114.333, 114.667, 117.567, 141.833, 146.2, 175.633, 212.8]"
2100,108.80332333333334,169.4347810498891,80.129389541584388,98.920000000000002,108.09999999999999,114.99680000000001,"[68.3, 73.9333, 79.4667, 81.4333, 84.0, 87.6, 93.1667, 93.2667, 96.4, 100.0, 100.9, 101.367, 102.1, 106.0, 106.867, 109.333, 111.8, 111.9, 112.633, 113.433, 114.767, 115.533, 119.2, 122.6, 124.733, 126.067, 144.867, 151.2, 154.933, 156.3]"
2400,117.15552333333333,182.44130635564082,86.28045797245268,105.4931,115.69999999999999,126.85310000000001,"[68.3667, 88.9, 90.5667, 91.0333, 97.4333, 98.4667, 101.767, 103.7, 105.4, 105.533, 108.7, 113.6, 114.067, 114.333, 115.633, 115.767, 118.333, 124.0, 125.4, 125.9, 126.533, 127.6, 132.1, 133.767, 138.933, 140.133, 141.733, 147.5, 148.767, 150.7]"
2700,134.09553666666667,208.82126757541175,98.756114833298255,127.03009999999999,132.5,140.31299999999999,"[81.8667, 84.6667, 89.1667, 100.367, 102.633, 105.867, 112.7, 123.6, 126.867, 127.1, 128.467, 128.5, 128.8, 129.233, 131.867, 133.133, 135.3, 136.3, 137.267, 138.533, 139.533, 142.133, 143.267, 149.033, 155.9, 163.133, 168.3, 177.567, 195.833, 205.933]"
3000,134.30889999999999,209.15352920639754,98.913248578176422,118.3531,134.833,145.92700000000002,"[89.3333, 93.9333, 95.5667, 97.8667, 105.167, 109.567, 109.667, 110.8, 113.5, 120.433, 124.0, 124.233, 127.267, 130.3, 134.333, 135.333, 137.267, 138.6, 141.433, 142.767, 144.967, 148.167, 154.3, 155.333, 164.033, 164.3, 170.633, 171.333, 176.567, 198.267]"
3300,155.29325666666668,241.83157403409797,114.36740602584456,126.91300000000001,155.233,185.82010000000002,"[92.9667, 107.033, 107.967, 108.3, 109.433, 123.067, 123.533, 125.233, 125.933, 127.333, 130.633, 136.333, 144.667, 152.4, 154.633, 155.833, 156.167, 159.5, 166.267, 182.1, 185.8, 185.867, 188.3, 189.867, 193.333, 197.1, 201.333, 201.8, 205.133, 220.933]"
3600,164.46669,256.11697103017394,121.12328066717755,142.17000000000002,152.2165,176.07689999999999,"[99.1667, 116.733, 125.867, 129.233, 134.733, 135.367, 139.467, 139.767, 141.4, 142.5, 144.5, 144.933, 145.367, 149.433, 151.533, 152.9, 160.9, 164.5, 165.267, 171.067, 173.967, 181.0, 185.0, 188.867, 205.267, 207.033, 220.5, 235.933, 238.733, 243.067]"
3900,182.01560000000001,283.44514109355356,134.04736609343036,149.5231,164.7835,190.6232,"[105.767, 107.333, 124.3, 126.567, 139.367, 143.367, 144.133, 146.233, 147.4, 150.433, 151.867, 155.133, 157.733, 162.267, 163.1, 166.467, 168.3, 180.367, 182.567, 189.933, 190.133, 191.767, 196.2, 199.767, 216.467, 219.633, 221.567, 262.867, 347.9, 401.533]"
4200,181.14883333333333,282.09536228267956,133.4090263649442,152.81990000000002,178.75,201.31309999999996,"[120.433, 122.733, 130.2, 138.967, 141.433, 147.2, 149.033, 151.633, 152.633, 152.9, 153.433, 164.6, 166.767, 170.967, 178.433, 179.067, 180.067, 184.833, 187.3, 191.733, 198.533, 207.8, 210.167, 216.6, 222.9, 230.233, 231.3, 237.467, 257.167, 257.933]"
4500,201.95553333333334,314.49674995050162,148.732346630329,179.65010000000001,193.36649999999997,206.22009999999997,"[130.967, 152.2, 165.067, 166.833, 168.033, 171.3, 171.4, 174.533, 175.567, 181.4, 183.2, 187.0, 188.133, 188.2, 192.2, 194.533, 194.933, 199.333, 203.933, 205.767, 206.2, 206.267, 207.033, 209.1, 212.4, 227.667, 238.667, 255.667, 297.4, 403.733]"
4800,192.8244,300.27722494269619,142.0076242835562,169.92699999999999,193.19999999999999,204.03309999999999,"[131.5, 135.033, 137.333, 139.733, 139.833, 149.733, 150.567, 161.833, 165.867, 171.667, 171.867, 182.233, 187.3, 191.033, 193.0, 193.4, 198.633, 201.667, 201.967, 202.7, 203.833, 204.5, 206.133, 209.0, 232.333, 233.8, 238.467, 246.567, 259.133, 344.067]"
5100,203.71333333333331,317.23409701863335,150.02689753760853,178.227,193.98349999999999,207.12699999999998,"[113.933, 148.233, 150.133, 150.6, 154.0, 165.2, 166.433, 171.333, 171.367, 181.167, 184.333, 188.033, 189.133, 192.667, 193.5, 194.467, 194.667, 195.267, 200.267, 201.733, 204.667, 212.867, 229.9, 235.733, 241.8, 255.7, 260.233, 297.1, 331.267, 335.667]"
5400,238.67113333333333,371.67238996341518,175.77194913989382,190.113,211.10000000000002,253.6901,"[138.767, 163.867, 167.167, 167.933, 170.867, 174.233, 174.933, 175.467, 189.133, 190.533, 196.2, 198.333, 203.133, 208.0, 209.4, 212.8, 217.167, 228.3, 248.2, 248.233, 251.3, 259.267, 264.8, 265.467, 280.1, 316.567, 352.367, 366.6, 368.833, 552.167]"
5700,257.0523,400.29659788459043,189.30895903020559,207.38319999999999,243.1165,281.02009999999996,"[126.9, 156.3, 163.0, 166.267, 167.6, 173.867, 183.733, 201.533, 207.267, 207.433, 220.467, 228.767, 229.0, 239.5, 241.233, 245.0, 251.567, 253.0, 270.9, 277.267, 280.4, 282.467, 286.5, 287.033, 287.767, 302.367, 352.567, 398.667, 502.133, 521.067]"
6000,258.98773333333332,403.31056577659433,190.73432993568161,212.49679999999998,233.11700000000002,288.23299999999995,"[154.633, 156.4, 174.133, 185.7, 186.533, 194.4, 200.733, 206.5, 211.633, 212.867, 215.767, 216.167, 221.767, 222.0, 227.667, 238.567, 241.833, 246.067, 260.7, 273.0, 284.033, 298.033, 302.633, 310.233, 315.6, 333.6, 342.5, 389.167, 401.333, 545.433]"
6300,318.02656666666667,495.24922622199279,234.21412016004891,246.7869,299.58349999999996,362.28989999999999,"[148.1, 181.3, 182.233, 194.033, 210.7, 225.867, 228.667, 245.1, 245.2, 247.467, 248.933, 249.933, 280.2, 286.133, 288.167, 311.0, 313.433, 339.3, 341.267, 350.233, 360.9, 365.533, 399.0, 405.833, 419.6, 431.833, 460.333, 473.133, 525.133, 582.233]"
6600,344.21776666666665,536.03566639200835,253.50291394929695,258.63699999999994,282.18299999999999,352.90679999999986,"[185.333, 208.133, 210.367, 216.7, 218.733, 229.167, 239.3, 240.767, 248.067, 263.167, 272.633, 273.9, 275.6, 280.6, 280.833, 283.533, 289.2, 304.833, 339.333, 342.633, 343.467, 374.933, 386.833, 393.8, 420.067, 474.067, 605.767, 655.7, 734.267, 734.8]"
6900,370.95336666666668,577.66987749380849,273.19263703307394,253.3031,305.45000000000005,391.4498999999999,"[175.367, 201.233, 222.167, 223.033, 223.867, 225.367, 244.1, 245.067, 248.1, 255.533, 270.7, 273.667, 290.167, 297.733, 301.067, 309.833, 331.667, 363.0, 365.567, 376.467, 380.7, 416.533, 424.867, 496.4, 504.2, 587.533, 600.3, 707.833, 779.2, 787.333]"
7200,409.08226666666667,637.04638939851338,301.27307968216445,283.2131,348.16649999999998,451.01309999999984,"[168.0, 185.967, 222.567, 228.033, 234.4, 247.867, 250.067, 275.433, 278.5, 285.233, 296.267, 298.5, 314.667, 319.667, 346.7, 349.633, 355.3, 356.767, 370.3, 420.567, 435.333, 487.6, 496.0, 550.867, 576.133, 582.267, 595.2, 782.233, 901.3, 1061.1]"
7500,470.59013333333331,732.82997028771626,346.57121632920223,315.76999999999998,384.38350000000003,529.77679999999998,"[217.0, 222.533, 226.733, 239.767, 257.233, 262.2, 286.867, 296.067, 313.6, 316.7, 317.167, 323.967, 328.3, 361.533, 378.367, 390.4, 407.0, 494.6, 502.567, 506.5, 526.667, 537.033, 588.533, 613.3, 647.5, 665.033, 786.533, 823.067, 882.767, 1398.17]"
7800,447.0634,696.19279056720291,329.24469796420584,334.44699999999995,389.9665,473.0500999999997,"[205.567, 231.033, 259.867, 269.933, 273.6, 292.833, 297.567, 299.0, 307.567, 345.967, 359.867, 379.4, 383.067, 385.333, 386.4, 393.533, 408.3, 412.333, 424.567, 444.1, 445.4, 537.567, 549.767, 559.967, 585.5, 630.1, 662.667, 838.3, 845.5, 997.3]"
8100,501.62323333333336,781.15649509147136,369.42587997734029,358.07679999999999,437.25,549.68689999999981,"[180.933, 247.233, 259.267, 262.767, 278.933, 288.733, 314.0, 330.133, 354.833, 359.467, 363.167, 399.067, 407.567, 415.067, 431.433, 443.067, 471.4, 484.367, 486.167, 508.367, 529.067, 597.8, 604.7, 645.833, 788.233, 805.033, 871.633, 921.167, 924.133, 1075.13]"
8400,554.13019999999995,862.9233577957001,408.09520603083348,382.10299999999995,536.25,665.9369999999999,"[196.1, 237.133, 247.2, 255.2, 264.8, 278.967, 284.3, 334.733, 369.433, 387.533, 392.4, 396.7, 439.4, 517.5, 518.767, 553.733, 575.067, 579.2, 652.033, 653.533, 664.467, 669.367, 744.5, 755.833, 800.367, 815.5, 838.9, 1000.4, 1077.97, 1122.87]"
8700,617.17243333333329,961.09634253997137,454.52334367936908,386.48689999999999,545.34999999999991,696.98699999999985,"[204.667, 226.167, 294.967, 311.367, 311.4, 313.233, 343.067, 361.667, 380.7, 388.967, 404.7, 424.867, 425.433, 433.767, 544.467, 546.233, 587.0, 593.033, 616.367, 675.5, 678.867, 739.267, 789.7, 875.2, 928.3, 1039.8, 1094.5, 1134.5, 1387.3, 1460.17]"
9000,611.60320000000002,952.42361268632385,450.42182128517283,414.74689999999998,518.64999999999998,661.42999999999984,"[229.533, 265.433, 335.567, 336.433, 339.9, 371.5, 381.833, 399.6, 412.6, 415.667, 453.467, 474.967, 503.3, 508.033, 516.933, 520.367, 572.633, 599.1, 601.0, 603.033, 638.0, 716.1, 767.2, 792.6, 900.0, 919.1, 924.667, 1093.63, 1334.17, 1421.73]"
9300,673.04536666666672,1048.1048817639578,495.67157245342565,420.26680000000005,567.45000000000005,758.75679999999988,"[255.267, 282.233, 322.533, 341.267, 341.933, 349.967, 370.033, 403.667, 413.733, 423.067, 432.133, 481.067, 519.933, 551.367, 552.067, 582.833, 605.567, 652.067, 718.667, 734.333, 748.567, 782.533, 883.1, 903.6, 917.867, 1016.6, 1099.53, 1288.83, 1567.2, 1649.8]"
9600,661.57356666666658,1030.2403362546879,487.22304071026389,492.03690000000006,547.45000000000005,737.51699999999971,"[213.533, 215.367, 278.867, 314.033, 320.033, 435.667, 472.733, 487.767, 490.1, 492.867, 492.933, 503.633, 508.167, 520.6, 528.5, 566.4, 587.433, 622.5, 640.6, 670.733, 702.267, 819.767, 849.6, 939.867, 1041.17, 1160.33, 1183.33, 1217.77, 1253.27, 1317.37]"
9900,847.19966666666676,1319.3079552123272,623.92939875427624,572.3569,702.0,999.46209999999974,"[280.033, 325.833, 390.3, 405.167, 441.233, 523.667, 524.3, 540.433, 558.8, 578.167, 603.067, 618.6, 641.067, 665.867, 697.5, 706.5, 718.8, 720.033, 789.567, 860.233, 979.933, 1045.03, 1059.93, 1096.07, 1382.63, 1399.83, 1510.23, 1621.4, 1711.57, 2020.2]"
10200,815.51026666666667,1269.9594023730649,600.59139584089326,552.8931,737.48350000000005,925.38679999999999,"[246.4, 282.367, 443.667, 495.167, 497.8, 500.267, 505.567, 506.333, 531.8, 561.933, 582.3, 644.467, 687.367, 722.3, 732.767, 742.2, 754.533, 848.933, 876.967, 899.733, 921.167, 935.233, 995.5, 1031.8, 1208.13, 1246.47, 1250.47, 1306.0, 1620.17, 1887.5]"
10500,866.74236666666673,1349.7409695190624,638.32183248717649,641.27679999999998,771.51649999999995,939.45689999999991,"[284.7, 302.433, 319.933, 400.2, 480.667, 481.067, 487.033, 622.267, 634.533, 644.167, 700.2, 721.6, 737.267, 750.5, 752.233, 790.8, 815.667, 835.5, 849.167, 863.3, 926.967, 968.6, 1042.6, 1092.13, 1099.43, 1208.4, 1493.4, 1546.77, 1803.47, 2347.27]"
10800,965.54773333333333,1503.6063585056859,711.08811822071959,633.66679999999997,875.56700000000001,1241.3789999999999,"[218.4, 282.0, 398.6, 446.933, 477.533, 499.667, 505.633, 518.033, 566.933, 662.267, 730.833, 740.2, 747.9, 758.533, 802.667, 948.467, 982.033, 1000.47, 1100.77, 1217.3, 1240.5, 1243.43, 1284.57, 1334.9, 1389.13, 1423.53, 1502.67, 1746.1, 2049.4, 2147.03]"
11100,1106.0223666666668,1722.3615216083642,814.54218809865176,794.83989999999994,1078.25,1469.4599999999994,"[255.367, 274.033, 510.267, 563.8, 569.133, 585.467, 674.233, 731.867, 758.533, 810.4, 812.7, 834.267, 887.067, 893.567, 1069.2, 1087.3, 1117.27, 1132.27, 1219.57, 1302.97, 1414.23, 1598.33, 1606.33, 1646.07, 1653.87, 1684.43, 1719.93, 1886.2, 1890.3, 1991.7]"
11400,1205.4697999999999,1877.2267736667502,887.78133080447094,828.41690000000006,1226.45,1441.1199999999999,"[309.933, 341.7, 469.7, 572.233, 597.267, 670.4, 697.167, 721.367, 819.9, 832.067, 1013.97, 1098.97, 1127.63, 1147.8, 1207.47, 1245.43, 1269.3, 1295.73, 1297.93, 1315.97, 1425.43, 1477.73, 1568.4, 1713.47, 1766.87, 1864.43, 1874.0, 1901.47, 2247.43, 2272.93]"
11700,1184.2647333333334,1844.205026556989,872.16462907944162,831.16679999999997,1057.2199999999998,1328.8609999999999,"[311.6, 394.467, 431.0, 480.767, 680.267, 705.667, 756.567, 775.3, 793.833, 847.167, 848.067, 963.233, 997.267, 1023.17, 1045.87, 1068.57, 1205.27, 1214.13, 1223.3, 1260.43, 1322.3, 1344.17, 1399.0, 1677.33, 1708.3, 1906.5, 1968.0, 2224.57, 2379.43, 2572.4]"
12000,1290.6024,2009.8001455022472,950.47815898120723,795.47299999999996,1125.5650000000001,1589.5299999999993,"[291.733, 409.867, 546.767, 589.733, 590.167, 629.333, 661.433, 706.7, 763.833, 809.033, 852.533, 1018.3, 1096.9, 1117.07, 1122.83, 1128.3, 1139.23, 1300.17, 1389.97, 1421.4, 1522.57, 1745.77, 1789.33, 1824.2, 1852.4, 1862.53, 2007.1, 2354.5, 2741.27, 3433.1]"
12300,1377.6168,2145.3039643242105,1014.5608592123973,932.04699999999991,1363.5699999999999,1800.6889999999994,"[293.733, 446.5, 458.233, 612.167, 640.6, 714.067, 739.233, 748.167, 872.967, 957.367, 1022.03, 1127.03, 1191.17, 1322.6, 1350.57, 1376.57, 1408.73, 1535.2, 1723.67, 1736.57, 1747.1, 1925.73, 1935.97, 1984.47, 2029.73, 2047.33, 2159.47, 2237.13, 2334.07, 2650.33]"
12600,1422.8833,2215.7955566894325,1047.8978649265684,1066.4519999999998,1330.8150000000001,1619.7989999999993,"[318.7, 619.933, 666.633, 740.9, 775.533, 779.6, 779.933, 969.467, 1006.07, 1092.33, 1101.37, 1110.9, 1167.3, 1180.73, 1304.9, 1356.73, 1375.37, 1414.6, 1502.6, 1512.47, 1545.6, 1792.93, 1844.9, 1919.97, 1989.93, 2010.27, 2380.37, 2414.93, 2687.1, 3324.43]"
12900,1536.5081,2392.7386179859741,1131.5780833413239,1224.3219999999999,1411.8299999999999,1844.808,"[308.667, 650.833, 673.0, 788.2, 878.7, 939.333, 1135.63, 1189.0, 1218.47, 1226.83, 1234.17, 1246.4, 1262.2, 1297.67, 1406.53, 1417.13, 1453.77, 1624.4, 1677.97, 1687.27, 1832.67, 1873.13, 1896.07, 2077.17, 2135.7, 2236.33, 2267.43, 2666.8, 2851.8, 2941.97]"
13200,1492.9087666666667,2324.843233259327,1099.4688806314309,1214.1420000000001,1514.835,1852.6799999999998,"[393.633, 607.533, 655.867, 831.7, 1027.23, 1050.8, 1092.37, 1150.03, 1200.17, 1220.13, 1236.5, 1344.2, 1406.93, 1419.43, 1479.17, 1550.5, 1611.27, 1638.17, 1638.87, 1715.43, 1851.03, 1856.53, 1956.77, 1982.07, 2007.77, 2111.13, 2119.27, 2126.53, 2197.7, 2308.53]"
13500,1745.3437666666666,2717.9495065235483,1285.37737891287,1451.8089999999997,1681.0999999999999,2243.8099999999999,"[349.833, 678.933, 869.267, 873.2, 1085.77, 1301.77, 1316.37, 1317.77, 1388.2, 1479.07, 1483.83, 1558.8, 1594.47, 1654.33, 1657.3, 1704.9, 1749.9, 2022.1, 2024.93, 2067.83, 2241.77, 2248.57, 2250.27, 2268.33, 2279.0, 2290.37, 2481.73, 2544.83, 2671.5, 2905.37]"
13800,1766.4788666666668,2750.8622975234757,1300.9425529260932,1470.6689999999999,1666.8499999999999,2049.8599999999997,"[296.633, 718.633, 744.8, 1026.23, 1083.93, 1242.5, 1370.73, 1377.2, 1433.8, 1486.47, 1534.8, 1539.23, 1544.03, 1649.9, 1649.9, 1683.8, 1812.47, 1819.6, 1911.8, 1946.8, 2008.67, 2145.97, 2266.6, 2304.7, 2366.77, 2386.73, 2512.7, 3005.97, 3042.37, 3080.63]"
14100,1752.3257666666666,2728.8222777317042,1290.5193486674641,1435.1489999999999,1761.4850000000001,1988.8199999999999,"[341.2, 532.933, 926.1, 1008.7, 1107.73, 1159.87, 1185.13, 1262.27, 1418.93, 1442.1, 1537.43, 1557.53, 1638.83, 1666.53, 1746.3, 1776.67, 1904.7, 1919.47, 1931.33, 1975.83, 1978.23, 2013.53, 2091.37, 2182.1, 2354.53, 2402.83, 2728.53, 2843.9, 2948.4, 2986.77]"
14400,1807.2326666666668,2814.3264543929881,1330.9561316979043,1531.3090000000002,1895.8299999999999,2084.922,"[328.333, 937.167, 1029.3, 1150.77, 1196.63, 1262.63, 1388.33, 1476.33, 1477.43, 1554.4, 1624.23, 1684.93, 1689.33, 1694.93, 1811.33, 1980.33, 2000.77, 2060.8, 2079.13, 2080.97, 2084.13, 2086.77, 2090.13, 2157.0, 2192.4, 2344.77, 2359.5, 2531.67, 2550.77, 3311.77]"
14700,1925.9385666666667,2999.1820962947668,1418.3783814102924,1615.79,1845.9650000000001,2282.482,"[373.567, 1117.6, 1157.37, 1182.13, 1258.53, 1404.5, 1439.43, 1546.03, 1612.43, 1617.23, 1641.4, 1648.2, 1727.87, 1780.27, 1834.23, 1857.7, 1867.23, 1914.47, 2021.07, 2191.3, 2271.13, 2308.97, 2319.5, 2496.0, 2509.43, 2516.9, 2697.4, 2951.97, 3152.63, 3361.67]"
15000,1800.6774333333333,2804.1182687371002,1326.1284588915009,1592.9880000000001,1714.1500000000001,2039.529,"[329.933, 1147.47, 1216.67, 1266.4, 1370.5, 1397.33, 1400.43, 1426.83, 1556.63, 1608.57, 1610.97, 1618.07, 1632.1, 1706.63, 1709.7, 1718.6, 1795.13, 1869.73, 1982.9, 2012.03, 2038.17, 2042.7, 2135.73, 2136.97, 2277.93, 2317.77, 2384.2, 2742.7, 2754.5, 2813.03]"
15300,1949.3384333333333,3035.6217119590483,1435.6114674403038,1605.75,1886.2649999999999,2355.8899999999999,"[279.033, 702.9, 1403.03, 1444.33, 1455.63, 1538.23, 1573.6, 1592.5, 1599.87, 1608.27, 1775.73, 1789.8, 1794.77, 1822.73, 1857.33, 1915.2, 1916.13, 2068.3, 2199.73, 2270.03, 2344.13, 2383.33, 2413.23, 2458.93, 2484.13, 2601.97, 2653.33, 2699.13, 2743.03, 3091.8]"
15600,1970.4386666666667,3068.480206584089,1451.1509635180582,1670.51,1984.98,2285.4690000000001,"[345.0, 1157.97, 1265.67, 1312.33, 1357.8, 1409.47, 1528.23, 1585.53, 1629.0, 1688.3, 1729.37, 1874.57, 1918.27, 1944.63, 1945.83, 2024.13, 2024.47, 2083.1, 2199.13, 2245.7, 2275.47, 2308.8, 2376.53, 2410.63, 2518.53, 2686.4, 2711.13, 2764.47, 2821.9, 2970.8]"
15900,2148.9047666666665,3346.3978625153177,1582.5842617736291,1956.9209999999998,2168.8850000000002,2424.3509999999997,"[305.633, 1389.7, 1455.13, 1482.9, 1594.27, 1673.03, 1729.17, 1784.13, 1842.87, 2005.8, 2032.87, 2050.27, 2092.1, 2137.93, 2164.9, 2172.87, 2209.63, 2231.0, 2246.47, 2308.43, 2390.4, 2503.57, 2522.2, 2575.27, 2669.9, 2728.4, 2775.1, 3070.93, 3105.3, 3216.97]"
16200,2172.4884333333334,3383.1237020908088,1599.9527093105003,2083.04,2316.9499999999998,2497.0389999999998,"[357.033, 1187.03, 1195.57, 1358.83, 1439.07, 1547.63, 1559.0, 1893.53, 1998.2, 2119.4, 2126.13, 2158.77, 2165.7, 2267.57, 2306.23, 2327.67, 2392.43, 2424.83, 2487.03, 2492.7, 2496.37, 2498.6, 2501.03, 2554.9, 2597.77, 2628.3, 2679.43, 2716.9, 3140.93, 3556.07]"
16500,2205.0386666666668,3433.8127940136701,1623.9246822845748,2024.1990000000001,2217.0500000000002,2509.4219999999996,"[321.4, 1254.2, 1401.33, 1524.83, 1600.77, 1769.23, 1851.5, 1856.37, 2018.9, 2026.47, 2026.53, 2031.43, 2076.87, 2082.1, 2161.73, 2272.37, 2336.5, 2352.1, 2378.63, 2455.93, 2493.33, 2546.97, 2772.3, 2784.6, 2797.0, 2811.47, 2848.03, 2902.07, 2945.03, 3451.17]"
16800,2196.3804333333333,3420.3296960331254,1617.5482322805326,1874.74,2100.2650000000003,2645.75,"[304.633, 1228.53, 1407.1, 1557.57, 1636.8, 1637.1, 1693.37, 1819.97, 1846.67, 1886.77, 2031.13, 2065.4, 2079.1, 2094.17, 2098.0, 2102.53, 2195.17, 2486.1, 2539.77, 2583.13, 2644.37, 2648.97, 2664.9, 2697.13, 2791.7, 2819.2, 2847.93, 2902.63, 3056.0, 3525.57]"
17100,2161.7196666666669,3366.3539604464831,1592.0219341036423,1840.1599999999999,2175.75,2359.241,"[386.8, 1432.37, 1658.43, 1660.9, 1669.37, 1684.07, 1727.67, 1800.7, 1805.93, 1854.83, 1891.23, 1978.03, 1981.6, 2041.17, 2167.93, 2183.57, 2231.03, 2231.37, 2252.43, 2306.67, 2347.1, 2387.57, 2410.13, 2533.33, 2540.73, 2664.27, 2770.03, 3124.83, 3128.03, 3999.47]"
17400,2362.4869000000003,3679.0002214215269,1739.8791442889151,2064.5699999999997,2411.915,2779.4610000000002,"[426.667, 1437.13, 1484.07, 1523.5, 1755.6, 1889.63, 1960.07, 1973.73, 2033.63, 2077.83, 2130.23, 2157.8, 2186.53, 2202.1, 2404.0, 2419.83, 2653.43, 2681.37, 2733.2, 2753.3, 2778.63, 2781.4, 2814.73, 2914.53, 2993.53, 3029.9, 3062.2, 3064.77, 3072.87, 3478.4]"
17700,2154.2710999999999,3354.7546248413037,1586.5363562584575,1908.018,2137.6199999999999,2473.7499999999995,"[320.533, 1284.33, 1560.2, 1572.2, 1584.67, 1625.27, 1819.47, 1885.17, 1900.43, 1911.27, 1921.5, 1954.47, 2008.7, 2070.07, 2115.87, 2159.37, 2210.1, 2386.0, 2408.37, 2422.2, 2462.2, 2500.7, 2524.5, 2569.07, 2581.13, 2615.97, 2757.0, 2946.87, 3200.4, 3350.1]"
18000,2335.9551000000001,3637.6833793790533,1720.3395119292838,2088.8589999999999,2272.0999999999999,2511.5079999999998,"[523.433, 1737.5, 1767.23, 1832.53, 1966.8, 2010.67, 2033.57, 2035.67, 2057.73, 2102.2, 2122.13, 2145.5, 2177.2, 2208.5, 2248.5, 2295.7, 2352.77, 2376.67, 2407.93, 2432.33, 2489.47, 2562.93, 2572.13, 2788.7, 2819.93, 2842.17, 2979.8, 2990.5, 3490.43, 3708.03]"
18300,2420.8370999999997,3769.8665025086257,1782.8517830134244,2169.652,2407.73,2652.2609999999995,"[451.633, 1264.8, 1799.13, 1854.9, 1878.37, 1918.63, 2040.3, 2093.57, 2158.27, 2174.53, 2195.63, 2197.2, 2320.77, 2330.73, 2399.53, 2415.93, 2473.6, 2500.27, 2588.83, 2625.37, 2643.33, 2673.1, 2709.07, 2929.77, 2962.53, 3089.53, 3240.53, 3392.43, 3498.93, 3803.9]"
18600,2354.8896666666669,3667.169373548667,1734.2840792619036,2272.761,2355.6350000000002,2580.5399999999995,"[352.9, 1364.93, 1573.47, 1771.27, 1837.4, 1931.83, 2091.5, 2235.37, 2272.6, 2272.83, 2273.53, 2325.33, 2327.6, 2334.2, 2336.77, 2374.5, 2400.67, 2414.03, 2420.17, 2479.03, 2548.23, 2655.93, 2697.9, 2741.27, 2790.9, 2797.33, 2840.7, 2902.6, 3407.03, 3874.87]"
18900,2375.911333333333,3699.9055196501808,1749.7657140644183,2215.491,2340.0799999999999,2564.5399999999995,"[323.7, 1665.33, 1817.13, 1916.67, 1917.73, 1963.57, 1978.73, 2077.87, 2132.87, 2250.9, 2273.1, 2275.67, 2311.1, 2332.97, 2333.83, 2346.33, 2384.7, 2415.97, 2451.37, 2490.37, 2542.97, 2614.87, 2669.2, 2845.23, 2863.17, 2928.93, 3095.0, 3160.83, 3295.93, 3601.3]"
19200,2354.8987666666667,3667.1835445910601,1734.2907810557681,2099.2489999999998,2397.1999999999998,2711.6309999999999,"[465.033, 1726.1, 1824.73, 1834.0, 1845.47, 1875.97, 1993.43, 1995.33, 2012.4, 2136.47, 2182.17, 2266.97, 2286.93, 2323.67, 2387.03, 2407.37, 2409.8, 2454.8, 2527.53, 2564.63, 2706.6, 2723.37, 2729.53, 2775.7, 2845.4, 2851.87, 2917.57, 3021.43, 3071.73, 3483.93]"
19500,2437.4533333333334,3795.7422549255066,1795.0889885756246,2323.8919999999998,2384.8699999999999,2571.2809999999999,"[492.0, 1603.5, 1791.3, 1881.03, 2172.73, 2178.8, 2268.97, 2318.5, 2318.67, 2326.13, 2340.33, 2340.7, 2341.67, 2362.83, 2377.17, 2392.57, 2414.63, 2477.6, 2505.9, 2510.6, 2537.9, 2649.17, 2742.6, 2744.47, 2912.9, 2927.23, 3049.77, 3095.4, 3300.73, 3747.8]"
19800,2479.3455666666664,3860.9792455345018,1825.9409789440583,2302.1900000000001,2494.2849999999999,2730.7609999999995,"[412.767, 1668.87, 1864.47, 2104.63, 2105.53, 2208.1, 2232.5, 2262.07, 2293.3, 2306.0, 2311.93, 2398.5, 2424.17, 2477.63, 2484.6, 2503.97, 2506.0, 2522.13, 2552.3, 2566.57, 2688.53, 2829.3, 2867.97, 2903.6, 2909.23, 2909.67, 2982.4, 3091.63, 3471.0, 3521.0]"
20100,2508.6856666666667,3906.6693335500299,1847.5488143489245,2292.491,2594.6999999999998,2766.1610000000001,"[472.3, 1686.27, 1869.1, 2002.93, 2073.5, 2092.7, 2126.43, 2144.4, 2239.2, 2315.33, 2383.73, 2472.13, 2523.87, 2549.67, 2567.67, 2621.73, 2635.53, 2642.47, 2708.63, 2725.03, 2758.13, 2784.9, 2875.53, 2890.67, 2905.83, 3182.2, 3222.83, 3239.93, 3251.8, 3296.13]"
20400,2625.8675666666668,4089.1517151651806,1933.8486977041077,2329.5189999999998,2511.165,2869.9199999999996,"[444.567, 1566.83, 1927.23, 2068.73, 2126.17, 2135.2, 2214.87, 2216.53, 2277.6, 2351.77, 2431.97, 2432.43, 2455.73, 2485.07, 2503.5, 2518.83, 2642.37, 2700.0, 2759.6, 2800.03, 2839.5, 2940.9, 3105.1, 3171.43, 3226.9, 3473.0, 3545.9, 3642.87, 3682.4, 4089.0]"
20700,2762.1061,4301.310180170628,2034.1830457147473,2575.8199999999997,2798.6149999999998,3066.5919999999996,"[620.133, 2007.97, 2071.4, 2116.1, 2300.97, 2302.07, 2420.5, 2477.7, 2499.17, 2608.67, 2619.37, 2680.67, 2703.67, 2708.9, 2768.2, 2829.03, 2830.4, 2865.33, 2951.6, 2956.53, 3048.73, 3108.27, 3132.27, 3144.7, 3152.3, 3317.67, 3498.23, 3503.27, 3532.43, 4086.93]"
21000,2487.596766666667,3873.8284878422564,1832.0176648276322,2279.1289999999999,2495.7150000000001,2824.8400000000001,"[342.633, 1801.17, 1824.33, 2054.83, 2095.0, 2111.3, 2124.53, 2263.9, 2273.13, 2281.7, 2317.37, 2329.43, 2333.53, 2419.37, 2492.5, 2498.93, 2533.23, 2588.8, 2596.57, 2731.8, 2820.07, 2835.97, 2878.13, 2908.77, 2966.27, 3031.47, 3131.6, 3292.57, 3342.8, 3406.2]"
21300,2531.3078999999998,3941.8979739468859,1864.2092038621545,2323.7110000000002,2600.0699999999997,2806.0509999999999,"[500.167, 1554.2, 1853.23, 2053.1, 2188.77, 2194.5, 2204.17, 2230.73, 2237.17, 2360.8, 2398.7, 2493.7, 2559.47, 2572.3, 2594.97, 2605.17, 2620.83, 2630.73, 2664.57, 2781.9, 2804.23, 2810.3, 2884.13, 2909.13, 2986.17, 3108.33, 3166.03, 3255.27, 3315.97, 3400.5]"
21600,2472.9057666666663,3850.9508192918379,1821.1983182700917,2291.7600000000002,2441.1700000000001,2801.3910000000001,"[672.833, 1666.77, 1860.13, 1951.33, 1973.9, 2027.1, 2189.83, 2221.6, 2283.5, 2295.3, 2305.23, 2337.03, 2368.63, 2395.73, 2422.17, 2460.17, 2488.8, 2596.57, 2703.53, 2715.47, 2799.3, 2806.27, 2809.2, 2849.23, 2902.83, 2956.13, 3012.53, 3123.3, 3328.23, 3664.53]"
21900,2596.0190000000002,4042.6698136673222,1911.8663964984373,2349.6409999999996,2681.6350000000002,2827.598,"[839.4, 1547.13, 1788.67, 2050.23, 2081.1, 2159.27, 2230.6, 2324.63, 2346.47, 2351.0, 2394.3, 2507.53, 2516.87, 2563.07, 2678.8, 2684.47, 2696.97, 2702.4, 2755.23, 2785.17, 2811.77, 2864.53, 2954.83, 3103.13, 3109.47, 3204.5, 3206.2, 3343.43, 3579.0, 3700.4]"
22200,2788.9036666666666,4343.0408893230151,2053.918404823416,2516.3209999999999,2847.085,3089.5789999999997,"[1062.97, 2055.77, 2082.7, 2086.53, 2204.27, 2254.87, 2267.63, 2298.8, 2394.5, 2568.53, 2632.4, 2691.27, 2729.23, 2757.8, 2826.77, 2867.4, 2947.7, 2948.53, 2989.63, 3000.2, 3029.3, 3230.23, 3290.63, 3311.47, 3349.37, 3361.17, 3440.27, 3457.07, 3583.73, 3946.37]"
22500,2762.8551000000002,4302.4765659676641,2034.7346549021133,2390.1409999999996,2766.8200000000002,3040.2199999999998,"[884.133, 1683.43, 2169.3, 2238.17, 2256.27, 2261.8, 2343.87, 2374.83, 2387.67, 2391.2, 2539.33, 2570.7, 2654.07, 2687.17, 2707.07, 2826.57, 2852.13, 2871.6, 2893.17, 3022.53, 3035.87, 3050.37, 3058.03, 3163.27, 3256.6, 3310.0, 3446.77, 3551.83, 3749.9, 4648.0]"
22800,2784.713666666667,4336.5159807921973,2050.8326338019679,2425.5480000000002,2853.1350000000002,3200.8609999999999,"[1372.93, 1791.83, 1870.9, 2192.47, 2217.87, 2350.23, 2361.57, 2370.7, 2400.53, 2436.27, 2478.07, 2525.57, 2687.4, 2763.5, 2845.8, 2860.47, 2898.0, 3053.8, 3132.5, 3163.73, 3187.4, 3232.27, 3248.27, 3315.37, 3384.53, 3384.8, 3438.33, 3445.2, 3515.87, 3615.23]"
23100,2600.8273333333336,4050.1576263608031,1915.4075458209823,2299.1580000000004,2612.085,2900.77,"[1753.93, 1785.67, 1851.1, 1907.53, 1960.5, 2030.43, 2052.8, 2258.23, 2281.63, 2306.67, 2333.0, 2375.67, 2386.13, 2513.7, 2600.4, 2623.77, 2717.5, 2752.97, 2761.0, 2824.9, 2892.4, 2920.3, 2939.87, 2969.53, 3056.03, 3225.47, 3246.0, 3306.33, 3603.43, 3787.93]"
23400,2601.8293333333336,4051.7179982815378,1916.1454796070182,2367.1210000000001,2557.9650000000001,2901.6589999999997,"[1435.53, 1535.0, 1719.67, 2022.97, 2145.23, 2178.87, 2228.33, 2338.8, 2356.6, 2371.63, 2441.13, 2478.43, 2506.73, 2528.77, 2543.13, 2572.8, 2576.43, 2587.97, 2760.37, 2804.77, 2884.4, 2941.93, 2944.83, 2981.5, 3111.77, 3315.03, 3318.03, 3327.23, 3442.1, 3654.9]"
23700,2633.0766666666668,4100.3781395302221,1939.1579177209865,2518.54,2624.73,2857.6799999999998,"[1373.23, 1531.97, 2050.1, 2093.53, 2134.7, 2152.13, 2250.3, 2330.67, 2473.67, 2537.77, 2547.97, 2569.57, 2575.9, 2576.47, 2593.33, 2656.13, 2676.13, 2718.13, 2724.73, 2811.2, 2827.47, 2928.17, 2940.67, 2954.73, 2963.6, 3014.37, 3189.83, 3229.6, 3534.63, 4031.6]"
24000,2611.9639999999999,4067.5002830047665,1923.6092649798188,2317.79,2455.335,2845.8999999999996,"[1792.73, 1900.67, 1948.37, 1954.7, 2110.0, 2158.27, 2171.8, 2207.13, 2273.9, 2336.6, 2339.33, 2354.7, 2385.53, 2387.6, 2430.97, 2479.7, 2630.47, 2667.0, 2704.43, 2793.07, 2841.97, 2855.07, 2938.47, 3010.57, 3019.77, 3110.73, 3367.37, 3539.8, 3804.53, 3843.67]"
24300,2747.2093333333332,4278.1120799546516,2023.2121600600285,2542.5119999999997,2700.0,2988.701,"[1830.1, 1918.9, 1926.67, 2050.03, 2111.17, 2428.37, 2480.63, 2537.53, 2538.27, 2544.33, 2595.47, 2618.13, 2635.13, 2663.23, 2673.2, 2726.8, 2740.3, 2762.73, 2843.37, 2929.97, 2979.8, 3009.47, 3010.1, 3039.87, 3065.9, 3082.47, 3321.47, 3635.23, 3781.57, 3936.07]"
24600,2755.9516666666668,4291.7261432830346,2029.6505464227585,2527.3990000000003,2881.0799999999999,3026.5919999999996,"[1515.27, 2076.77, 2081.6, 2124.27, 2247.33, 2291.13, 2345.43, 2389.6, 2506.63, 2536.3, 2567.53, 2699.57, 2731.23, 2766.9, 2860.43, 2901.73, 2957.9, 2992.3, 2993.8, 3003.53, 3015.93, 3051.47, 3115.63, 3142.17, 3177.5, 3200.17, 3257.83, 3351.4, 3374.27, 3402.93]"
24900,2836.7779999999998,4417.5935494599835,2089.1759777282232,2487.6990000000001,2776.8000000000002,2925.6789999999996,"[1955.83, 1988.37, 2045.2, 2202.2, 2293.6, 2422.4, 2427.4, 2454.17, 2468.33, 2496.0, 2600.4, 2668.23, 2732.27, 2751.67, 2771.03, 2782.57, 2818.9, 2830.07, 2847.67, 2895.97, 2903.2, 2978.13, 3036.6, 3109.07, 3113.53, 3362.5, 3448.43, 3979.1, 4206.5, 4514.0]"
25200,2842.1486666666669,4425.957059901396,2093.1312635434638,2460.0100000000002,2708.1300000000001,2929.0590000000002,"[1900.17, 1906.33, 1995.1, 2114.4, 2124.83, 2177.53, 2254.6, 2313.8, 2357.67, 2503.87, 2551.07, 2583.53, 2595.23, 2634.87, 2690.93, 2725.33, 2761.77, 2782.2, 2869.43, 2871.47, 2928.27, 2930.9, 3390.3, 3501.63, 3574.87, 3607.77, 3682.7, 3825.03, 4413.73, 4695.13]"
25500,2802.7960000000003,4364.6748282919025,2064.1495646373291,2339.5709999999999,2811.6499999999996,3328.9099999999999,"[1653.93, 1877.03, 2072.57, 2095.47, 2154.7, 2155.03, 2217.07, 2248.2, 2319.6, 2348.13, 2379.47, 2416.93, 2528.37, 2762.2, 2790.47, 2832.83, 2843.77, 3043.0, 3166.47, 3257.93, 3304.97, 3384.77, 3402.93, 3426.1, 3449.17, 3483.07, 3578.43, 3592.67, 3617.93, 3680.67]"
25800,2755.9809999999998,4291.7718228336071,2029.6721492747777,2443.6599999999999,2653.3850000000002,3065.04,"[1655.3, 1971.47, 2111.73, 2132.47, 2151.87, 2265.2, 2303.4, 2354.13, 2356.93, 2480.83, 2487.97, 2504.37, 2518.57, 2579.2, 2648.97, 2657.8, 2701.8, 2765.23, 2836.83, 2919.33, 3064.5, 3066.3, 3084.6, 3103.63, 3180.7, 3483.7, 3509.9, 3611.2, 4045.8, 4125.7]"
26100,2660.6576666666665,4143.3288560429892,1959.4702448194487,2354.989,2688.1850000000004,2935.8799999999997,"[1705.43, 1848.7, 1881.57, 1976.8, 2003.7, 2205.43, 2236.9, 2289.83, 2343.6, 2359.87, 2361.93, 2369.8, 2377.43, 2539.33, 2648.3, 2728.07, 2733.37, 2771.5, 2847.4, 2854.77, 2888.03, 3047.53, 3069.23, 3190.97, 3309.7, 3354.07, 3375.67, 3451.2, 3512.93, 3536.67]"
26400,2865.1619999999998,4461.7947436697077,2110.0796829007245,2558.451,2822.7150000000001,3122.8800000000001,"[1890.83, 2362.5, 2417.0, 2419.6, 2439.13, 2454.77, 2494.4, 2518.2, 2557.17, 2559.0, 2602.47, 2629.5, 2641.63, 2683.07, 2765.0, 2880.43, 2902.57, 2910.37, 3031.87, 3091.37, 3118.47, 3133.17, 3227.63, 3270.77, 3329.07, 3403.6, 3451.43, 3516.2, 3574.97, 3678.67]"
26700,2602.2739999999999,4052.4104587413708,1916.4729592046801,2346.1419999999998,2654.0349999999999,2831.8489999999993,"[1646.73, 1708.0, 1711.0, 1888.13, 2024.27, 2091.5, 2097.13, 2137.33, 2198.47, 2409.43, 2462.07, 2465.77, 2549.67, 2561.97, 2638.9, 2669.17, 2728.67, 2731.4, 2741.77, 2787.63, 2787.77, 2934.7, 2956.8, 3005.5, 3074.87, 3106.57, 3272.47, 3280.23, 3378.77, 4021.53]"
27000,2902.9400000000001,4520.6248139506743,2137.9017014325295,2500.2819999999997,2919.52,3122.6790000000001,"[2125.57, 2191.17, 2267.8, 2323.73, 2351.8, 2405.63, 2425.07, 2439.5, 2463.77, 2515.93, 2585.9, 2628.93, 2634.8, 2771.27, 2853.77, 2985.27, 2991.87, 3014.37, 3060.67, 3072.3, 3122.1, 3124.03, 3144.3, 3358.2, 3447.2, 3528.93, 3556.53, 3765.33, 3830.53, 4101.93]"
27300,2876.7799999999997,4479.8869602117229,2118.6358852222479,2534.4899999999998,2781.5349999999999,3190.2009999999996,"[1716.83, 1749.33, 1908.2, 2018.43, 2254.37, 2362.3, 2457.8, 2469.63, 2519.37, 2540.97, 2599.17, 2694.03, 2725.77, 2753.2, 2765.6, 2797.47, 2870.33, 2899.0, 2914.33, 3114.47, 3154.63, 3273.2, 3285.37, 3445.8, 3457.17, 3494.93, 3636.03, 3746.0, 4079.3, 4600.37]"
27600,2923.2339999999999,4552.2277957464794,2152.8474382127838,2571.1800000000003,2934.8499999999999,3143.2910000000002,"[2194.33, 2246.03, 2248.03, 2274.47, 2315.43, 2435.53, 2470.37, 2538.37, 2568.8, 2572.2, 2580.03, 2702.37, 2732.97, 2889.9, 2924.37, 2945.33, 3066.33, 3076.43, 3080.93, 3091.87, 3140.3, 3150.27, 3240.1, 3353.67, 3393.23, 3419.6, 3426.3, 3818.43, 3870.83, 3930.2]"
27900,2913.0183333333334,4536.3193731733709,2145.3239995099743,2490.9899999999998,2778.4000000000001,3272.971,"[1957.73, 2073.23, 2100.87, 2207.33, 2276.3, 2415.43, 2429.8, 2434.9, 2456.83, 2505.63, 2558.3, 2637.33, 2659.1, 2672.2, 2753.9, 2802.9, 2866.8, 2948.3, 2963.67, 3253.4, 3260.8, 3301.37, 3384.4, 3427.57, 3539.57, 3616.53, 3828.6, 3893.73, 4071.93, 4092.1]"
28200,2900.2363333333333,4516.4145090108605,2135.9105567423971,2612.1880000000001,2924.5299999999997,3253.9889999999996,"[1937.23, 1967.77, 2209.17, 2273.73, 2275.73, 2299.27, 2303.77, 2306.63, 2547.83, 2639.77, 2720.83, 2728.9, 2805.1, 2871.4, 2893.23, 2955.83, 3007.13, 3037.27, 3120.67, 3196.9, 3227.1, 3316.73, 3329.23, 3337.17, 3339.67, 3500.03, 3504.43, 3712.7, 3730.6, 3911.27]"
28500,2720.3936666666664,4236.3531844432173,2003.4634710097155,2405.8420000000001,2638.1700000000001,2932.8319999999994,"[1845.8, 1846.7, 1871.83, 1921.03, 2063.6, 2167.43, 2198.67, 2356.0, 2401.67, 2407.63, 2464.43, 2537.87, 2602.27, 2603.67, 2628.47, 2647.87, 2684.63, 2773.43, 2782.6, 2859.77, 2898.83, 3012.17, 3063.77, 3120.03, 3221.9, 3309.83, 3476.47, 3622.77, 3655.2, 4565.47]"
28800,2741.1786666666667,4268.7207796253306,2018.770810074345,2409.2799999999997,2709.8200000000002,3089.29,"[1399.2, 1698.03, 1819.5, 2062.47, 2103.07, 2121.67, 2307.7, 2359.1, 2377.57, 2422.87, 2429.2, 2477.57, 2515.47, 2683.67, 2687.57, 2732.07, 2851.57, 2852.37, 2960.8, 3045.77, 3079.93, 3111.13, 3170.77, 3217.03, 3231.67, 3251.93, 3271.8, 3471.7, 4113.53, 4408.63]"
29100,2808.3036666666667,4373.2516829979249,2068.2057455909794,2599.8910000000001,2823.7849999999999,3062.6499999999996,"[2016.43, 2046.13, 2101.27, 2308.93, 2330.27, 2344.03, 2471.87, 2479.5, 2542.4, 2624.53, 2630.6, 2638.73, 2644.73, 2701.17, 2804.27, 2843.3, 2919.83, 2941.63, 2997.23, 3024.73, 3046.6, 3100.1, 3125.33, 3179.93, 3268.77, 3309.2, 3363.27, 3366.43, 3537.23, 3540.67]"
29400,2892.7960000000003,4504.8279948249901,2130.4310424249957,2592.3409999999999,2878.8000000000002,3219.2289999999998,"[1743.77, 1834.2, 2014.27, 2049.23, 2364.03, 2389.17, 2480.27, 2499.77, 2590.57, 2593.1, 2614.7, 2681.3, 2699.4, 2847.57, 2849.0, 2908.6, 2911.0, 2934.93, 3011.1, 3117.4, 3190.0, 3287.43, 3374.67, 3415.93, 3560.2, 3620.0, 3701.23, 3750.77, 3766.2, 3984.07]"
29700,2781.788,4331.9599647082678,2048.6779947999594,2410.1410000000001,2632.2350000000001,3094.6700000000001,"[1962.73, 1981.9, 2082.73, 2155.07, 2193.83, 2289.47, 2308.47, 2371.47, 2402.77, 2413.3, 2431.63, 2486.53, 2517.17, 2545.5, 2612.07, 2652.4, 2712.83, 2812.83, 2934.17, 3008.77, 3087.17, 3112.17, 3357.53, 3399.93, 3427.07, 3439.47, 3484.73, 3499.33, 3513.8, 4256.8]"
30000,2851.5460000000003,4440.5911268306581,2100.0520317723149,2690.7199999999998,2943.2150000000001,3062.3910000000001,"[1646.93, 1941.8, 2104.67, 2309.23, 2393.0, 2457.4, 2560.4, 2584.9, 2659.5, 2704.1, 2774.93, 2876.5, 2899.4, 2925.37, 2938.0, 2948.43, 2994.4, 3041.93, 3045.73, 3052.0, 3054.0, 3081.97, 3138.87, 3146.43, 3162.13, 3225.33, 3292.57, 3348.03, 3479.1, 3759.33]"
30300,2631.4769999999999,4097.8870467665465,1937.9798258250491,2293.46,2748.665,2867.7109999999998,"[1347.43, 1828.3, 1862.43, 1865.57, 1879.3, 2130.23, 2256.17, 2266.27, 2276.1, 2300.9, 2348.0, 2512.83, 2520.77, 2737.57, 2737.9, 2759.43, 2764.67, 2773.63, 2813.6, 2827.17, 2850.23, 2908.5, 3021.6, 3159.0, 3166.17, 3206.33, 3419.37, 3428.8, 3432.37, 3543.67]"
30600,2741.5843333333332,4269.3525070463338,2019.0695676982991,2483.6320000000001,2737.3000000000002,3001.0609999999997,"[1711.83, 1733.2, 2024.0, 2040.6, 2105.33, 2150.6, 2174.53, 2433.83, 2471.97, 2488.63, 2606.8, 2662.53, 2672.2, 2692.17, 2734.0, 2740.6, 2747.6, 2828.97, 2847.43, 2896.4, 2992.4, 3021.27, 3071.83, 3132.37, 3194.0, 3269.67, 3331.77, 3446.5, 3871.97, 4152.53]"
30900,2779.0539999999996,4327.7024229604731,2046.6645107969423,2446.3779999999997,2812.25,3110.0009999999997,"[1822.6, 1966.7, 1981.43, 2107.67, 2111.47, 2153.3, 2154.37, 2250.77, 2375.23, 2476.87, 2495.07, 2508.67, 2545.77, 2693.53, 2793.03, 2831.47, 2897.2, 2916.17, 2921.47, 2956.97, 3067.23, 3209.8, 3314.93, 3330.8, 3353.5, 3409.17, 3503.13, 3631.5, 3684.5, 3907.3]"
31200,2834.8256666666666,4414.55326391782,2087.7381606341401,2537.8099999999999,2799.27,3054.8180000000002,"[2110.2, 2192.07, 2211.5, 2254.77, 2419.5, 2453.97, 2458.4, 2487.33, 2496.93, 2555.33, 2567.27, 2617.47, 2633.97, 2757.2, 2794.57, 2803.97, 2830.57, 3003.1, 3009.63, 3016.87, 3049.07, 3068.23, 3102.73, 3216.5, 3225.53, 3311.23, 3317.43, 3599.53, 3684.77, 3795.13]"
31500,2666.7026666666666,4152.7424770617945,1963.9221507441869,2528.8299999999999,2619.3499999999999,2897.0410000000002,"[1741.93, 2016.9, 2036.17, 2058.97, 2228.37, 2341.93, 2395.47, 2433.57, 2482.63, 2548.63, 2565.9, 2585.17, 2603.07, 2610.2, 2616.37, 2622.33, 2686.03, 2740.33, 2879.0, 2887.4, 2893.0, 2906.47, 2910.7, 2994.2, 3002.97, 3020.17, 3077.2, 3103.97, 3330.7, 3681.33]"
31800,2777.0473333333334,4324.5775264325875,2045.1866793292324,2444.3490000000002,2717.6849999999999,2919.7909999999997,"[1868.83, 1883.9, 1928.9, 2115.93, 2167.63, 2175.93, 2195.13, 2250.57, 2442.2, 2445.27, 2510.07, 2524.33, 2559.27, 2584.97, 2713.17, 2722.2, 2752.8, 2758.77, 2867.43, 2881.57, 2896.4, 2974.37, 3002.03, 3150.03, 3151.73, 3290.53, 3613.6, 4070.2, 4262.23, 4551.43]"
32100,2696.6563333333334,4199.3880463130163,1985.9818539866965,2503.768,2612.6000000000004,2835.5609999999997,"[1888.6, 2056.3, 2163.23, 2199.1, 2250.53, 2282.77, 2351.6, 2442.07, 2462.93, 2521.27, 2543.27, 2549.4, 2587.23, 2587.57, 2591.53, 2633.67, 2662.5, 2694.93, 2706.13, 2773.4, 2815.83, 2881.6, 3051.47, 3113.8, 3159.93, 3181.67, 3299.93, 3365.63, 3476.9, 3604.9]"
32400,2915.2693333333332,4539.8247595941029,2146.9817729155302,2559.942,2877.4499999999998,3311.4700000000003,"[1551.6, 1897.03, 2193.43, 2339.57, 2362.4, 2363.77, 2411.33, 2489.77, 2547.37, 2565.33, 2570.7, 2594.67, 2754.4, 2836.3, 2846.77, 2908.13, 2993.17, 3169.37, 3241.2, 3246.7, 3305.8, 3324.7, 3372.6, 3498.13, 3518.97, 3549.3, 3640.1, 3694.3, 3807.07, 3864.1]"
32700,2633.9196666666667,4101.6909075234153,1939.7787542295973,2365.7910000000002,2644.0299999999997,2900.7080000000001,"[1902.03, 1935.57, 1945.73, 2041.73, 2143.33, 2233.3, 2235.6, 2346.13, 2350.3, 2372.43, 2375.4, 2395.67, 2400.33, 2530.0, 2558.63, 2729.43, 2747.33, 2858.6, 2877.1, 2894.0, 2897.57, 2908.03, 2919.67, 2968.47, 2999.7, 3183.97, 3208.77, 3262.77, 3374.03, 3421.97]"
33000,2739.8649999999998,4266.6750624797496,2017.8033459855999,2353.3299999999999,2719.8199999999997,3048.2489999999998,"[1783.3, 1916.0, 1969.0, 2082.47, 2090.0, 2164.27, 2173.77, 2235.73, 2332.33, 2362.33, 2371.73, 2430.33, 2586.67, 2596.1, 2652.87, 2786.77, 2790.37, 2806.97, 2884.8, 2919.3, 3016.77, 3121.7, 3128.53, 3169.37, 3266.67, 3445.1, 3481.53, 3620.77, 3965.53, 4044.87]"
33300,2870.5856666666668,4470.2407887536338,2114.0740011417734,2548.1700000000001,2789.5,3119.2389999999996,"[1920.47, 2062.4, 2227.3, 2340.1, 2421.4, 2428.3, 2432.4, 2527.6, 2534.8, 2553.9, 2575.0, 2610.3, 2643.53, 2717.13, 2744.53, 2834.47, 2903.57, 3049.37, 3087.93, 3101.7, 3107.5, 3146.63, 3195.57, 3265.87, 3317.03, 3533.17, 3590.77, 3590.83, 3735.1, 3918.9]"
33600,2869.9053333333336,4469.181334631804,2113.5729622670892,2661.6410000000001,2788.02,3081.5599999999995,"[2121.43, 2197.23, 2220.23, 2267.4, 2419.3, 2441.83, 2550.73, 2587.23, 2633.9, 2673.53, 2679.6, 2687.6, 2749.13, 2767.13, 2768.57, 2807.47, 2830.4, 2851.8, 2877.93, 2962.5, 3048.23, 3159.33, 3170.37, 3204.1, 3229.43, 3449.7, 3450.33, 3460.63, 3898.1, 3932.0]"
33900,2843.3583333333331,4427.8408222767612,2094.0221357023206,2507.0999999999999,2733.9349999999999,3058.9110000000001,"[2128.3, 2261.9, 2267.97, 2268.8, 2396.47, 2426.47, 2438.4, 2479.37, 2505.07, 2507.97, 2591.83, 2640.8, 2645.1, 2691.3, 2708.37, 2759.5, 2781.03, 2909.5, 2977.13, 3032.33, 3056.1, 3065.47, 3135.5, 3209.1, 3252.53, 3308.97, 3565.5, 3586.27, 3595.13, 4108.57]"
34200,2772.0529999999999,4316.8000638616049,2041.5085482859265,2555.1409999999996,2664.665,2996.3519999999999,"[1775.47, 1835.13, 2083.2, 2275.43, 2281.1, 2292.83, 2329.7, 2520.77, 2536.57, 2563.1, 2563.6, 2614.87, 2632.73, 2653.63, 2659.9, 2669.43, 2789.93, 2945.5, 2948.77, 2951.73, 2986.83, 3018.57, 3052.5, 3057.9, 3095.17, 3416.87, 3429.03, 3585.87, 3714.93, 3880.53]"
34500,2860.5836666666664,4454.665100179589,2106.7079195769702,2505.5410000000002,2903.75,3186.049,"[1398.8, 1955.8, 2245.43, 2280.3, 2312.0, 2332.63, 2343.17, 2469.9, 2476.4, 2518.03, 2614.03, 2666.93, 2697.73, 2862.77, 2900.03, 2907.47, 2949.83, 3082.57, 3146.47, 3159.8, 3180.67, 3198.6, 3258.5, 3278.83, 3303.87, 3394.53, 3660.53, 3684.43, 3689.83, 3847.63]"
34800,2641.3910000000001,4113.3256966888694,1945.2810988337928,2334.491,2528.2800000000002,2912.0319999999997,"[1785.47, 1836.57, 2163.4, 2175.73, 2217.93, 2220.8, 2257.7, 2323.63, 2333.07, 2335.1, 2348.17, 2363.67, 2407.6, 2409.1, 2458.03, 2598.53, 2644.4, 2710.57, 2775.17, 2864.87, 2891.83, 2959.17, 3006.73, 3067.53, 3175.03, 3212.4, 3250.83, 3306.33, 3333.0, 3809.37]"
35100,2739.8516666666669,4266.654299047671,2017.7935265074091,2590.7489999999998,2746.9650000000001,3028.1479999999997,"[1763.17, 1816.63, 2004.13, 2320.87, 2436.77, 2445.97, 2456.4, 2545.6, 2558.43, 2604.6, 2630.87, 2655.13, 2677.17, 2717.03, 2743.43, 2750.5, 2755.63, 2795.9, 2865.2, 2892.37, 3022.97, 3040.23, 3061.43, 3131.63, 3142.23, 3147.03, 3181.43, 3258.5, 3348.0, 3426.3]"
35400,2945.5426666666667,4586.9681321294174,2169.2768981476629,2676.8400000000001,2919.0699999999997,3327.299,"[1541.73, 2170.67, 2195.7, 2212.93, 2398.7, 2474.2, 2575.17, 2605.93, 2642.33, 2691.63, 2695.63, 2738.8, 2780.37, 2866.47, 2876.37, 2961.77, 2969.93, 2992.57, 3032.77, 3298.0, 3326.57, 3329.0, 3339.5, 3357.77, 3398.97, 3497.47, 3580.0, 3648.5, 3697.4, 4469.43]"
35700,2630.1126666666669,4095.7624285790657,1936.9750477191794,2324.0709999999999,2584.8800000000001,2820.6880000000001,"[1753.53, 1863.47, 1883.6, 2049.07, 2186.77, 2198.33, 2255.03, 2264.43, 2295.77, 2336.2, 2404.37, 2464.9, 2473.5, 2525.5, 2534.83, 2634.93, 2641.93, 2722.6, 2739.87, 2786.63, 2789.17, 2894.23, 2933.93, 2959.3, 2969.2, 3103.03, 3201.8, 3390.93, 3532.3, 4114.23]"
36000,2758.1963333333333,4295.2216670735297,2031.3036555761739,2598.3699999999999,2761.27,2991.6489999999999,"[1757.97, 1866.23, 2051.13, 2107.93, 2343.0, 2452.17, 2466.0, 2516.6, 2552.8, 2617.9, 2662.5, 2666.77, 2701.83, 2730.4, 2748.77, 2773.77, 2815.83, 2820.4, 2831.63, 2970.83, 2973.67, 3033.6, 3041.47, 3076.53, 3129.7, 3213.93, 3296.7, 3399.17, 3552.63, 3574.03]"
36300,2653.9683333333332,4132.9118421689673,1954.5438126111417,2304.3000000000002,2539.8500000000004,2792.6490000000003,"[1889.23, 1896.57, 1949.53, 2066.17, 2129.87, 2175.97, 2200.93, 2290.5, 2299.4, 2306.4, 2322.23, 2331.17, 2421.67, 2514.43, 2523.57, 2556.13, 2584.83, 2589.07, 2732.0, 2753.83, 2790.57, 2797.5, 2861.67, 2946.97, 2989.97, 3238.8, 3260.5, 3333.67, 3920.6, 4945.3]"
36600,2866.6203333333333,4464.065744053345,2111.1536883278391,2684.5,2947.0650000000001,3125.6099999999997,"[1960.67, 1968.17, 2123.5, 2196.23, 2280.47, 2334.9, 2426.23, 2650.1, 2660.7, 2694.7, 2743.93, 2773.67, 2784.57, 2892.8, 2928.5, 2965.63, 2978.13, 2984.9, 3048.87, 3074.73, 3098.67, 3188.47, 3208.33, 3225.37, 3286.4, 3300.6, 3405.0, 3488.6, 3510.17, 3815.6]"
36900,2706.924,4215.3774462712336,1993.5435886544499,2488.018,2759.1499999999996,2887.3309999999997,"[1692.63, 1928.57, 1933.03, 1997.03, 2213.57, 2246.0, 2248.23, 2425.27, 2453.83, 2502.67, 2549.57, 2556.23, 2606.57, 2622.23, 2706.87, 2811.43, 2815.43, 2820.3, 2836.93, 2843.57, 2859.23, 2952.9, 3090.57, 3172.43, 3215.73, 3306.7, 3348.0, 3388.1, 3468.13, 3595.97]"
37200,2831.8700000000003,4409.9505301117142,2085.561427806203,2482.098,2743.165,3127.8679999999999,"[1676.6, 1900.43, 1925.43, 2205.37, 2273.0, 2356.8, 2362.87, 2369.27, 2437.83, 2501.07, 2516.9, 2615.27, 2702.93, 2725.5, 2727.63, 2758.7, 2805.47, 2886.5, 3018.6, 3054.93, 3124.67, 3135.33, 3213.07, 3249.8, 3273.13, 3406.43, 3495.0, 3518.47, 4317.03, 4402.07]"
37500,2903.6960000000004,4521.802100549553,2138.4584658459462,2650.3310000000001,2921.5500000000002,3080.9489999999992,"[2171.1, 2212.27, 2224.63, 2344.47, 2409.13, 2495.4, 2520.4, 2524.8, 2553.5, 2691.83, 2698.1, 2797.07, 2826.47, 2826.9, 2904.37, 2938.73, 2954.17, 2971.03, 2997.37, 3005.23, 3028.47, 3203.4, 3224.77, 3265.53, 3310.67, 3334.17, 3397.9, 3433.53, 3499.8, 4345.67]"
37800,2779.5549999999998,4328.4826089208409,2047.0334776899606,2534.3600000000001,2840.9499999999998,2928.1210000000001,"[2053.9, 2060.23, 2133.1, 2154.87, 2191.67, 2355.43, 2372.4, 2375.33, 2508.67, 2545.37, 2667.6, 2782.97, 2792.33, 2804.6, 2833.93, 2847.97, 2854.27, 2896.17, 2899.0, 2926.5, 2927.83, 2928.8, 2956.6, 2993.9, 3133.87, 3262.1, 3291.77, 3442.63, 3568.17, 3824.67]"
38100,2892.8493333333331,4504.9110485533047,2130.470320337758,2547.2389999999996,2916.3500000000004,3307.4219999999996,"[1599.8, 1721.4, 1784.77, 2040.0, 2149.5, 2308.2, 2351.17, 2373.17, 2403.2, 2608.97, 2681.03, 2701.8, 2714.67, 2809.87, 2862.3, 2970.4, 2995.53, 3119.43, 3194.7, 3205.3, 3254.43, 3431.07, 3454.07, 3458.8, 3550.1, 3630.5, 3700.07, 3768.8, 3774.6, 4167.83]"
38400,2843.9733333333334,4428.7985355814026,2094.4750591338698,2684.9490000000001,2785.9499999999998,2938.9200000000001,"[2156.97, 2173.53, 2190.6, 2408.23, 2411.03, 2494.0, 2632.9, 2667.17, 2669.5, 2691.57, 2704.83, 2707.03, 2728.8, 2762.67, 2781.13, 2790.77, 2814.7, 2839.0, 2894.57, 2907.73, 2910.3, 3005.7, 3073.07, 3075.7, 3078.97, 3132.0, 3367.3, 3651.53, 3676.97, 3920.93]"
38700,2733.0503333333331,4256.0628723441851,2012.7846106822997,2418.1289999999999,2638.7650000000003,3056.0999999999999,"[1764.13, 2022.73, 2122.5, 2160.5, 2210.07, 2255.23, 2304.67, 2379.63, 2398.9, 2426.37, 2440.03, 2449.8, 2472.23, 2524.23, 2583.8, 2693.73, 2724.8, 2771.37, 2888.03, 2968.33, 3051.6, 3066.6, 3119.1, 3142.2, 3265.3, 3376.3, 3466.7, 3518.5, 3640.53, 3783.6]"
39000,2921.7326666666663,4549.8898332943863,2151.7417649685035,2519.1789999999996,2896.8299999999999,3085.9300000000003,"[1966.03, 2121.0, 2250.27, 2299.03, 2333.6, 2372.5, 2450.7, 2484.2, 2498.13, 2528.2, 2599.4, 2622.0, 2816.13, 2883.47, 2883.53, 2910.13, 2930.03, 2930.27, 2941.87, 2957.5, 3085.63, 3086.63, 3198.6, 3227.67, 3362.83, 3713.2, 3765.03, 3857.13, 4245.47, 4331.8]"
39300,2926.6279999999997,4557.5131273821826,2155.3469863862433,2577.3999999999996,2788.0500000000002,3017.4199999999996,"[2179.33, 2269.93, 2325.77, 2386.53, 2402.8, 2425.37, 2462.6, 2502.67, 2567.6, 2581.6, 2648.63, 2671.0, 2693.07, 2732.57, 2784.3, 2791.8, 2792.2, 2792.63, 2848.63, 2888.13, 2996.87, 3065.37, 3166.73, 3278.6, 3482.67, 3508.3, 3859.27, 4094.47, 4178.4, 4421.0]"
39600,2699.7723333333333,4204.2404603898731,1988.2766660398781,2541.1390000000001,2711.3999999999996,2929.0300000000002,"[1780.0, 1907.43, 1933.7, 1968.67, 2163.73, 2266.87, 2386.4, 2477.23, 2532.83, 2544.7, 2551.43, 2563.97, 2592.97, 2701.63, 2705.37, 2717.43, 2743.33, 2772.13, 2838.17, 2923.23, 2927.83, 2931.83, 3071.17, 3077.33, 3098.67, 3138.53, 3203.03, 3239.43, 3490.0, 3744.13]"
39900,2904.1516666666666,4522.5116908408509,2138.7940465131155,2649.9920000000002,2901.2849999999999,3137.9289999999996,"[1984.87, 2229.13, 2265.0, 2417.57, 2482.27, 2545.9, 2553.63, 2620.07, 2623.07, 2661.53, 2668.03, 2752.83, 2763.23, 2832.47, 2888.9, 2913.67, 2929.4, 2948.07, 3024.3, 3095.43, 3135.37, 3143.9, 3160.5, 3187.27, 3288.33, 3350.77, 3353.2, 3400.4, 3571.37, 4334.07]"
40200,2889.5696666666668,4499.8037633476797,2128.0549741897848,2745.9810000000002,2842.2150000000001,3007.029,"[1915.4, 2022.33, 2084.0, 2253.57, 2286.93, 2441.57, 2556.53, 2586.4, 2727.27, 2754.0, 2777.97, 2790.0, 2800.7, 2811.63, 2834.83, 2849.6, 2864.07, 2891.2, 2907.33, 2991.73, 3000.57, 3022.1, 3068.7, 3346.63, 3387.8, 3409.8, 3542.13, 3660.8, 3781.27, 4320.23]"
40500,2882.8063333333334,4489.2715124256183,2123.0740438775192,2614.6000000000004,2820.75,3130.8899999999999,"[2062.03, 2275.17, 2277.7, 2382.43, 2388.53, 2417.9, 2467.93, 2523.83, 2578.9, 2629.9, 2682.2, 2744.53, 2761.67, 2784.27, 2811.9, 2829.6, 2837.37, 2872.23, 2975.97, 3113.37, 3124.23, 3146.43, 3202.83, 3241.07, 3285.1, 3327.77, 3435.9, 3519.2, 3636.83, 4147.4]"
40800,2838.0460000000003,4419.5681518506944,2090.1098101041653,2492.0610000000001,2733.5299999999997,3139.7789999999995,"[2016.57, 2053.17, 2076.33, 2271.53, 2324.63, 2332.8, 2343.57, 2344.93, 2445.0, 2512.23, 2565.0, 2577.23, 2580.3, 2676.7, 2701.73, 2765.33, 2775.3, 2924.13, 2962.5, 2999.2, 3132.87, 3155.9, 3202.5, 3354.0, 3567.53, 3576.7, 3658.03, 3672.57, 3739.73, 3833.37]"
41100,2840.712,4423.7198000948856,2092.0732147684089,2481.6399999999999,2825.4349999999999,3173.6410000000001,"[1731.27, 1766.8, 2179.27, 2189.33, 2222.43, 2259.03, 2414.3, 2463.87, 2471.7, 2485.9, 2676.77, 2694.23, 2709.77, 2739.07, 2821.97, 2828.9, 2868.8, 2891.37, 2999.67, 3051.1, 3170.8, 3180.27, 3314.67, 3376.03, 3422.57, 3487.3, 3530.97, 3574.87, 3596.83, 4101.5]"
41400,3067.7526666666668,4777.280559707292,2259.2797803746707,2814.3289999999997,3138.77,3322.75,"[1983.43, 1984.53, 2158.83, 2505.1, 2590.93, 2674.07, 2793.87, 2802.8, 2803.5, 2818.97, 2829.17, 2857.17, 2917.2, 2957.77, 3104.67, 3172.87, 3177.53, 3183.37, 3188.8, 3214.2, 3317.2, 3335.7, 3345.0, 3389.03, 3463.27, 3466.83, 3572.47, 3610.83, 3919.97, 4893.5]"
41700,2871.2983333333332,4471.3505941982548,2114.5988522510693,2425.73,2911.4349999999999,3084.0479999999998,"[2010.53, 2062.2, 2139.53, 2182.03, 2273.97, 2284.83, 2342.6, 2343.07, 2355.73, 2455.73, 2537.5, 2674.33, 2820.23, 2878.0, 2898.27, 2924.6, 2975.2, 2996.4, 3036.57, 3061.77, 3064.17, 3130.43, 3211.33, 3212.17, 3404.2, 3522.83, 3622.6, 3659.53, 3851.63, 4206.97]"
42000,2938.4879999999998,4575.982200216431,2164.0814122369288,2619.0210000000002,2892.75,3115.0309999999999,"[2210.73, 2271.23, 2284.3, 2377.2, 2474.37, 2544.03, 2550.97, 2565.87, 2605.07, 2625.0, 2670.27, 2756.83, 2805.93, 2829.77, 2848.73, 2936.77, 2942.53, 2987.6, 3018.63, 3066.37, 3090.23, 3172.9, 3327.37, 3378.97, 3394.7, 3549.87, 3621.37, 3728.33, 3737.57, 3781.13]"
42300,2800.2573333333335,4360.7214708240654,2062.2799359898077,2613.5609999999997,2731.5149999999999,3033.9200000000001,"[1926.97, 2144.0, 2189.6, 2240.33, 2341.97, 2457.6, 2523.6, 2606.07, 2606.47, 2616.6, 2634.93, 2639.13, 2662.67, 2677.57, 2716.2, 2746.83, 2752.23, 2833.43, 2862.3, 3018.6, 3032.3, 3037.7, 3108.97, 3117.57, 3198.8, 3292.97, 3293.57, 3372.1, 3654.07, 3702.57]"
42600,2772.6566666666668,4317.7401282489809,2041.9531251610135,2359.8280000000004,2680.1499999999996,2851.8279999999995,"[1518.7, 1872.27, 1958.23, 2265.97, 2273.03, 2279.57, 2312.8, 2335.47, 2352.03, 2363.17, 2490.07, 2553.37, 2605.57, 2615.33, 2670.97, 2689.33, 2690.4, 2752.07, 2782.67, 2828.77, 2840.47, 2878.33, 3251.87, 3293.27, 3424.93, 3475.97, 3699.93, 3850.37, 3985.0, 4269.77]"
42900,2955.7333333333331,4602.8376232673791,2176.7819253288644,2594.6790000000001,2844.415,3038.0899999999997,"[1746.7, 2177.57, 2191.17, 2309.1, 2325.27, 2436.3, 2447.5, 2550.93, 2582.73, 2599.8, 2641.93, 2742.4, 2747.33, 2803.37, 2824.8, 2864.03, 2894.83, 2898.43, 2987.43, 3003.73, 3008.6, 3106.9, 3420.2, 3596.43, 3640.73, 3683.9, 3901.73, 3925.93, 4186.23, 4426.0]"
43200,2829.085,4405.6135682362174,2083.5103842991066,2617.0079999999998,2825.5999999999999,3078.8120000000004,"[1850.23, 2102.73, 2181.57, 2300.33, 2345.47, 2425.07, 2453.27, 2455.3, 2542.43, 2648.97, 2714.37, 2727.57, 2737.6, 2786.37, 2799.93, 2851.27, 2873.5, 2924.1, 2946.23, 3056.47, 3077.63, 3081.57, 3115.73, 3128.43, 3234.47, 3355.77, 3396.0, 3407.87, 3494.73, 3857.57]"
43500,2834.04,4413.3297786825669,2087.1595478817494,2584.5799999999999,2726.5,2930.1499999999996,"[1507.47, 2073.1, 2138.57, 2218.47, 2421.97, 2489.83, 2555.7, 2566.97, 2580.73, 2586.23, 2639.73, 2654.3, 2671.53, 2693.4, 2703.13, 2749.87, 2778.23, 2837.37, 2875.37, 2902.87, 2917.43, 2959.83, 3251.8, 3280.83, 3306.2, 3492.0, 3499.5, 3834.27, 3869.43, 3965.07]"
43800,3056.5256666666669,4759.797230810992,2251.0115342510917,2698.5889999999999,3117.9200000000001,3293.3989999999999,"[1955.57, 2392.13, 2408.87, 2447.87, 2553.0, 2587.73, 2602.83, 2615.0, 2622.03, 2731.4, 2817.47, 2924.43, 3031.9, 3058.2, 3107.67, 3128.17, 3137.03, 3170.4, 3179.63, 3187.13, 3289.37, 3302.8, 3431.5, 3542.27, 3546.73, 3649.2, 3661.4, 3779.2, 3813.67, 4021.17]"
44100,2880.3669999999997,4485.4728425267695,2121.2775703425182,2608.8699999999999,2726.915,2974.75,"[2113.67, 2170.37, 2245.27, 2293.07, 2421.63, 2481.63, 2481.7, 2497.47, 2598.37, 2613.37, 2626.47, 2656.0, 2663.73, 2689.5, 2707.4, 2746.43, 2787.1, 2790.07, 2909.83, 2933.3, 2968.9, 2988.4, 3032.3, 3308.27, 3390.03, 3461.83, 3545.6, 3629.9, 3875.37, 4784.03]"
44400,2848.4503333333332,4435.7703769877207,2097.772194423374,2594.558,2849.3649999999998,2969.1309999999999,"[1472.67, 1858.9, 2252.4, 2253.83, 2306.1, 2380.1, 2511.9, 2581.37, 2584.03, 2599.07, 2617.63, 2690.57, 2794.2, 2828.07, 2830.33, 2868.4, 2870.47, 2890.97, 2956.5, 2957.27, 2966.2, 2975.97, 2988.83, 3051.9, 3122.8, 3279.83, 3600.93, 4073.47, 4091.67, 4197.13]"
44700,2861.1653333333334,4455.5709049040352,2107.1362943130425,2540.0189999999998,2773.5650000000001,2974.5309999999999,"[2065.47, 2180.77, 2220.3, 2248.07, 2317.63, 2360.73, 2382.7, 2484.73, 2528.7, 2544.87, 2586.43, 2631.03, 2643.43, 2679.57, 2686.13, 2861.0, 2879.0, 2881.3, 2891.97, 2907.27, 2953.63, 3023.3, 3032.37, 3234.4, 3265.63, 3293.33, 3361.3, 3694.2, 4167.67, 4828.03]"
45000,2765.3426666666664,4306.350347582058,2036.5666503994692,2574.2510000000002,2796.6149999999998,3033.5100000000002,"[1895.33, 1914.17, 2146.33, 2209.07, 2228.47, 2257.7, 2369.57, 2450.23, 2541.47, 2588.3, 2634.47, 2647.9, 2679.83, 2759.67, 2772.03, 2821.2, 2844.37, 2908.2, 2913.33, 2998.5, 3010.17, 3087.97, 3096.3, 3119.37, 3162.5, 3177.93, 3203.83, 3293.13, 3508.57, 3720.37]"
45300,2911.7056666666667,4534.2752132851956,2144.3572718820933,2611.308,2800.9650000000001,3111.299,"[1863.77, 2217.77, 2238.77, 2359.67, 2466.13, 2497.8, 2553.97, 2560.73, 2606.73, 2613.27, 2657.0, 2698.3, 2704.3, 2792.6, 2794.03, 2807.9, 2840.6, 2979.5, 3019.23, 3035.57, 3109.07, 3116.5, 3153.33, 3341.13, 3400.37, 3458.93, 3469.67, 3659.0, 3987.6, 4347.93]"
45600,2933.2086666666664,4567.7609192847613,2160.1933898472953,2794.2719999999999,2911.4700000000003,3204.6199999999999,"[1933.3, 2052.4, 2287.17, 2340.3, 2360.87, 2368.6, 2384.3, 2748.27, 2790.17, 2796.03, 2834.3, 2853.1, 2860.07, 2869.23, 2901.67, 2921.27, 2940.73, 2985.27, 3176.3, 3181.67, 3203.93, 3206.23, 3221.37, 3246.13, 3286.1, 3365.7, 3399.87, 3635.47, 3900.67, 3945.77]"
45900,2742.1433333333334,4270.2230139362446,2019.4812493214472,2334.6700000000001,2699.3999999999996,3223.5299999999997,"[1835.33, 1929.47, 2144.5, 2176.9, 2205.57, 2237.3, 2276.13, 2285.97, 2332.57, 2335.57, 2351.2, 2443.3, 2461.87, 2535.3, 2684.37, 2714.43, 2763.33, 2797.8, 2966.5, 3153.27, 3222.57, 3225.77, 3232.67, 3236.77, 3268.8, 3325.57, 3401.6, 3443.2, 3616.7, 3659.97]"
46200,2785.9063333333334,4338.3732697916612,2051.710986126132,2452.8589999999999,2644.9200000000001,2981.5899999999997,"[2057.37, 2092.93, 2132.6, 2136.87, 2232.1, 2357.7, 2395.43, 2442.63, 2451.9, 2453.27, 2456.0, 2510.37, 2552.0, 2568.2, 2602.97, 2686.87, 2700.27, 2705.53, 2873.53, 2895.03, 2966.2, 3017.5, 3204.17, 3211.63, 3328.1, 3454.83, 3535.73, 3729.8, 3855.43, 3970.23]"
46500,2933.0356666666671,4567.4915137535381,2160.0659821177705,2578.9489999999996,2943.0349999999999,3220.5409999999997,"[1834.1, 1840.5, 1993.73, 2080.5, 2390.9, 2399.27, 2500.13, 2563.57, 2567.7, 2583.77, 2602.6, 2665.73, 2728.5, 2749.63, 2909.0, 2977.07, 3023.3, 3090.37, 3118.77, 3167.1, 3197.6, 3274.07, 3430.33, 3465.37, 3504.73, 3559.53, 3560.63, 3593.53, 4274.47, 4344.57]"
46800,2975.8130000000001,4634.1068328925148,2191.5698139972028,2591.8380000000002,3019.8649999999998,3264.2189999999996,"[1973.3, 2385.1, 2398.67, 2402.27, 2487.73, 2512.23, 2539.9, 2561.43, 2590.13, 2592.57, 2650.2, 2663.53, 2867.5, 2986.23, 3010.4, 3029.33, 3066.23, 3101.67, 3147.67, 3234.33, 3236.4, 3329.13, 3412.97, 3433.37, 3504.4, 3537.23, 3545.67, 3598.17, 3619.43, 3857.2]"
47100,2933.489,4568.1974704442218,2160.3998443762562,2683.77,2970.5150000000003,3181.2489999999998,"[2170.23, 2219.3, 2366.83, 2432.7, 2463.37, 2530.27, 2540.87, 2590.0, 2626.37, 2708.37, 2754.6, 2782.47, 2782.5, 2941.7, 2969.4, 2971.63, 3003.3, 3100.33, 3135.43, 3150.67, 3171.67, 3203.6, 3239.17, 3247.47, 3301.43, 3344.53, 3486.43, 3524.03, 3597.03, 3648.97]"
47400,2919.4253333333331,4546.2967213731199,2150.042504267592,2590.8009999999999,2872.5,3185.569,"[1924.47, 2125.67, 2169.33, 2176.8, 2353.0, 2385.5, 2516.13, 2539.9, 2570.2, 2599.63, 2724.83, 2751.93, 2804.17, 2855.07, 2868.07, 2876.93, 2926.03, 2956.57, 3120.63, 3181.07, 3182.8, 3192.03, 3228.4, 3296.07, 3349.47, 3448.03, 3512.0, 3703.43, 3712.97, 4531.63]"
47700,2962.8216666666663,4613.8759828463644,2182.0022054220303,2609.71,3060.665,3255.3719999999998,"[1956.93, 2109.03, 2225.97, 2230.53, 2320.7, 2396.37, 2445.07, 2546.73, 2565.47, 2628.67, 2758.83, 2770.13, 2792.2, 2862.43, 3040.83, 3080.5, 3084.77, 3097.9, 3146.07, 3209.13, 3246.33, 3276.47, 3309.37, 3381.83, 3387.6, 3457.2, 3485.63, 3607.33, 4075.7, 4388.93]"
48000,3042.425666666667,4737.839901387475,2240.6274360643574,2870.3309999999997,3122.4499999999998,3379.1509999999998,"[1980.0, 2053.27, 2327.0, 2368.97, 2473.3, 2548.43, 2670.0, 2785.27, 2795.97, 2902.2, 2906.0, 2910.73, 2947.1, 3001.43, 3021.23, 3223.67, 3225.03, 3266.87, 3298.87, 3324.93, 3375.53, 3387.6, 3412.0, 3444.63, 3532.03, 3537.17, 3563.67, 3571.77, 3578.7, 3839.4]"
48300,2932.2006666666666,4566.1912038195906,2159.4510372960735,2534.462,2990.6149999999998,3306.6099999999997,"[2045.53, 2121.87, 2189.9, 2197.23, 2272.5, 2297.17, 2317.2, 2385.9, 2405.97, 2589.53, 2638.33, 2654.33, 2656.97, 2698.4, 2920.63, 3060.6, 3095.07, 3137.5, 3215.93, 3280.73, 3282.1, 3363.8, 3369.5, 3414.17, 3478.97, 3517.0, 3595.53, 3751.2, 3792.03, 4220.43]"
48600,2907.7306666666668,4528.08511509665,2141.4298399464715,2567.5709999999999,2668.3850000000002,3233.2179999999998,"[1830.3, 1898.17, 2433.0, 2525.87, 2528.73, 2547.87, 2553.37, 2559.07, 2567.2, 2567.73, 2584.7, 2588.97, 2604.5, 2632.67, 2667.47, 2669.3, 2849.07, 2948.57, 2983.47, 3047.93, 3215.77, 3273.93, 3282.3, 3284.93, 3354.6, 3413.7, 3677.73, 3834.6, 3861.57, 4444.83]"
48900,2910.0133333333333,4531.6398146685706,2143.1109346127305,2583.4000000000001,2947.8850000000002,3178.2809999999999,"[1687.73, 1985.5, 2139.57, 2175.57, 2265.37, 2345.43, 2416.2, 2443.3, 2455.93, 2638.03, 2682.5, 2876.47, 2932.63, 2943.27, 2946.0, 2949.77, 2950.0, 2999.97, 3002.3, 3064.97, 3172.83, 3191.0, 3260.43, 3280.6, 3362.47, 3519.9, 3614.1, 3714.63, 3820.53, 4463.4]"
49200,2970.6183333333333,4626.0173997545462,2187.7441452940807,2701.73,2842.8150000000001,3167.7809999999999,"[2196.47, 2254.8, 2277.37, 2414.3, 2444.93, 2546.43, 2558.33, 2653.8, 2681.5, 2710.4, 2718.6, 2751.47, 2794.43, 2814.7, 2815.4, 2870.23, 2907.67, 3023.9, 3093.5, 3140.43, 3143.13, 3225.3, 3318.73, 3348.07, 3375.3, 3478.53, 3735.73, 3743.23, 3850.47, 4231.4]"
49500,3026.4139999999998,4712.9056148896343,2228.8354701920216,2840.0279999999998,3034.6350000000002,3219.4399999999996,"[2181.33, 2222.97, 2287.07, 2363.83, 2485.47, 2486.67, 2584.17, 2605.47, 2830.83, 2843.97, 2902.13, 2926.83, 2978.3, 2994.43, 3014.87, 3054.4, 3080.77, 3132.5, 3140.73, 3154.3, 3193.97, 3278.87, 3291.4, 3370.0, 3404.97, 3513.87, 3514.4, 3591.2, 3666.0, 4696.7]"
49800,3120.6089999999999,4859.59147624057,2298.2064013054573,2731.241,3081.0149999999999,3438.3400000000001,"[2056.87, 2498.43, 2501.37, 2508.5, 2566.1, 2620.93, 2633.3, 2636.9, 2712.6, 2739.23, 2823.73, 2852.0, 2854.67, 2894.4, 3031.7, 3130.33, 3131.9, 3268.03, 3360.23, 3363.53, 3421.03, 3478.73, 3488.6, 3488.63, 3763.4, 3787.3, 3949.83, 4001.8, 4015.07, 4039.13]"
50100,2948.4780000000001,4591.5392017016056,2171.4386562713603,2599.2399999999998,2874.9000000000001,3242.6100000000001,"[1945.57, 2260.4, 2317.37, 2325.3, 2412.9, 2467.2, 2479.33, 2508.53, 2590.77, 2602.87, 2616.97, 2797.57, 2803.9, 2818.13, 2845.17, 2904.63, 2950.8, 3122.73, 3140.73, 3143.43, 3237.3, 3255.0, 3376.27, 3399.8, 3420.67, 3544.07, 3619.13, 3774.87, 3792.83, 3980.1]"
50400,2961.422,4611.6963415638747,2180.9714056989551,2717.3980000000001,2942.0349999999999,3219.549,"[1985.63, 2221.63, 2322.93, 2363.6, 2444.43, 2497.67, 2540.17, 2641.03, 2700.43, 2724.67, 2747.1, 2803.2, 2824.1, 2911.5, 2933.67, 2950.4, 3059.6, 3060.13, 3065.47, 3189.53, 3208.77, 3244.7, 3251.27, 3380.73, 3472.37, 3473.33, 3476.67, 3751.1, 3772.13, 3824.7]"
50700,2919.5639999999999,4546.5126610667412,2150.1446268407758,2631.2510000000002,2866.73,3022.6010000000001,"[2139.83, 2207.63, 2277.33, 2331.57, 2389.6, 2399.2, 2439.73, 2473.7, 2484.3, 2694.23, 2751.8, 2764.0, 2786.23, 2818.07, 2866.23, 2867.23, 2887.7, 2912.9, 2916.93, 2918.37, 3021.8, 3024.47, 3030.87, 3211.67, 3367.0, 3757.47, 3828.13, 3859.67, 3912.93, 4246.33]"
51000,3015.7683333333334,4696.3275716319786,2220.9953533175599,2761.9519999999998,2926.4300000000003,3245.7600000000002,"[1826.97, 2107.3, 2190.5, 2341.17, 2385.2, 2427.93, 2495.17, 2649.4, 2689.67, 2792.93, 2831.27, 2858.93, 2878.6, 2880.6, 2924.23, 2928.63, 2931.6, 3027.37, 3092.43, 3160.3, 3240.27, 3258.57, 3327.47, 3553.67, 3559.6, 3566.17, 3666.33, 3875.37, 4295.8, 4709.6]"
51300,2980.9543333333336,4642.113212302168,2195.3562047875621,2756.0210000000002,2997.4349999999999,3208.7309999999993,"[1935.97, 2169.3, 2280.67, 2281.03, 2539.63, 2584.13, 2619.07, 2728.67, 2741.3, 2762.33, 2817.17, 2849.5, 2855.07, 2929.03, 2991.67, 3003.2, 3040.6, 3075.8, 3138.63, 3149.03, 3168.33, 3303.0, 3334.77, 3349.2, 3388.0, 3404.97, 3586.8, 3717.33, 3766.6, 3917.83]"
51600,2949.6960000000004,4593.4359412220192,2172.3356656040864,2626.5889999999999,2853.4300000000003,3130.8000000000002,"[2103.27, 2304.73, 2330.63, 2361.8, 2369.23, 2375.27, 2456.6, 2506.63, 2617.93, 2630.3, 2676.37, 2748.87, 2767.63, 2784.23, 2827.83, 2879.03, 2895.93, 3011.53, 3039.5, 3067.27, 3124.23, 3146.13, 3161.87, 3259.33, 3551.1, 3606.57, 3673.87, 3862.83, 4080.9, 4269.47]"
51900,2962.4353333333333,4613.2743624018767,2181.7176860414529,2677.6700000000001,2884.4650000000001,3083.3489999999997,"[2231.87, 2387.6, 2466.23, 2505.93, 2554.67, 2593.97, 2650.4, 2654.33, 2666.47, 2682.47, 2690.1, 2756.17, 2835.47, 2838.1, 2871.7, 2897.23, 2984.63, 2991.23, 2993.9, 3001.63, 3058.17, 3142.1, 3196.63, 3197.9, 3348.1, 3393.63, 3411.6, 3514.6, 3540.5, 4815.73]"
52200,2785.7473333333332,4338.1256658641187,2051.5938888487067,2533.1880000000001,2668.335,2953.7800000000002,"[1837.63, 1984.3, 2228.83, 2229.3, 2275.77, 2319.33, 2372.1, 2430.3, 2494.03, 2549.97, 2570.27, 2580.1, 2618.93, 2653.47, 2662.0, 2674.67, 2711.23, 2755.53, 2842.97, 2903.33, 2939.53, 2987.03, 3086.2, 3270.27, 3366.4, 3387.37, 3407.13, 3479.23, 3832.03, 4123.17]"
52500,2915.3693333333335,4539.9804853346959,2147.0554190019611,2680.4989999999998,3002.2849999999999,3136.3489999999997,"[1784.57, 1858.2, 2054.77, 2181.23, 2285.07, 2373.57, 2382.37, 2458.4, 2656.23, 2690.9, 2767.17, 2854.37, 2879.77, 2930.97, 2977.97, 3026.6, 3038.5, 3043.93, 3079.83, 3132.87, 3133.4, 3143.23, 3346.7, 3388.23, 3392.33, 3430.2, 3458.47, 3704.93, 3893.83, 4112.47]"
52800,3032.2146666666667,4721.9387460155931,2233.107434178914,2663.241,2834.8649999999998,3145.8799999999997,"[2257.6, 2273.07, 2411.3, 2411.6, 2443.57, 2446.4, 2536.73, 2561.73, 2590.77, 2694.3, 2727.77, 2743.23, 2764.27, 2831.83, 2833.03, 2836.7, 2942.3, 2983.4, 2986.33, 3010.03, 3109.97, 3229.67, 3271.5, 3586.17, 3608.43, 3640.4, 3924.87, 4200.0, 4490.17, 4619.3]"
53100,2779.6576666666665,4328.6424873478491,2047.1090876720295,2530.8009999999999,2661.3500000000004,3052.1389999999997,"[1750.57, 2078.5, 2183.43, 2348.23, 2398.63, 2441.2, 2458.37, 2489.63, 2527.07, 2532.4, 2564.23, 2581.53, 2599.57, 2626.43, 2637.4, 2685.3, 2799.33, 2817.8, 2892.07, 2939.3, 3010.37, 3149.6, 3196.67, 3203.97, 3233.23, 3266.13, 3315.87, 3406.5, 3549.87, 3706.53]"
53400,2848.8240000000001,4436.3522721717345,2098.0473852996702,2691.48,2871.1999999999998,3042.569,"[1889.57, 1938.3, 1975.03, 1981.67, 2209.37, 2413.93, 2515.73, 2520.0, 2547.0, 2753.4, 2770.77, 2794.93, 2820.2, 2835.73, 2867.6, 2874.8, 2878.03, 2959.63, 3018.83, 3037.47, 3042.2, 3043.43, 3097.47, 3125.07, 3239.03, 3413.87, 3418.77, 3529.13, 3638.03, 4315.73]"
53700,3068.2196666666664,4778.0077989158572,2259.6237075983022,2703.5390000000002,2992.5650000000001,3267.8009999999999,"[2405.83, 2473.43, 2492.6, 2506.0, 2612.17, 2629.23, 2651.67, 2690.0, 2695.3, 2707.07, 2804.97, 2879.5, 2892.3, 2905.93, 2981.8, 3003.33, 3175.63, 3215.77, 3253.47, 3255.7, 3257.73, 3291.3, 3356.43, 3441.53, 3493.47, 3575.27, 3607.13, 3660.23, 3972.9, 4158.9]"
54000,3019.0480000000002,4701.4348568376054,2223.4106994655335,2714.3089999999997,2947.4850000000001,3223.5989999999997,"[1398.43, 2395.43, 2500.2, 2522.77, 2556.2, 2601.77, 2636.6, 2682.9, 2702.5, 2719.37, 2802.43, 2805.27, 2821.1, 2846.73, 2923.17, 2971.8, 2981.0, 3114.63, 3188.53, 3196.07, 3199.47, 3279.9, 3282.17, 3566.23, 3577.8, 3605.07, 3638.77, 3758.83, 4031.57, 4264.73]"
54300,3019.201333333333,4701.673636306512,2223.5236234647273,2709.8699999999999,3038.8500000000004,3335.4090000000001,"[1785.8, 2378.77, 2379.43, 2403.9, 2504.93, 2629.43, 2654.43, 2687.03, 2709.73, 2709.93, 2790.4, 2854.43, 2947.83, 2975.6, 3015.3, 3062.4, 3147.83, 3148.47, 3220.4, 3225.17, 3334.47, 3337.6, 3398.8, 3449.4, 3453.63, 3457.83, 3623.5, 3720.5, 3784.17, 3784.93]"
54600,3066.846,4775.868646325921,2258.6120558576986,2779.6190000000001,2861.7150000000001,3385.8889999999997,"[2047.5, 2161.0, 2390.97, 2519.0, 2543.83, 2605.6, 2712.07, 2740.93, 2769.0, 2784.17, 2788.0, 2808.93, 2824.33, 2826.7, 2851.23, 2872.2, 2877.63, 3028.67, 3078.7, 3123.67, 3361.37, 3443.1, 3452.47, 3523.27, 3592.6, 3647.47, 3838.4, 4013.27, 4082.83, 4696.47]"
54900,2954.6726666666664,4601.1858922454958,2176.0007858387894,2775.3289999999997,2888.3000000000002,3048.9100000000003,"[2127.6, 2198.1, 2324.17, 2427.2, 2541.2, 2668.17, 2728.33, 2765.43, 2768.7, 2778.17, 2798.13, 2828.47, 2837.33, 2863.17, 2864.57, 2912.03, 2925.9, 2991.23, 3004.67, 3027.5, 3043.57, 3061.37, 3076.67, 3136.3, 3172.83, 3390.33, 3490.57, 3788.97, 3934.7, 4164.8]"
55200,3027.2683333333334,4714.2360318000947,2229.4646532570951,2691.2709999999997,3003.25,3210.6700000000001,"[2241.7, 2272.7, 2412.53, 2461.87, 2487.83, 2491.57, 2587.27, 2613.2, 2648.2, 2709.73, 2717.97, 2873.4, 2881.33, 2947.37, 2999.77, 3006.73, 3052.5, 3070.77, 3122.77, 3155.53, 3162.67, 3322.67, 3389.8, 3429.1, 3482.87, 3525.33, 3707.93, 3859.37, 4091.07, 4092.5]"
55500,3088.3906666666667,4809.4192380507338,2274.4788596922467,2817.1989999999996,3034.1700000000001,3236.3599999999997,"[2229.37, 2292.77, 2298.43, 2359.43, 2380.3, 2614.2, 2676.47, 2725.57, 2727.9, 2855.47, 2876.3, 2943.77, 2958.3, 2977.6, 3005.57, 3062.77, 3122.37, 3160.07, 3176.87, 3202.07, 3210.2, 3297.4, 3387.83, 3492.73, 3552.27, 3560.9, 3672.33, 3890.33, 4113.2, 4828.93]"
55800,2959.1393333333331,4608.1416419919533,2179.2903110326956,2647.7199999999998,2917.1149999999998,3367.1499999999996,"[1778.77, 1833.07, 1970.17, 2206.2, 2328.5, 2338.37, 2360.0, 2609.5, 2631.13, 2654.83, 2729.83, 2826.53, 2829.4, 2844.33, 2900.23, 2934.0, 3023.27, 3059.27, 3150.6, 3284.97, 3325.3, 3464.8, 3481.07, 3519.47, 3560.5, 3604.13, 3609.97, 3682.3, 4006.6, 4227.07]"
56100,3055.1043333333337,4757.5838489513744,2249.9647778759563,2754.7290000000003,3063.585,3304.3109999999997,"[2052.43, 2277.47, 2320.6, 2370.27, 2401.47, 2470.4, 2600.37, 2631.9, 2704.7, 2776.17, 2799.7, 2846.67, 2880.87, 2957.2, 3016.3, 3110.87, 3115.27, 3129.73, 3192.5, 3196.1, 3255.6, 3417.97, 3432.1, 3517.07, 3621.47, 3747.33, 3810.23, 3929.9, 3969.57, 4100.9]"
56400,2782.9036666666666,4333.697344887476,2049.4996396375714,2469.6179999999999,2775.5,3126.0319999999997,"[1631.3, 2082.17, 2197.07, 2209.7, 2226.1, 2311.0, 2362.27, 2426.0, 2441.03, 2481.87, 2507.17, 2534.3, 2549.6, 2708.5, 2740.43, 2810.57, 2827.67, 2939.63, 2945.5, 3046.13, 3116.63, 3147.97, 3156.53, 3222.1, 3325.8, 3342.1, 3396.8, 3542.73, 3568.47, 3689.97]"
56700,3299.4029999999998,5138.019756875201,2429.881185078435,2938.5999999999999,3218.4650000000001,3602.2690000000002,"[2461.53, 2542.93, 2609.4, 2611.7, 2624.6, 2694.03, 2796.9, 2846.47, 2893.1, 2958.1, 3015.03, 3068.3, 3153.37, 3194.7, 3195.6, 3241.33, 3279.13, 3298.77, 3465.8, 3570.23, 3600.97, 3605.3, 3622.87, 3723.6, 3805.97, 4028.5, 4062.57, 4115.83, 4398.53, 4496.93]"
57000,2776.2660000000001,4323.3607893127601,2044.6112579072537,2458.0599999999999,2744.4349999999999,2988.2979999999998,"[1457.27, 1636.37, 2133.7, 2137.9, 2206.57, 2380.03, 2409.87, 2438.53, 2454.0, 2459.8, 2519.57, 2521.6, 2558.07, 2589.03, 2741.1, 2747.77, 2761.07, 2876.97, 2915.5, 2950.27, 2963.47, 3046.23, 3185.13, 3202.97, 3321.03, 3368.73, 3488.23, 3739.6, 3999.07, 4078.53]"
57300,2921.2033333333334,4549.0655250408508,2151.3519316843303,2700.8799999999997,2955.665,3150.951,"[1764.13, 2126.2, 2243.17, 2368.53, 2402.57, 2431.17, 2468.9, 2502.3, 2666.93, 2715.43, 2780.1, 2839.7, 2855.6, 2943.93, 2954.23, 2957.1, 2977.47, 2981.73, 3076.13, 3125.07, 3141.0, 3174.17, 3214.6, 3336.4, 3361.27, 3516.63, 3554.43, 3676.37, 3735.57, 3745.27]"
57600,2930.0533333333337,4562.8472530832723,2157.8696103334514,2534.5799999999999,2803.5,3194.6489999999994,"[2040.97, 2185.77, 2237.13, 2285.3, 2301.3, 2402.37, 2439.53, 2455.97, 2476.2, 2559.6, 2652.8, 2718.23, 2748.73, 2787.8, 2800.47, 2806.53, 2895.2, 3026.23, 3079.7, 3134.1, 3142.2, 3317.03, 3366.97, 3435.13, 3436.27, 3529.8, 3644.47, 3668.43, 4039.5, 4287.87]"
57900,2953.7943333333333,4599.8181011572942,2175.3539277129726,2763.6599999999999,2984.4499999999998,3212.3110000000001,"[1895.93, 2042.4, 2318.63, 2388.57, 2412.97, 2414.23, 2492.83, 2666.0, 2754.7, 2767.5, 2797.1, 2829.37, 2898.77, 2941.73, 2975.87, 2993.03, 3050.5, 3129.77, 3147.17, 3205.1, 3207.73, 3223.0, 3227.97, 3230.33, 3343.7, 3480.57, 3488.63, 3502.17, 3805.93, 3981.63]"
58200,2810.7973333333334,4377.1349638824959,2070.0422334996074,2487.9389999999999,2771.9650000000001,3025.5599999999995,"[1925.73, 2250.2, 2254.3, 2317.3, 2351.8, 2368.67, 2410.87, 2429.9, 2464.23, 2498.1, 2562.37, 2680.97, 2698.9, 2734.6, 2752.03, 2791.9, 2925.7, 2945.97, 2946.47, 2966.77, 3006.87, 3069.17, 3123.0, 3159.6, 3260.47, 3268.3, 3400.37, 3438.93, 3543.9, 3776.53]"
58500,3017.0916666666667,4698.3883422658164,2221.9699365279935,2556.6909999999998,2896.5500000000002,3244.0689999999995,"[1973.5, 2131.27, 2319.33, 2449.43, 2477.0, 2489.6, 2508.47, 2517.27, 2541.97, 2563.0, 2657.7, 2661.7, 2701.5, 2794.4, 2893.9, 2899.2, 2975.53, 3130.07, 3165.17, 3204.17, 3216.7, 3307.93, 3324.33, 3557.17, 3594.7, 3654.43, 3782.97, 3805.17, 4467.8, 4747.37]"
58800,2982.8823333333335,4645.1156045807884,2196.7761013339468,2680.1599999999999,2986.5500000000002,3226.4590000000003,"[1725.1, 1953.37, 2060.73, 2152.7, 2220.43, 2391.8, 2456.93, 2603.9, 2671.9, 2683.7, 2708.07, 2713.8, 2804.87, 2805.83, 2982.73, 2990.37, 2995.47, 3032.53, 3094.17, 3102.3, 3220.57, 3240.2, 3269.47, 3286.73, 3543.47, 3859.8, 3963.07, 4241.93, 4331.03, 4379.5]"
59100,3033.5283333333336,4723.984463161175,2234.0748982676596,2785.4809999999998,2938.6999999999998,3292.5,"[2034.43, 2316.47, 2334.97, 2494.37, 2563.23, 2568.67, 2606.07, 2708.73, 2765.3, 2794.13, 2831.33, 2861.0, 2882.83, 2883.67, 2900.73, 2976.67, 3093.0, 3156.13, 3243.57, 3287.57, 3288.87, 3300.97, 3327.57, 3512.77, 3529.73, 3543.57, 3544.3, 3803.1, 3838.83, 4013.27]"
59400,2935.6556666666665,4571.5715281570556,2161.9955095822556,2623.6419999999998,2812.4300000000003,3224.0679999999998,"[1810.63, 2130.83, 2261.97, 2292.83, 2293.6, 2492.93, 2524.03, 2525.8, 2565.57, 2648.53, 2678.03, 2699.8, 2720.8, 2720.9, 2794.53, 2830.33, 2970.7, 3044.4, 3053.97, 3173.13, 3221.77, 3229.43, 3282.5, 3342.23, 3395.4, 3497.93, 3587.4, 3674.63, 3985.77, 4619.3]"
59700,2906.3893333333331,4525.9963138295043,2140.4420004404801,2580.5999999999999,2798.9349999999999,2944.9289999999992,"[2299.43, 2334.3, 2403.93, 2409.0, 2410.93, 2415.33, 2453.37, 2467.47, 2526.0, 2604.0, 2659.87, 2668.07, 2692.53, 2706.37, 2763.27, 2834.6, 2855.8, 2857.5, 2868.57, 2870.67, 2881.2, 3093.63, 3136.77, 3163.57, 3215.73, 3689.33, 3726.47, 3831.9, 3857.97, 4494.1]"
60000,2790.8066666666664,4346.0043501664868,2055.3198898481928,2629.3499999999999,2888.4700000000003,3002.848,"[1876.5, 2111.9, 2177.17, 2303.53, 2365.63, 2410.1, 2414.97, 2496.27, 2516.23, 2677.83, 2725.27, 2790.03, 2799.6, 2855.33, 2882.87, 2894.07, 2942.6, 2981.1, 2993.8, 2993.9, 2997.97, 3014.23, 3043.4, 3047.67, 3050.83, 3098.07, 3167.23, 3258.3, 3415.27, 3422.53]"
60300,2771.9676666666664,4316.6671778963,2041.4457036255055,2567.1280000000002,2768.8850000000002,3089.8799999999997,"[1817.63, 1894.93, 1896.3, 2172.13, 2187.7, 2231.17, 2266.23, 2461.3, 2549.53, 2574.67, 2641.57, 2669.73, 2708.97, 2716.77, 2740.4, 2797.37, 2806.17, 2814.07, 2865.2, 2954.8, 3080.73, 3111.23, 3126.73, 3162.37, 3164.8, 3239.77, 3457.93, 3484.1, 3715.03, 3849.7]"
60600,2922.7730000000001,4551.5099000823484,2152.5079297543384,2620.6500000000001,2829.5650000000001,3273.6700000000001,"[2143.23, 2232.97, 2408.83, 2498.13, 2528.9, 2537.03, 2551.57, 2612.07, 2619.67, 2621.07, 2635.63, 2637.33, 2662.07, 2662.67, 2769.5, 2889.63, 2940.9, 2954.73, 3036.47, 3088.53, 3256.27, 3314.27, 3374.93, 3426.73, 3460.13, 3473.73, 3516.33, 3580.23, 3617.67, 3631.97]"
60900,2789.2496666666671,4343.579700385465,2054.1732202824664,2622.2709999999997,2834.1999999999998,3046.5720000000001,"[2065.3, 2091.33, 2157.5, 2162.1, 2250.8, 2383.67, 2391.03, 2470.03, 2495.2, 2676.73, 2685.37, 2691.7, 2719.4, 2776.4, 2817.0, 2851.4, 2854.03, 2870.2, 2895.43, 2909.87, 3035.73, 3071.87, 3077.03, 3129.87, 3167.67, 3168.97, 3237.63, 3428.13, 3530.87, 3615.23]"
61200,2774.4773333333333,4320.5753748993648,2043.2939749079626,2391.8490000000002,2654.6199999999999,3066.3910000000001,"[1613.6, 1758.63, 1974.43, 2001.33, 2012.6, 2074.37, 2086.07, 2160.87, 2373.6, 2399.67, 2497.7, 2531.67, 2602.4, 2631.97, 2632.37, 2676.87, 2860.43, 2959.63, 3004.7, 3059.3, 3062.8, 3074.77, 3170.7, 3178.5, 3214.87, 3435.17, 3562.7, 4049.27, 4178.8, 4394.53]"
61500,2954.8850000000002,4601.5165499013547,2176.157161028978,2673.5509999999999,2992.5150000000003,3331.2509999999997,"[2007.3, 2024.0, 2051.63, 2059.13, 2163.03, 2295.8, 2497.3, 2635.2, 2670.1, 2675.03, 2703.57, 2731.57, 2764.0, 2795.37, 2947.4, 3037.63, 3069.63, 3074.9, 3099.2, 3248.5, 3297.03, 3411.1, 3426.9, 3435.67, 3562.43, 3686.17, 3689.7, 3722.63, 3873.83, 3990.8]"
61800,2843.2159999999999,4427.6191726393172,2093.917312772634,2403.6800000000003,2613.8200000000002,3123.1299999999997,"[2024.9, 2095.73, 2115.97, 2135.1, 2143.53, 2307.97, 2350.53, 2354.33, 2365.53, 2420.03, 2422.7, 2534.37, 2558.7, 2564.87, 2569.07, 2658.57, 2708.17, 2729.2, 2730.4, 3050.83, 3088.93, 3202.93, 3246.53, 3478.4, 3582.6, 3712.83, 3801.43, 3958.7, 4144.93, 4238.7]"
62100,3043.6723333333334,4739.7812822868591,2241.5455572751939,2814.25,3008.1849999999999,3221.4110000000001,"[2105.07, 2121.13, 2334.53, 2473.83, 2625.93, 2643.0, 2716.2, 2785.0, 2802.63, 2819.23, 2861.5, 2916.57, 2977.97, 2991.8, 2992.5, 3023.87, 3084.77, 3093.03, 3106.17, 3166.1, 3202.43, 3265.7, 3343.6, 3495.77, 3513.03, 3584.5, 3722.87, 3750.07, 3894.77, 3896.6]"
62400,3183.6549999999997,4957.7703266544031,2344.6373129565818,2897.6390000000001,3168.665,3412.1589999999997,"[1763.03, 1865.0, 2029.23, 2463.73, 2517.13, 2605.1, 2852.53, 2872.83, 2891.5, 2900.27, 2924.07, 2941.9, 2946.43, 3052.27, 3100.83, 3236.5, 3298.47, 3303.7, 3346.97, 3388.17, 3394.0, 3454.53, 3683.07, 3713.1, 3748.63, 3897.33, 4123.53, 4134.73, 4226.2, 4834.87]"
62700,2896.8130000000001,4511.083497824583,2133.3894057169182,2660.7509999999997,2795.5,3136.241,"[1896.1, 2186.73, 2268.87, 2319.53, 2546.57, 2551.43, 2578.8, 2585.37, 2643.37, 2668.2, 2672.13, 2674.93, 2693.0, 2746.67, 2792.1, 2798.9, 2924.03, 2992.43, 3106.43, 3118.47, 3131.93, 3146.3, 3171.03, 3200.1, 3233.77, 3234.8, 3321.37, 3498.83, 3700.63, 4501.57]"
63000,2926.9953333333333,4558.0851599359585,2155.6175130103989,2561.8090000000002,2919.0500000000002,3159.8510000000001,"[1642.77, 1816.07, 2105.2, 2159.53, 2343.43, 2364.33, 2424.07, 2478.03, 2554.9, 2564.77, 2578.8, 2672.23, 2852.13, 2874.3, 2910.57, 2927.53, 3029.8, 3048.4, 3095.2, 3123.73, 3145.73, 3192.8, 3405.03, 3405.07, 3450.77, 3675.03, 3748.97, 3908.53, 4080.57, 4231.57]"
63300,2788.775333333333,4342.8410412892545,2053.8238923458298,2455.2510000000002,2775.4200000000001,2918.5720000000001,"[1905.87, 2036.47, 2141.73, 2170.3, 2181.23, 2189.47, 2245.3, 2267.63, 2376.9, 2488.83, 2580.03, 2652.57, 2754.03, 2758.0, 2760.37, 2790.47, 2804.4, 2825.47, 2841.13, 2853.17, 2913.73, 2929.87, 2970.63, 3119.97, 3123.13, 3189.23, 3417.37, 3443.1, 4433.63, 4499.23]"
63600,3008.1500000000001,4684.4638656278539,2215.3847489663112,2773.3509999999997,2941.3150000000001,3091.04,"[1935.4, 2347.87, 2560.1, 2604.67, 2632.0, 2650.93, 2709.6, 2711.87, 2758.0, 2779.93, 2817.1, 2822.5, 2841.9, 2845.83, 2885.33, 2997.3, 3044.2, 3065.2, 3073.13, 3081.37, 3090.17, 3093.07, 3113.87, 3132.37, 3212.1, 3264.03, 3277.2, 3343.9, 4526.73, 5026.83]"
63900,2978.1013333333331,4637.6703569230685,2193.2550819416924,2669.5990000000002,2914.9499999999998,3163.8500000000004,"[2129.57, 2204.3, 2236.9, 2375.43, 2399.73, 2614.97, 2648.2, 2656.13, 2666.4, 2670.97, 2726.5, 2733.4, 2772.4, 2841.0, 2871.97, 2957.93, 2992.83, 3071.27, 3072.33, 3082.67, 3137.3, 3225.8, 3282.47, 3359.6, 3486.0, 3547.27, 3618.5, 3673.3, 4009.9, 4278.0]"
64200,2805.3946666666666,4368.7216212040948,2066.0633809367096,2560.1479999999997,2778.2350000000001,3092.5879999999997,"[2080.87, 2167.13, 2169.43, 2171.97, 2352.53, 2416.67, 2431.93, 2476.97, 2478.43, 2595.17, 2628.53, 2642.33, 2653.77, 2658.37, 2741.67, 2814.8, 2844.9, 2863.43, 3012.07, 3024.47, 3089.27, 3100.33, 3139.37, 3205.13, 3213.73, 3244.0, 3345.3, 3462.8, 3533.47, 3603.0]"
64500,2943.4506666666666,4583.710349636227,2167.7362220195319,2739.971,2930.7799999999997,3110.4719999999998,"[2149.7, 2179.9, 2208.23, 2281.0, 2504.67, 2655.67, 2713.5, 2723.6, 2724.97, 2746.4, 2788.07, 2800.7, 2808.2, 2874.03, 2903.43, 2958.13, 2960.23, 2962.33, 3064.93, 3091.3, 3098.73, 3137.87, 3142.73, 3314.1, 3393.33, 3513.97, 3551.43, 3597.37, 3701.27, 3753.73]"
64800,2903.1816666666664,4521.0011511571056,2138.0796794747371,2550.2910000000002,2728.9349999999999,3120.2600000000002,"[1907.7, 1999.57, 2059.77, 2121.53, 2149.77, 2271.33, 2304.4, 2495.37, 2499.87, 2571.9, 2597.17, 2630.33, 2686.37, 2702.17, 2715.7, 2742.17, 2820.5, 2877.03, 3019.53, 3070.67, 3108.8, 3147.0, 3377.27, 3597.47, 3716.3, 3717.43, 3727.73, 3770.07, 4134.9, 4555.63]"
65100,2894.355,4507.2557591208233,2131.5791849124503,2673.29,2851.9349999999999,3150.4399999999996,"[1747.2, 2005.2, 2102.27, 2134.97, 2196.37, 2471.03, 2572.1, 2576.0, 2617.57, 2697.17, 2725.5, 2746.47, 2756.77, 2773.17, 2846.1, 2857.77, 2898.77, 2941.43, 3024.53, 3100.23, 3136.37, 3183.27, 3286.53, 3432.57, 3439.53, 3501.73, 3565.0, 3659.03, 3903.27, 3932.73]"
65400,2981.3196666666668,4642.6821303411325,2195.6252584899889,2637.0609999999997,2956.25,3334.77,"[1838.47, 2072.87, 2193.6, 2409.2, 2452.7, 2490.47, 2495.5, 2502.23, 2552.97, 2673.1, 2704.07, 2721.17, 2868.07, 2883.77, 2938.03, 2974.47, 3003.53, 3042.1, 3071.0, 3163.67, 3332.4, 3340.3, 3381.53, 3497.37, 3550.4, 3623.03, 3675.27, 3711.07, 3891.2, 4386.03]"
65700,2930.4470000000001,4563.4602934154036,2158.1595304270331,2595.2190000000001,2847.2650000000003,3279.0410000000002,"[1908.6, 1936.43, 2263.03, 2312.13, 2353.0, 2470.87, 2481.67, 2558.37, 2559.4, 2610.57, 2622.5, 2631.9, 2693.27, 2827.5, 2835.63, 2858.9, 2943.97, 2956.2, 2970.13, 2997.5, 3272.9, 3293.37, 3306.53, 3344.6, 3385.63, 3426.27, 3693.5, 3809.2, 4243.67, 4346.17]"
66000,2820.1533333333336,4391.7046641723127,2076.9325613460678,2446.0320000000002,2828.0650000000001,3105.3520000000003,"[1952.4, 1977.83, 2105.37, 2187.63, 2208.37, 2231.3, 2307.53, 2333.2, 2346.17, 2488.83, 2515.07, 2546.07, 2566.2, 2779.53, 2792.8, 2863.33, 2908.47, 2948.8, 3016.83, 3065.83, 3101.53, 3114.27, 3244.87, 3341.17, 3422.63, 3473.47, 3505.77, 3699.23, 3710.2, 3849.9]"
66300,2911.6559999999999,4534.197869500701,2144.3206943258328,2705.6109999999999,2931.02,3200.6889999999999,"[1876.77, 2183.73, 2291.63, 2390.03, 2432.87, 2459.97, 2466.2, 2532.93, 2699.5, 2708.23, 2778.1, 2781.17, 2808.97, 2858.43, 2916.17, 2945.87, 2952.47, 3060.57, 3109.23, 3157.77, 3194.2, 3215.83, 3223.1, 3227.37, 3265.37, 3455.87, 3490.0, 3511.0, 3628.8, 3727.53]"
66600,2988.8376666666668,4654.3895915188623,2201.1619712678516,2636.9400000000001,2961.0999999999999,3280.8319999999999,"[1952.23, 1965.1, 2082.87, 2231.73, 2351.9, 2476.33, 2540.1, 2592.4, 2594.03, 2655.33, 2682.97, 2706.23, 2803.8, 2843.53, 2958.7, 2963.5, 2975.7, 3060.17, 3100.17, 3198.7, 3257.63, 3334.97, 3351.3, 3361.27, 3481.97, 3580.77, 3631.2, 4076.23, 4361.3, 4493.0]"
66900,2924.8516666666669,4554.7469191434611,2154.0387864042787,2577.5190000000002,2945.1999999999998,3271.9009999999998,"[1892.27, 1927.5, 1981.67, 1982.23, 2106.93, 2287.07, 2423.43, 2553.93, 2567.6, 2581.77, 2673.03, 2689.83, 2844.9, 2873.87, 2934.7, 2955.7, 3067.53, 3099.07, 3154.5, 3229.1, 3268.1, 3280.77, 3296.97, 3514.57, 3543.8, 3549.1, 3633.67, 3740.37, 3903.5, 4188.07]"
67200,2851.8490000000002,4441.0629758246523,2100.2751794142,2406.6589999999997,2894.3000000000002,3166.4989999999998,"[1990.93, 2127.83, 2175.53, 2226.43, 2258.0, 2266.3, 2373.53, 2397.87, 2398.0, 2410.37, 2571.17, 2584.33, 2648.13, 2797.53, 2801.87, 2986.73, 2989.37, 3086.9, 3132.37, 3139.57, 3151.97, 3200.4, 3246.57, 3258.87, 3267.13, 3269.5, 3452.37, 3525.93, 3629.37, 4190.6]"
67500,2982.6789999999996,4644.7989622415835,2196.6263542915372,2654.6390000000001,2977.5799999999999,3265.299,"[1706.53, 1912.23, 2262.73, 2266.33, 2432.9, 2440.8, 2449.37, 2630.37, 2631.63, 2664.5, 2693.4, 2752.77, 2824.5, 2874.17, 2950.93, 3004.23, 3024.83, 3033.73, 3140.7, 3195.23, 3261.3, 3274.63, 3310.6, 3351.07, 3500.43, 3501.93, 3927.2, 4045.43, 4171.23, 4244.67]"
67800,2995.6813333333334,4665.0469421192001,2206.2020639362172,2771.8600000000001,2933.335,3106.0299999999997,"[2275.87, 2351.33, 2351.93, 2411.73, 2589.73, 2613.87, 2634.27, 2654.03, 2739.1, 2785.9, 2805.0, 2816.23, 2860.03, 2897.47, 2919.3, 2947.37, 2954.3, 3052.67, 3067.33, 3090.37, 3099.97, 3120.17, 3170.6, 3186.37, 3187.0, 3607.87, 3651.93, 3754.77, 4047.23, 4226.7]"
68100,2922.1999999999998,4550.6175915887543,2152.08593767909,2589.701,2973.665,3201.8909999999996,"[2132.2, 2191.6, 2225.33, 2249.77, 2290.8, 2443.87, 2452.87, 2485.07, 2549.5, 2606.93, 2607.27, 2660.27, 2824.57, 2836.7, 2964.3, 2983.03, 3008.33, 3012.23, 3098.03, 3134.3, 3186.33, 3238.2, 3264.3, 3269.2, 3283.0, 3366.13, 3394.7, 3444.2, 3923.6, 4539.37]"
68400,2964.8713333333335,4617.0678414427057,2183.5117047069066,2668.0900000000001,3010.4350000000004,3248.9100000000003,"[2129.93, 2195.6, 2242.9, 2278.43, 2421.7, 2451.3, 2547.67, 2553.97, 2650.8, 2675.5, 2717.5, 2819.17, 2875.67, 2908.83, 2977.57, 3043.3, 3054.4, 3065.83, 3186.33, 3209.37, 3237.63, 3275.23, 3366.77, 3401.4, 3487.4, 3534.17, 3561.37, 3574.2, 3728.17, 3774.03]"
68700,2810.6903333333335,4376.9683373400621,2069.9634321871263,2518.6300000000001,2671.3499999999999,3046.578,"[1442.63, 1781.3, 2124.83, 2179.3, 2341.73, 2353.0, 2358.23, 2407.8, 2488.53, 2531.53, 2532.97, 2544.1, 2647.23, 2661.97, 2667.37, 2675.33, 2700.63, 2752.43, 2908.23, 2995.3, 3031.47, 3081.83, 3127.97, 3237.63, 3285.7, 3373.63, 3506.67, 3658.87, 4319.77, 4602.73]"
69000,2878.3409999999999,4482.3178390223693,2119.7855006314317,2641.7080000000001,2830.5150000000003,3074.252,"[1733.4, 2061.7, 2282.6, 2418.47, 2429.67, 2436.93, 2478.2, 2507.8, 2620.33, 2650.87, 2662.23, 2693.23, 2718.5, 2735.1, 2813.53, 2847.5, 2854.87, 2983.2, 2984.3, 3006.67, 3056.93, 3114.67, 3244.27, 3307.87, 3394.7, 3456.8, 3563.53, 3587.7, 3773.63, 3931.03]"
69300,2852.1469999999999,4441.5270385316171,2100.4946447517636,2446.9000000000001,2744.1199999999999,3279.6809999999991,"[1912.07, 2046.63, 2047.63, 2164.93, 2171.2, 2338.17, 2427.3, 2428.27, 2438.5, 2450.5, 2507.6, 2603.93, 2664.77, 2679.7, 2743.67, 2744.57, 2897.23, 2930.37, 3031.5, 3094.57, 3245.7, 3358.97, 3375.53, 3383.8, 3466.87, 3559.53, 3575.2, 3689.77, 3740.73, 3845.2]"
69600,3049.7909999999997,4749.3096212679002,2246.0517158169355,2774.6610000000001,3057.1700000000001,3353.23,"[1784.0, 2024.43, 2202.3, 2207.0, 2260.6, 2264.7, 2308.67, 2619.5, 2664.67, 2821.8, 2829.57, 2896.47, 2953.5, 3027.5, 3053.07, 3061.27, 3156.6, 3187.1, 3204.6, 3319.07, 3341.77, 3379.97, 3408.27, 3438.0, 3550.67, 3601.03, 3705.3, 3810.47, 4617.63, 4794.2]"
69900,3018.1366666666663,4700.015676255005,2222.739538131194,2637.7399999999998,2954.6500000000001,3300.0599999999999,"[1927.07, 2023.17, 2233.87, 2417.7, 2457.77, 2541.5, 2566.07, 2595.2, 2633.4, 2639.6, 2711.4, 2760.97, 2821.73, 2889.43, 2950.3, 2959.0, 3023.9, 3105.23, 3195.0, 3264.7, 3295.47, 3310.77, 3333.33, 3403.13, 3561.23, 3706.2, 3884.43, 3974.97, 4071.33, 4286.23]"
70200,3023.6433333333334,4708.5909737036236,2226.794982623981,2625.8499999999999,2984.6149999999998,3423.9799999999996,"[2197.9, 2218.07, 2283.73, 2401.93, 2411.7, 2421.83, 2487.1, 2496.7, 2553.33, 2656.93, 2666.13, 2868.77, 2931.97, 2980.83, 2983.23, 2986.0, 3054.43, 3263.9, 3282.13, 3363.7, 3412.73, 3450.23, 3462.5, 3471.1, 3506.93, 3592.57, 3658.33, 3732.4, 3909.7, 4002.5]"
70500,2816.3506666666667,4385.7829333433892,2074.1320461660612,2661.652,2779.3150000000001,2954.8209999999999,"[1905.5, 2022.77, 2035.63, 2084.6, 2227.13, 2312.23, 2354.13, 2453.83, 2619.47, 2679.73, 2701.93, 2718.2, 2764.0, 2769.83, 2775.83, 2782.8, 2820.37, 2824.47, 2856.67, 2866.33, 2941.0, 2987.07, 3127.1, 3237.57, 3237.8, 3317.23, 3355.57, 3428.27, 4117.23, 4166.23]"
70800,2941.3156666666669,4580.3856050745817,2166.163878074236,2662.2979999999998,2892.1849999999999,3174.0520000000001,"[1769.63, 2042.5, 2052.93, 2313.17, 2387.63, 2431.77, 2438.03, 2548.57, 2622.93, 2679.17, 2701.0, 2724.27, 2727.1, 2859.9, 2875.4, 2908.97, 3015.3, 3041.27, 3057.23, 3088.97, 3161.83, 3202.57, 3329.2, 3340.67, 3344.7, 3368.87, 3509.53, 3934.43, 4153.1, 4608.83]"
71100,2783.7773333333334,4335.057868774451,2050.1430609460217,2427.0009999999997,2757.9700000000003,3038.152,"[2004.23, 2033.73, 2128.0, 2185.37, 2187.93, 2280.43, 2336.5, 2345.0, 2350.47, 2459.8, 2606.57, 2637.6, 2678.8, 2688.3, 2718.17, 2797.77, 2819.67, 2824.23, 2919.33, 3001.6, 3032.23, 3051.97, 3126.03, 3148.83, 3238.87, 3278.23, 3505.43, 3531.47, 3586.63, 4010.13]"
71400,2871.6723333333334,4471.9330084680696,2114.8742886143204,2625.0700000000002,2929.8200000000002,3144.0589999999997,"[1779.13, 2108.1, 2255.93, 2393.23, 2416.23, 2559.63, 2574.13, 2580.23, 2592.03, 2639.23, 2663.03, 2677.77, 2724.0, 2741.13, 2920.07, 2939.57, 2971.13, 2988.9, 3063.67, 3079.47, 3139.7, 3154.23, 3212.0, 3245.5, 3305.53, 3364.47, 3367.13, 3469.13, 3560.57, 3665.3]"
71700,2772.8569999999995,4318.0520988159669,2042.1006628208293,2385.5709999999999,2797.165,2991.7809999999999,"[1800.9, 1829.83, 2020.77, 2055.47, 2069.57, 2069.7, 2102.47, 2197.77, 2213.7, 2459.23, 2481.63, 2673.4, 2682.73, 2683.37, 2776.63, 2817.7, 2838.6, 2895.67, 2907.0, 2916.93, 2965.0, 3054.27, 3108.9, 3270.47, 3438.97, 3462.3, 3482.7, 3527.4, 3965.23, 4417.4]"
72000,2887.5720000000001,4496.6928821364463,2126.5837708698532,2581.529,2814.1800000000003,3063.1999999999998,"[1833.47, 1954.67, 2053.0, 2112.6, 2130.7, 2234.87, 2258.17, 2442.1, 2506.23, 2613.8, 2646.1, 2672.83, 2764.93, 2798.17, 2811.03, 2817.33, 2820.6, 2928.1, 2964.6, 3041.13, 3052.97, 3087.07, 3113.9, 3267.8, 3578.33, 3728.0, 3740.33, 3826.13, 4012.37, 4815.83]"
72300,3015.8090000000002,4696.3909000998192,2221.0253027260419,2533.1410000000001,3009.4499999999998,3397.2599999999998,"[1612.63, 1924.6, 2017.4, 2116.03, 2333.87, 2363.23, 2375.9, 2514.27, 2528.5, 2535.13, 2579.33, 2636.93, 2765.73, 3004.8, 3006.9, 3012.0, 3106.03, 3305.9, 3340.93, 3343.6, 3388.83, 3416.93, 3475.63, 3699.2, 3800.57, 3807.1, 3878.63, 3955.5, 4195.77, 4432.4]"
72600,2946.3620000000001,4588.2440450306713,2169.8803050824858,2752.8209999999999,2906.1499999999996,3089.6509999999994,"[1932.03, 2038.57, 2123.4, 2167.33, 2261.17, 2464.13, 2714.4, 2719.53, 2740.27, 2758.2, 2842.57, 2850.93, 2883.63, 2896.93, 2904.97, 2907.33, 2937.6, 3000.93, 3017.27, 3021.83, 3025.73, 3238.8, 3308.17, 3316.3, 3340.3, 3351.0, 3352.07, 3827.9, 3974.9, 4472.67]"
72900,2912.1600000000003,4534.9827272332868,2144.691870601444,2705.6909999999998,2952.8150000000001,3110.0589999999997,"[1676.7, 1916.9, 2121.67, 2288.8, 2326.5, 2545.83, 2548.1, 2640.27, 2666.4, 2722.53, 2723.77, 2785.43, 2847.97, 2915.53, 2946.1, 2959.53, 2981.17, 3010.73, 3015.3, 3083.07, 3098.17, 3137.8, 3160.8, 3167.87, 3244.83, 3299.63, 3602.93, 3684.77, 3879.4, 4366.3]"
73200,2939.7726666666663,4577.9827568972405,2165.0275189606091,2728.0499999999997,2843.4650000000001,3073.989,"[1834.7, 1912.77, 2101.5, 2118.8, 2137.7, 2381.8, 2654.53, 2678.7, 2680.87, 2748.27, 2765.27, 2767.57, 2791.2, 2809.43, 2826.5, 2860.43, 2882.33, 2987.13, 3022.5, 3044.37, 3051.3, 3126.93, 3358.3, 3418.17, 3429.07, 3473.9, 3777.2, 4093.57, 4139.3, 4319.07]"
73500,2833.7543333333333,4412.8849221502742,2086.949165561512,2634.6989999999996,2701.415,2960.2919999999995,"[2013.1, 2127.57, 2178.73, 2200.27, 2343.5, 2423.3, 2579.97, 2591.37, 2618.9, 2641.47, 2649.43, 2669.3, 2677.17, 2693.03, 2701.4, 2701.43, 2708.17, 2761.37, 2829.43, 2870.33, 2921.13, 3051.67, 3206.03, 3295.07, 3297.53, 3383.6, 3559.9, 3648.9, 3659.53, 4010.03]"
73800,2873.0840000000003,4474.1313368394312,2115.9139258677678,2613.8519999999999,2904.1149999999998,3016.712,"[2220.53, 2232.9, 2262.7, 2305.97, 2379.1, 2397.33, 2457.73, 2465.0, 2594.77, 2622.03, 2631.57, 2634.57, 2700.1, 2707.23, 2876.43, 2931.8, 2944.3, 2947.4, 2953.07, 2964.1, 2999.63, 3056.57, 3117.7, 3260.97, 3427.8, 3521.33, 3568.13, 3596.73, 3647.33, 3767.7]"
74100,2793.0983333333334,4349.5730650550613,2057.0076126622307,2318.8489999999997,2859.3000000000002,3232.8379999999997,"[1733.23, 1939.37, 1939.47, 1959.2, 1988.03, 2139.27, 2155.23, 2185.67, 2264.9, 2341.97, 2367.43, 2414.27, 2625.03, 2674.47, 2851.03, 2867.57, 2943.07, 2952.17, 3013.13, 3055.87, 3221.87, 3258.43, 3330.27, 3416.03, 3426.87, 3442.8, 3615.2, 3716.87, 3763.93, 4190.3]"
74400,3040.4929999999999,4734.8302419076272,2239.2041027006057,2876.1880000000001,3087.5349999999999,3269.1610000000001,"[1917.07, 2331.1, 2346.67, 2432.57, 2566.67, 2592.87, 2697.67, 2700.57, 2755.13, 2928.07, 2957.97, 2980.9, 2983.4, 2995.87, 3028.8, 3146.27, 3158.57, 3161.27, 3235.77, 3249.0, 3257.83, 3295.6, 3318.43, 3368.83, 3380.73, 3432.23, 3513.37, 3560.73, 3716.8, 4204.03]"
74700,3041.3380000000002,4736.1461244156326,2239.8264121309453,2715.4279999999999,2997.3699999999999,3286.4619999999995,"[2218.5, 2230.37, 2335.47, 2344.77, 2375.17, 2463.23, 2602.57, 2609.97, 2708.33, 2718.47, 2785.8, 2800.47, 2830.5, 2859.0, 2990.67, 3004.07, 3064.5, 3086.0, 3120.67, 3165.47, 3238.03, 3399.47, 3500.3, 3507.37, 3592.4, 3658.57, 3691.5, 3930.7, 3966.43, 4441.37]"
75000,2966.7876666666666,4620.052065718256,2184.9230092098737,2779.252,3020.085,3204.482,"[1921.67, 2258.97, 2319.33, 2353.8, 2493.0, 2621.57, 2658.27, 2686.67, 2741.97, 2795.23, 2843.03, 2869.03, 2911.87, 2947.43, 3012.2, 3027.97, 3058.57, 3125.17, 3125.43, 3178.0, 3196.13, 3223.97, 3244.9, 3269.03, 3292.0, 3316.73, 3520.43, 3538.03, 3597.63, 3855.6]"
75300,2963.2840000000001,4614.595954853703,2182.3426958282953,2621.5,2973.5349999999999,3227.2499999999995,"[2343.27, 2379.3, 2405.13, 2412.7, 2439.23, 2510.97, 2569.47, 2586.67, 2603.3, 2629.3, 2676.93, 2701.23, 2827.43, 2888.87, 2944.5, 3002.57, 3014.2, 3117.43, 3121.33, 3160.13, 3199.23, 3292.63, 3313.47, 3340.6, 3362.93, 3375.77, 3395.4, 3574.13, 3642.13, 4068.27]"
75600,2976.2669999999998,4634.8138277548042,2191.9041672295984,2729.9009999999998,2986.8850000000002,3276.0679999999998,"[1680.87, 1976.57, 2243.83, 2285.83, 2447.9, 2508.9, 2532.27, 2571.67, 2616.2, 2778.63, 2834.83, 2927.0, 2949.2, 2958.1, 2981.8, 2991.97, 3110.57, 3130.8, 3143.57, 3164.7, 3261.47, 3310.13, 3327.4, 3484.13, 3521.6, 3554.87, 3674.37, 3718.93, 3787.3, 3812.6]"
75900,2658.3843333333334,4139.7886908735245,1957.7960237879236,2288.4199999999996,2594.165,2808.1510000000003,"[1875.93, 1876.4, 2020.5, 2032.93, 2041.0, 2088.63, 2089.53, 2105.17, 2146.6, 2349.2, 2383.67, 2401.33, 2527.7, 2541.9, 2565.4, 2622.93, 2709.63, 2730.27, 2779.87, 2781.2, 2806.9, 2811.07, 2927.37, 3185.47, 3297.0, 3329.53, 3455.4, 3520.9, 3871.3, 3876.8]"
76200,2922.4400000000001,4550.9913333661771,2152.2626882865238,2569.692,2852.75,3210.1599999999999,"[2008.53, 2244.27, 2317.07, 2386.6, 2405.9, 2526.63, 2551.4, 2558.87, 2565.87, 2571.33, 2627.4, 2687.3, 2694.57, 2737.63, 2825.33, 2880.17, 2972.43, 3022.43, 3185.97, 3205.6, 3208.63, 3213.73, 3272.2, 3274.4, 3292.6, 3314.9, 3529.37, 3555.67, 3825.97, 4210.43]"
76500,2994.9349999999999,4663.8847090085783,2205.652418644489,2777.1900000000001,2968.7650000000003,3194.3109999999997,"[1773.0, 2059.73, 2219.6, 2348.23, 2566.8, 2608.6, 2622.73, 2671.83, 2680.8, 2818.5, 2836.5, 2852.1, 2904.9, 2923.63, 2958.0, 2979.53, 3073.23, 3093.87, 3099.53, 3160.03, 3187.93, 3209.2, 3434.97, 3460.43, 3476.17, 3484.07, 3486.07, 3595.07, 3651.1, 4611.9]"
76800,2847.8570000000004,4434.8464042602072,2097.335227643885,2614.9990000000003,2834.8649999999998,3046.9299999999998,"[1979.87, 2130.43, 2146.2, 2221.23, 2362.03, 2371.47, 2459.2, 2484.27, 2487.13, 2669.8, 2682.37, 2777.93, 2797.43, 2798.73, 2833.2, 2836.53, 2861.63, 2933.63, 2941.37, 3018.13, 3042.13, 3058.13, 3107.2, 3150.9, 3196.9, 3293.8, 3462.5, 3553.97, 3640.43, 4137.17]"
77100,3006.8589999999999,4682.4534463168056,2214.4339779904903,2674.6100000000001,2872.3150000000001,3223.5999999999999,"[1826.97, 2388.47, 2415.07, 2422.6, 2469.33, 2499.03, 2629.27, 2639.23, 2642.83, 2688.23, 2703.9, 2707.83, 2719.13, 2754.7, 2768.6, 2976.03, 2983.27, 3024.87, 3085.13, 3096.97, 3210.43, 3254.33, 3329.77, 3372.47, 3563.83, 3595.07, 3656.17, 3742.9, 4041.97, 4997.37]"
77400,2805.7440000000001,4369.2656231245637,2066.3206512653078,2464.0320000000002,2629.2799999999997,3132.6879999999996,"[1702.9, 1964.47, 1982.2, 2134.83, 2232.07, 2263.63, 2296.03, 2396.2, 2423.67, 2481.33, 2494.0, 2533.93, 2558.33, 2581.07, 2620.13, 2638.43, 2896.0, 2941.1, 2961.8, 3081.3, 3115.87, 3171.93, 3382.07, 3411.6, 3435.77, 3509.2, 3531.93, 3578.7, 3897.23, 3954.6]"
77700,2813.7953333333335,4381.8036215854536,2072.250143170801,2427.2979999999998,2815.7150000000001,3134.2389999999996,"[1570.1, 2020.7, 2128.5, 2160.23, 2166.17, 2216.87, 2346.93, 2373.77, 2413.13, 2433.37, 2478.57, 2534.17, 2569.03, 2754.43, 2783.8, 2847.63, 2863.63, 2971.97, 3044.33, 3107.0, 3123.1, 3160.23, 3165.3, 3208.83, 3346.67, 3378.6, 3414.2, 3499.0, 4076.9, 4256.7]"
78000,3012.9139999999998,4691.8826399096706,2218.8932485238715,2793.692,2997.75,3273.8499999999999,"[2434.9, 2449.4, 2460.37, 2484.27, 2503.37, 2525.67, 2578.37, 2594.2, 2757.67, 2809.13, 2837.03, 2922.23, 2941.3, 2957.97, 2968.37, 3027.13, 3096.5, 3164.73, 3173.3, 3179.67, 3265.9, 3292.4, 3314.3, 3324.67, 3330.57, 3342.27, 3380.47, 3381.13, 3479.83, 4410.3]"
78300,2908.2113333333332,4528.8336368230966,2141.7838321352483,2584.1799999999998,2811.1000000000004,3283.2379999999994,"[1827.9, 1874.23, 1925.93, 2117.2, 2130.77, 2325.07, 2379.63, 2526.97, 2544.07, 2601.37, 2623.1, 2729.0, 2745.17, 2750.2, 2809.67, 2812.53, 2887.13, 3010.1, 3025.3, 3060.47, 3243.77, 3375.33, 3407.53, 3460.43, 3551.33, 3564.87, 3630.57, 3645.53, 3960.3, 4700.87]"
78600,2849.0696666666668,4436.7348384077895,2098.2283091853351,2484.5299999999997,2939.8499999999999,3212.1479999999997,"[1734.3, 1842.37, 2097.6, 2220.47, 2223.87, 2277.43, 2353.43, 2429.83, 2439.8, 2503.7, 2622.93, 2671.43, 2708.03, 2853.77, 2908.2, 2971.5, 3071.17, 3075.87, 3112.83, 3173.87, 3197.97, 3245.23, 3261.43, 3394.3, 3437.93, 3444.47, 3461.1, 3520.03, 3556.8, 3660.43]"
78900,2731.0583333333334,4252.9608155915867,2011.3175806405993,2380.3710000000001,2568.4000000000001,2978.3519999999999,"[1654.07, 1863.3, 1900.0, 2143.83, 2165.37, 2177.13, 2230.37, 2344.3, 2352.0, 2392.53, 2406.77, 2432.37, 2444.57, 2481.47, 2510.07, 2626.73, 2675.37, 2808.9, 2828.37, 2840.73, 2926.53, 3099.27, 3210.97, 3260.43, 3346.6, 3436.43, 3526.87, 3744.13, 3990.9, 4111.37]"
79200,2784.0923333333335,4335.5484048573171,2050.3750461182785,2432.7200000000003,2615.165,2883.951,"[1697.53, 1957.67, 1998.8, 2148.97, 2329.87, 2330.57, 2382.53, 2393.3, 2406.33, 2444.03, 2448.27, 2567.1, 2572.4, 2611.9, 2614.0, 2616.33, 2629.47, 2633.03, 2683.5, 2696.17, 2879.43, 2894.5, 3017.93, 3219.43, 3254.47, 3591.37, 3633.1, 4104.17, 4227.7, 4538.9]"
79500,2925.7153333333335,4556.0918704563774,2154.6748431040855,2442.4590000000003,2898.75,3145.2199999999998,"[2155.07, 2302.43, 2347.17, 2379.93, 2385.5, 2398.23, 2415.83, 2431.67, 2433.03, 2446.5, 2615.93, 2627.63, 2732.37, 2870.6, 2888.83, 2908.67, 2957.03, 3088.43, 3097.13, 3116.37, 3134.6, 3170.0, 3227.37, 3273.03, 3483.0, 3491.83, 3569.97, 3835.87, 3956.87, 4030.57]"
79800,2763.1179999999999,4302.8859689396813,2034.9282704633399,2488.8779999999997,2696.6849999999999,2962.1899999999996,"[1927.67, 2113.7, 2203.2, 2327.77, 2339.47, 2374.07, 2432.77, 2470.3, 2487.73, 2489.37, 2515.73, 2541.87, 2553.17, 2589.7, 2636.67, 2756.7, 2830.13, 2841.43, 2876.73, 2923.83, 2935.97, 3023.37, 3101.6, 3205.43, 3255.33, 3355.47, 3401.53, 3418.57, 3424.93, 3539.33]"
