agents,meanScore,clow,chigh,Q1,Q2,Q3,means
500,7.822219333333333,12.181208987588915,5.7607584110287364,4.4900009999999995,6.0666650000000004,7.1133319999999971,"[1.6, 1.6, 3.2, 3.23333, 3.23333, 3.63333, 4.13333, 4.13333, 4.46667, 4.5, 4.63333, 4.73333, 4.76667, 5.13333, 5.9, 6.23333, 6.43333, 6.56667, 6.6, 6.76667, 6.83333, 7.76667, 8.0, 12.4333, 12.6, 13.0, 13.2, 14.8333, 18.4667, 36.0333]"
1000,22.046660999999997,34.332326118128023,16.236503015152287,10.11332,16.516649999999998,28.423309999999994,"[3.2, 3.8, 4.5, 5.3, 6.13333, 8.0, 8.2, 8.4, 10.0667, 10.1333, 12.3333, 13.6, 13.7667, 13.8333, 14.7333, 18.3, 20.2333, 20.2667, 26.9667, 27.2, 28.1333, 29.1, 32.8333, 34.0333, 35.9, 38.4333, 51.9667, 52.7, 54.0333, 55.3]"
1500,52.729996666666665,82.114177823471962,38.833578920059757,37.526699999999998,55.7667,67.043309999999991,"[9.6, 15.3333, 20.7, 23.1667, 25.7667, 28.2667, 29.2667, 32.1667, 34.1667, 38.9667, 42.5333, 46.5333, 49.5, 55.0333, 55.6667, 55.8667, 55.9333, 56.8333, 60.8333, 63.7333, 66.0333, 69.4, 74.0333, 75.8333, 78.1333, 79.5333, 80.8667, 83.2, 86.4, 88.6]"
2000,72.86781666666667,113.47394715762017,53.664295242526656,62.309989999999999,68.516649999999998,79.899990000000003,"[13.0, 23.2333, 49.6333, 50.3, 51.1667, 54.7333, 55.4667, 56.8667, 58.8333, 63.8, 65.5, 65.7333, 66.4333, 67.0, 68.2, 68.8333, 71.2, 72.4667, 72.9, 78.3, 79.5, 80.8333, 86.5, 89.9333, 99.8, 102.667, 108.367, 112.667, 113.2, 138.967]"
2500,87.842249999999993,136.79299436545659,64.692379357706884,76.083320000000001,88.033349999999999,95.806690000000003,"[24.5667, 44.7333, 56.9333, 58.4, 61.2667, 63.2, 68.8333, 71.0667, 71.7667, 77.9333, 78.0, 85.5667, 86.2667, 86.9, 87.5667, 88.5, 90.2, 93.2, 95.3, 95.4, 95.7667, 95.9, 97.5667, 103.3, 111.9, 116.7, 123.367, 124.833, 133.067, 147.267]"
3000,101.94445999999999,158.75376532784071,75.078105122951371,85.486699999999999,102.8835,116.7199,"[61.9333, 63.2333, 65.1667, 66.5333, 76.0, 79.6667, 80.5667, 81.6667, 82.9667, 86.5667, 87.8333, 93.6667, 94.6, 96.8667, 102.067, 103.7, 106.5, 107.633, 113.867, 114.967, 116.2, 117.933, 118.033, 127.4, 128.6, 133.167, 134.067, 134.433, 135.567, 146.933]"
3500,117.18452000000001,182.48646162955458,86.301812882648051,96.713300000000004,108.23349999999999,131.69,"[75.2, 75.5667, 77.3667, 85.6667, 91.0, 91.5333, 94.0, 96.4333, 96.4333, 96.8333, 99.8333, 103.033, 105.467, 107.667, 108.1, 108.367, 111.967, 113.067, 125.1, 125.967, 131.3, 132.6, 134.067, 137.367, 149.5, 149.867, 151.7, 172.167, 182.133, 186.233]"
4000,118.99549999999999,185.30662364653332,87.635528778691452,107.63310000000001,121.98349999999999,127.623,"[89.0333, 89.9667, 92.1333, 92.2667, 101.767, 102.933, 103.033, 103.5, 104.6, 108.933, 111.167, 115.567, 117.0, 119.3, 121.1, 122.867, 123.433, 124.633, 125.6, 127.367, 127.533, 127.833, 128.833, 133.233, 133.233, 140.333, 142.167, 142.833, 146.5, 151.167]"
4500,133.75225666666668,208.28669225310645,98.50330254779881,124.06009999999999,134.26650000000001,144.4632,"[74.7, 77.0667, 93.3667, 95.1333, 107.267, 111.367, 113.367, 116.633, 123.967, 124.1, 129.667, 131.533, 131.667, 132.5, 133.633, 134.9, 135.0, 135.5, 135.7, 139.4, 143.133, 147.567, 152.467, 154.433, 162.333, 163.067, 163.533, 167.167, 182.833, 199.567]"
5000,153.85446666666667,239.59100765102971,113.30779349888769,127.74009999999998,150.26650000000001,171.64319999999998,"[92.4, 101.7, 107.367, 107.867, 115.2, 116.733, 122.867, 123.267, 125.967, 128.5, 129.033, 136.033, 144.967, 147.5, 148.7, 151.833, 156.833, 159.533, 160.067, 161.267, 171.033, 173.067, 182.367, 183.767, 191.433, 198.833, 200.567, 203.933, 209.433, 263.567]"
5500,173.61439999999999,270.36231017491161,127.860211080211,151.76309999999998,171.167,197.69299999999998,"[109.2, 115.867, 120.4, 129.1, 130.4, 132.333, 133.2, 138.833, 139.7, 156.933, 158.433, 159.0, 167.833, 168.467, 168.467, 173.867, 180.933, 185.1, 194.2, 196.4, 197.633, 197.833, 198.633, 199.033, 200.567, 200.6, 208.1, 211.267, 246.333, 289.767]"
6000,173.19996666666665,269.71693079731682,127.55499714934653,155.52010000000001,164.0,176.82319999999999,"[114.8, 120.167, 122.133, 123.1, 125.5, 133.6, 136.067, 137.3, 148.567, 158.5, 158.867, 159.033, 162.8, 163.233, 163.533, 164.467, 164.867, 165.5, 170.933, 173.833, 175.133, 180.767, 182.533, 182.7, 186.0, 189.033, 219.833, 226.1, 247.9, 439.2]"
6500,184.51326666666668,287.33465100774771,135.88679984551547,162.04300000000001,187.44999999999999,203.81,"[104.9, 115.067, 131.467, 136.433, 146.033, 152.133, 154.033, 157.867, 159.033, 163.333, 163.6, 180.633, 181.567, 186.0, 186.9, 188.0, 188.267, 188.333, 189.833, 190.633, 203.6, 204.3, 208.867, 218.167, 223.867, 230.9, 236.433, 242.033, 250.833, 252.333]"
7000,188.13336666666666,292.97207854293026,138.5528618203947,161.4101,183.61700000000002,208.51989999999998,"[126.967, 127.2, 138.567, 138.833, 138.867, 139.433, 145.2, 148.4, 154.667, 164.3, 165.733, 177.9, 179.867, 181.267, 182.967, 184.267, 194.333, 197.567, 201.333, 204.5, 206.5, 213.233, 215.833, 217.7, 230.133, 237.367, 250.9, 251.567, 254.667, 273.933]"
7500,207.70333333333335,323.44755406826698,152.96537638619509,165.54989999999998,189.05000000000001,226.75679999999997,"[120.4, 124.267, 139.867, 141.433, 146.6, 156.533, 159.367, 162.067, 165.433, 165.6, 165.933, 167.433, 177.8, 179.733, 179.867, 198.233, 201.4, 212.533, 219.167, 222.167, 222.267, 237.233, 252.1, 253.133, 293.2, 299.1, 299.433, 305.867, 325.467, 337.467]"
8000,220.72672333333333,343.728324595993,162.55659344180748,194.18689999999998,213.083,237.1969,"[99.1667, 135.167, 143.967, 151.833, 158.933, 161.867, 164.767, 175.167, 188.4, 196.667, 198.5, 200.867, 209.3, 210.5, 212.233, 213.933, 215.5, 220.333, 227.533, 233.767, 236.167, 239.6, 245.033, 250.467, 258.367, 265.533, 316.1, 335.7, 337.167, 419.267]"
8500,243.2133,378.74571264401936,179.11707712905547,187.02700000000002,237.94999999999999,250.95989999999998,"[128.867, 135.233, 160.367, 163.167, 173.6, 174.133, 174.533, 182.9, 183.667, 188.467, 201.433, 217.5, 224.567, 227.133, 234.933, 240.967, 242.1, 243.8, 244.633, 245.333, 246.3, 261.833, 269.333, 275.733, 299.2, 311.367, 368.7, 372.933, 443.3, 460.367]"
9000,270.66216666666668,421.49066354488434,199.33209319864741,228.07319999999999,247.44999999999999,261.74299999999994,"[139.233, 149.133, 171.667, 175.733, 201.467, 208.833, 209.4, 222.567, 225.367, 229.233, 231.033, 234.533, 236.333, 236.833, 246.1, 248.8, 248.867, 249.5, 255.7, 257.8, 257.933, 270.633, 289.033, 293.4, 329.267, 341.4, 374.7, 388.367, 442.9, 754.1]"
9500,283.1678,440.96515366897756,208.54200273202554,223.53,276.13350000000003,320.04300000000001,"[166.5, 181.733, 183.467, 186.967, 194.233, 210.867, 217.5, 219.267, 221.5, 224.4, 226.667, 229.7, 249.467, 260.667, 274.867, 277.4, 289.233, 294.467, 298.433, 309.667, 316.533, 328.233, 331.5, 344.3, 345.4, 360.367, 372.033, 406.3, 424.533, 548.833]"
10000,293.6633333333333,457.30940068142456,216.27155228205933,234.52319999999997,275.25,307.51989999999995,"[146.9, 176.667, 190.833, 197.633, 220.167, 221.733, 223.367, 227.233, 230.067, 236.433, 236.467, 245.133, 265.3, 270.833, 272.867, 277.633, 281.067, 283.967, 294.233, 296.467, 299.5, 326.233, 345.233, 355.333, 388.067, 400.867, 401.867, 415.667, 502.833, 579.3]"
10500,318.84336666666667,496.52119407115089,234.81566139401522,237.26009999999999,294.13350000000003,364.93299999999988,"[177.067, 184.467, 189.067, 199.433, 208.733, 218.8, 219.367, 221.933, 231.567, 239.7, 247.5, 256.233, 261.9, 266.5, 288.767, 299.5, 312.5, 332.467, 352.233, 352.867, 353.533, 391.533, 419.767, 425.767, 430.6, 449.3, 453.633, 460.367, 473.133, 647.067]"
11000,318.32890000000003,495.72003704438362,234.43677682802459,256.39009999999996,299.86649999999997,345.29009999999994,"[178.2, 211.6, 212.3, 215.133, 222.233, 229.367, 231.867, 238.2, 244.467, 261.5, 269.967, 272.533, 274.167, 275.933, 299.4, 300.333, 313.8, 323.233, 324.733, 335.3, 340.5, 356.467, 356.967, 367.167, 390.933, 412.7, 432.5, 513.067, 534.3, 611.0]"
11500,346.62556666666666,539.78523077399018,255.27616441837628,278.4769,304.0335,391.78679999999991,"[195.9, 216.733, 225.933, 245.967, 249.767, 250.433, 259.7, 265.267, 272.9, 280.867, 284.6, 289.1, 295.933, 296.067, 296.867, 311.2, 335.433, 337.367, 346.267, 371.9, 381.567, 415.633, 428.433, 437.933, 465.867, 473.733, 513.633, 550.167, 551.167, 552.433]"
12000,419.66669999999999,653.52907659434686,309.06810060303519,308.11689999999999,357.5,475.58689999999996,"[190.567, 200.0, 251.267, 269.367, 282.733, 289.533, 296.1, 296.5, 298.2, 312.367, 324.833, 325.433, 335.867, 341.6, 349.267, 365.733, 370.0, 373.367, 406.433, 430.5, 472.967, 481.7, 545.0, 592.667, 630.133, 641.867, 675.967, 692.033, 704.133, 843.867]"
12500,426.57120000000003,664.28116035354367,314.15299464064566,317.52699999999999,417.85000000000002,443.4701,"[183.867, 194.833, 204.167, 218.967, 283.8, 285.3, 285.733, 316.833, 316.967, 317.767, 322.967, 330.467, 380.8, 387.9, 417.067, 418.633, 423.767, 426.867, 437.333, 437.5, 442.4, 445.967, 509.0, 543.8, 545.267, 636.367, 670.267, 755.9, 806.733, 849.9]"
13000,449.9000666666667,700.61021074200505,331.3337919492912,306.87300000000005,352.51650000000001,479.78679999999997,"[202.733, 256.367, 266.5, 270.8, 276.067, 285.6, 296.133, 298.3, 305.333, 307.533, 312.133, 336.667, 347.833, 348.467, 351.3, 353.733, 453.233, 454.967, 468.533, 473.567, 478.267, 483.333, 589.633, 607.567, 647.3, 669.733, 670.033, 689.1, 784.367, 1211.87]"
13500,529.94439999999997,825.25984162752297,390.28331085886754,370.73699999999997,472.60000000000002,560.79319999999996,"[242.7, 269.167, 273.933, 290.8, 304.8, 328.433, 332.433, 344.7, 351.767, 378.867, 380.7, 443.7, 448.467, 456.033, 457.733, 487.467, 502.933, 516.933, 530.233, 548.433, 557.333, 568.867, 598.4, 617.0, 674.3, 679.667, 711.533, 763.2, 1225.63, 1612.17]"
14000,577.19083333333333,898.83469983931286,425.07845998697627,428.93989999999997,509.9665,614.78679999999997,"[307.6, 314.333, 369.267, 375.033, 384.2, 389.633, 394.367, 406.4, 425.533, 430.4, 433.233, 445.467, 446.333, 469.067, 502.2, 517.733, 561.6, 595.9, 597.567, 609.6, 610.567, 624.633, 626.6, 635.333, 728.133, 733.3, 814.433, 990.6, 1141.53, 1435.13]"
14500,587.2824333333333,914.54991867692718,432.51052844522081,448.31299999999999,532.93349999999998,696.57009999999991,"[298.367, 314.667, 375.7, 380.333, 390.567, 391.2, 420.4, 428.733, 446.633, 449.033, 465.9, 469.533, 475.1, 479.167, 488.0, 577.867, 605.033, 605.933, 655.5, 684.667, 696.4, 696.967, 732.6, 741.633, 767.633, 819.7, 840.967, 853.5, 1011.17, 1055.57]"
15000,699.8986666666666,1089.9223820624347,515.44797698093146,496.75699999999995,605.85000000000002,811.19309999999996,"[225.433, 341.4, 347.4, 368.067, 374.0, 403.967, 431.367, 459.667, 465.467, 510.167, 519.933, 535.333, 583.033, 594.4, 603.033, 608.667, 611.467, 725.833, 749.833, 794.167, 803.433, 829.3, 829.767, 832.133, 950.033, 1003.73, 1123.63, 1215.27, 1475.63, 1681.4]"
15500,720.02903333333336,1121.270544638051,530.27320421508989,503.33699999999999,589.26649999999995,742.02699999999982,"[276.3, 330.567, 360.0, 365.167, 438.5, 443.5, 448.533, 493.4, 495.567, 506.667, 509.967, 520.333, 558.6, 560.667, 583.433, 595.1, 625.333, 627.933, 667.467, 711.033, 722.767, 786.967, 808.733, 941.567, 944.7, 1109.33, 1248.2, 1470.17, 1632.67, 1817.7]"
16000,800.85799999999995,1247.1420515928364,589.8005748674974,583.59699999999998,766.91700000000003,938.03989999999976,"[265.3, 346.567, 349.133, 366.067, 426.633, 507.733, 521.0, 535.533, 542.367, 601.267, 644.467, 680.4, 701.333, 712.8, 758.667, 775.167, 785.0, 807.1, 809.733, 888.367, 922.7, 973.833, 978.233, 1091.87, 1157.37, 1204.57, 1215.73, 1275.4, 1291.6, 1889.8]"
16500,763.48103333333336,1188.9364934402256,562.27390169097509,548.26009999999997,779.48350000000005,880.44010000000003,"[308.333, 363.467, 366.567, 398.0, 403.067, 431.033, 434.733, 495.5, 533.467, 554.6, 578.733, 603.567, 697.0, 751.833, 758.4, 800.567, 805.2, 812.633, 819.6, 874.767, 880.0, 881.467, 897.767, 1018.3, 1080.73, 1086.47, 1159.23, 1163.87, 1191.8, 1753.73]"
17000,896.7091999999999,1396.4070426594617,660.39123246439897,681.74309999999991,826.58349999999996,1116.1009999999999,"[322.767, 334.733, 433.133, 507.7, 572.367, 577.533, 578.233, 593.0, 628.8, 704.433, 713.867, 740.767, 768.567, 808.533, 817.6, 835.567, 891.133, 988.2, 997.933, 1040.87, 1114.7, 1119.37, 1132.77, 1135.13, 1147.37, 1226.3, 1226.63, 1332.87, 1365.03, 2245.37]"
17500,854.02686666666671,1329.9396629740461,628.95736436707568,643.46690000000012,832.29999999999995,990.03309999999965,"[348.867, 398.0, 398.833, 455.0, 487.0, 557.833, 599.8, 622.933, 638.1, 645.767, 677.7, 698.067, 708.033, 773.4, 827.633, 836.967, 875.067, 904.233, 942.667, 955.933, 957.733, 1065.4, 1085.8, 1196.7, 1244.1, 1289.5, 1301.9, 1324.07, 1347.67, 1456.1]"
18000,1036.5411333333334,1614.1613564273534,763.37197894484075,717.54689999999994,1013.5849999999999,1188.3299999999999,"[418.833, 469.5, 505.7, 552.2, 613.8, 649.5, 655.867, 691.767, 716.8, 717.867, 750.8, 818.9, 864.067, 913.833, 991.8, 1035.37, 1075.13, 1107.63, 1113.97, 1169.7, 1184.07, 1198.27, 1306.23, 1371.4, 1534.53, 1558.3, 1572.53, 1586.17, 1795.57, 2156.13]"
18500,1068.1932999999999,1663.4519273825351,786.68256096537584,852.13310000000001,976.23299999999995,1275.9209999999998,"[297.467, 398.3, 484.267, 516.867, 519.9, 602.733, 752.133, 783.133, 846.3, 854.633, 858.467, 883.233, 888.333, 897.867, 971.133, 981.333, 1028.67, 1029.83, 1078.5, 1083.87, 1264.2, 1303.27, 1316.1, 1349.43, 1489.43, 1698.87, 1910.5, 1962.23, 1969.7, 2025.1]"
19000,1175.0692666666666,1829.8853179894022,865.39252775039836,944.36320000000001,1122.2649999999999,1392.8699999999999,"[439.967, 498.567, 609.9, 646.5, 653.967, 683.3, 802.3, 824.067, 941.867, 945.433, 1051.5, 1056.7, 1062.33, 1081.73, 1084.93, 1159.6, 1218.5, 1231.03, 1271.0, 1296.33, 1392.03, 1394.83, 1396.5, 1627.87, 1659.3, 1689.8, 1761.43, 1856.97, 1874.6, 2039.23]"
19500,1295.8627999999999,2017.9919423603656,954.35223771180995,992.49900000000002,1259.3699999999999,1613.001,"[368.1, 479.233, 558.967, 603.267, 609.967, 665.633, 774.067, 823.1, 969.7, 1002.27, 1025.87, 1052.23, 1087.47, 1128.9, 1214.77, 1303.97, 1476.3, 1501.7, 1530.4, 1558.87, 1610.7, 1618.37, 1654.4, 1685.63, 1707.9, 1781.03, 1798.2, 2370.77, 2389.23, 2524.87]"
20000,1397.1235999999999,2175.6810730900729,1028.9268540002688,1135.739,1355.0650000000001,1616.1300000000001,"[627.067, 691.067, 697.833, 790.067, 902.467, 908.467, 1019.0, 1073.53, 1132.33, 1137.2, 1178.07, 1209.3, 1233.57, 1273.47, 1334.5, 1375.63, 1379.03, 1382.77, 1421.0, 1483.67, 1605.93, 1639.93, 1732.87, 1844.13, 1854.3, 1876.53, 2082.17, 2088.57, 2447.47, 2491.77]"
20500,1382.9995000000001,2153.6862137630737,1018.5250071067051,1052.912,1379.2150000000001,1637.001,"[506.533, 580.133, 705.167, 757.133, 889.133, 911.9, 986.933, 993.933, 1031.87, 1061.93, 1094.7, 1105.33, 1127.87, 1304.73, 1316.23, 1442.2, 1535.67, 1541.6, 1595.07, 1614.7, 1635.03, 1641.6, 1680.93, 1688.43, 1842.4, 2084.3, 2126.23, 2194.13, 2210.67, 2283.5]"
21000,1435.5469333333335,2235.5160934836622,1057.2241352765072,1057.3710999999998,1347.1500000000001,1830.9599999999996,"[501.067, 552.8, 555.7, 618.933, 693.867, 734.367, 884.567, 945.1, 966.467, 1096.33, 1246.47, 1276.33, 1285.53, 1335.6, 1336.6, 1357.7, 1393.8, 1455.37, 1522.3, 1543.67, 1796.7, 1910.9, 1943.07, 1949.87, 1959.13, 1990.2, 2021.37, 2038.43, 2963.17, 3191.0]"
21500,1586.0384666666666,2469.8701482957322,1168.0552599861198,1342.3489999999999,1561.5700000000002,1836.1309999999999,"[532.6, 691.5, 723.867, 761.667, 1064.63, 1071.57, 1118.93, 1119.07, 1317.8, 1352.87, 1374.13, 1383.17, 1446.57, 1457.37, 1556.47, 1566.67, 1594.37, 1641.67, 1648.9, 1766.27, 1834.73, 1839.4, 1853.17, 1993.43, 2022.4, 2132.3, 2245.6, 2440.53, 2726.43, 3303.07]"
22000,1530.0346666666667,2382.6578159858905,1126.8106530336211,1240.52,1474.3499999999999,1804.5889999999999,"[569.767, 573.7, 632.633, 977.7, 1015.6, 1105.47, 1109.4, 1144.9, 1227.57, 1246.07, 1281.7, 1331.63, 1334.57, 1407.13, 1418.5, 1530.2, 1649.77, 1706.83, 1719.5, 1745.87, 1802.6, 1809.23, 1813.97, 1882.23, 1955.6, 1999.3, 2221.47, 2354.8, 2580.33, 2753.0]"
22500,1693.5781333333332,2637.33709064291,1247.254015846783,1287.3880000000001,1620.1199999999999,1883.8999999999996,"[769.7, 996.167, 996.567, 1129.47, 1144.03, 1191.8, 1231.57, 1260.87, 1272.73, 1293.67, 1299.97, 1304.57, 1490.63, 1558.43, 1614.57, 1625.67, 1637.8, 1648.57, 1809.57, 1842.77, 1856.03, 1948.93, 2148.17, 2236.5, 2399.63, 2402.3, 2451.4, 2493.83, 2581.2, 3170.23]"
23000,1688.0116666666665,2628.6686692014191,1243.1545309943115,1442.829,1802.8150000000001,2038.0309999999995,"[432.967, 576.767, 884.933, 924.033, 1045.57, 1093.57, 1150.87, 1317.73, 1397.7, 1462.17, 1487.07, 1646.13, 1671.6, 1718.77, 1769.6, 1836.03, 1896.2, 1902.4, 1934.3, 1952.87, 1985.03, 2161.7, 2188.83, 2243.4, 2255.23, 2269.47, 2282.7, 2288.37, 2415.27, 2449.07]"
23500,1742.5946666666669,2713.6684501889254,1283.3527743508025,1207.9289999999999,1740.585,2066.04,"[655.8, 788.867, 897.4, 998.233, 1046.4, 1051.07, 1156.27, 1172.87, 1173.93, 1222.5, 1272.67, 1515.57, 1556.9, 1661.9, 1681.8, 1799.37, 1808.93, 1945.23, 2011.7, 2025.17, 2039.4, 2128.2, 2163.63, 2179.03, 2342.9, 2491.2, 2560.3, 2764.07, 3064.2, 3102.33]"
24000,1968.9101000000001,3066.0998348219746,1450.0252339895733,1504.829,1694.4200000000001,2309.3989999999994,"[654.9, 711.633, 1125.17, 1163.5, 1211.7, 1345.6, 1352.6, 1456.0, 1481.33, 1514.9, 1515.03, 1580.9, 1628.87, 1654.17, 1689.27, 1699.57, 2042.03, 2065.13, 2110.57, 2201.83, 2236.7, 2479.03, 2531.83, 2631.87, 2741.4, 3041.87, 3107.3, 3283.97, 3374.9, 3433.73]"
24500,1724.6024666666667,2685.6499634900733,1270.1022231880108,1346.6210000000001,1670.4650000000001,1932.6799999999998,"[509.567, 858.667, 1035.8, 1073.47, 1110.97, 1136.6, 1158.2, 1217.9, 1279.47, 1375.4, 1383.3, 1464.73, 1508.0, 1650.53, 1655.7, 1685.23, 1746.27, 1876.77, 1879.57, 1906.73, 1916.0, 1971.6, 2144.77, 2201.23, 2299.07, 2336.8, 2580.87, 2661.13, 2730.93, 3382.8]"
25000,1855.0519999999999,2888.7934653726311,1366.1731992551747,1378.7710000000002,1861.8800000000001,2141.6499999999996,"[628.6, 934.5, 983.2, 1045.97, 1090.5, 1205.0, 1257.83, 1324.93, 1374.2, 1380.73, 1394.87, 1407.17, 1711.23, 1831.83, 1859.93, 1863.83, 1928.1, 2054.9, 2121.63, 2133.83, 2140.93, 2143.33, 2272.73, 2289.6, 2546.03, 2633.47, 2699.13, 2907.23, 2913.0, 3573.33]"
25500,1813.5197666666668,2824.1170874297682,1335.5863347978914,1575.951,1832.4349999999999,1990.8719999999998,"[783.433, 979.1, 1119.43, 1249.33, 1320.7, 1371.87, 1444.03, 1482.5, 1501.87, 1607.7, 1661.93, 1679.43, 1714.47, 1737.23, 1805.37, 1859.5, 1879.9, 1901.17, 1917.53, 1965.73, 1982.43, 2010.57, 2012.7, 2014.3, 2099.27, 2104.83, 2437.7, 2466.7, 2870.47, 3424.4]"
26000,2034.0711000000001,3167.5722846493363,1498.0137603687083,1621.5309999999999,2065.7849999999999,2433.7109999999998,"[876.333, 1119.93, 1140.6, 1163.7, 1292.67, 1294.13, 1346.9, 1475.73, 1619.27, 1622.5, 1867.8, 1914.77, 1974.5, 1989.93, 2061.7, 2069.87, 2117.6, 2182.27, 2338.7, 2347.8, 2423.1, 2458.47, 2536.53, 2593.57, 2668.03, 2693.07, 2800.0, 2897.0, 3021.53, 3114.13]"
26500,1869.6587666666667,2911.5399609408901,1376.9305112592447,1515.1280000000002,1790.665,2202.6279999999992,"[658.733, 760.433, 993.267, 1264.0, 1298.27, 1301.83, 1421.0, 1451.3, 1514.33, 1515.47, 1556.7, 1645.57, 1687.23, 1737.93, 1752.13, 1829.2, 1862.5, 1889.43, 1932.57, 1952.67, 2106.67, 2426.53, 2505.3, 2534.63, 2536.97, 2627.33, 2717.8, 2736.37, 2761.27, 3112.33]"
27000,2148.3456666666666,3345.5271998996659,1582.172506504395,1763.6799999999998,2314.3800000000001,2531.3320000000003,"[582.2, 1012.0, 1371.7, 1433.2, 1449.97, 1487.5, 1522.6, 1649.53, 1745.13, 1771.63, 2002.5, 2090.83, 2102.07, 2138.9, 2305.43, 2323.33, 2334.4, 2384.77, 2402.87, 2487.07, 2518.03, 2562.37, 2568.57, 2573.73, 2628.77, 2661.4, 2730.33, 2947.87, 3186.97, 3474.7]"
27500,2144.8741333333332,3340.1211289064231,1579.6158580652561,2071.7110000000002,2234.1350000000002,2357.3699999999999,"[787.367, 964.967, 1392.5, 1495.43, 1555.8, 1573.77, 1898.23, 1975.23, 2071.27, 2071.9, 2080.0, 2136.7, 2171.73, 2213.63, 2230.3, 2237.97, 2264.33, 2285.57, 2310.77, 2342.23, 2354.4, 2364.3, 2365.53, 2373.93, 2398.1, 2600.9, 2644.67, 2732.63, 3132.7, 3319.37]"
28000,2130.0560999999998,3317.0456367568731,1568.7029564292536,1626.6479999999999,2051.1350000000002,2410.8879999999999,"[965.733, 1283.2, 1394.23, 1402.5, 1458.67, 1526.3, 1532.37, 1537.9, 1537.93, 1664.67, 1672.53, 1695.4, 1775.17, 1857.1, 2026.27, 2076.0, 2111.9, 2209.37, 2353.9, 2366.0, 2391.67, 2455.73, 2514.1, 2692.03, 2803.57, 2881.57, 3259.1, 3337.1, 3369.1, 3750.57]"
28500,2241.8713333333335,3491.1707369602377,1651.0504998126546,2000.7890000000002,2198.4349999999999,2446.241,"[894.6, 1347.67, 1544.77, 1743.37, 1849.97, 1896.77, 1941.93, 1945.13, 1998.43, 2001.8, 2028.47, 2045.7, 2061.83, 2118.63, 2183.1, 2213.77, 2273.37, 2366.53, 2386.73, 2392.0, 2441.93, 2456.3, 2557.57, 2573.2, 2734.83, 2842.27, 2899.7, 3113.07, 3175.4, 3227.3]"
29000,2133.4639999999999,3322.3526142705191,1571.2127414087272,1782.672,2018.6799999999998,2517.6099999999997,"[667.8, 858.6, 1293.83, 1506.53, 1575.4, 1657.77, 1679.1, 1735.33, 1747.77, 1797.63, 1881.33, 1886.87, 1915.0, 1993.53, 1994.03, 2043.33, 2075.37, 2146.67, 2257.73, 2446.03, 2489.2, 2583.9, 2634.4, 2642.87, 2660.63, 2662.73, 2857.87, 3070.07, 3505.87, 3736.73]"
29500,2250.5530999999996,3504.6904823984,1657.4442811957026,1934.4809999999998,2305.25,2521.4180000000001,"[788.633, 1150.3, 1422.4, 1470.27, 1678.93, 1748.63, 1750.27, 1760.8, 1819.8, 1983.63, 2091.4, 2102.4, 2146.27, 2190.53, 2268.4, 2342.1, 2343.2, 2372.0, 2407.13, 2514.2, 2517.17, 2531.33, 2643.47, 2707.6, 2817.1, 2844.13, 2962.33, 3008.0, 3142.57, 3991.6]"
30000,2337.3922333333335,3639.9213659056859,1721.3979043860754,2071.0590000000002,2374.4850000000001,2693.1480000000001,"[944.167, 950.7, 1232.87, 1429.87, 1506.67, 1625.77, 1818.53, 1877.73, 2065.2, 2073.57, 2114.17, 2122.77, 2270.33, 2276.53, 2368.67, 2380.3, 2394.67, 2418.53, 2519.07, 2581.07, 2667.27, 2753.53, 2866.37, 2982.37, 3037.1, 3070.27, 3160.07, 3257.47, 3448.4, 3907.73]"
30500,2274.634,3542.1906422646966,1675.1789216230031,2054.0299999999997,2283.9000000000001,2548.02,"[1132.17, 1225.4, 1427.07, 1484.9, 1784.63, 1893.17, 1971.87, 2001.27, 2030.93, 2063.93, 2091.03, 2143.77, 2169.37, 2219.53, 2280.07, 2287.73, 2316.63, 2419.93, 2456.63, 2496.0, 2533.17, 2582.67, 2603.63, 2634.0, 2760.03, 2861.93, 2889.4, 2921.53, 3122.73, 3433.9]"
31000,2258.058,3516.3775435041134,1662.9713463362436,1975.329,2299.52,2464.4309999999996,"[1377.23, 1390.77, 1450.03, 1703.23, 1735.7, 1851.27, 1861.57, 1913.17, 1970.1, 1977.57, 2026.3, 2204.53, 2209.3, 2233.33, 2289.17, 2309.87, 2333.17, 2342.87, 2367.97, 2398.73, 2421.63, 2564.3, 2580.3, 2772.37, 2790.4, 2799.63, 2838.43, 2962.93, 2979.6, 3086.27]"
31500,2334.7330000000002,3635.7802551032746,1719.4394831070138,2201.6400000000003,2441.4349999999999,2674.6399999999999,"[1240.2, 1311.33, 1364.27, 1713.6, 1731.4, 1836.67, 1932.2, 1993.1, 2200.1, 2202.3, 2202.93, 2251.5, 2359.67, 2414.67, 2417.9, 2464.97, 2488.3, 2494.17, 2597.23, 2657.67, 2672.3, 2680.1, 2710.7, 2715.1, 2723.7, 2807.9, 2932.07, 2954.27, 2962.6, 3009.07]"
32000,2328.6976666666665,3626.3816875727252,1714.9946963039633,2027.0889999999999,2318.1799999999998,2609.7689999999998,"[1293.4, 1475.13, 1647.1, 1863.67, 1886.4, 1924.7, 1965.1, 1968.93, 2007.93, 2035.3, 2098.0, 2139.3, 2179.8, 2181.7, 2306.93, 2329.43, 2338.17, 2416.97, 2432.9, 2441.5, 2595.87, 2642.2, 2762.93, 2848.77, 2872.3, 2873.13, 2884.53, 2927.27, 3040.1, 3481.47]"
32500,2527.0036666666665,3935.1951747117309,1861.0393044613074,2156.25,2526.5650000000001,2801.9699999999998,"[1312.87, 1687.2, 1775.63, 1898.1, 1967.27, 2058.93, 2129.13, 2138.17, 2148.13, 2159.73, 2202.83, 2225.77, 2356.43, 2363.47, 2525.5, 2527.63, 2693.57, 2693.73, 2705.97, 2791.93, 2798.37, 2810.37, 2854.3, 2882.83, 2959.57, 3154.27, 3169.57, 3210.3, 3500.87, 4107.67]"
33000,2522.9966666666664,3928.9552442861959,1858.0883057780272,2332.2489999999998,2538.8699999999999,2733.7299999999996,"[1363.9, 1555.27, 1816.33, 1868.7, 1973.17, 2115.67, 2156.73, 2227.5, 2236.93, 2373.1, 2404.77, 2455.43, 2457.9, 2488.4, 2535.37, 2542.37, 2598.0, 2649.0, 2649.27, 2674.53, 2728.0, 2747.1, 2806.33, 2955.87, 3049.93, 3064.57, 3114.93, 3136.27, 3439.83, 3504.73]"
33500,2451.0880000000002,3816.9749405694679,1805.1303869735016,2243.652,2464.7650000000003,2648.1119999999996,"[1596.5, 1668.97, 1840.13, 1914.67, 1927.03, 2084.33, 2106.77, 2229.4, 2239.97, 2245.23, 2328.43, 2401.9, 2428.33, 2430.63, 2449.13, 2480.4, 2498.83, 2576.8, 2587.8, 2605.03, 2613.03, 2729.97, 2769.43, 2808.83, 2864.13, 2884.97, 2907.5, 2966.53, 3013.97, 3334.0]"
34000,2567.8190000000004,3998.7551548202887,1891.098200124969,2329.4380000000001,2569.8000000000002,2692.2510000000002,"[1608.6, 2200.77, 2201.73, 2216.47, 2269.2, 2278.67, 2280.27, 2296.43, 2310.93, 2337.37, 2401.8, 2411.9, 2434.37, 2444.33, 2568.07, 2571.53, 2602.43, 2611.03, 2620.53, 2640.0, 2680.53, 2719.6, 2858.47, 2943.6, 2992.2, 2998.4, 3006.07, 3148.47, 3182.9, 3197.9]"
34500,2532.1039999999998,3943.1377065677407,1864.7955003562295,2201.8399999999997,2439.4200000000001,2738.991,"[1699.1, 1782.53, 1837.63, 1969.57, 2003.47, 2052.23, 2068.43, 2109.73, 2148.43, 2224.73, 2256.63, 2271.1, 2321.1, 2354.9, 2399.07, 2479.77, 2571.57, 2622.07, 2672.97, 2716.93, 2721.93, 2778.8, 2813.1, 2908.2, 3040.23, 3068.23, 3112.93, 3403.07, 3557.6, 3997.07]"
35000,2655.0416666666665,4134.5832984513245,1955.3342806054984,2345.5219999999999,2658.1849999999999,2872.5479999999998,"[2015.93, 2042.73, 2113.87, 2119.97, 2184.43, 2186.5, 2210.5, 2234.2, 2341.07, 2347.43, 2434.27, 2479.17, 2581.07, 2637.57, 2639.4, 2676.97, 2692.13, 2706.8, 2711.03, 2766.13, 2868.27, 2882.53, 2956.17, 3014.67, 3088.17, 3145.97, 3178.87, 3292.03, 3323.7, 3779.7]"
35500,2694.5236666666669,4196.0669353519852,1984.4112284500834,2498.5999999999999,2572.8699999999999,2855.6289999999999,"[2028.03, 2032.97, 2107.1, 2154.07, 2204.73, 2209.33, 2222.27, 2332.7, 2497.9, 2498.9, 2506.07, 2507.23, 2549.63, 2553.03, 2567.87, 2577.87, 2607.67, 2630.27, 2682.77, 2808.73, 2821.9, 2934.33, 2940.17, 3145.97, 3266.03, 3382.93, 3397.3, 3485.07, 3505.07, 3677.8]"
36000,2615.4649999999997,4072.9522411829039,1926.1876144657588,2336.7109999999998,2589.4700000000003,2815.4289999999992,"[1840.0, 1862.43, 2031.63, 2096.67, 2146.0, 2217.27, 2245.43, 2280.93, 2324.37, 2342.0, 2347.53, 2442.23, 2477.7, 2481.77, 2579.17, 2599.77, 2642.2, 2660.77, 2662.77, 2738.7, 2759.17, 2946.7, 2986.07, 2988.8, 3040.43, 3069.97, 3163.4, 3319.17, 3576.63, 3594.27]"
36500,2563.9786666666669,3992.7747672957416,1888.2699449190739,2117.4090000000001,2680.77,2860.75,"[1661.5, 1767.53, 1780.83, 1866.23, 1933.57, 1997.53, 2041.27, 2074.7, 2084.53, 2131.5, 2413.5, 2545.53, 2628.87, 2644.33, 2673.37, 2688.17, 2733.33, 2760.47, 2792.23, 2819.07, 2857.0, 2869.5, 2933.77, 3068.33, 3075.97, 3091.53, 3096.8, 3105.4, 3149.47, 3633.53]"
37000,2694.8899999999999,4196.6374106483545,1984.6810186133748,2385.3409999999999,2526.4000000000001,2951.9099999999999,"[1890.77, 1939.33, 1956.23, 2091.07, 2100.17, 2229.87, 2248.7, 2334.7, 2361.17, 2395.7, 2413.5, 2475.67, 2477.67, 2503.4, 2519.3, 2533.5, 2714.13, 2738.97, 2773.73, 2918.7, 2943.63, 2971.23, 3023.7, 3052.23, 3257.23, 3351.17, 3379.9, 3550.47, 3760.63, 3940.23]"
37500,2554.9903333333336,3978.7776186455021,1881.6503891837237,2252.1800000000003,2415.6300000000001,2895.2499999999995,"[1885.13, 1938.43, 1989.13, 2002.63, 2048.17, 2054.8, 2138.87, 2163.8, 2244.9, 2255.3, 2277.8, 2324.33, 2351.53, 2368.37, 2397.53, 2433.73, 2535.5, 2699.67, 2742.23, 2815.93, 2885.2, 2918.7, 2923.73, 2949.17, 2963.33, 3029.4, 3148.2, 3354.1, 3391.3, 3418.8]"
38000,2606.2366666666667,4058.581350755243,1919.3913081229757,2381.3420000000001,2565.7150000000001,2768.1790000000001,"[1799.63, 1806.5, 1908.67, 2087.37, 2172.83, 2265.77, 2314.1, 2352.87, 2378.57, 2382.53, 2419.43, 2480.63, 2512.67, 2535.53, 2544.3, 2587.13, 2609.17, 2629.47, 2648.1, 2655.7, 2759.2, 2789.13, 2888.9, 2971.37, 2980.2, 3076.93, 3122.97, 3404.43, 3478.53, 3624.47]"
38500,2695.1443333333332,4197.0334731152598,1984.8683251598634,2366.6289999999999,2682.7849999999999,2847.4189999999999,"[1804.13, 1974.4, 1984.0, 2109.83, 2175.83, 2229.17, 2260.93, 2261.07, 2354.4, 2371.87, 2383.13, 2472.4, 2575.4, 2599.77, 2655.07, 2710.5, 2726.3, 2779.93, 2800.73, 2824.37, 2826.8, 2895.53, 3044.53, 3066.4, 3090.67, 3178.23, 3211.4, 3262.1, 4057.97, 4167.47]"
39000,2851.6259999999997,4440.7157074231309,2100.1109486414593,2516.0289999999995,2855.5999999999999,3216.5679999999998,"[1863.23, 1900.17, 2007.2, 2031.7, 2100.17, 2147.27, 2280.9, 2384.7, 2474.4, 2533.87, 2544.3, 2700.37, 2735.97, 2747.9, 2855.23, 2855.97, 2857.9, 2928.4, 3146.47, 3169.4, 3201.97, 3250.63, 3288.63, 3392.8, 3400.23, 3444.03, 3549.87, 3561.2, 3937.83, 4256.07]"
39500,2762.4190000000003,4301.7974460129417,2034.4134843191894,2612.8580000000002,2807.1800000000003,3015.9390000000003,"[1801.17, 2069.97, 2123.83, 2168.47, 2197.13, 2347.17, 2376.3, 2426.37, 2589.03, 2623.07, 2675.87, 2705.8, 2719.1, 2768.17, 2803.83, 2810.53, 2814.4, 2818.53, 2863.13, 2931.97, 3012.3, 3024.43, 3095.47, 3166.6, 3244.77, 3260.33, 3264.33, 3320.9, 3373.93, 3475.67]"
40000,2733.3150000000001,4256.4750264709528,2012.9795273243865,2345.5909999999999,2744.9349999999999,2941.5389999999998,"[1528.03, 1877.87, 1899.83, 2003.83, 2027.4, 2030.83, 2167.77, 2226.27, 2253.17, 2385.2, 2407.17, 2420.8, 2508.5, 2553.73, 2740.77, 2749.1, 2852.57, 2854.37, 2908.4, 2911.47, 2935.47, 2955.7, 2982.23, 3183.93, 3250.3, 3388.6, 3749.77, 4040.87, 4056.9, 4148.6]"
40500,2740.7946666666667,4268.1227927814562,2018.4880091024511,2365.3120000000004,2671.6499999999996,3010.3299999999999,"[1981.17, 2098.1, 2106.13, 2126.83, 2171.57, 2189.27, 2232.23, 2253.13, 2350.57, 2371.63, 2396.83, 2455.77, 2535.57, 2535.93, 2647.2, 2696.1, 2698.4, 2723.77, 2827.8, 2834.87, 3005.5, 3021.6, 3022.5, 3142.0, 3256.5, 3385.93, 3543.57, 3674.23, 3710.77, 4228.37]"
41000,2959.4763333333331,4608.6664377377492,2179.5384983439676,2794.8010000000004,2943.5150000000003,3149.7589999999996,"[2126.27, 2330.1, 2379.73, 2430.1, 2448.87, 2530.5, 2549.47, 2632.3, 2783.3, 2799.73, 2802.9, 2809.13, 2835.8, 2911.7, 2913.23, 2973.8, 2999.4, 3012.87, 3025.63, 3050.73, 3147.2, 3155.73, 3174.1, 3198.53, 3260.27, 3284.67, 3506.0, 3549.2, 3590.5, 4572.53]"
41500,2830.2313333333336,4407.3987043092075,2084.3546139365576,2534.7780000000002,2816.9300000000003,3042.7889999999998,"[2009.17, 2013.23, 2077.1, 2221.67, 2277.83, 2503.07, 2521.7, 2521.73, 2528.03, 2537.67, 2544.03, 2565.93, 2676.2, 2732.57, 2733.73, 2900.13, 2907.2, 2944.07, 2981.2, 3011.27, 3027.0, 3079.63, 3180.87, 3305.97, 3368.97, 3455.33, 3478.37, 3484.43, 3569.87, 3748.97]"
42000,2559.938333333333,3986.4829282900087,1885.2943975403166,2197.3800000000001,2530.1849999999999,2768.518,"[1648.43, 1877.33, 2071.27, 2112.4, 2121.17, 2157.17, 2164.93, 2183.6, 2193.53, 2199.03, 2363.43, 2382.43, 2406.13, 2446.73, 2464.27, 2596.1, 2613.2, 2692.53, 2718.2, 2721.57, 2762.47, 2782.63, 2826.37, 2834.53, 2944.9, 3046.4, 3168.6, 3212.4, 3242.3, 3844.1]"
42500,2959.0326666666665,4607.9755345353215,2179.2117552071695,2547.8879999999999,2679.165,3314.1119999999996,"[1787.47, 1920.1, 1966.13, 2010.27, 2093.13, 2266.8, 2418.07, 2441.53, 2494.03, 2570.97, 2581.0, 2588.73, 2594.93, 2634.73, 2650.73, 2707.6, 2829.03, 2889.37, 3182.23, 3229.0, 3306.33, 3332.27, 3368.83, 3430.13, 3493.5, 3839.57, 3951.2, 4119.57, 4681.13, 5392.6]"
43000,2863.7039999999997,4459.5242623718714,2109.005922960564,2701.248,2860.3200000000002,3229.2710000000002,"[1641.2, 1684.07, 2121.17, 2161.1, 2254.93, 2261.43, 2268.1, 2550.0, 2632.83, 2730.57, 2769.83, 2772.8, 2812.73, 2828.77, 2836.57, 2884.07, 2893.63, 3090.53, 3111.7, 3215.8, 3227.63, 3233.1, 3236.0, 3309.5, 3329.47, 3478.03, 3501.83, 3554.2, 3730.83, 3788.7]"
43500,2945.9916666666668,4587.6673407046783,2169.607569075737,2680.3019999999997,2833.2349999999997,3179.8389999999999,"[1912.7, 1978.67, 2187.7, 2221.97, 2265.53, 2274.93, 2487.03, 2624.83, 2642.67, 2696.43, 2760.73, 2775.43, 2795.03, 2812.83, 2824.77, 2841.7, 2867.77, 2895.47, 2915.23, 2953.63, 3144.07, 3263.3, 3377.43, 3419.33, 3456.17, 3734.33, 3854.47, 3998.43, 4064.97, 4332.2]"
44000,2799.2240000000002,4359.112304837945,2061.5189264300234,2608.7600000000002,2793.165,2983.598,"[1455.7, 1963.63, 1985.2, 2125.4, 2182.53, 2282.8, 2447.27, 2503.2, 2603.3, 2611.1, 2622.63, 2629.53, 2724.03, 2765.1, 2782.73, 2803.6, 2839.17, 2870.47, 2880.63, 2920.6, 2977.37, 2998.13, 3184.13, 3226.17, 3294.8, 3443.1, 3461.0, 3718.2, 3819.87, 3855.33]"
44500,2766.2240000000002,4307.7228104424794,2037.2157179078788,2480.8710000000001,2605.5349999999999,2827.5189999999998,"[2014.97, 2108.03, 2281.1, 2292.2, 2304.37, 2320.43, 2380.43, 2415.63, 2477.07, 2482.5, 2482.83, 2525.83, 2548.57, 2559.47, 2594.67, 2616.4, 2660.03, 2698.43, 2707.63, 2754.53, 2796.07, 2900.9, 2946.07, 3239.13, 3254.4, 3273.7, 3523.47, 3647.23, 3792.0, 4388.63]"
45000,2686.8286666666668,4184.0838396134059,1978.7441620992377,2427.0789999999997,2610.9200000000001,2827.9290000000001,"[2139.13, 2177.1, 2182.83, 2199.8, 2285.63, 2324.7, 2340.17, 2377.0, 2396.93, 2440.0, 2453.83, 2491.93, 2557.73, 2571.87, 2595.97, 2625.87, 2668.83, 2687.8, 2732.87, 2754.77, 2826.3, 2831.73, 2851.67, 3112.1, 3236.87, 3238.0, 3259.6, 3388.53, 3420.17, 3435.13]"
45500,2900.7843333333335,4517.2678860693068,2136.3141372960376,2579.8089999999997,2924.1999999999998,3209.3099999999999,"[1754.83, 2123.9, 2163.53, 2197.43, 2220.23, 2245.2, 2266.13, 2317.17, 2400.7, 2656.57, 2668.2, 2669.83, 2832.4, 2883.2, 2891.83, 2956.57, 3021.13, 3074.83, 3130.53, 3142.9, 3201.9, 3226.6, 3267.33, 3384.47, 3418.37, 3544.13, 3596.43, 3751.23, 3817.33, 4198.63]"
46000,2748.1320000000001,4279.5489094545164,2023.8916679508293,2359.1700000000001,2624.5500000000002,2858.1099999999997,"[2021.37, 2026.9, 2195.63, 2197.53, 2202.37, 2211.0, 2305.67, 2355.43, 2359.1, 2359.2, 2401.47, 2407.53, 2423.7, 2495.27, 2527.27, 2721.83, 2731.8, 2764.9, 2805.3, 2828.87, 2848.63, 2880.23, 2919.7, 3031.9, 3036.13, 3477.2, 3517.8, 3853.23, 4030.63, 4506.37]"
46500,2980.324333333333,4641.1321401364366,2194.8922344430484,2682.9400000000001,2872.0,3301.7489999999998,"[2088.57, 2230.87, 2271.0, 2412.87, 2429.17, 2542.07, 2543.77, 2558.1, 2682.03, 2683.33, 2769.93, 2798.53, 2804.3, 2806.5, 2857.83, 2886.17, 2894.57, 2948.47, 2971.0, 3067.87, 3300.27, 3305.2, 3331.17, 3369.17, 3369.67, 3567.63, 3663.83, 3682.37, 4027.9, 4545.57]"
47000,2943.5036666666665,4583.7928842787405,2167.7752544453401,2736.4389999999999,2931.6499999999996,3134.1580000000004,"[2105.37, 2128.4, 2200.27, 2510.1, 2512.67, 2568.83, 2580.07, 2654.43, 2664.43, 2767.3, 2837.2, 2842.97, 2861.37, 2891.1, 2916.37, 2946.93, 2949.07, 2961.8, 3040.63, 3078.7, 3127.57, 3149.53, 3310.43, 3350.97, 3377.97, 3390.47, 3474.43, 3500.5, 3507.0, 4098.23]"
47500,2885.5256666666669,4493.5062143981268,2125.0767264545257,2575.8899999999999,2892.6800000000003,3163.5279999999998,"[1864.1, 1989.17, 1996.93, 2236.1, 2381.37, 2437.07, 2455.77, 2463.87, 2513.03, 2602.83, 2670.0, 2813.97, 2840.73, 2842.8, 2854.33, 2931.03, 2997.7, 3029.9, 3128.8, 3133.8, 3148.87, 3197.73, 3246.97, 3263.3, 3378.47, 3478.53, 3484.1, 3529.7, 3631.13, 4023.67]"
48000,2887.8343333333332,4497.1014026625999,2126.7769691032568,2586.8699999999999,2708.48,3270.2190000000001,"[1922.03, 2048.57, 2166.4, 2283.93, 2342.87, 2442.63, 2493.7, 2518.1, 2585.4, 2587.5, 2612.97, 2669.83, 2676.27, 2693.53, 2706.63, 2710.33, 2849.67, 3109.83, 3123.47, 3233.07, 3269.4, 3272.13, 3423.37, 3451.83, 3459.57, 3511.5, 3525.47, 3532.0, 3545.83, 3867.2]"
48500,2920.4803333333334,4547.9396279363691,2150.8194704794364,2628.768,2857.8499999999999,3130.982,"[2074.43, 2106.87, 2141.6, 2442.27, 2466.47, 2538.9, 2567.47, 2595.77, 2617.33, 2633.67, 2645.4, 2657.43, 2732.53, 2778.57, 2845.87, 2869.83, 2886.57, 3007.9, 3013.83, 3081.2, 3129.53, 3134.37, 3157.87, 3426.3, 3440.03, 3490.23, 3526.3, 3627.77, 3869.03, 4109.07]"
49000,2982.8813333333333,4645.1140473233827,2196.7753648730827,2769.739,2984.9650000000001,3255.8199999999997,"[1786.3, 2097.77, 2230.27, 2475.43, 2501.7, 2595.93, 2624.87, 2678.13, 2768.5, 2770.27, 2874.17, 2902.77, 2929.17, 2937.17, 2970.23, 2999.7, 3062.9, 3078.33, 3083.43, 3118.2, 3192.37, 3403.87, 3425.73, 3426.47, 3447.43, 3488.83, 3491.6, 3597.7, 3635.77, 3891.43]"
49500,2870.6353333333332,4470.3181325381274,2114.1105786980334,2643.3489999999997,2745.52,3050.7799999999997,"[1515.0, 2111.2, 2150.03, 2301.23, 2380.3, 2429.97, 2443.03, 2498.17, 2611.03, 2657.2, 2704.37, 2724.57, 2726.57, 2728.57, 2741.37, 2749.67, 2787.87, 2809.7, 2929.8, 3008.87, 3024.17, 3112.87, 3142.93, 3148.7, 3389.77, 3655.63, 3691.0, 3743.0, 3772.0, 4430.47]"
50000,2900.578,4516.9465719578839,2136.1621808710356,2518.23,2944.3499999999999,3229.9010000000003,"[1805.93, 2165.33, 2182.87, 2227.93, 2264.8, 2286.37, 2383.57, 2470.73, 2512.07, 2520.87, 2590.23, 2733.87, 2815.8, 2913.37, 2922.0, 2966.7, 3028.23, 3095.83, 3127.67, 3164.6, 3227.63, 3235.2, 3241.17, 3270.7, 3399.73, 3472.57, 3670.77, 3674.2, 3710.3, 3936.3]"
50500,3026.7663333333335,4713.4542885823212,2229.0949499032126,2741.1489999999999,2956.7349999999997,3329.2979999999998,"[1960.67, 2005.83, 2111.0, 2238.37, 2261.7, 2510.27, 2581.53, 2714.9, 2716.53, 2751.7, 2852.97, 2879.43, 2885.53, 2929.53, 2940.97, 2972.5, 3004.97, 3006.03, 3011.23, 3248.3, 3307.47, 3380.23, 3397.33, 3546.83, 3556.23, 3561.17, 3826.57, 4065.6, 4129.2, 4448.4]"
51000,2804.1500000000001,4366.7833548195222,2065.1467326476013,2562.7000000000003,2730.1300000000001,3071.3900000000003,"[1655.9, 1794.23, 2003.87, 2124.23, 2311.93, 2327.07, 2413.77, 2434.57, 2536.8, 2573.8, 2599.73, 2623.73, 2662.0, 2662.67, 2676.13, 2784.13, 2793.7, 2812.67, 2858.6, 3007.47, 3069.23, 3076.43, 3125.17, 3234.17, 3275.63, 3558.8, 3609.0, 3739.37, 3846.17, 3933.53]"
51500,2999.2896666666666,4670.6660459255718,2208.8594602215926,2534.7800000000002,3050.9300000000003,3355.7879999999996,"[1574.23, 2251.57, 2327.73, 2345.6, 2402.27, 2434.67, 2451.07, 2463.6, 2489.0, 2554.4, 2559.2, 2626.93, 2666.23, 2845.4, 3012.53, 3089.33, 3122.27, 3125.9, 3231.37, 3276.53, 3320.37, 3438.43, 3445.07, 3602.2, 3737.63, 3807.57, 3828.33, 3867.63, 3914.4, 4167.23]"
52000,2804.6469999999999,4367.5573117502654,2065.5127536971618,2584.1480000000001,2749.25,2982.9799999999996,"[1877.97, 2082.7, 2083.07, 2192.07, 2254.77, 2308.0, 2452.37, 2456.77, 2541.63, 2602.37, 2608.97, 2639.63, 2665.93, 2687.1, 2731.2, 2767.3, 2777.57, 2870.57, 2887.97, 2939.0, 2941.37, 3080.07, 3112.33, 3233.6, 3242.77, 3386.67, 3453.33, 3494.77, 3665.57, 4101.97]"
52500,2959.9393333333333,4609.3874479166925,2179.8794797241417,2756.3699999999999,2961.0500000000002,3201.7109999999998,"[1954.97, 2290.47, 2304.3, 2357.47, 2518.27, 2562.97, 2664.87, 2670.73, 2689.87, 2784.87, 2800.43, 2802.6, 2831.87, 2957.03, 2958.7, 2963.4, 3022.7, 3082.8, 3108.6, 3150.53, 3201.0, 3203.37, 3232.77, 3257.2, 3311.57, 3461.8, 3625.43, 3636.13, 3678.83, 3712.63]"
53000,3021.6080000000002,4705.4214357967676,2225.2960392781602,2549.8399999999997,3005.25,3314.8899999999999,"[1886.5, 1915.57, 2185.57, 2333.6, 2424.17, 2455.03, 2476.17, 2546.1, 2549.63, 2549.93, 2592.07, 2725.43, 2727.1, 2858.57, 2903.63, 3106.87, 3122.1, 3153.73, 3159.93, 3240.57, 3298.33, 3353.53, 3435.17, 3638.8, 3704.17, 3706.47, 3771.43, 4031.27, 4098.5, 4698.3]"
53500,3076.0576666666666,4790.2135824634834,2265.3960878527437,2760.5219999999999,3018.1199999999999,3142.3310000000001,"[1927.37, 1974.73, 2504.5, 2549.57, 2565.4, 2576.03, 2608.2, 2666.83, 2713.37, 2780.73, 2907.9, 2938.67, 2970.33, 3002.67, 3013.57, 3022.67, 3031.3, 3055.0, 3115.97, 3137.33, 3138.2, 3151.97, 3285.37, 3300.4, 3615.53, 3847.03, 3952.93, 4187.03, 4212.8, 4528.33]"
54000,2820.3046666666664,4391.9403291264089,2077.0440124235324,2487.1509999999998,2947.6800000000003,3151.9589999999998,"[1901.67, 1910.77, 2016.1, 2051.67, 2140.03, 2157.87, 2266.7, 2303.07, 2436.87, 2508.7, 2546.1, 2747.1, 2819.1, 2839.0, 2918.63, 2976.73, 3012.77, 3028.67, 3100.63, 3132.5, 3139.77, 3180.4, 3322.0, 3325.8, 3331.7, 3413.33, 3444.5, 3481.03, 3502.73, 3653.2]"
54500,2847.3443333333335,4434.0480502967703,2096.95766870745,2599.6189999999997,2768.1999999999998,3077.9809999999998,"[2188.47, 2262.97, 2387.0, 2396.6, 2433.13, 2436.8, 2495.67, 2541.73, 2596.7, 2600.87, 2624.4, 2671.17, 2687.23, 2705.2, 2758.5, 2777.9, 2808.67, 2949.3, 2983.03, 3048.3, 3071.93, 3092.1, 3093.53, 3191.1, 3255.43, 3411.23, 3411.97, 3473.47, 3473.83, 3592.1]"
55000,3010.5643333333337,4688.2236040915541,2217.1628109797043,2662.9120000000003,2963.8000000000002,3324.5589999999997,"[1879.03, 1884.43, 1919.43, 2204.5, 2520.77, 2538.53, 2547.1, 2595.4, 2618.07, 2682.13, 2823.3, 2856.17, 2931.87, 2947.67, 2956.43, 2971.17, 3065.03, 3134.67, 3148.77, 3242.53, 3301.27, 3378.9, 3547.37, 3587.0, 3631.03, 3644.13, 3648.77, 3700.73, 3935.4, 4475.33]"
55500,2903.7023333333336,4521.8119631797899,2138.4631300980868,2685.2619999999997,2852.4650000000001,3124.4179999999997,"[1918.03, 2258.5, 2265.9, 2307.97, 2430.1, 2434.63, 2515.03, 2567.87, 2677.17, 2688.73, 2706.87, 2821.6, 2828.03, 2829.6, 2837.5, 2867.43, 2881.17, 2926.33, 2974.07, 3044.7, 3097.37, 3187.53, 3340.0, 3350.57, 3382.23, 3405.57, 3412.1, 3458.47, 3769.4, 3926.6]"
56000,2883.3603333333331,4490.1342330284997,2123.4820431963449,2407.9500000000003,2811.9200000000001,3261.4920000000002,"[1681.87, 1902.2, 1947.1, 1948.7, 2142.63, 2166.3, 2240.67, 2247.93, 2348.17, 2433.57, 2491.37, 2658.33, 2682.0, 2729.37, 2773.37, 2850.47, 2982.83, 3029.07, 3042.7, 3237.93, 3247.53, 3294.07, 3391.73, 3491.67, 3492.4, 3584.7, 3857.13, 4028.97, 4257.13, 4318.9]"
56500,3196.5166666666669,4977.7992523235853,2354.1094271063489,2916.3800000000001,3172.4349999999999,3396.9699999999993,"[1976.0, 2430.8, 2697.1, 2758.77, 2838.43, 2845.0, 2857.37, 2870.47, 2902.87, 2922.17, 2929.23, 3069.6, 3082.43, 3122.87, 3134.37, 3210.5, 3242.73, 3264.63, 3284.93, 3311.9, 3380.2, 3436.1, 3489.83, 3505.43, 3517.9, 3584.57, 3652.33, 4016.1, 4177.87, 4383.0]"
57000,2858.9499999999998,4452.1210606641125,2105.5047880116467,2502.1790000000001,2886.2650000000003,3204.0880000000002,"[1843.13, 2166.37, 2218.2, 2276.9, 2331.83, 2333.67, 2369.03, 2407.7, 2473.43, 2514.5, 2643.97, 2668.17, 2724.27, 2805.2, 2883.03, 2889.5, 2896.5, 2934.2, 2946.03, 3076.03, 3181.57, 3256.63, 3268.47, 3307.1, 3334.9, 3426.17, 3487.9, 3489.63, 3776.17, 3838.3]"
57500,3002.0406666666668,4674.9500610492669,2210.8854640593026,2674.8920000000003,2943.5500000000002,3192.3110000000001,"[2244.23, 2318.8, 2424.03, 2438.4, 2496.7, 2591.03, 2610.0, 2620.03, 2659.17, 2681.63, 2688.6, 2755.3, 2777.1, 2910.2, 2915.57, 2971.53, 3003.97, 3104.87, 3134.1, 3134.53, 3191.33, 3194.6, 3310.53, 3367.8, 3399.7, 3458.47, 3509.6, 3827.3, 4093.07, 4229.03]"
58000,2879.0596666666665,4483.4369880114264,2120.3147705059141,2570.5389999999998,2750.3649999999998,3106.6099999999997,"[1718.63, 2343.0, 2367.17, 2409.53, 2450.9, 2495.33, 2497.2, 2539.73, 2550.33, 2579.2, 2603.63, 2605.3, 2624.47, 2653.97, 2742.03, 2758.7, 2774.17, 2781.5, 3027.53, 3044.2, 3062.27, 3210.07, 3265.6, 3360.53, 3557.27, 3599.9, 3626.53, 3642.7, 3647.07, 3833.33]"
58500,3018.2730000000001,4700.2279823480148,2222.8399422956954,2667.0810000000001,2955.9650000000001,3320.4889999999996,"[2055.03, 2169.27, 2354.57, 2473.03, 2506.2, 2610.23, 2618.03, 2650.63, 2665.17, 2667.9, 2782.83, 2809.33, 2848.17, 2872.97, 2909.63, 3002.3, 3073.3, 3085.33, 3098.1, 3296.93, 3314.0, 3335.63, 3418.57, 3480.97, 3489.7, 3525.37, 3611.7, 3722.37, 3884.9, 4216.03]"
59000,2799.2276666666667,4359.1180147817659,2061.5216267865253,2545.9210000000003,2737.0,3043.8509999999997,"[1660.77, 2044.67, 2223.73, 2225.9, 2316.47, 2442.5, 2457.03, 2494.47, 2514.47, 2559.4, 2642.93, 2701.63, 2715.07, 2728.67, 2730.03, 2743.97, 2798.07, 2857.63, 2926.0, 2970.47, 2996.1, 3155.27, 3225.6, 3239.53, 3313.83, 3371.53, 3376.93, 3464.73, 3492.2, 3587.23]"
59500,2919.7330000000002,4546.7758375683425,2150.2690887268441,2543.058,2843.1199999999999,3168.902,"[2041.07, 2128.77, 2334.33, 2350.7, 2442.47, 2454.43, 2463.83, 2467.17, 2542.33, 2543.37, 2678.63, 2770.93, 2776.73, 2804.93, 2821.97, 2864.27, 2915.8, 2959.37, 3044.43, 3129.77, 3157.73, 3194.97, 3286.7, 3324.03, 3395.13, 3417.13, 3487.1, 3894.17, 3928.7, 3971.03]"
60000,3050.3796666666667,4750.226326794188,2246.485245779058,2698.578,3054.8649999999998,3421.3890000000001,"[1870.83, 2185.33, 2243.8, 2255.6, 2335.6, 2404.23, 2546.73, 2618.83, 2620.43, 2732.07, 2852.77, 2860.1, 2962.23, 2981.13, 3029.93, 3079.8, 3127.67, 3138.87, 3394.87, 3395.2, 3403.17, 3463.9, 3501.33, 3574.77, 3622.8, 3731.2, 3759.13, 3832.93, 3876.47, 4109.67]"
60500,2940.1200000000003,4578.5236443028989,2165.2833163674791,2615.02,2925.23,3081.9990000000003,"[2236.33, 2237.27, 2370.07, 2463.17, 2463.37, 2500.47, 2563.2, 2573.47, 2606.83, 2618.53, 2657.63, 2748.37, 2774.1, 2812.23, 2920.03, 2930.43, 2953.3, 2956.67, 2966.93, 3028.37, 3073.8, 3101.13, 3224.03, 3274.8, 3282.23, 3346.67, 3690.3, 3750.07, 3808.17, 4271.63]"
61000,3025.8336666666664,4712.0018865083966,2228.4080774037684,2782.5299999999997,2984.75,3235.0209999999997,"[2041.17, 2127.9, 2401.77, 2512.83, 2569.4, 2601.07, 2613.63, 2671.97, 2709.8, 2813.7, 2914.6, 2938.07, 2954.97, 2957.4, 2959.93, 3009.57, 3097.4, 3110.5, 3142.4, 3162.93, 3230.23, 3246.2, 3317.57, 3386.23, 3394.67, 3460.73, 3510.77, 3735.2, 3898.9, 4283.5]"
61500,3137.1076666666663,4885.2841470950943,2310.3570236187102,2834.8590000000004,3252.3500000000004,3384.3490000000002,"[2116.5, 2309.5, 2400.53, 2479.97, 2562.53, 2591.47, 2778.2, 2787.6, 2821.93, 2840.4, 3123.3, 3130.77, 3199.93, 3221.83, 3244.57, 3260.13, 3303.83, 3310.83, 3339.33, 3351.13, 3373.57, 3409.5, 3461.17, 3505.93, 3557.97, 3597.57, 3641.5, 3692.97, 3782.77, 3916.0]"
62000,2740.7980000000002,4268.127983639476,2018.4904639719987,2416.5919999999996,2658.3800000000001,2926.7719999999999,"[1914.23, 2072.73, 2185.1, 2217.43, 2228.23, 2251.8, 2347.67, 2376.5, 2388.97, 2428.43, 2519.2, 2528.8, 2566.2, 2584.1, 2626.93, 2689.83, 2696.83, 2747.83, 2809.6, 2881.5, 2926.13, 2928.27, 3005.9, 3107.93, 3179.3, 3193.0, 3301.67, 3419.33, 3580.93, 4519.57]"
62500,2980.4046666666668,4641.2572398147131,2194.9513967991479,2634.4390000000003,2939.1350000000002,3244.6709999999994,"[2014.1, 2029.63, 2031.17, 2062.6, 2417.8, 2530.07, 2555.5, 2558.5, 2608.0, 2645.77, 2663.93, 2739.5, 2850.53, 2884.73, 2904.1, 2974.17, 3106.6, 3141.47, 3157.5, 3175.77, 3196.23, 3357.7, 3566.8, 3567.6, 3576.83, 3654.67, 3662.2, 3879.53, 3885.67, 4013.47]"
63000,2937.116,4573.8456430555052,2163.0709879310994,2628.4479999999999,2849.27,3193.1409999999996,"[2067.7, 2105.77, 2275.17, 2418.67, 2443.5, 2474.93, 2523.9, 2534.53, 2593.63, 2643.37, 2673.83, 2750.0, 2784.63, 2802.03, 2849.27, 2849.27, 2862.27, 2903.37, 2951.43, 3092.53, 3174.4, 3236.87, 3253.67, 3268.87, 3290.73, 3439.3, 3624.57, 3654.63, 4141.67, 4428.97]"
63500,2967.9156666666668,4621.8086520721381,2185.7537370648129,2672.9110000000001,2953.0799999999999,3205.3079999999995,"[2109.8, 2185.4, 2255.9, 2316.27, 2389.63, 2410.83, 2490.27, 2556.33, 2611.57, 2699.2, 2755.3, 2868.03, 2883.87, 2896.6, 2913.63, 2992.53, 3025.0, 3033.17, 3145.37, 3167.67, 3187.47, 3246.93, 3327.83, 3396.7, 3411.93, 3590.77, 3645.0, 3789.57, 3792.67, 3942.23]"
64000,2959.2739999999999,4608.3513526559518,2179.389487762423,2643.8510000000001,2871.4650000000001,3336.6779999999994,"[2193.47, 2212.9, 2217.83, 2222.8, 2287.4, 2309.57, 2326.8, 2445.07, 2604.07, 2660.9, 2753.23, 2756.37, 2822.03, 2827.53, 2856.7, 2886.23, 2938.73, 2974.93, 2993.7, 3033.03, 3323.97, 3366.33, 3453.43, 3475.33, 3501.07, 3517.67, 3531.13, 3927.03, 4155.1, 4203.87]"
64500,3166.3463333333334,4930.8162773010808,2331.8901573432399,2892.5100000000002,3018.4349999999999,3414.4479999999999,"[1877.93, 2308.4, 2512.5, 2528.7, 2532.03, 2542.07, 2757.93, 2826.27, 2873.47, 2900.67, 2921.1, 2947.33, 2968.73, 2969.0, 3006.37, 3030.5, 3111.43, 3234.43, 3266.4, 3290.17, 3395.17, 3459.43, 3582.4, 3593.1, 3647.2, 3658.63, 3819.03, 4071.33, 4178.1, 5180.57]"
65000,2823.4956666666667,4396.9095375087109,2079.3940590415377,2660.0709999999999,2822.1149999999998,3035.3899999999999,"[1736.7, 2182.7, 2275.63, 2373.77, 2434.87, 2441.4, 2441.73, 2452.7, 2592.57, 2689.0, 2721.8, 2755.5, 2759.03, 2799.03, 2799.43, 2844.8, 2930.2, 2941.47, 2986.3, 2999.97, 3032.27, 3042.67, 3065.37, 3085.17, 3128.83, 3161.5, 3189.63, 3425.7, 3631.8, 3783.33]"
65500,3080.6016666666669,4797.2897601159993,2268.7425660201566,2791.0079999999998,2990.5299999999997,3278.5119999999993,"[2254.2, 2321.17, 2374.87, 2514.63, 2590.73, 2619.73, 2624.2, 2643.83, 2728.33, 2817.87, 2855.2, 2863.0, 2943.03, 2946.9, 2968.73, 3012.33, 3061.5, 3082.67, 3125.47, 3148.17, 3188.83, 3487.77, 3517.23, 3590.5, 3646.0, 3720.1, 3734.4, 3743.6, 4039.03, 4254.03]"
66000,2834.6743333333334,4414.317598963723,2087.626709556675,2576.3609999999999,2794.2150000000001,3104.7619999999997,"[1859.63, 1902.97, 1962.87, 2024.63, 2150.67, 2194.87, 2368.87, 2425.3, 2546.87, 2589.0, 2636.53, 2659.53, 2662.17, 2732.8, 2735.9, 2852.53, 2900.8, 2933.17, 3059.27, 3065.83, 3091.43, 3135.87, 3140.9, 3289.43, 3491.23, 3563.23, 3604.3, 3673.3, 3738.6, 4047.73]"
66500,2996.9966666666664,4667.0952546937897,2207.170755459736,2650.9490000000001,3010.0799999999999,3322.7399999999998,"[2070.17, 2071.47, 2285.43, 2431.3, 2478.37, 2537.03, 2547.73, 2568.27, 2625.0, 2662.07, 2732.97, 2907.6, 2952.37, 2973.23, 2991.43, 3028.73, 3060.43, 3105.5, 3279.23, 3295.77, 3306.33, 3361.03, 3421.0, 3457.37, 3468.47, 3543.67, 3555.43, 3709.3, 3716.9, 3766.3]"
67000,3027.838666666667,4715.1241876072736,2229.8846814367053,2763.5999999999999,2930.0149999999999,3214.3909999999996,"[2234.73, 2237.4, 2415.53, 2425.9, 2435.83, 2520.13, 2566.13, 2717.03, 2739.73, 2773.83, 2787.07, 2810.03, 2892.2, 2896.83, 2903.93, 2956.1, 3142.23, 3146.23, 3171.8, 3204.8, 3212.33, 3219.2, 3225.97, 3251.47, 3496.27, 3665.97, 3688.8, 3781.43, 3814.73, 4501.53]"
67500,2852.0653333333335,4441.399862510134,2100.4345004478455,2560.0599999999999,2920.7649999999999,3139.1109999999999,"[1957.97, 2166.37, 2186.03, 2198.87, 2250.1, 2378.27, 2450.33, 2478.07, 2541.23, 2568.13, 2579.93, 2725.97, 2750.33, 2756.27, 2903.33, 2938.2, 3008.4, 3009.3, 3063.6, 3126.4, 3131.83, 3156.1, 3171.97, 3269.5, 3323.93, 3406.1, 3445.1, 3462.13, 3531.67, 3626.53]"
68000,3074.4666666666667,4787.7359859306598,2264.2243786176305,2777.0810000000001,3108.3850000000002,3292.1990000000001,"[2098.67, 2140.0, 2149.8, 2207.23, 2396.9, 2548.9, 2620.83, 2722.13, 2761.87, 2783.6, 2964.13, 2989.1, 3000.17, 3042.03, 3100.37, 3116.4, 3147.8, 3160.6, 3192.07, 3242.77, 3271.4, 3340.73, 3426.43, 3494.13, 3539.17, 3655.7, 3917.9, 3940.17, 4090.83, 4172.17]"
68500,2883.8289999999997,4490.8640676660752,2123.8271978547505,2620.5690000000004,2875.0500000000002,3130.049,"[1774.9, 1901.3, 2203.03, 2351.53, 2373.33, 2393.23, 2532.77, 2543.7, 2556.4, 2648.07, 2655.47, 2663.73, 2689.6, 2829.6, 2854.0, 2896.1, 2908.1, 2977.57, 2985.9, 3055.13, 3117.77, 3158.7, 3173.3, 3188.3, 3354.67, 3597.87, 3600.9, 3784.2, 3840.6, 3905.1]"
69000,3167.8789999999999,4933.2030338185596,2333.0189063612684,2860.0719999999997,3269.2849999999999,3465.0609999999997,"[2082.23, 2189.2, 2472.67, 2492.37, 2508.23, 2660.53, 2713.63, 2754.7, 2785.97, 2891.83, 2904.33, 3037.37, 3162.87, 3177.17, 3254.67, 3283.9, 3313.23, 3314.57, 3350.67, 3384.77, 3456.73, 3484.5, 3498.97, 3618.93, 3640.03, 3699.2, 3797.13, 3953.4, 4001.7, 4150.87]"
69500,3091.1190000000001,4813.6679553398944,2276.4881704170321,2871.3800000000001,3069.5500000000002,3238.0190000000002,"[2185.23, 2507.23, 2535.07, 2591.27, 2669.3, 2684.6, 2702.57, 2859.37, 2859.83, 2876.33, 3024.1, 3030.77, 3031.8, 3050.73, 3069.27, 3069.83, 3192.93, 3197.13, 3204.0, 3223.17, 3235.1, 3244.83, 3250.27, 3388.1, 3412.3, 3425.67, 3674.2, 3751.13, 3819.17, 3968.27]"
70000,3095.4590000000003,4820.4264524816017,2279.6844105681266,2887.9719999999998,3052.5150000000003,3340.1390000000001,"[2113.53, 2445.63, 2451.57, 2585.8, 2687.03, 2767.73, 2776.0, 2829.67, 2842.57, 2907.43, 2910.4, 2933.6, 2957.5, 2963.87, 2974.73, 3130.3, 3167.5, 3236.9, 3281.8, 3325.73, 3333.77, 3355.0, 3369.03, 3394.33, 3454.73, 3485.53, 3519.53, 3550.33, 3848.4, 4263.83]"
70500,2942.9960000000001,4583.0023166023338,2167.4013778132266,2539.0889999999999,2852.6849999999999,3164.5790000000002,"[1757.0, 2036.4, 2225.2, 2252.0, 2276.47, 2312.23, 2417.37, 2487.17, 2511.53, 2550.9, 2702.07, 2702.27, 2752.97, 2778.97, 2824.87, 2880.5, 2944.83, 3018.9, 3068.7, 3132.97, 3162.2, 3170.13, 3463.83, 3468.3, 3521.9, 3596.5, 3686.93, 4051.47, 4157.8, 4377.5]"
71000,2898.2646666666669,4513.3441164921815,2134.4585014049376,2482.79,2841.9499999999998,3262.3189999999995,"[2014.2, 2065.5, 2152.9, 2206.13, 2288.77, 2351.07, 2373.07, 2376.93, 2468.3, 2489.0, 2491.53, 2723.67, 2743.2, 2777.23, 2835.43, 2848.47, 2862.6, 2950.17, 2985.27, 3073.1, 3256.97, 3274.8, 3428.63, 3462.87, 3553.5, 3616.13, 3653.6, 3844.7, 3871.33, 3908.87]"
71500,2950.3996666666667,4594.5317313499863,2172.8538885656039,2613.4809999999998,2819.6500000000001,3143.9079999999994,"[2213.4, 2253.17, 2253.23, 2260.33, 2378.83, 2460.07, 2494.27, 2557.53, 2591.27, 2623.0, 2630.47, 2635.73, 2642.73, 2723.83, 2782.57, 2856.73, 2880.4, 2883.93, 2923.03, 3064.9, 3085.87, 3279.33, 3318.5, 3358.37, 3617.1, 3638.47, 3785.6, 3908.2, 4112.6, 4298.53]"
72000,2954.0539999999996,4600.2224689970317,2175.5451620507379,2810.1999999999998,2911.25,3141.9399999999996,"[2191.47, 2254.7, 2263.03, 2286.83, 2445.43, 2453.57, 2534.97, 2680.8, 2708.77, 2853.67, 2859.47, 2864.0, 2884.5, 2898.37, 2899.43, 2923.07, 2952.43, 2971.1, 2987.03, 3106.63, 3117.37, 3199.27, 3295.03, 3431.67, 3451.97, 3514.07, 3535.57, 3552.93, 3729.9, 3774.57]"
72500,2860.7496666666671,4454.9236049089732,2106.8301720804457,2656.8019999999997,2846.6350000000002,3100.4099999999994,"[1946.87, 2120.73, 2166.37, 2183.43, 2216.7, 2428.27, 2441.67, 2564.33, 2622.67, 2671.43, 2674.27, 2707.43, 2798.17, 2802.43, 2835.07, 2858.2, 2930.67, 2957.3, 2961.3, 3002.5, 3035.67, 3251.47, 3258.7, 3290.47, 3318.5, 3341.67, 3434.27, 3482.73, 3730.47, 3788.73]"
73000,2954.8253333333332,4601.4236335428004,2176.1132188640736,2728.009,3034.25,3265.0599999999995,"[1560.73, 2262.67, 2267.87, 2285.37, 2423.2, 2452.7, 2463.33, 2483.6, 2558.63, 2800.6, 2822.53, 2867.73, 2888.63, 2988.57, 3002.3, 3066.2, 3088.67, 3157.9, 3211.37, 3216.27, 3250.93, 3298.03, 3334.73, 3351.2, 3375.13, 3427.73, 3449.67, 3532.9, 3655.6, 4099.97]"
73500,3004.4083333333333,4678.6371275006904,2212.6291578990276,2657.1100000000001,2897.3149999999996,3178.8499999999999,"[2262.47, 2332.63, 2347.63, 2374.17, 2453.13, 2544.83, 2585.23, 2599.73, 2605.73, 2679.13, 2746.6, 2779.37, 2787.37, 2886.93, 2891.43, 2903.2, 2922.3, 2940.53, 3002.53, 3121.4, 3153.17, 3238.77, 3318.57, 3332.37, 3458.93, 3488.5, 3587.93, 3984.5, 4066.3, 4736.87]"
74000,3079.0840000000003,4794.9263624596097,2267.6248639150926,2829.5419999999999,2927.7349999999997,3247.4589999999994,"[2042.9, 2140.07, 2449.7, 2597.93, 2603.93, 2635.1, 2646.07, 2713.57, 2828.87, 2829.83, 2851.97, 2859.33, 2907.27, 2921.33, 2926.47, 2929.0, 2946.37, 2979.13, 3105.07, 3152.07, 3173.17, 3420.8, 3561.6, 3595.93, 3600.3, 3746.4, 3778.5, 3909.57, 4248.7, 4271.57]"
74500,3012.5813333333335,4691.3645922793012,2218.6482525430124,2695.451,2993.665,3194.6420000000003,"[2168.27, 2354.8, 2463.83, 2534.03, 2540.43, 2594.73, 2623.07, 2663.43, 2668.27, 2707.1, 2816.07, 2881.2, 2883.97, 2905.37, 2989.13, 2998.2, 3018.7, 3071.77, 3072.77, 3175.17, 3188.03, 3210.07, 3210.4, 3320.03, 3330.73, 3594.33, 3781.57, 3808.97, 3873.93, 3929.07]"
75000,2976.0323333333336,4634.4483913502145,2191.7313444134411,2683.9499999999998,2793.0,3042.2309999999998,"[2395.67, 2439.73, 2463.23, 2592.27, 2603.23, 2625.07, 2626.97, 2643.03, 2663.93, 2692.53, 2694.27, 2714.57, 2751.17, 2777.43, 2789.13, 2796.87, 2894.23, 2897.27, 2901.6, 2944.8, 3002.1, 3135.87, 3238.2, 3325.13, 3468.13, 3472.07, 3646.07, 3754.47, 3970.13, 4361.8]"
75500,2900.6509999999998,4517.0602517485158,2136.2159425141299,2625.1900000000001,2870.4650000000001,3254.1599999999999,"[1515.67, 2021.83, 2129.8, 2310.83, 2353.03, 2391.7, 2418.67, 2535.73, 2565.83, 2650.63, 2650.87, 2708.93, 2746.4, 2767.43, 2857.23, 2883.7, 2890.97, 2944.33, 2949.8, 2968.67, 3225.0, 3322.2, 3340.0, 3396.87, 3432.27, 3458.53, 3536.47, 3977.97, 4028.17, 4040.0]"
76000,3070.7176666666664,4781.8978279158537,2261.4633868373421,2696.8809999999999,2990.1500000000001,3294.4899999999998,"[2226.6, 2312.4, 2340.27, 2366.97, 2524.7, 2616.3, 2623.47, 2632.07, 2667.67, 2709.4, 2834.83, 2839.7, 2847.4, 2946.5, 2960.9, 3019.4, 3061.63, 3166.67, 3183.33, 3225.33, 3287.53, 3310.73, 3426.2, 3497.43, 3604.33, 3671.07, 3776.9, 3969.83, 4090.67, 4381.3]"
76500,2768.7606666666666,4311.6730533955042,2039.0838736336718,2532.7020000000002,2657.4499999999998,3113.3600000000001,"[1602.77, 1951.23, 2064.97, 2222.27, 2237.5, 2353.27, 2356.7, 2487.1, 2518.17, 2538.93, 2538.93, 2543.63, 2557.63, 2620.1, 2651.33, 2663.57, 2673.2, 2813.53, 2994.83, 3045.73, 3093.8, 3159.0, 3208.7, 3252.47, 3282.53, 3322.87, 3374.6, 3403.13, 3417.8, 4112.53]"
77000,2999.7073333333333,4671.3164604354452,2209.1670553759186,2732.6700000000001,2961.585,3271.549,"[2053.73, 2062.93, 2113.3, 2247.53, 2272.7, 2343.57, 2543.83, 2594.0, 2720.07, 2738.07, 2817.93, 2826.37, 2871.63, 2892.83, 2959.27, 2963.9, 3013.57, 3076.07, 3190.87, 3255.77, 3269.77, 3275.7, 3295.53, 3371.9, 3388.97, 3533.37, 3665.47, 3814.7, 3857.67, 4960.2]"
77500,2882.137666666667,4488.2302263068577,2122.5815970462522,2756.3789999999999,2875.75,3107.152,"[1978.43, 2038.7, 2058.5, 2229.0, 2294.8, 2562.97, 2588.93, 2617.1, 2718.6, 2772.57, 2773.53, 2780.87, 2798.07, 2848.0, 2865.57, 2885.93, 2958.73, 2962.4, 2978.6, 3009.7, 3082.63, 3164.37, 3233.73, 3264.7, 3314.87, 3385.7, 3403.47, 3494.53, 3665.9, 3733.23]"
78000,2984.6946666666668,4647.937874086123,2198.1108139070266,2655.1089999999999,2976.835,3184.1519999999996,"[1796.2, 2121.8, 2210.57, 2239.67, 2389.77, 2396.03, 2547.8, 2626.93, 2637.7, 2662.57, 2771.97, 2861.57, 2915.93, 2939.77, 2954.5, 2999.17, 3012.1, 3060.83, 3082.93, 3087.1, 3146.13, 3272.87, 3375.93, 3396.63, 3452.17, 3608.2, 3758.37, 3790.63, 3843.77, 4581.23]"
78500,2982.1979999999999,4644.0499214293341,2196.2721166158053,2751.5610000000001,3011.0,3244.5209999999997,"[1858.03, 2066.7, 2290.3, 2317.27, 2340.8, 2360.53, 2360.87, 2724.93, 2734.67, 2758.8, 2777.63, 2795.37, 2843.87, 2898.63, 2967.47, 3054.53, 3097.3, 3124.17, 3163.37, 3212.87, 3237.93, 3259.9, 3271.8, 3385.13, 3467.9, 3479.07, 3484.93, 3646.37, 3695.1, 4789.7]"
79000,2994.1646666666666,4662.6851017202152,2205.0850982920174,2703.8209999999999,2939.5,3269.5079999999998,"[2325.03, 2408.6, 2482.6, 2540.97, 2549.87, 2620.83, 2642.6, 2659.23, 2670.27, 2718.2, 2727.37, 2731.33, 2791.1, 2812.3, 2933.9, 2945.1, 2954.9, 3062.27, 3104.07, 3119.23, 3253.17, 3307.63, 3312.33, 3349.57, 3502.97, 3561.37, 3579.77, 3626.03, 3723.5, 3808.83]"
79500,2783.2460000000001,4334.2304460061041,2049.7517547401194,2399.9490000000001,2693.2849999999999,2900.3909999999996,"[2008.13, 2018.67, 2130.2, 2189.43, 2250.97, 2285.3, 2320.2, 2321.0, 2330.6, 2429.67, 2493.7, 2533.63, 2622.2, 2662.47, 2686.37, 2700.2, 2711.43, 2780.97, 2798.63, 2852.53, 2895.33, 2912.2, 3060.37, 3125.17, 3142.27, 3343.67, 3429.7, 3513.5, 4011.0, 4937.87]"
