agents,meanScore,clow,chigh,Q1,Q2,Q3,means
500,5.9311133666666667,9.2362702156117109,4.3680328763205187,2.6766699999999997,4.0833349999999999,6.4299999999999997,"[0.366667, 0.566667, 0.966667, 1.3, 1.33333, 1.53333, 2.13333, 2.4, 2.46667, 2.76667, 2.9, 3.23333, 3.6, 3.7, 3.8, 4.36667, 4.56667, 5.56667, 5.56667, 5.83333, 6.4, 6.5, 6.86667, 7.13333, 7.93333, 8.6, 12.5667, 13.8667, 18.7667, 30.3333]"
1000,12.323332666666666,19.190601060821876,9.0756522268409725,5.5433300000000001,7.0999999999999996,15.159989999999999,"[1.93333, 2.4, 2.66667, 2.76667, 3.1, 3.5, 3.93333, 5.23333, 5.33333, 5.63333, 5.63333, 5.7, 5.73333, 6.33333, 7.0, 7.2, 10.1, 11.1667, 11.3667, 14.4333, 15.0, 15.5333, 19.7, 20.2667, 21.0, 23.4, 26.0333, 28.5, 35.5333, 43.5667]"
1500,26.628894666666667,41.468043431215285,19.611138781764101,10.690010000000001,17.716700000000003,29.24331999999999,"[5.76667, 6.46667, 7.5, 7.6, 8.1, 8.53333, 9.06667, 9.2, 10.6667, 10.7, 10.7333, 11.0667, 13.0667, 15.0333, 17.5667, 17.8667, 20.2333, 22.1667, 23.3667, 23.4333, 28.6333, 30.6667, 33.4, 42.7667, 48.4, 57.1667, 58.3, 63.3, 79.4, 98.7]"
2000,38.792216666666668,60.409466696343785,28.568949414733336,20.936679999999996,36.38335,51.1633,"[10.3667, 13.2333, 14.3, 14.8, 16.3333, 16.6333, 17.7333, 18.3, 18.5333, 21.9667, 24.1, 24.5, 29.6, 30.1667, 34.3667, 38.4, 39.5, 49.1, 49.2, 50.2333, 51.1333, 51.2333, 51.2333, 51.2667, 54.1333, 65.3333, 66.5, 66.9, 84.1, 90.5667]"
2500,48.816646666666664,76.020084554002423,35.951549796722389,32.673299999999998,45.200000000000003,62.916679999999999,"[11.1, 14.3333, 19.2333, 22.6667, 25.4, 25.6667, 26.6667, 27.7333, 30.4333, 33.6333, 33.8667, 37.4, 39.2333, 42.8333, 43.9, 46.5, 49.1333, 49.6333, 55.7, 55.7333, 61.9667, 65.1333, 70.0667, 72.0333, 74.4, 74.4333, 75.3333, 82.2, 93.4, 104.733]"
3000,62.826656666666665,97.837276383560436,46.269373870277732,44.3733,56.86665,75.396680000000003,"[23.2667, 27.5667, 31.4333, 35.1667, 36.0, 41.4667, 41.9, 42.2, 44.2333, 44.4333, 50.0333, 51.4333, 52.0667, 52.1333, 56.3333, 57.4, 64.5667, 68.9667, 69.5333, 74.4667, 75.1667, 75.9333, 76.2, 80.3667, 84.2667, 88.8333, 97.3, 100.633, 101.033, 140.467]"
3500,70.367783333333335,109.58075173423197,51.823118533062662,55.756680000000003,64.900000000000006,87.276679999999985,"[17.1667, 31.0, 33.1667, 38.1333, 40.2667, 43.9, 46.1667, 53.5667, 53.6333, 56.6667, 58.4333, 58.6667, 60.8667, 61.2, 64.0333, 65.7667, 69.7667, 82.4333, 84.3333, 84.7667, 85.6667, 91.0333, 91.4333, 95.7, 97.0, 97.2667, 105.467, 106.567, 116.433, 120.533]"
4000,76.627780000000001,119.32917790445313,56.433361088757444,65.483319999999992,78.449999999999989,85.453320000000005,"[23.1667, 37.7, 46.3, 53.8, 55.0667, 59.6667, 62.2667, 63.7667, 64.6667, 65.8333, 67.2333, 70.7333, 71.7, 71.7333, 77.1, 79.8, 80.8667, 82.1333, 83.0, 84.9333, 85.2333, 85.9667, 95.7, 96.7667, 97.4333, 98.0667, 100.6, 103.0, 104.5, 130.1]"
4500,80.422223333333321,125.23810288664234,59.227820105589565,72.413299999999992,81.166650000000004,88.1267,"[32.7667, 50.8, 53.8333, 61.3667, 63.3, 64.5333, 66.1, 69.8667, 71.4333, 72.8333, 77.1333, 79.8667, 80.3333, 81.0333, 81.1333, 81.2, 82.5333, 83.6667, 84.1667, 86.5, 87.7667, 88.9667, 89.6, 91.1667, 92.7667, 100.667, 103.633, 109.3, 111.433, 112.967]"
5000,88.115569999999991,137.21862395964351,64.893668841139373,73.146690000000007,82.5167,94.356679999999983,"[51.0667, 65.1333, 66.6, 68.9667, 69.2667, 70.3333, 71.4, 72.2667, 73.1, 73.1667, 74.8, 77.0, 77.8, 80.2, 81.8667, 83.1667, 85.2, 88.3, 92.9, 93.0333, 93.4667, 96.4333, 99.8333, 105.033, 108.367, 108.733, 124.333, 125.467, 129.767, 136.467]"
5500,91.274419999999992,142.13776651634402,67.220038242356807,84.696680000000001,91.950000000000003,99.693209999999993,"[58.9333, 62.7667, 63.0, 67.3667, 67.6333, 69.7, 76.9667, 81.6, 84.5333, 84.7667, 85.9333, 85.9667, 88.9333, 90.3667, 91.7667, 92.1333, 92.6, 93.6333, 93.7333, 95.6, 98.1333, 103.333, 106.5, 106.633, 107.733, 111.367, 112.9, 117.567, 119.3, 126.833]"
6000,95.308876666666677,148.4204540393869,70.191257686100926,86.456700000000012,90.450000000000003,101.32999999999998,"[63.1333, 74.2333, 75.4, 80.8667, 82.1, 82.8667, 83.9, 85.9333, 85.9667, 86.6667, 86.9667, 87.4333, 88.9333, 89.2333, 89.2667, 91.6333, 91.8, 93.8667, 97.4, 98.6333, 99.5, 105.6, 110.233, 110.967, 111.833, 112.233, 117.3, 118.367, 123.833, 133.167]"
6500,95.096643333333333,148.08995210926977,70.034956141999402,85.586699999999993,92.300000000000011,104.6168,"[65.1333, 68.2, 70.4667, 75.9, 78.7, 81.2333, 82.0333, 83.5, 83.7667, 86.3667, 86.7667, 87.2, 87.3333, 87.8, 90.4333, 94.1667, 95.0333, 97.1667, 97.9333, 101.567, 104.567, 104.733, 105.233, 108.7, 110.867, 115.633, 116.9, 119.8, 128.133, 137.633]"
7000,98.523296666666667,153.42613339013451,72.558552217547913,82.843320000000006,90.450000000000003,111.69309999999999,"[69.3667, 71.2, 73.3, 73.9667, 76.6, 80.5667, 80.7333, 81.3, 81.4667, 83.4333, 84.2, 86.3667, 87.6667, 89.7, 90.4, 90.5, 94.1667, 95.8, 97.5667, 99.3667, 110.833, 113.7, 115.433, 122.233, 127.9, 128.067, 129.233, 136.733, 139.433, 144.467]"
7500,98.834476666666674,153.9107207497097,72.787724109303085,85.640000000000001,95.06665000000001,107.3031,"[71.9, 72.8, 74.2333, 78.0333, 80.9667, 81.7, 83.6667, 85.4, 85.5, 85.7, 87.6333, 91.0, 93.1, 93.1667, 94.2, 95.9333, 97.2333, 97.7667, 102.167, 103.7, 106.533, 109.1, 109.5, 113.333, 115.667, 117.367, 117.567, 120.367, 141.833, 157.967]"
8000,96.51221000000001,150.29435378451447,71.077465592817489,85.086699999999993,94.333349999999996,103.93679999999999,"[62.7667, 67.2667, 77.4, 78.7333, 79.3667, 80.4333, 80.7333, 81.9333, 83.9667, 85.5667, 86.1333, 87.1333, 88.5333, 92.6667, 93.2667, 95.4, 95.4, 96.6667, 97.3333, 98.5333, 103.467, 105.033, 106.033, 108.9, 110.033, 113.867, 117.5, 118.233, 125.7, 177.367]"
8500,93.241126666666659,145.20043503828919,68.668440733929273,81.849989999999991,92.283299999999997,106.7101,"[54.0333, 56.6, 67.8667, 71.3, 74.5333, 76.2667, 76.8333, 77.0333, 77.5333, 83.7, 85.2333, 86.1, 86.1, 88.0333, 91.9333, 92.6333, 94.7, 97.8667, 101.233, 103.0, 105.7, 109.067, 109.1, 110.033, 111.733, 111.867, 116.767, 121.1, 122.067, 137.267]"
9000,96.621110000000002,150.4639391160195,71.157666180940566,86.723320000000001,94.316699999999997,102.69999999999999,"[66.5, 70.4, 73.4, 73.4667, 77.7333, 83.1333, 84.0, 85.8, 86.4667, 86.8333, 89.1333, 89.6, 91.3333, 92.3667, 93.7667, 94.8667, 95.2, 96.1333, 96.5333, 97.6667, 102.1, 104.1, 106.367, 109.433, 109.633, 113.8, 121.133, 122.867, 142.2, 142.667]"
9500,103.12782666666666,160.59657183343003,75.949608361077267,92.266679999999994,102.05,110.7868,"[73.7333, 73.8333, 74.4333, 75.9333, 77.2667, 80.9333, 84.1667, 90.9333, 92.0333, 92.3667, 92.4333, 96.8333, 96.9667, 99.0333, 102.0, 102.1, 102.267, 104.5, 105.067, 109.1, 109.867, 112.933, 121.7, 122.467, 127.667, 129.933, 130.267, 131.1, 133.067, 148.9]"
10000,109.30556666666666,170.21690320029796,80.499272100943671,96.446690000000004,107.6665,118.58,"[68.1, 72.0667, 77.1333, 78.7333, 80.7333, 87.4333, 88.4333, 90.7667, 93.6, 97.6667, 97.9667, 98.0667, 101.2, 101.333, 107.3, 108.033, 110.567, 113.8, 116.533, 118.3, 118.4, 119.0, 122.533, 123.8, 129.567, 129.633, 142.567, 145.167, 166.367, 174.367]"
10500,116.04222333333334,180.70761168562652,85.460556092219235,102.25,110.98349999999999,129.89690000000002,"[76.1, 78.4667, 80.1, 89.5333, 98.5667, 98.9, 99.9, 100.8, 101.2, 102.7, 103.533, 106.067, 107.733, 109.767, 110.067, 111.9, 116.767, 119.7, 127.967, 129.133, 129.467, 130.9, 131.0, 131.7, 134.833, 137.733, 140.133, 146.167, 158.933, 171.5]"
11000,110.74665,172.46104089368379,81.560573578149345,95.39670000000001,103.267,129.79989999999998,"[62.9667, 69.5, 75.6667, 81.2667, 86.7667, 89.0667, 90.0333, 92.7667, 94.0667, 95.9667, 98.3333, 98.6333, 100.267, 101.467, 102.467, 104.067, 112.567, 112.733, 114.9, 118.667, 129.1, 131.433, 133.233, 133.9, 139.533, 143.733, 146.733, 147.6, 151.433, 163.533]"
11500,122.21213666666668,190.3157549178641,90.004455798387667,100.833,122.90000000000001,137.38990000000001,"[68.1667, 76.4333, 76.8, 83.9667, 84.7333, 86.0667, 86.4667, 89.0667, 100.133, 101.133, 107.7, 109.133, 114.267, 116.7, 121.667, 124.133, 126.5, 131.0, 132.933, 133.133, 136.6, 139.233, 140.567, 140.8, 147.433, 155.733, 163.833, 165.633, 168.6, 237.8]"
12000,119.79112000000001,186.54560878383393,88.221471771551705,104.14,112.533,137.1369,"[76.1, 77.3, 82.5333, 83.5333, 87.9, 91.3, 92.8333, 95.7667, 101.9, 105.1, 105.367, 109.2, 109.933, 111.167, 111.833, 113.233, 121.8, 122.733, 126.767, 131.033, 136.767, 138.0, 138.6, 143.933, 155.733, 159.267, 160.667, 163.0, 163.967, 176.467]"
12500,130.58998,203.3622134943617,96.174409540686341,112.5068,129.483,145.20009999999999,"[75.5333, 81.0667, 94.5667, 97.9667, 98.6, 102.467, 103.3, 103.9, 105.833, 115.367, 115.767, 116.833, 121.433, 127.833, 128.933, 130.033, 136.133, 137.4, 139.8, 141.967, 144.7, 146.367, 148.3, 151.333, 154.5, 156.233, 174.267, 177.067, 178.4, 211.8]"
13000,121.81561000000001,189.6982608295514,89.712429426733394,107.23690000000001,120.4165,124.53989999999999,"[88.1, 90.9, 91.8, 92.6667, 94.4333, 97.1333, 104.7, 105.067, 106.7, 107.467, 111.5, 116.967, 118.267, 119.167, 119.8, 121.033, 121.2, 121.2, 123.467, 123.467, 124.5, 124.633, 126.867, 127.933, 141.933, 150.667, 161.3, 169.2, 174.5, 177.9]"
13500,130.15881999999999,202.69078639122381,95.856877074431566,115.09,122.55,141.54299999999998,"[81.7333, 91.5, 92.2667, 97.1333, 99.3333, 106.867, 107.433, 110.5, 113.2, 115.9, 117.3, 120.633, 121.067, 121.333, 122.467, 122.633, 123.733, 123.8, 127.233, 137.4, 138.633, 148.333, 148.4, 148.667, 153.1, 155.033, 172.367, 178.833, 194.1, 213.833]"
14000,135.47225666666665,210.9651749912943,99.770015234407509,115.60310000000001,128.44999999999999,150.0069,"[78.0667, 92.9333, 95.1667, 98.1, 101.667, 105.633, 108.7, 110.667, 115.3, 115.733, 115.967, 118.0, 121.767, 125.833, 128.2, 128.7, 129.867, 133.467, 136.0, 142.633, 148.467, 153.6, 154.567, 156.3, 160.7, 163.5, 163.833, 172.267, 226.4, 262.133]"
14500,139.67998,217.51768331420351,102.86883879724063,121.333,135.7165,146.20009999999999,"[72.3, 92.0667, 98.3667, 99.2, 110.067, 113.333, 113.8, 114.167, 119.933, 121.933, 125.933, 126.033, 127.633, 132.0, 134.333, 137.1, 140.7, 141.4, 142.233, 144.1, 146.0, 146.667, 150.367, 152.733, 171.367, 191.567, 193.433, 198.9, 204.967, 227.767]"
15000,145.67782333333335,226.85786926460386,107.28601568248769,125.99990000000001,144.8665,158.83299999999997,"[90.5, 93.5667, 101.567, 106.467, 106.567, 112.667, 114.4, 115.733, 125.533, 126.2, 130.467, 133.3, 139.3, 142.8, 143.233, 146.5, 147.167, 147.267, 149.267, 155.567, 158.533, 159.533, 170.633, 171.267, 176.933, 177.867, 182.133, 185.033, 213.867, 246.467]"
15500,158.59111999999999,246.96719613365383,116.7961533066789,133.83300000000003,147.65000000000001,165.95319999999998,"[87.0, 91.5333, 95.1333, 102.133, 114.4, 116.367, 120.7, 127.6, 129.633, 135.633, 140.067, 141.667, 143.033, 147.267, 147.5, 147.8, 152.233, 155.0, 161.733, 163.533, 163.633, 171.367, 183.467, 195.1, 212.5, 216.367, 218.9, 236.767, 259.2, 280.467]"
16000,151.07212333333334,235.25818288937538,111.2587065228211,119.083,142.78300000000002,163.03319999999999,"[82.9667, 100.2, 100.833, 109.933, 116.233, 117.5, 117.8, 118.733, 118.733, 119.233, 125.433, 131.733, 140.6, 141.2, 142.433, 143.133, 143.7, 145.467, 153.3, 156.367, 161.133, 167.467, 187.033, 187.467, 196.333, 197.067, 209.1, 226.2, 227.0, 247.833]"
16500,163.9734333333333,255.34884343298623,120.76001643611879,134.44319999999999,149.30000000000001,182.33999999999997,"[100.467, 101.4, 120.967, 121.967, 129.167, 130.867, 131.667, 133.033, 133.067, 135.033, 138.833, 142.8, 143.167, 145.7, 147.2, 151.4, 151.767, 162.767, 165.767, 178.933, 179.4, 189.2, 198.167, 202.333, 202.667, 203.033, 231.967, 238.067, 243.367, 265.033]"
17000,168.93780000000001,263.07964019037126,124.41607820219102,145.38,158.7165,179.62689999999998,"[111.7, 113.3, 122.467, 127.0, 127.767, 133.1, 134.367, 142.167, 143.0, 146.4, 149.433, 153.567, 154.633, 156.633, 158.133, 159.3, 162.2, 171.0, 171.867, 172.667, 177.367, 184.9, 186.133, 196.067, 198.333, 204.333, 215.3, 235.067, 237.633, 322.3]"
17500,176.68559999999999,275.14495911998296,130.12202968667191,154.23699999999999,169.9665,190.07319999999999,"[108.267, 116.367, 131.5, 137.533, 138.067, 140.267, 150.333, 150.367, 151.367, 155.467, 156.067, 159.6, 160.467, 165.7, 167.6, 172.333, 176.3, 181.4, 181.533, 182.6, 187.933, 195.067, 197.033, 198.467, 204.233, 210.7, 229.1, 232.833, 237.8, 324.267]"
18000,181.01107666666667,281.88083969329756,133.30757397114672,157.36690000000002,170.333,187.5068,"[96.1333, 130.867, 133.0, 133.067, 135.067, 138.633, 139.233, 146.567, 156.9, 157.567, 162.6, 164.233, 167.633, 168.133, 170.233, 170.433, 175.433, 177.733, 179.2, 184.467, 187.367, 187.833, 192.2, 204.167, 207.767, 214.833, 216.067, 225.933, 291.2, 415.833]"
18500,185.05771000000001,288.18248942068664,136.28776105334859,160.863,177.43299999999999,190.54300000000001,"[95.5333, 114.367, 139.367, 140.833, 143.2, 149.0, 155.367, 158.067, 158.833, 161.733, 162.133, 171.133, 171.6, 175.067, 176.533, 178.333, 180.733, 180.767, 181.433, 186.3, 189.133, 193.833, 200.167, 204.4, 205.067, 212.533, 249.933, 254.433, 256.433, 405.467]"
19000,192.16330000000002,299.2477220716404,141.52075000616261,150.8869,170.51650000000001,208.13310000000001,"[116.467, 135.733, 137.8, 139.033, 141.5, 142.033, 145.933, 149.367, 150.7, 150.967, 152.4, 153.933, 155.8, 162.233, 170.333, 170.7, 182.9, 186.233, 187.9, 191.433, 206.133, 212.8, 227.5, 228.867, 229.9, 230.267, 236.8, 330.167, 337.0, 402.067]"
19500,189.88333333333333,295.69722709471563,139.84164378423716,164.6131,179.6165,190.42299999999997,"[105.2, 119.567, 128.567, 128.967, 138.433, 140.667, 147.667, 148.367, 163.4, 165.133, 165.533, 170.533, 172.467, 176.333, 178.633, 180.6, 182.867, 183.533, 183.6, 187.367, 188.533, 194.833, 194.967, 199.867, 217.133, 218.5, 273.867, 276.533, 313.933, 450.9]"
20000,198.88663333333335,309.717682697464,146.47222188385604,158.25999999999999,185.31650000000002,215.56989999999996,"[115.4, 119.767, 134.633, 141.067, 142.267, 144.8, 150.2, 151.133, 154.9, 159.7, 164.667, 169.4, 171.367, 171.533, 184.5, 186.133, 198.733, 202.3, 204.333, 209.367, 211.3, 225.533, 231.2, 234.033, 249.133, 283.5, 287.9, 292.467, 293.8, 381.533]"
20500,214.22216666666665,333.59905555457925,157.76624201713764,177.29689999999999,212.86649999999997,228.48320000000001,"[123.9, 135.7, 145.433, 146.2, 148.933, 150.567, 159.2, 167.133, 171.3, 179.867, 190.333, 192.733, 202.533, 205.167, 212.033, 213.7, 214.233, 216.267, 220.4, 224.933, 228.233, 229.067, 240.167, 246.8, 252.233, 270.4, 306.7, 331.033, 332.667, 368.8]"
21000,215.21873333333332,335.15096637674213,158.50017436581095,184.11680000000001,204.53300000000002,220.46319999999997,"[126.667, 138.333, 150.8, 154.633, 160.533, 162.833, 169.133, 175.133, 182.833, 184.667, 184.833, 192.4, 199.133, 201.9, 202.333, 206.733, 211.5, 217.067, 217.133, 217.533, 219.733, 222.167, 228.333, 241.433, 265.6, 271.067, 301.333, 333.9, 354.533, 362.333]"
21500,248.38560000000001,386.80031512467588,182.92627365751264,192.13319999999999,223.60000000000002,251.38310000000001,"[156.833, 164.833, 166.3, 167.5, 168.7, 171.367, 173.167, 178.6, 185.367, 195.033, 196.033, 213.067, 221.067, 221.2, 222.567, 224.633, 225.667, 226.1, 228.933, 233.633, 250.733, 252.9, 257.267, 266.833, 323.167, 325.567, 417.7, 421.267, 427.167, 568.367]"
22000,257.35323333333332,400.76522854661289,189.53058465297116,207.72989999999999,246.69999999999999,278.74009999999998,"[148.7, 157.533, 158.567, 173.033, 174.133, 189.833, 190.733, 196.533, 197.533, 212.1, 214.133, 215.567, 231.133, 245.2, 245.5, 247.9, 256.0, 259.0, 263.633, 268.533, 277.1, 282.567, 288.233, 315.767, 321.033, 321.567, 322.233, 411.867, 444.4, 490.533]"
22500,258.03116666666665,401.82094525066844,190.0298560215806,218.76679999999999,247.083,277.767,"[151.267, 166.0, 167.6, 175.367, 176.567, 180.733, 181.5, 193.333, 215.733, 220.067, 229.233, 237.033, 237.3, 238.767, 243.833, 250.333, 260.133, 264.367, 270.8, 273.767, 275.067, 284.067, 286.667, 298.267, 308.867, 323.0, 365.233, 369.2, 375.467, 521.367]"
23000,284.29786666666666,442.72495835483124,209.37425260608387,227.53999999999999,255.40000000000001,323.17989999999998,"[169.467, 173.433, 174.167, 186.4, 200.1, 210.833, 213.967, 223.8, 223.9, 229.1, 230.733, 238.667, 240.867, 247.467, 255.133, 255.667, 275.367, 289.6, 290.267, 315.633, 320.5, 329.433, 331.7, 359.233, 368.467, 368.767, 417.067, 421.667, 444.367, 523.167]"
23500,301.85553333333331,470.06676480222859,222.30478697463846,249.38679999999999,270.64999999999998,315.85679999999996,"[175.567, 201.333, 201.867, 205.233, 207.467, 218.267, 219.9, 232.767, 241.733, 252.667, 254.533, 257.3, 259.133, 260.633, 268.8, 272.5, 276.8, 286.033, 294.6, 299.667, 311.667, 325.633, 359.1, 361.567, 363.833, 404.3, 453.333, 453.733, 525.933, 609.767]"
24000,308.54226666666665,480.47972980699541,227.22930438469822,249.01679999999996,292.03300000000002,317.7901,"[151.967, 180.967, 191.767, 192.733, 194.267, 201.733, 204.767, 207.367, 219.733, 261.567, 269.6, 287.433, 287.933, 289.633, 290.433, 293.633, 297.867, 313.667, 314.1, 316.333, 316.9, 319.867, 326.7, 339.367, 403.167, 414.367, 450.3, 455.367, 575.633, 687.1]"
24500,340.51443333333339,530.26862313207289,250.77555388181196,262.89009999999996,313.29999999999995,364.31309999999996,"[182.0, 211.033, 215.567, 227.133, 229.1, 236.8, 242.367, 245.967, 251.667, 267.7, 269.633, 282.333, 301.867, 302.767, 306.667, 319.933, 322.2, 334.067, 342.067, 361.467, 361.833, 370.1, 389.833, 408.667, 419.533, 432.033, 456.133, 498.833, 586.533, 839.6]"
25000,359.22663333333338,559.40833516318878,264.55635686690488,271.68310000000002,347.39999999999998,384.97300000000001,"[177.633, 187.833, 195.867, 211.733, 218.167, 218.833, 230.867, 269.767, 271.1, 271.933, 309.3, 325.367, 329.7, 342.067, 347.267, 347.533, 350.133, 353.033, 355.333, 359.6, 384.733, 385.533, 388.767, 411.333, 466.167, 497.733, 504.167, 522.0, 590.967, 952.333]"
25500,376.99663333333331,587.08079926644382,277.64326642564737,288.41680000000002,315.5,408.57310000000001,"[195.533, 230.433, 237.2, 239.0, 251.233, 259.7, 259.8, 260.633, 274.533, 294.367, 299.0, 299.467, 301.8, 309.767, 314.133, 316.867, 336.767, 375.433, 393.467, 402.033, 407.833, 410.3, 413.667, 415.767, 418.2, 430.567, 579.9, 665.333, 806.333, 910.833]"
26000,440.29989999999998,685.66028010224125,324.2636449084626,305.98689999999999,373.93349999999998,448.36310000000003,"[211.633, 238.1, 255.7, 260.733, 272.9, 286.6, 296.967, 303.967, 305.8, 306.067, 329.9, 341.933, 342.3, 359.467, 363.667, 384.2, 405.3, 418.9, 428.2, 434.067, 446.033, 453.8, 465.167, 482.5, 488.133, 519.333, 546.8, 954.1, 1082.03, 1224.7]"
26500,458.91219999999998,714.64442211850564,337.97087545321131,354.26999999999998,396.38300000000004,472.01989999999995,"[207.233, 252.233, 280.433, 281.467, 288.033, 295.5, 336.367, 338.7, 350.0, 356.1, 368.933, 372.867, 374.3, 382.967, 386.233, 406.533, 415.2, 420.167, 441.9, 449.5, 470.9, 474.633, 483.733, 485.2, 545.333, 559.767, 663.267, 778.267, 864.7, 1436.9]"
27000,496.93446666666665,773.85487847515878,365.97278682547113,350.88310000000001,433.0,540.33299999999986,"[261.3, 287.433, 292.433, 292.867, 299.767, 306.467, 313.667, 316.833, 337.7, 356.533, 362.067, 393.5, 395.833, 411.233, 418.767, 447.233, 462.2, 479.9, 512.2, 520.267, 535.833, 550.833, 571.467, 603.467, 610.567, 613.2, 656.1, 929.367, 1141.17, 1227.83]"
27500,521.03773333333334,811.38986899876716,383.72389942743632,386.90699999999998,468.43299999999999,554.80309999999986,"[223.867, 296.467, 309.867, 320.333, 320.6, 347.567, 359.733, 365.233, 376.267, 391.467, 414.033, 420.833, 433.133, 459.3, 460.633, 476.233, 476.4, 484.5, 491.7, 513.233, 541.433, 586.0, 635.4, 657.667, 721.3, 752.233, 759.8, 843.667, 976.533, 1215.7]"
28000,571.12323333333336,889.38588480313331,420.60991004670467,427.99989999999997,546.2165,689.75689999999986,"[313.667, 319.3, 322.2, 347.733, 350.333, 400.0, 405.933, 418.533, 427.533, 428.2, 462.1, 466.1, 502.9, 518.033, 525.533, 566.9, 567.233, 567.333, 572.133, 638.1, 672.767, 729.4, 733.433, 740.5, 749.933, 793.0, 798.7, 812.6, 983.567, 1000.0]"
28500,629.07333333333338,979.62910720212301,463.28789077940507,492.71989999999994,559.18299999999999,682.577,"[236.133, 290.0, 356.533, 360.267, 363.633, 421.467, 428.367, 429.7, 479.933, 498.2, 503.567, 511.833, 523.367, 553.1, 558.433, 559.933, 562.633, 568.067, 676.767, 677.833, 679.667, 689.367, 761.067, 764.267, 816.3, 828.733, 855.233, 892.1, 1236.73, 1788.97]"
29000,674.07633333333331,1049.7103622408843,496.43083905583097,465.37009999999998,595.10000000000002,749.91989999999987,"[331.533, 342.267, 349.867, 355.5, 356.033, 358.1, 381.033, 393.6, 417.467, 485.9, 490.767, 493.067, 505.367, 531.833, 593.6, 596.6, 661.867, 688.833, 690.0, 704.967, 735.9, 782.633, 812.1, 921.433, 970.633, 1039.03, 1072.23, 1310.47, 1354.73, 1494.93]"
29500,715.20026666666672,1113.7509119849094,526.71700654221786,532.58990000000006,634.60000000000002,778.41999999999996,"[246.833, 343.1, 357.367, 367.167, 411.233, 465.467, 473.033, 492.233, 509.233, 542.6, 603.067, 622.2, 630.1, 633.467, 634.1, 635.1, 636.7, 640.0, 651.667, 739.6, 775.3, 785.7, 838.867, 842.867, 878.967, 1114.5, 1328.73, 1335.27, 1389.47, 1532.07]"
30000,763.58433333333335,1189.0973581302574,562.34997809825791,578.52700000000004,681.93350000000009,868.53689999999983,"[306.567, 322.0, 354.0, 363.933, 404.033, 498.667, 538.533, 542.9, 547.167, 591.967, 596.233, 625.167, 637.667, 646.3, 671.767, 692.1, 741.433, 812.933, 813.733, 836.9, 851.967, 907.2, 937.9, 940.233, 999.5, 1005.8, 1091.83, 1120.87, 1450.33, 2057.9]"
30500,945.96906666666666,1473.1173348409175,696.66919644539973,666.73320000000001,840.4665,1154.1900000000001,"[295.333, 404.6, 461.533, 494.5, 508.967, 509.267, 531.5, 565.633, 646.667, 675.333, 715.933, 772.867, 805.067, 835.633, 837.4, 843.533, 906.933, 927.333, 1033.03, 1129.4, 1153.2, 1156.5, 1174.37, 1304.07, 1306.4, 1406.7, 1538.7, 1644.87, 1674.53, 2119.27]"
31000,981.67543333333333,1528.7213387711934,722.9655381020101,713.43000000000006,849.96699999999998,1144.1089999999995,"[351.1, 436.967, 441.6, 552.833, 556.5, 558.133, 667.1, 681.133, 691.8, 722.7, 761.467, 768.9, 812.133, 828.9, 835.967, 863.967, 909.7, 918.6, 943.033, 959.8, 1112.3, 1218.33, 1266.77, 1294.53, 1298.6, 1629.37, 1657.7, 1723.1, 1935.63, 2051.6]"
31500,1164.0292333333334,1812.6931443194303,857.26197525974931,898.86699999999996,1049.97,1241.329,"[396.867, 437.3, 494.967, 507.667, 543.033, 740.133, 791.5, 832.167, 841.467, 923.467, 946.633, 950.833, 981.633, 993.2, 1009.27, 1090.67, 1090.87, 1098.5, 1141.23, 1143.47, 1234.0, 1258.43, 1454.27, 1612.5, 1901.07, 1940.4, 2008.8, 2080.13, 2231.2, 2245.2]"
32000,1225.0783999999999,1907.7624112365361,902.22229730832908,899.75699999999983,1210.2350000000001,1361.9579999999999,"[318.867, 419.067, 499.067, 526.767, 656.9, 674.2, 784.5, 814.9, 823.667, 932.367, 957.8, 1086.93, 1124.47, 1169.9, 1186.47, 1234.0, 1238.6, 1285.93, 1295.03, 1335.03, 1352.37, 1384.33, 1521.1, 1549.8, 1576.73, 1589.13, 1860.0, 1927.1, 2645.03, 2982.3]"
32500,1264.5612000000001,1969.2472939431207,931.29983432160566,1011.6299999999999,1213.8499999999999,1490.6579999999999,"[371.2, 393.333, 446.933, 587.1, 610.033, 802.867, 920.167, 926.833, 1010.93, 1011.93, 1072.9, 1155.17, 1165.17, 1187.77, 1213.7, 1214.0, 1288.07, 1300.97, 1409.43, 1413.1, 1482.87, 1508.83, 1532.13, 1553.77, 1611.3, 1953.53, 2033.5, 2084.6, 2205.5, 2469.2]"
33000,1496.7036666666668,2330.7528693890649,1102.263675965391,1141.549,1400.5350000000001,1695.4619999999998,"[389.367, 607.867, 729.533, 845.333, 876.5, 930.0, 963.3, 983.5, 1136.6, 1143.67, 1146.9, 1157.97, 1170.4, 1363.37, 1365.67, 1435.4, 1516.93, 1648.73, 1661.77, 1668.33, 1674.03, 1745.47, 1846.97, 2047.77, 2052.77, 2103.0, 2401.73, 2531.73, 2744.63, 3011.87]"
33500,1565.4907666666666,2437.872090296044,1152.9226830845907,1186.742,1588.0650000000001,1962.8399999999999,"[292.433, 693.0, 746.4, 766.233, 885.4, 917.167, 1046.13, 1133.33, 1172.07, 1193.03, 1358.9, 1426.73, 1428.3, 1502.6, 1561.63, 1614.5, 1616.37, 1742.13, 1742.37, 1886.67, 1951.23, 1989.93, 2011.67, 2019.93, 2046.0, 2054.57, 2158.37, 2369.67, 2598.13, 3039.83]"
34000,1631.4709,2540.6201415731771,1201.5144691063749,1429.52,1669.3,1917.0619999999999,"[389.6, 716.5, 718.067, 1023.97, 1117.63, 1306.5, 1309.0, 1318.37, 1375.13, 1452.83, 1459.27, 1470.23, 1505.27, 1518.93, 1522.6, 1816.0, 1826.6, 1878.37, 1901.9, 1907.03, 1916.33, 1918.77, 1919.6, 1979.63, 2029.73, 2096.8, 2124.1, 2167.57, 2378.23, 2879.57]"
34500,1723.8674666666666,2684.5053792967201,1269.5609244527448,1576.8599999999999,1657.3499999999999,1978.3300000000002,"[340.767, 791.6, 942.767, 1132.57, 1142.3, 1163.0, 1269.9, 1442.1, 1546.9, 1589.7, 1607.77, 1617.77, 1629.83, 1632.77, 1644.4, 1670.3, 1684.2, 1707.53, 1799.1, 1930.63, 1975.63, 1984.63, 2012.57, 2024.87, 2288.33, 2308.93, 2479.0, 2503.03, 2820.1, 3033.03]"
35000,1848.7348999999999,2878.9561146136739,1361.5209023292582,1534.479,1962.165,2231.989,"[407.267, 751.967, 925.633, 1089.13, 1228.17, 1337.93, 1438.83, 1463.23, 1493.83, 1551.9, 1556.53, 1560.2, 1694.4, 1869.23, 1931.0, 1993.33, 2028.83, 2078.47, 2101.47, 2167.2, 2202.07, 2301.8, 2334.2, 2422.5, 2449.6, 2481.6, 2513.93, 2522.3, 2608.87, 2956.63]"
35500,1895.1386666666665,2951.2187239180716,1395.6954604357104,1699.662,1965.02,2146.0,"[451.067, 668.833, 1353.87, 1370.33, 1388.03, 1398.9, 1517.7, 1569.07, 1607.57, 1739.13, 1751.77, 1852.13, 1867.6, 1886.23, 1954.27, 1975.77, 1991.73, 2069.13, 2076.13, 2120.87, 2145.7, 2146.7, 2204.83, 2223.03, 2270.07, 2306.17, 2359.1, 2550.97, 2706.83, 3330.63]"
36000,2033.3022333333333,3166.3749613385016,1497.4475201588373,1950.8800000000001,2101.6199999999999,2231.5190000000002,"[429.167, 1310.97, 1332.83, 1645.63, 1723.1, 1752.63, 1837.6, 1849.1, 1882.63, 1980.13, 1983.97, 2013.8, 2015.7, 2045.5, 2063.87, 2139.37, 2146.03, 2158.97, 2167.17, 2181.37, 2215.67, 2268.5, 2281.0, 2300.33, 2329.1, 2347.4, 2461.33, 2470.1, 2617.6, 3048.5]"
36500,2089.866766666667,3254.4604997844249,1539.105085266649,1667.6800000000001,2131.2200000000003,2474.3280000000004,"[544.133, 1244.2, 1330.73, 1492.83, 1521.27, 1623.17, 1626.23, 1627.33, 1659.63, 1671.13, 1682.07, 1866.93, 1937.67, 2018.8, 2114.77, 2147.67, 2178.57, 2256.83, 2353.83, 2402.0, 2471.67, 2480.53, 2503.03, 2517.07, 2526.97, 2705.77, 2956.87, 3005.73, 3042.27, 3186.3]"
37000,2109.8841000000002,3285.6326403645912,1553.8470678744452,1734.03,2101.6500000000001,2438.9009999999998,"[419.933, 1172.57, 1293.6, 1349.6, 1477.3, 1542.07, 1587.6, 1642.7, 1703.37, 1747.17, 1802.67, 1828.8, 1921.4, 1924.8, 2059.63, 2143.67, 2179.87, 2182.33, 2182.6, 2225.57, 2437.5, 2442.17, 2536.8, 2809.27, 2851.23, 2927.83, 2929.87, 2993.2, 3374.3, 3607.1]"
37500,2075.7919999999999,3232.542465156117,1528.7395704423905,1851.0409999999999,2123.1149999999998,2208.6999999999998,"[444.6, 1377.23, 1492.6, 1533.37, 1710.67, 1793.2, 1807.97, 1814.53, 1816.3, 1865.93, 1973.93, 2098.7, 2105.27, 2106.87, 2119.13, 2127.1, 2129.13, 2165.9, 2174.5, 2177.77, 2188.3, 2256.3, 2352.5, 2396.53, 2396.73, 2450.0, 2777.13, 2786.97, 2804.8, 3029.8]"
38000,2256.4006666666669,3513.7966488966977,1661.7507851971316,1994.2199999999998,2115.7150000000001,2532.9489999999996,"[575.3, 1460.27, 1637.5, 1666.3, 1693.27, 1831.0, 1947.8, 1961.43, 1975.53, 2002.23, 2008.57, 2038.3, 2076.07, 2101.37, 2104.53, 2126.9, 2154.67, 2281.47, 2314.87, 2506.1, 2515.87, 2572.8, 2599.03, 2616.67, 2698.13, 2723.3, 2928.87, 3392.07, 3436.8, 3745.0]"
38500,2424.3791000000001,3775.382308240406,1785.4603273948014,2100.3499999999999,2292.5500000000002,2748.5,"[413.833, 1503.83, 1594.73, 1761.6, 1977.0, 1984.73, 1997.33, 2006.77, 2069.27, 2113.67, 2145.57, 2181.4, 2245.43, 2253.67, 2277.1, 2308.0, 2391.17, 2614.53, 2633.87, 2710.83, 2716.07, 2824.17, 2911.67, 2943.93, 2994.03, 3153.77, 3204.23, 3253.17, 3390.27, 4155.73]"
39000,2405.5015666666668,3745.9851296515103,1771.5577628801427,2137.9389999999999,2487.5700000000002,2669.761,"[281.767, 1650.1, 1651.47, 1697.23, 1831.07, 1987.4, 2015.73, 2027.13, 2105.83, 2151.7, 2194.43, 2268.7, 2320.17, 2349.57, 2486.07, 2489.07, 2491.53, 2510.9, 2590.03, 2604.0, 2654.83, 2704.6, 2731.87, 2743.47, 2954.1, 2963.87, 3009.17, 3132.17, 3651.1, 3915.97]"
39500,2622.2787666666668,4083.5630297868033,1931.2056869542814,2308.942,2654.5799999999999,2988.6219999999998,"[401.833, 1906.27, 1991.6, 2015.47, 2046.1, 2143.63, 2146.43, 2210.9, 2217.27, 2348.23, 2386.33, 2446.37, 2490.33, 2550.4, 2652.13, 2657.03, 2732.97, 2760.87, 2812.73, 2851.73, 2976.73, 3016.37, 3016.8, 3042.87, 3105.27, 3135.47, 3230.63, 3434.57, 3688.13, 4252.9]"
40000,2565.1467666666667,3994.5937996715998,1889.1302048546711,2220.6900000000001,2603.2150000000001,2920.1689999999999,"[406.733, 1846.4, 1913.4, 1984.83, 2035.87, 2052.2, 2132.9, 2139.3, 2220.27, 2220.87, 2309.43, 2501.03, 2543.0, 2554.67, 2597.03, 2609.4, 2687.27, 2792.57, 2818.3, 2842.43, 2907.47, 2949.8, 3025.07, 3066.43, 3135.63, 3162.47, 3250.43, 3395.17, 3410.43, 3443.6]"
40500,2713.1622333333335,4225.091981329444,1998.137803366868,2509.71,2720.8499999999999,3013.5699999999997,"[496.367, 1747.13, 1883.7, 2131.0, 2221.07, 2257.23, 2270.3, 2453.8, 2464.63, 2529.03, 2604.67, 2606.97, 2614.67, 2640.3, 2713.7, 2728.0, 2768.3, 2768.33, 2805.6, 2809.17, 2961.37, 3135.37, 3195.27, 3219.33, 3250.07, 3281.33, 3296.3, 3759.4, 3763.23, 4019.23]"
41000,2765.5722333333333,4306.7078419738782,2036.7357172652187,2470.8620000000001,2806.8150000000001,3212.4300000000003,"[412.267, 1769.53, 1887.67, 1900.7, 1955.7, 2163.7, 2297.67, 2325.67, 2356.37, 2519.93, 2610.1, 2658.17, 2700.43, 2773.8, 2798.0, 2815.63, 2865.3, 2894.8, 3052.7, 3095.07, 3186.3, 3273.4, 3290.37, 3290.83, 3317.73, 3324.03, 3346.0, 3566.8, 3850.23, 4668.27]"
41500,2641.7034333333336,4113.8122358110604,1945.5111937564982,2502.1399999999999,2703.1149999999998,2977.1980000000003,"[471.633, 1787.33, 1810.3, 2071.87, 2111.6, 2122.97, 2365.5, 2466.77, 2470.5, 2515.7, 2532.23, 2533.67, 2580.4, 2663.97, 2696.33, 2709.9, 2732.4, 2739.73, 2851.63, 2959.1, 2976.37, 2979.13, 3016.2, 3026.0, 3060.07, 3084.73, 3121.6, 3162.5, 3739.9, 3891.07]"
42000,2623.6842333333334,4085.7517031622483,1932.2407581503701,2440.4690000000001,2605.0,2841.962,"[462.467, 1618.83, 1792.23, 2075.67, 2134.3, 2286.9, 2292.17, 2306.63, 2338.5, 2484.17, 2484.83, 2538.6, 2538.8, 2563.23, 2604.5, 2605.5, 2656.03, 2669.93, 2700.37, 2721.2, 2808.53, 2919.97, 3044.07, 3086.73, 3239.67, 3270.27, 3352.43, 3581.5, 3641.9, 3890.6]"
42500,2611.1816666666664,4066.2819886275329,1923.0331070969755,2358.5,2686.6000000000004,2836.3589999999995,"[431.3, 1711.4, 1967.77, 1973.37, 2123.8, 2201.1, 2220.9, 2236.93, 2287.17, 2389.07, 2494.67, 2565.27, 2585.1, 2593.53, 2680.8, 2692.4, 2722.83, 2724.4, 2744.8, 2778.37, 2816.97, 2881.6, 2987.7, 3066.2, 3091.47, 3210.63, 3304.83, 3402.37, 3440.2, 4008.5]"
43000,2716.1542333333337,4229.7512954879667,2000.3412942728755,2390.0689999999995,2690.9650000000001,3001.2209999999995,"[644.267, 1881.13, 2006.7, 2280.93, 2286.57, 2296.0, 2303.23, 2306.57, 2338.43, 2412.2, 2549.5, 2553.1, 2602.0, 2611.17, 2656.4, 2725.53, 2833.07, 2851.2, 2851.63, 2863.73, 2957.43, 3103.4, 3264.57, 3279.73, 3317.77, 3373.73, 3524.17, 3542.1, 3598.57, 3669.8]"
43500,2826.5981000000002,4401.7408247934263,2081.6788797756603,2561.9099999999999,2909.2350000000001,3152.6499999999992,"[534.833, 1943.93, 2091.0, 2159.63, 2187.5, 2304.87, 2366.23, 2463.17, 2558.97, 2563.17, 2567.5, 2576.03, 2626.7, 2827.4, 2882.57, 2935.9, 2943.77, 2948.37, 2977.2, 3034.53, 3067.03, 3352.43, 3400.27, 3439.7, 3467.77, 3482.17, 3591.23, 3660.67, 3873.1, 3970.3]"
44000,2903.8807666666667,4522.0898298095872,2138.5945392649746,2767.5100000000002,2943.75,3247.1919999999991,"[730.233, 2031.1, 2062.9, 2092.1, 2357.03, 2433.73, 2533.03, 2601.23, 2735.87, 2781.07, 2805.4, 2832.73, 2870.5, 2873.83, 2904.03, 2983.47, 3070.07, 3095.9, 3096.2, 3120.03, 3212.83, 3327.37, 3346.97, 3378.7, 3515.07, 3549.03, 3635.93, 3656.87, 3666.23, 3816.97]"
44500,2869.1316666666667,4467.9765364854211,2113.0031870450703,2693.9099999999999,2908.665,3244.8699999999999,"[636.6, 1826.37, 1891.87, 2134.97, 2379.6, 2442.33, 2468.07, 2612.87, 2681.03, 2699.43, 2790.6, 2802.83, 2808.07, 2809.17, 2869.23, 2948.1, 3009.73, 3164.7, 3219.7, 3233.37, 3242.17, 3251.17, 3273.7, 3342.6, 3391.27, 3449.63, 3510.07, 3545.07, 3783.93, 3855.7]"
45000,2757.6109999999999,4294.3101524052627,2030.872580483599,2404.6610000000001,2672.6149999999998,3071.9200000000001,"[1136.17, 1958.07, 1971.33, 2048.77, 2063.9, 2215.93, 2311.13, 2312.37, 2389.8, 2411.03, 2411.27, 2413.03, 2434.87, 2526.77, 2597.7, 2747.53, 2755.03, 2830.33, 3009.47, 3057.5, 3069.13, 3078.43, 3133.97, 3211.1, 3236.4, 3390.0, 3640.1, 3691.47, 4144.7, 4531.03]"
45500,2889.5909999999999,4499.8369848390057,2128.07068535489,2735.6300000000001,2988.4000000000001,3132.319,"[1387.23, 1694.1, 2058.37, 2337.63, 2506.93, 2522.17, 2581.53, 2607.83, 2684.67, 2757.47, 2823.73, 2838.87, 2863.43, 2864.1, 2973.57, 3003.23, 3022.63, 3052.07, 3064.8, 3089.73, 3123.37, 3153.2, 3191.47, 3255.97, 3260.47, 3426.43, 3442.83, 3445.73, 3453.87, 4200.3]"
46000,2915.9899999999998,4540.9470230979714,2147.5125157117409,2408.9789999999998,2759.3649999999998,3357.9200000000001,"[1847.33, 2010.77, 2147.87, 2277.93, 2293.87, 2307.93, 2321.67, 2371.03, 2382.4, 2420.37, 2471.07, 2476.63, 2598.37, 2717.2, 2731.7, 2787.03, 2953.77, 3073.63, 3140.4, 3176.67, 3349.4, 3377.8, 3418.0, 3561.33, 3618.77, 3721.03, 3769.23, 3823.8, 3864.97, 4467.73]"
46500,2897.7663333333335,4512.5680832182306,2134.091498407558,2667.77,2941.6000000000004,3024.9399999999996,"[1217.37, 2353.47, 2363.5, 2455.67, 2482.1, 2490.9, 2533.53, 2588.93, 2594.83, 2699.03, 2736.73, 2808.37, 2849.73, 2856.8, 2931.07, 2952.13, 2954.37, 2980.03, 2988.47, 3019.53, 3021.43, 3033.13, 3128.57, 3280.63, 3430.73, 3489.57, 3527.83, 3574.5, 3751.27, 3838.77]"
47000,2812.3912333333333,4379.6170764617964,2071.2160784712269,2620.0919999999996,2861.6799999999998,3153.0120000000002,"[828.867, 1433.27, 2243.83, 2261.9, 2290.17, 2375.5, 2478.83, 2587.4, 2599.47, 2628.93, 2657.87, 2667.93, 2732.83, 2793.9, 2855.43, 2867.93, 2881.2, 2908.73, 2940.53, 2978.8, 3152.73, 3153.67, 3172.07, 3174.67, 3189.1, 3271.87, 3316.37, 3470.4, 3977.67, 4479.87]"
47500,2894.2516666666666,4507.0948425222123,2131.503083956472,2569.9209999999998,2781.75,3254.1779999999999,"[1556.3, 1986.27, 2229.7, 2398.4, 2431.9, 2470.9, 2520.23, 2548.9, 2548.97, 2578.9, 2612.17, 2629.27, 2648.97, 2703.93, 2781.03, 2782.47, 2863.07, 3101.87, 3179.63, 3197.03, 3240.87, 3285.23, 3312.77, 3373.5, 3383.17, 3401.5, 3503.1, 3542.77, 3917.13, 4097.6]"
48000,2987.0929999999998,4651.6726964313284,2199.8770925465901,2781.6579999999994,3059.7849999999999,3180.5699999999997,"[1081.9, 2277.1, 2317.2, 2562.13, 2603.47, 2656.07, 2706.53, 2724.8, 2759.93, 2790.97, 2854.47, 2867.97, 2901.57, 3011.43, 3048.6, 3070.97, 3085.27, 3147.1, 3152.5, 3162.0, 3180.57, 3180.57, 3255.77, 3267.6, 3318.03, 3359.67, 3488.5, 3574.4, 3963.93, 4241.77]"
48500,2936.5666666666666,4572.9901896538513,2162.6664254296397,2604.5309999999999,3032.585,3214.9209999999998,"[1676.63, 2012.23, 2095.33, 2269.63, 2333.5, 2439.07, 2462.37, 2523.1, 2591.77, 2610.0, 2660.0, 2836.03, 2884.2, 2934.37, 3024.17, 3041.0, 3049.23, 3121.77, 3174.23, 3188.47, 3194.5, 3262.57, 3283.57, 3310.17, 3410.33, 3571.5, 3626.8, 3696.1, 3895.13, 3919.23]"
49000,3024.502,4709.9281387295096,2227.4273570194659,2606.6079999999997,2913.8299999999999,3343.9809999999998,"[1652.97, 2174.7, 2203.2, 2224.27, 2251.47, 2296.2, 2454.03, 2531.93, 2585.93, 2615.47, 2774.53, 2802.17, 2828.3, 2880.1, 2880.63, 2947.03, 3122.5, 3170.9, 3203.73, 3280.33, 3335.53, 3363.7, 3455.43, 3463.87, 3594.97, 3699.73, 3747.97, 4197.03, 4493.57, 4502.87]"
49500,2945.902,4587.5277066239469,2169.5415330849046,2435.8399999999997,3100.2649999999999,3356.4989999999998,"[1585.37, 2072.3, 2168.07, 2213.7, 2243.83, 2261.5, 2271.03, 2292.3, 2388.87, 2455.97, 2542.57, 2815.8, 2927.77, 3044.63, 3096.33, 3104.2, 3221.37, 3328.13, 3339.27, 3353.07, 3353.97, 3362.4, 3426.87, 3462.83, 3522.07, 3556.0, 3563.17, 3694.47, 3730.63, 3978.57]"
50000,2922.9043333333334,4551.714419888327,2152.6046516145175,2781.8499999999999,2933.2849999999999,3253.248,"[1637.73, 1910.5, 2156.47, 2246.63, 2418.8, 2491.23, 2571.67, 2686.1, 2691.83, 2820.43, 2837.0, 2850.37, 2859.93, 2893.37, 2923.37, 2943.2, 2960.6, 2966.2, 3052.2, 3070.57, 3250.17, 3260.43, 3279.3, 3346.4, 3419.53, 3459.37, 3518.83, 3581.8, 3649.63, 3933.47]"
50500,3139.9593333333332,4889.7249261309853,2312.4571645167603,2718.5010000000002,3329.4200000000001,3620.6999999999998,"[1594.87, 1833.87, 1912.5, 2079.2, 2249.6, 2318.63, 2423.53, 2424.7, 2623.07, 2759.4, 2760.0, 2832.73, 2975.0, 3054.07, 3200.17, 3458.67, 3466.7, 3499.27, 3499.73, 3535.53, 3610.77, 3643.87, 3655.47, 3678.03, 3860.57, 3928.33, 4056.87, 4169.47, 4180.73, 4913.43]"
51000,2713.587,4225.7534523668992,1998.45062739333,2502.02,2614.915,2888.4119999999998,"[1597.07, 1893.27, 2081.57, 2186.33, 2248.17, 2251.2, 2329.17, 2376.07, 2383.3, 2552.9, 2558.9, 2563.87, 2582.93, 2600.6, 2614.73, 2615.1, 2675.87, 2747.4, 2800.33, 2852.5, 2860.23, 2954.17, 2955.1, 2980.1, 3222.3, 3372.73, 3410.23, 3597.73, 3726.67, 3817.07]"
51500,2923.3879999999999,4552.4676133869916,2152.9608531858876,2513.3609999999999,2876.5799999999999,3334.0599999999995,"[1987.8, 2083.0, 2143.6, 2308.27, 2313.03, 2316.7, 2388.9, 2409.23, 2505.57, 2516.7, 2606.07, 2628.0, 2642.23, 2724.77, 2763.13, 2990.03, 3095.17, 3114.37, 3129.0, 3239.73, 3288.67, 3439.97, 3464.33, 3480.47, 3545.8, 3570.13, 3583.63, 3717.67, 3736.57, 3969.1]"
52000,3011.846,4690.2194890001456,2218.1067083207918,2696.98,3101.8500000000004,3259.0409999999997,"[1537.83, 2268.63, 2358.53, 2384.93, 2480.37, 2481.47, 2509.33, 2513.6, 2586.87, 2744.17, 2758.67, 2887.53, 2904.07, 3014.47, 3092.13, 3111.57, 3138.07, 3172.07, 3176.1, 3228.87, 3254.1, 3270.57, 3291.13, 3320.27, 3394.03, 3546.37, 3634.9, 3830.27, 3980.43, 4484.03]"
52500,3043.8399999999997,4740.0423824452519,2241.6690372134422,2575.0599999999999,2984.4349999999999,3378.3499999999999,"[1722.9, 1994.93, 2077.97, 2264.1, 2325.13, 2350.47, 2432.5, 2519.07, 2552.87, 2584.57, 2645.13, 2862.8, 2919.13, 2937.07, 2945.9, 3022.97, 3079.2, 3080.7, 3293.47, 3338.77, 3368.0, 3402.5, 3441.77, 3494.27, 3556.17, 3682.7, 3766.07, 3909.07, 4870.43, 4874.57]"
53000,2850.6279999999997,4439.1615645320198,2099.3759606988806,2639.529,2860.8649999999998,3047.6179999999999,"[1649.9, 1784.07, 2139.1, 2225.7, 2317.13, 2367.7, 2479.7, 2597.9, 2625.9, 2645.37, 2674.3, 2751.03, 2784.9, 2827.23, 2839.53, 2882.2, 2912.77, 2957.2, 2978.07, 2983.37, 3043.37, 3057.53, 3086.5, 3170.73, 3482.93, 3487.67, 3522.27, 3565.07, 3679.9, 3999.8]"
53500,2913.8596666666663,4537.6295457375527,2145.9436085838115,2756.75,2988.335,3145.5999999999999,"[2110.8, 2121.23, 2132.4, 2325.5, 2411.83, 2467.2, 2589.77, 2651.5, 2735.47, 2765.87, 2854.83, 2878.27, 2912.73, 2913.67, 2979.67, 2997.0, 3000.9, 3035.93, 3099.9, 3123.53, 3145.27, 3146.37, 3166.9, 3178.2, 3212.33, 3338.13, 3365.53, 3427.53, 3556.8, 3770.73]"
54000,3089.3146666666667,4810.8581438938072,2275.1593495308666,2782.3819999999996,2966.1500000000001,3166.8600000000001,"[2037.27, 2375.73, 2499.27, 2563.7, 2572.33, 2629.87, 2715.77, 2764.6, 2775.27, 2785.43, 2804.33, 2903.67, 2919.3, 2949.43, 2949.53, 2982.77, 3065.57, 3136.67, 3144.73, 3149.67, 3164.7, 3171.9, 3331.9, 3633.07, 3678.73, 3764.87, 3766.0, 3954.43, 4130.7, 4358.23]"
54500,2934.2179999999998,4569.3327110931396,2160.9367243463362,2575.5299999999997,3006.7350000000001,3282.5799999999999,"[1867.27, 2088.77, 2162.93, 2335.77, 2365.93, 2381.47, 2460.33, 2496.87, 2522.33, 2598.33, 2615.0, 2636.23, 2643.07, 2743.5, 2995.3, 3018.17, 3073.37, 3126.03, 3136.37, 3190.93, 3248.8, 3361.4, 3392.77, 3434.4, 3477.2, 3513.13, 3588.8, 3671.8, 3840.47, 4039.8]"
55000,3078.4603333333334,4793.9551529241153,2267.1655578227196,2729.8800000000001,2986.5699999999997,3275.7089999999998,"[2341.77, 2460.73, 2485.37, 2530.77, 2540.23, 2591.73, 2594.4, 2677.13, 2724.0, 2732.4, 2834.9, 2880.77, 2948.93, 2955.9, 2973.97, 2999.17, 3001.7, 3014.27, 3076.1, 3214.73, 3271.2, 3286.23, 3412.3, 3504.67, 3510.3, 3610.47, 3762.57, 3936.0, 3972.4, 4508.7]"
55500,2984.6983333333333,4647.9435840299448,2198.1135142635289,2657.3979999999997,2962.7150000000001,3258.4589999999998,"[1988.27, 2063.63, 2094.33, 2142.77, 2226.3, 2355.2, 2484.23, 2500.23, 2527.73, 2712.97, 2795.17, 2834.3, 2880.63, 2944.2, 2953.63, 2971.8, 2998.93, 3028.27, 3108.23, 3200.53, 3243.3, 3293.83, 3427.83, 3508.67, 3585.2, 3621.97, 3654.6, 3848.8, 4130.2, 4415.2]"
56000,2829.563333333333,4406.3584563620498,2083.8626580791997,2451.8789999999999,2832.5,3132.3509999999992,"[1897.9, 2018.93, 2100.33, 2177.67, 2258.23, 2287.63, 2328.37, 2448.43, 2450.5, 2452.47, 2554.53, 2718.07, 2726.03, 2727.53, 2748.6, 2916.4, 3018.7, 3047.27, 3055.87, 3089.27, 3098.43, 3211.5, 3212.37, 3247.27, 3280.77, 3336.5, 3457.4, 3525.23, 3678.5, 3816.2]"
56500,3097.2966666666666,4823.2881725078869,2281.0377801497684,2735.6790000000001,2974.5700000000002,3256.9099999999994,"[2072.47, 2130.53, 2238.43, 2246.03, 2414.47, 2523.07, 2562.77, 2564.8, 2699.3, 2751.27, 2760.93, 2775.27, 2897.87, 2909.8, 2952.07, 2997.07, 3099.93, 3144.1, 3144.53, 3181.93, 3217.1, 3349.8, 3435.77, 3464.5, 3528.53, 3581.13, 3678.33, 3805.57, 5298.33, 5493.2]"
57000,3121.1999999999998,4860.5118153674703,2298.6416496762631,2704.0420000000004,3144.5,3428.0309999999999,"[2205.03, 2253.0, 2415.73, 2534.97, 2563.5, 2618.77, 2620.93, 2677.73, 2697.07, 2707.03, 2778.3, 2896.67, 2944.23, 2966.93, 3125.73, 3163.27, 3220.27, 3336.7, 3374.8, 3410.63, 3410.7, 3468.47, 3480.97, 3484.73, 3670.57, 3747.33, 3827.67, 3833.87, 4073.07, 4127.33]"
57500,3073.4386666666669,4786.1351253173716,2263.4672968491227,2802.4700000000003,3068.8299999999999,3401.04,"[1526.6, 2364.7, 2401.2, 2514.47, 2530.53, 2532.2, 2658.6, 2662.0, 2742.83, 2828.03, 2840.37, 2911.83, 2944.4, 2965.1, 3008.33, 3129.33, 3180.8, 3225.83, 3283.63, 3395.8, 3396.6, 3411.4, 3495.63, 3578.13, 3614.23, 3616.73, 3661.07, 3788.63, 3826.93, 4167.23]"
58000,3097.0906666666665,4822.9673774822659,2280.886069211721,2807.8290000000002,3029.7649999999999,3302.3009999999995,"[2005.07, 2139.4, 2250.5, 2389.27, 2412.93, 2619.5, 2642.13, 2699.57, 2740.23, 2836.8, 2838.73, 2908.83, 2930.93, 3022.27, 3025.33, 3034.2, 3121.2, 3228.8, 3231.3, 3241.77, 3276.93, 3361.5, 3515.63, 3673.3, 3675.53, 3759.0, 3827.07, 3918.07, 4169.63, 4417.3]"
58500,3118.0450000000001,4855.5986682517832,2296.3181156493733,2837.5209999999997,2996.4000000000001,3419.2509999999997,"[2315.03, 2330.0, 2461.27, 2468.6, 2485.6, 2518.5, 2545.27, 2604.53, 2759.17, 2871.1, 2907.73, 2933.53, 2944.53, 2974.03, 2988.0, 3004.8, 3010.07, 3138.3, 3176.4, 3277.07, 3414.1, 3431.27, 3441.73, 3464.03, 3703.8, 3848.43, 3863.13, 4121.53, 4237.73, 4302.07]"
59000,2925.9649999999997,4556.4806657220552,2154.8587128332069,2638.8589999999999,2898.4200000000001,3139.8999999999996,"[1814.1, 2195.2, 2353.57, 2389.93, 2488.73, 2546.8, 2587.13, 2601.37, 2623.83, 2645.3, 2655.97, 2688.13, 2695.1, 2856.27, 2877.87, 2918.97, 2924.77, 2941.37, 3034.2, 3035.8, 3124.3, 3176.3, 3199.17, 3203.8, 3224.77, 3332.5, 3387.37, 3941.53, 4092.2, 4222.6]"
59500,3091.4916666666668,4814.2482932665016,2276.7626248324641,2714.9490000000001,2935.9499999999998,3256.4189999999999,"[2043.53, 2254.43, 2332.3, 2346.97, 2360.8, 2463.03, 2646.67, 2650.83, 2658.13, 2739.3, 2768.4, 2797.53, 2878.23, 2901.5, 2920.3, 2951.6, 3038.37, 3048.53, 3114.1, 3114.5, 3239.7, 3295.43, 3543.77, 3796.37, 3838.0, 3893.3, 3979.2, 4073.53, 4501.13, 4555.27]"
60000,3025.6566666666668,4711.7262519475489,2228.2777238307863,2741.741,2997.5999999999999,3172.3989999999994,"[2272.0, 2293.57, 2401.0, 2439.67, 2553.5, 2584.1, 2610.03, 2616.43, 2722.47, 2750.0, 2798.67, 2844.83, 2935.73, 2963.4, 2980.7, 3014.5, 3044.83, 3125.93, 3160.07, 3160.93, 3166.27, 3186.7, 3355.07, 3361.83, 3418.03, 3486.97, 3566.67, 3620.63, 3686.8, 4648.37]"
60500,3028.7476666666666,4716.539734589257,2230.5541243623602,2741.4790000000003,2900.8999999999996,3250.4899999999998,"[2249.97, 2317.3, 2543.3, 2560.7, 2589.27, 2592.73, 2636.1, 2695.97, 2712.03, 2754.1, 2770.13, 2778.53, 2817.57, 2870.6, 2886.2, 2915.6, 2936.53, 3157.9, 3213.27, 3233.93, 3238.7, 3278.0, 3307.37, 3329.9, 3530.23, 3638.8, 3657.7, 3777.77, 3778.73, 4093.5]"
61000,2972.2613333333334,4628.5759736724776,2188.9541504941376,2697.4789999999998,3023.1499999999996,3299.9010000000003,"[1923.5, 2071.93, 2211.67, 2383.8, 2459.8, 2475.53, 2633.97, 2653.1, 2653.4, 2716.37, 2716.87, 2718.77, 2747.4, 2764.97, 3020.37, 3025.93, 3109.33, 3154.03, 3198.3, 3257.4, 3299.4, 3301.07, 3325.0, 3374.23, 3438.93, 3559.0, 3574.3, 3662.7, 3771.87, 3964.9]"
61500,3141.7066666666665,4892.4459739049353,2313.74400713366,2724.9589999999998,3008.165,3512.96,"[2013.53, 2303.67, 2397.53, 2417.63, 2490.03, 2580.3, 2580.83, 2628.23, 2644.2, 2759.57, 2761.03, 2771.07, 2808.43, 2914.27, 2968.83, 3047.5, 3177.03, 3298.1, 3349.37, 3369.37, 3509.63, 3520.73, 3614.63, 3670.53, 3729.57, 3770.47, 3946.43, 4131.03, 4352.93, 4724.73]"
62000,3114.9230000000002,4850.7369106304914,2294.0188848310058,2770.6099999999997,2991.085,3254.3299999999999,"[2199.5, 2486.0, 2557.73, 2565.9, 2579.67, 2605.37, 2638.73, 2647.33, 2718.53, 2792.93, 2800.17, 2816.33, 2896.1, 2969.47, 2990.2, 2991.97, 3010.67, 3116.3, 3161.23, 3221.63, 3249.53, 3265.53, 3428.77, 3710.63, 3711.57, 3888.27, 3972.7, 3991.2, 4138.03, 4325.7]"
62500,3140.5583333333334,4890.6577233171338,2312.8983045744803,2761.2199999999998,3012.7650000000003,3417.799,"[2187.63, 2360.87, 2455.77, 2480.93, 2547.67, 2645.3, 2646.03, 2701.37, 2734.13, 2772.83, 2853.53, 2892.53, 2931.63, 2967.27, 2983.9, 3041.63, 3049.93, 3065.97, 3077.8, 3268.1, 3407.8, 3441.13, 3512.57, 3520.67, 3533.93, 3559.5, 3916.1, 3975.23, 4078.83, 5606.17]"
63000,2985.3463333333334,4648.9526868289831,2198.5907409036004,2645.0410000000002,2955.585,3309.6710000000003,"[2177.0, 2194.3, 2221.67, 2304.4, 2363.73, 2408.17, 2420.47, 2573.3, 2643.27, 2645.8, 2731.37, 2891.77, 2930.7, 2935.27, 2941.97, 2969.2, 3107.7, 3114.3, 3225.07, 3298.23, 3305.9, 3318.47, 3431.23, 3457.63, 3498.47, 3505.93, 3508.07, 3527.5, 3910.5, 3999.0]"
63500,3008.5283333333336,4685.0530280130952,2215.6633766599743,2725.1280000000002,2963.9650000000001,3198.6979999999999,"[1606.7, 2296.03, 2466.37, 2493.63, 2526.13, 2652.73, 2680.07, 2684.43, 2704.03, 2734.17, 2811.83, 2833.6, 2855.57, 2874.7, 2952.2, 2975.73, 3011.47, 3074.87, 3102.07, 3161.4, 3190.37, 3218.13, 3294.23, 3339.53, 3477.63, 3578.67, 3788.83, 3850.6, 3965.9, 4054.23]"
64000,3179.1683333333335,4950.7834317598281,2341.3330585453891,2868.4520000000002,3112.8299999999999,3552.0799999999999,"[2189.47, 2287.67, 2413.93, 2436.8, 2461.3, 2676.6, 2757.53, 2847.9, 2850.07, 2876.33, 2876.37, 2899.97, 2926.33, 2999.07, 3103.83, 3121.83, 3124.37, 3336.43, 3358.13, 3383.73, 3542.93, 3573.43, 3602.03, 3607.1, 3607.33, 3717.6, 4044.63, 4184.17, 4252.8, 4315.37]"
64500,2970.2563333333333,4625.4536725736016,2187.4775464612012,2706.8110000000001,2990.3649999999998,3071.9000000000001,"[2153.0, 2243.53, 2314.57, 2378.67, 2392.97, 2572.93, 2612.53, 2619.37, 2704.9, 2707.63, 2718.03, 2809.93, 2810.5, 2830.93, 2982.2, 2998.53, 3008.27, 3008.87, 3038.87, 3064.03, 3070.4, 3075.4, 3138.23, 3186.03, 3189.53, 3210.13, 3536.37, 3900.07, 4050.97, 4780.3]"
65000,3119.6370000000002,4858.0778220420125,2297.4905613453507,2843.7779999999998,3061.1149999999998,3338.0679999999993,"[2405.1, 2444.1, 2520.9, 2587.5, 2744.83, 2750.57, 2770.87, 2800.2, 2808.33, 2858.97, 2879.83, 2945.9, 2963.63, 3042.9, 3053.0, 3069.23, 3165.63, 3234.8, 3267.4, 3275.07, 3296.47, 3435.13, 3441.23, 3462.83, 3492.63, 3572.6, 3627.83, 3744.07, 3881.13, 4046.43]"
65500,2971.1653333333329,4626.869219555585,2188.1469893868566,2621.248,2997.9000000000001,3209.1480000000001,"[1772.03, 1934.0, 2383.97, 2459.93, 2518.47, 2543.8, 2557.87, 2608.8, 2612.33, 2625.07, 2778.67, 2811.17, 2843.23, 2888.93, 2991.27, 3004.53, 3029.2, 3060.43, 3125.93, 3170.0, 3194.07, 3244.33, 3249.6, 3283.33, 3404.93, 3683.5, 3741.9, 3743.1, 3824.47, 4046.1]"
66000,3132.2076666666667,4877.6535858060715,2306.7483653836043,2863.3410000000003,3007.9499999999998,3386.748,"[1792.47, 2072.03, 2467.13, 2809.97, 2832.6, 2837.8, 2839.97, 2851.33, 2859.4, 2865.03, 2899.33, 2910.87, 2912.43, 2965.63, 2996.97, 3018.93, 3022.17, 3232.17, 3266.23, 3277.2, 3369.87, 3426.13, 3455.7, 3634.37, 3646.63, 3778.7, 3866.3, 3945.33, 3978.77, 4134.77]"
66500,3089.6059999999998,4811.3118248847331,2275.3739051293351,2854.0210000000002,3150.0699999999997,3393.1689999999999,"[1635.87, 1775.8, 1938.97, 2293.9, 2339.8, 2388.83, 2598.17, 2693.03, 2850.5, 2855.53, 2876.2, 2930.4, 3010.77, 3017.4, 3139.27, 3160.87, 3211.37, 3245.7, 3279.13, 3306.23, 3387.37, 3406.7, 3437.9, 3752.87, 3814.8, 3962.87, 3973.43, 3998.97, 4012.7, 4392.83]"
67000,3224.3013333333333,5021.0671302613591,2374.5717467341751,2997.9409999999998,3257.4000000000001,3502.598,"[2000.6, 2184.57, 2287.0, 2466.77, 2561.57, 2706.43, 2919.47, 2935.67, 2936.67, 3024.2, 3068.9, 3069.43, 3116.1, 3243.83, 3256.63, 3258.17, 3273.2, 3382.67, 3424.4, 3496.7, 3499.07, 3510.83, 3537.63, 3643.0, 3651.63, 3979.87, 4013.03, 4015.03, 4037.2, 4228.77]"
67500,3303.112333333333,5143.7961436795722,2432.6129639111059,2834.0499999999997,3199.8299999999999,3538.1399999999994,"[2236.6, 2556.17, 2569.23, 2610.27, 2614.1, 2648.53, 2701.73, 2756.7, 2777.07, 2858.47, 2972.83, 3063.03, 3063.73, 3079.93, 3154.53, 3245.13, 3289.7, 3294.13, 3478.8, 3492.5, 3504.03, 3617.73, 3800.37, 3910.3, 3952.9, 3999.8, 4057.73, 4414.13, 4475.3, 4897.9]"
68000,3170.4586666666664,4937.2202388400383,2334.9187299042264,3023.2579999999998,3219.5299999999997,3335.9889999999996,"[2224.77, 2261.13, 2284.1, 2536.43, 2582.8, 2823.93, 2869.83, 2919.1, 3016.93, 3025.97, 3077.0, 3077.03, 3109.8, 3119.67, 3205.63, 3233.43, 3235.67, 3258.5, 3300.07, 3315.63, 3335.47, 3337.2, 3408.43, 3484.5, 3518.07, 3523.6, 3794.63, 3874.0, 4163.87, 4196.57]"
68500,3162.5096666666664,4924.8415997203547,2329.0646024938465,2971.3900000000003,3179.7650000000003,3403.8890000000001,"[2197.1, 2481.97, 2509.8, 2566.17, 2583.97, 2681.87, 2858.2, 2891.2, 2921.97, 2992.57, 3074.17, 3127.3, 3138.13, 3148.33, 3176.5, 3183.03, 3282.37, 3319.77, 3326.37, 3341.7, 3396.77, 3420.5, 3436.37, 3490.23, 3514.3, 3618.23, 3630.4, 3761.9, 3832.0, 3972.1]"
69000,3238.2036666666668,5042.7166418043062,2384.8102711567317,2883.6799999999998,3236.48,3543.8919999999998,"[2026.9, 2073.43, 2726.17, 2755.03, 2767.67, 2778.87, 2789.83, 2795.53, 2865.97, 2891.27, 2912.67, 2977.83, 2983.2, 3029.07, 3180.93, 3292.03, 3336.97, 3367.07, 3400.07, 3401.67, 3530.23, 3575.77, 3597.87, 3605.93, 3740.0, 3753.97, 3954.43, 4276.93, 4343.23, 4415.57]"
69500,3192.0700000000002,4970.874647725248,2350.8346311297291,3081.0309999999999,3205.23,3439.8779999999997,"[2132.17, 2199.57, 2234.7, 2422.33, 2826.93, 2834.9, 2931.1, 3045.1, 3070.37, 3085.6, 3099.3, 3107.07, 3132.2, 3162.3, 3196.63, 3213.83, 3245.33, 3252.27, 3281.67, 3297.5, 3438.27, 3443.63, 3494.3, 3521.6, 3579.8, 3593.3, 3738.93, 3760.07, 3795.6, 4625.73]"
70000,3257.7793333333334,5073.2009936968561,2399.2269835494581,2956.7310000000002,3193.1999999999998,3579.8000000000002,"[2399.9, 2591.2, 2609.07, 2746.0, 2776.63, 2797.6, 2814.93, 2827.43, 2871.8, 2993.13, 2994.97, 3014.93, 3019.33, 3136.3, 3145.13, 3241.27, 3247.57, 3321.9, 3345.27, 3518.3, 3571.13, 3600.03, 3646.53, 3671.27, 3673.7, 3702.73, 3737.07, 3791.63, 4441.7, 4484.93]"
70500,3236.338666666667,5039.812356742259,2383.4367716447982,2822.1289999999999,3012.3850000000002,3606.9789999999994,"[1933.67, 2303.27, 2388.07, 2480.93, 2504.77, 2535.37, 2613.43, 2681.43, 2816.2, 2824.67, 2834.93, 2922.13, 2938.7, 2948.43, 3011.57, 3013.2, 3077.93, 3104.27, 3496.7, 3512.17, 3576.4, 3678.33, 3708.8, 3757.73, 3865.83, 3907.4, 4228.23, 4229.77, 5003.13, 5192.7]"
71000,3176.7643333333331,4947.0397849559886,2339.5626066275941,2911.46,3061.8699999999999,3383.9790000000003,"[2139.2, 2222.83, 2493.97, 2565.43, 2626.33, 2644.53, 2805.77, 2819.7, 2903.2, 2915.0, 2989.0, 2996.8, 3039.23, 3050.73, 3055.47, 3068.27, 3112.4, 3154.23, 3162.23, 3365.67, 3383.07, 3386.1, 3541.03, 3682.07, 3763.7, 3779.03, 3927.5, 3937.5, 4135.67, 4637.27]"
71500,3107.9429999999998,4839.8672539371464,2288.8783879981397,2816.7709999999997,3009.5799999999999,3225.0609999999997,"[2362.8, 2441.37, 2588.83, 2606.47, 2613.17, 2621.4, 2745.43, 2787.33, 2791.97, 2827.4, 2832.33, 2950.0, 2976.13, 2987.5, 3005.53, 3013.63, 3027.1, 3036.1, 3176.5, 3206.03, 3212.2, 3255.07, 3304.4, 3331.83, 3432.8, 3588.13, 3677.37, 3941.57, 4144.7, 4753.2]"
72000,3120.2233333333334,4858.9908939676852,2297.9223728987895,2785.819,3196.3000000000002,3376.3599999999997,"[2409.43, 2445.57, 2507.4, 2526.63, 2548.47, 2568.1, 2595.87, 2645.23, 2782.83, 2787.1, 2867.8, 2885.17, 2916.97, 3094.2, 3192.27, 3200.33, 3208.4, 3224.7, 3240.13, 3303.9, 3361.9, 3410.1, 3481.37, 3523.53, 3531.8, 3648.97, 3654.13, 3936.83, 4032.3, 4075.27]"
72500,3042.8733333333334,4738.5370336195256,2240.957125044612,2605.2579999999998,3130.5,3456.3989999999999,"[1413.9, 1860.1, 2290.83, 2293.87, 2359.1, 2523.33, 2535.37, 2553.6, 2561.83, 2623.87, 2762.8, 2784.93, 2790.77, 2986.83, 3120.13, 3140.87, 3220.97, 3313.9, 3331.4, 3381.7, 3446.67, 3479.1, 3562.83, 3630.0, 3644.4, 3700.07, 3705.53, 4001.0, 4017.83, 4248.67]"
73000,3184.1026666666667,4958.4674588864546,2344.9670019368368,2913.3890000000001,3302.5999999999999,3472.3589999999999,"[2140.63, 2235.5, 2365.83, 2508.37, 2542.47, 2655.57, 2706.83, 2797.37, 2886.6, 2924.87, 3045.9, 3100.57, 3160.13, 3189.93, 3285.1, 3320.1, 3334.47, 3368.73, 3443.53, 3447.3, 3463.2, 3493.73, 3505.07, 3578.97, 3734.57, 3738.47, 3831.2, 3854.17, 3914.67, 3949.23]"
73500,3092.9213333333332,4816.4746522711703,2277.8155183814688,2875.0190000000002,3125.2650000000003,3295.9789999999998,"[2257.83, 2265.47, 2271.0, 2382.33, 2452.67, 2563.13, 2823.17, 2831.33, 2853.9, 2884.07, 2938.9, 2981.63, 2988.23, 3076.93, 3105.4, 3145.13, 3158.1, 3201.33, 3238.77, 3271.93, 3291.5, 3306.43, 3319.33, 3401.33, 3545.0, 3739.5, 3786.3, 3895.9, 3897.1, 3914.0]"
74000,3003.3360000000002,4676.9672284757398,2211.8394263655359,2815.2299999999996,3033.5,3200.8900000000003,"[1795.07, 1882.67, 2334.83, 2484.27, 2509.6, 2677.0, 2690.9, 2705.63, 2751.67, 2842.47, 2875.43, 2899.73, 3004.97, 3016.97, 3032.3, 3034.7, 3051.7, 3063.8, 3076.47, 3165.17, 3187.9, 3231.2, 3341.33, 3381.27, 3421.8, 3478.27, 3533.9, 3724.63, 3792.2, 4112.23]"
74500,3092.4013333333332,4815.6648784200897,2277.4325587320291,2794.8809999999999,2943.7849999999999,3301.3409999999994,"[2238.4, 2263.17, 2413.7, 2590.07, 2648.6, 2716.4, 2746.57, 2751.43, 2757.27, 2811.0, 2861.7, 2863.7, 2889.1, 2900.53, 2925.7, 2961.87, 2991.63, 3187.17, 3199.7, 3215.07, 3255.33, 3408.7, 3465.63, 3549.9, 3552.6, 3690.67, 3745.63, 3795.8, 3828.7, 4546.3]"
75000,3024.8516666666669,4710.4726597357812,2227.6848728350187,2778.1199999999999,2925.7799999999997,3178.5,"[2309.27, 2327.57, 2389.5, 2417.93, 2477.8, 2602.57, 2659.57, 2686.97, 2700.7, 2811.3, 2812.97, 2841.83, 2844.87, 2864.67, 2888.23, 2963.33, 2974.7, 2990.13, 2990.2, 3135.2, 3174.27, 3188.37, 3280.5, 3387.5, 3420.4, 3519.93, 3657.8, 3810.2, 3827.97, 4789.3]"
75500,2963.7956666666664,4615.3927515597343,2182.7195183038662,2702.1320000000001,3007.3699999999999,3125.2999999999997,"[1915.63, 2316.53, 2376.77, 2384.07, 2390.83, 2442.0, 2560.07, 2612.87, 2693.27, 2705.93, 2833.6, 2854.37, 2930.0, 2949.7, 3007.27, 3007.47, 3050.53, 3090.83, 3099.93, 3106.77, 3116.87, 3144.97, 3180.47, 3280.73, 3376.9, 3383.03, 3432.13, 3638.47, 3861.23, 4170.63]"
76000,3110.6136666666666,4844.0261693825651,2290.8452294797498,2861.1189999999997,3083.7650000000003,3375.9489999999996,"[2179.8, 2282.0, 2352.13, 2421.73, 2521.47, 2703.6, 2736.0, 2743.3, 2786.1, 2893.27, 2929.13, 2990.63, 3007.73, 3052.33, 3059.03, 3108.5, 3140.3, 3234.97, 3292.73, 3299.43, 3366.97, 3396.9, 3398.17, 3407.23, 3490.13, 3656.2, 3804.97, 3871.7, 3897.93, 4294.03]"
76500,2965.461666666667,4617.9871423980021,2183.9464621038023,2516.6680000000001,2814.6700000000001,3234.0299999999997,"[2336.27, 2346.03, 2378.57, 2382.17, 2383.7, 2442.7, 2467.17, 2491.0, 2501.73, 2523.07, 2684.97, 2730.07, 2783.7, 2800.13, 2803.57, 2825.77, 2890.23, 2971.47, 3000.6, 3178.0, 3218.67, 3269.87, 3391.53, 3408.2, 3507.0, 3569.73, 3726.3, 3742.0, 3743.8, 4465.83]"
77000,3009.3516666666669,4686.3351699439718,2216.2697294382542,2698.721,3163.5150000000003,3356.3289999999997,"[1667.57, 2107.43, 2150.47, 2226.63, 2318.1, 2513.97, 2560.03, 2561.13, 2693.17, 2701.1, 2748.77, 2901.67, 2928.33, 3031.13, 3108.9, 3218.13, 3222.7, 3294.5, 3320.7, 3335.13, 3353.2, 3363.63, 3385.37, 3394.23, 3478.43, 3494.1, 3695.53, 3752.5, 3824.5, 3929.5]"
77500,3093.4223333333334,4817.2548382315381,2278.1844852744871,2853.8400000000001,3016.4499999999998,3312.8599999999997,"[2243.73, 2249.63, 2436.2, 2541.67, 2604.43, 2691.07, 2825.43, 2851.2, 2853.7, 2853.9, 2906.53, 2939.57, 2970.07, 2971.57, 3011.37, 3021.53, 3029.1, 3070.77, 3093.0, 3157.93, 3308.63, 3322.73, 3362.57, 3439.77, 3525.37, 3671.77, 3759.37, 3849.7, 3955.63, 4284.73]"
78000,2968.7213333333334,4623.0632824555105,2186.34707903449,2582.6199999999999,2835.5799999999999,3161.3099999999995,"[2256.27, 2302.47, 2332.07, 2424.13, 2479.87, 2495.77, 2517.97, 2543.23, 2558.47, 2592.97, 2597.23, 2675.83, 2710.5, 2790.7, 2835.03, 2836.13, 2965.53, 2993.53, 3007.83, 3070.17, 3129.6, 3235.3, 3244.27, 3390.67, 3480.13, 3696.17, 3737.77, 3833.03, 4137.0, 4192.0]"
78500,3188.9899999999998,4966.0782949150034,2348.5663316676619,2973.6279999999997,3179.7349999999997,3439.4309999999996,"[2190.13, 2424.47, 2591.93, 2599.87, 2648.27, 2784.47, 2815.87, 2818.8, 2947.63, 2984.77, 3030.6, 3053.87, 3084.2, 3133.5, 3135.5, 3223.97, 3234.73, 3253.43, 3338.6, 3348.6, 3437.43, 3444.1, 3575.33, 3603.47, 3680.93, 3759.6, 3811.53, 3826.3, 3840.0, 4047.8]"
79000,3212.0656666666669,5002.0130477282855,2365.5606570854648,2858.0100000000002,3345.3699999999999,3542.8099999999999,"[2372.77, 2384.27, 2624.83, 2655.63, 2675.47, 2707.67, 2748.37, 2765.9, 2817.13, 2875.53, 3010.87, 3154.23, 3237.63, 3305.83, 3345.27, 3345.47, 3363.07, 3386.9, 3434.4, 3536.23, 3537.23, 3555.83, 3608.17, 3617.4, 3624.93, 3637.57, 3661.8, 3677.67, 3797.5, 3896.4]"
79500,3265.5169999999998,5085.2505324180875,2404.9254722305145,2928.7710000000002,3162.25,3389.1210000000001,"[2273.43, 2455.43, 2482.4, 2653.53, 2670.53, 2703.6, 2765.87, 2901.07, 2901.8, 2940.33, 2943.4, 3029.77, 3077.03, 3083.23, 3156.67, 3167.83, 3183.0, 3221.5, 3271.67, 3312.6, 3365.4, 3444.47, 3449.63, 3584.57, 3749.13, 3772.83, 3896.7, 4236.23, 4610.63, 5661.23]"
