agents,meanScore,clow,chigh,Q1,Q2,Q3,means
200,6.5855534333333337,10.255401856161246,4.8500023734552462,2.9633299999999996,4.4666699999999997,6.086669999999998,"[0.166667, 0.2, 0.233333, 0.533333, 1.4, 1.96667, 2.0, 2.33333, 2.33333, 3.23333, 3.46667, 3.9, 4.03333, 4.26667, 4.46667, 4.46667, 4.53333, 4.53333, 4.93333, 5.03333, 5.96667, 6.36667, 9.36667, 9.36667, 10.0333, 10.5667, 13.7333, 19.6, 25.5, 29.0333]"
400,20.935550333333332,32.602040803661104,15.418213493237781,9.640000999999998,13.649999999999999,27.519989999999989,"[3.36667, 3.4, 3.46667, 3.73333, 4.1, 4.7, 6.26667, 7.6, 7.86667, 10.4, 10.5333, 10.5333, 11.5333, 13.1333, 13.4667, 13.8333, 14.4667, 16.1333, 17.5, 20.4667, 26.4, 30.1333, 30.8, 35.8333, 37.6, 39.9, 41.2333, 43.3667, 43.5, 102.8]"
600,48.566692333333336,75.630841317276506,35.767468212358345,23.199999999999996,36.86665,64.909989999999993,"[4.7, 8.86667, 9.6, 10.0333, 11.2, 13.5667, 15.1667, 17.4667, 18.3, 25.3, 30.7333, 31.2667, 31.7333, 31.8, 34.0333, 39.7, 41.7333, 52.3667, 52.3667, 60.9, 64.3, 66.3333, 71.3, 75.2667, 77.3667, 79.6667, 90.5, 122.167, 123.2, 146.067]"
800,72.778852333333333,113.33540679067379,53.598776492707444,42.230009999999993,64.033299999999997,93.940099999999973,"[3.76667, 9.3, 14.4333, 14.6, 24.0, 32.8, 34.8, 36.2333, 37.8667, 44.1, 46.6, 52.8667, 61.0333, 62.6667, 63.8333, 64.2333, 73.8, 80.7667, 80.8333, 89.4333, 90.2, 102.667, 106.067, 114.233, 121.133, 127.933, 127.933, 139.233, 140.433, 185.567]"
1000,101.06779333333334,157.38856966864807,74.43247443190856,73.756689999999992,99.949849999999998,117.41309999999996,"[22.3, 25.2667, 26.2333, 32.6667, 39.1333, 39.3, 62.0333, 69.1667, 70.7, 75.0667, 79.7, 88.3, 91.3667, 97.9667, 99.5667, 100.333, 103.0, 107.6, 108.3, 108.3, 113.133, 127.4, 145.0, 151.433, 157.833, 166.867, 171.667, 171.667, 181.467, 199.267]"
1200,108.13663666666666,168.39657830079216,79.63840090282882,89.196699999999993,102.93300000000001,126.67009999999998,"[32.7667, 33.3, 43.3, 43.9667, 65.0667, 68.9333, 72.7, 77.0667, 80.1667, 93.0667, 94.4, 95.7333, 95.7333, 102.767, 102.933, 102.933, 109.3, 111.6, 111.933, 114.5, 122.9, 135.467, 152.367, 153.033, 153.033, 160.833, 170.267, 176.933, 177.467, 189.633]"
1400,132.47115666666667,206.29168979037826,97.55982253453459,87.126689999999996,115.283,144.3569,"[37.1333, 45.1, 63.2, 77.8667, 81.6, 82.5333, 85.0, 86.1333, 86.8, 87.2667, 87.8667, 87.9667, 90.9667, 98.6333, 105.133, 125.433, 127.067, 139.367, 142.0, 144.0, 144.167, 144.8, 147.067, 147.067, 159.4, 183.0, 187.067, 205.167, 206.233, 569.1]"
1600,135.92446333333334,211.66937717196888,100.10304774698643,99.676680000000005,119.25,148.93009999999998,"[67.6333, 69.7333, 70.9, 75.6, 76.1667, 85.7, 88.6333, 97.4333, 99.2333, 99.8667, 103.733, 105.067, 114.633, 118.167, 118.6, 119.9, 120.533, 125.767, 129.367, 132.433, 148.7, 149.467, 149.6, 178.033, 180.4, 180.4, 212.967, 252.667, 276.433, 329.967]"
1800,149.6677,233.07113425249068,110.22440370090094,112.5668,134.41649999999998,168.40299999999996,"[65.9667, 84.8333, 85.7, 91.6, 95.0, 96.0, 101.233, 102.033, 108.133, 114.467, 119.267, 125.767, 126.533, 130.533, 130.7, 138.133, 156.167, 161.533, 161.6, 162.5, 164.533, 177.433, 189.433, 189.433, 190.9, 215.3, 230.1, 234.033, 250.6, 290.567]"
2000,185.47222000000002,288.82798818801581,136.59303144621262,134.3801,168.733,215.58999999999997,"[86.1333, 88.7333, 106.633, 109.7, 114.867, 119.033, 119.633, 129.4, 132.467, 135.2, 147.4, 151.3, 154.867, 159.1, 166.333, 171.133, 175.667, 182.8, 195.867, 198.567, 209.8, 229.1, 233.467, 248.9, 261.6, 292.7, 292.7, 295.533, 300.6, 354.933]"
2200,211.33445666666665,329.10214777092079,155.63955661466852,162.137,192.583,225.56319999999994,"[98.5667, 121.733, 125.733, 128.633, 135.433, 141.767, 145.367, 149.267, 157.867, 163.967, 179.767, 179.867, 180.133, 183.567, 190.533, 194.633, 197.333, 199.367, 214.1, 218.367, 219.133, 240.567, 254.767, 280.267, 282.667, 289.733, 291.2, 370.733, 370.733, 434.233]"
2400,244.39220000000003,380.58156339986226,179.98529084198751,177.18299999999999,201.93350000000001,266.72999999999996,"[100.633, 141.133, 151.9, 159.333, 160.467, 160.8, 165.833, 168.9, 174.733, 178.233, 179.9, 180.4, 192.967, 198.3, 200.967, 202.9, 239.133, 248.5, 249.067, 251.7, 260.1, 282.2, 297.667, 301.067, 306.167, 366.933, 423.7, 443.533, 472.3, 472.3]"
2600,278.15776666666665,433.16324215672216,204.85230925315,198.56999999999999,236.0,288.79679999999996,"[107.2, 146.8, 164.967, 165.067, 177.767, 182.433, 189.067, 192.433, 192.9, 201.0, 202.867, 210.533, 212.567, 222.0, 222.0, 250.0, 257.533, 261.1, 272.533, 278.4, 286.467, 294.233, 303.833, 362.967, 366.167, 370.7, 388.7, 470.033, 696.233, 696.233]"
2800,352.36443333333335,548.72212339226257,259.50261512385458,270.10310000000004,324.0335,414.59299999999996,"[107.667, 157.9, 161.2, 179.133, 201.0, 211.567, 221.6, 232.3, 262.1, 273.533, 277.6, 282.7, 283.567, 317.4, 321.067, 327.0, 352.167, 355.533, 366.3, 411.533, 412.133, 420.333, 440.7, 479.933, 509.533, 516.8, 528.9, 531.4, 714.167, 714.167]"
3000,395.80333333333334,616.36767212241955,291.49366496241743,343.6669,396.05000000000001,457.20679999999993,"[161.233, 208.333, 213.9, 230.1, 235.6, 245.967, 271.633, 290.233, 308.2, 358.867, 360.033, 371.633, 392.467, 394.367, 394.533, 397.567, 430.933, 433.367, 444.3, 450.267, 456.467, 458.933, 463.167, 486.0, 506.1, 509.2, 576.933, 576.933, 588.667, 658.167]"
3200,515.54113333333339,802.83024794136986,379.67586864068426,351.61699999999996,505.5335,587.78989999999988,"[143.967, 256.0, 299.367, 323.133, 324.833, 326.8, 349.467, 349.833, 351.267, 351.767, 369.633, 372.833, 419.333, 449.067, 504.1, 506.967, 510.0, 511.233, 520.867, 523.833, 572.9, 622.533, 634.2, 645.067, 726.3, 774.6, 774.6, 804.567, 957.667, 1189.5]"
3400,715.39673333333326,1114.056861156593,526.86169655335857,462.17989999999998,722.73299999999995,893.82679999999982,"[171.567, 280.033, 340.333, 344.533, 360.8, 370.967, 393.867, 410.133, 418.033, 481.1, 531.333, 587.533, 664.267, 676.367, 722.533, 722.933, 775.467, 801.833, 840.733, 848.467, 886.067, 911.933, 1033.7, 1048.03, 1075.17, 1095.33, 1112.67, 1162.3, 1162.3, 1231.57]"
3600,786.49686666666662,1224.7780703520527,579.22416220039679,528.58699999999999,802.33349999999996,965.32689999999991,"[212.633, 369.6, 396.633, 402.333, 417.4, 446.333, 465.033, 476.733, 521.867, 531.467, 550.833, 553.4, 704.1, 736.633, 796.267, 808.4, 831.667, 841.667, 878.367, 902.833, 960.367, 976.9, 1049.27, 1106.57, 1128.23, 1215.07, 1215.07, 1233.0, 1237.0, 1629.23]"
3800,938.84643333333338,1462.0255613329089,691.42365574458836,618.21679999999992,899.13300000000004,1082.4080000000001,"[358.367, 407.933, 474.833, 483.267, 500.4, 508.467, 538.433, 550.3, 605.033, 623.867, 724.067, 772.5, 799.167, 806.7, 890.633, 907.633, 909.033, 927.967, 958.333, 960.6, 1081.67, 1084.13, 1267.3, 1358.83, 1417.93, 1449.33, 1561.43, 1722.07, 1722.07, 1793.1]"
4000,1150.5764333333332,1791.743671889026,847.35451454439442,783.52999999999997,1006.55,1479.2119999999995,"[298.833, 549.233, 561.567, 563.733, 614.3, 647.433, 664.5, 723.767, 771.7, 788.6, 829.633, 864.867, 927.867, 963.3, 988.1, 1025.0, 1065.63, 1248.03, 1365.0, 1437.27, 1440.83, 1568.77, 1610.37, 1651.63, 1764.0, 1764.0, 1814.13, 1923.4, 2017.1, 2064.7]"
4200,1322.6451999999999,2059.6990331087627,974.07642716403643,845.96699999999998,1071.8699999999999,1697.25,"[497.433, 533.233, 659.967, 677.967, 679.233, 695.133, 761.433, 781.9, 792.067, 869.067, 928.667, 937.433, 972.933, 1028.63, 1040.97, 1102.77, 1211.0, 1386.7, 1545.03, 1554.73, 1695.6, 1701.1, 1702.4, 1702.4, 1724.63, 2110.83, 2129.83, 2383.97, 2428.43, 3443.87]"
4400,1492.1623333333334,2323.6808444229659,1098.9191616936164,1059.682,1206.385,1691.29,"[484.867, 546.633, 701.5, 782.867, 811.5, 821.867, 932.933, 950.933, 1038.57, 1068.73, 1068.73, 1069.6, 1081.13, 1143.4, 1153.5, 1259.27, 1342.4, 1559.27, 1577.33, 1676.13, 1679.17, 1719.57, 1924.6, 2114.0, 2231.63, 2239.37, 2264.0, 2264.37, 2537.2, 4719.8]"
4600,1728.1063333333334,2691.1063858061075,1272.6826838617621,1094.1199999999999,1622.615,2418.2299999999996,"[534.7, 571.967, 606.167, 668.4, 817.733, 924.3, 979.033, 1045.4, 1090.2, 1095.8, 1150.0, 1169.83, 1248.2, 1418.77, 1595.6, 1649.63, 1669.27, 1703.57, 1793.17, 1973.93, 2393.0, 2477.1, 2477.1, 2519.6, 2535.73, 2691.33, 2706.93, 2886.53, 2983.27, 4466.93]"
4800,1974.7119,3075.1347308396607,1454.2980326321122,1295.3499999999999,1672.3299999999999,2146.4209999999998,"[644.2, 853.1, 867.867, 951.933, 974.967, 1076.47, 1172.8, 1277.23, 1294.23, 1295.83, 1511.73, 1552.07, 1552.7, 1625.4, 1627.63, 1717.03, 1717.73, 1963.5, 2106.37, 2135.93, 2136.5, 2169.57, 2175.97, 2183.37, 2193.8, 2483.43, 2876.13, 2876.13, 5658.27, 6569.47]"
5000,2101.2525666666666,3272.1911211567844,1547.49028137548,1443.8789999999999,1728.2850000000001,2315.52,"[589.4, 916.867, 1129.03, 1131.43, 1131.57, 1172.7, 1213.2, 1278.4, 1315.8, 1498.77, 1519.7, 1524.47, 1532.9, 1535.93, 1711.9, 1744.67, 1777.97, 1813.13, 1836.9, 2260.13, 2313.6, 2320.0, 2349.1, 2709.87, 2918.97, 3533.37, 3760.23, 3760.23, 3878.67, 6858.67]"
5200,2510.3879999999999,3909.3203047407133,1848.8025162269305,1593.3910000000001,2144.585,3011.5499999999997,"[548.533, 999.167, 1220.6, 1228.33, 1244.17, 1349.17, 1370.7, 1382.57, 1575.1, 1601.23, 1607.97, 1715.47, 1882.9, 1960.47, 1999.8, 2289.37, 2356.97, 2446.43, 2795.87, 2919.1, 2998.5, 3042.0, 3048.23, 3048.23, 3116.63, 3185.5, 3222.2, 3223.63, 3845.3, 12087.5]"
5400,2877.1989000000003,4480.5392953390656,2118.9443886783065,1640.951,2316.8699999999999,3008.8099999999995,"[866.267, 987.8, 1188.27, 1218.43, 1227.57, 1361.9, 1405.4, 1464.87, 1559.17, 1676.0, 1726.53, 1905.4, 2238.8, 2271.97, 2310.87, 2322.87, 2379.27, 2430.67, 2895.37, 2991.47, 2991.47, 3049.27, 3058.07, 3181.13, 3301.67, 3547.23, 3846.2, 4419.5, 4932.53, 17560.0]"
5600,3208.2186666666666,4996.0222784876987,2362.7274921404742,2104.1779999999999,2537.6850000000004,3130.9609999999993,"[1066.73, 1222.57, 1273.53, 1381.63, 1395.07, 1504.9, 1515.2, 1688.8, 1929.43, 2179.07, 2196.93, 2312.37, 2312.37, 2453.57, 2521.8, 2553.57, 2674.77, 2763.7, 2813.3, 2987.47, 3037.13, 3349.9, 3833.67, 3983.37, 4036.6, 4072.77, 4712.7, 5934.27, 6603.27, 15936.1]"
5800,3652.0733333333333,5687.2182453079349,2689.6090835806813,2212.3509999999997,2732.25,3490.3819999999996,"[1155.83, 1658.33, 1818.97, 1892.47, 1914.53, 1958.17, 2079.9, 2091.47, 2115.87, 2253.7, 2310.77, 2382.93, 2635.2, 2637.23, 2691.63, 2772.87, 2791.17, 2827.77, 2935.97, 3163.47, 3458.33, 3565.17, 3655.73, 3869.63, 3869.63, 3912.83, 4068.73, 7055.6, 7907.8, 22110.5]"
6000,3944.5679999999998,6142.7077311676385,2905.01995859932,2053.558,2861.5500000000002,3830.4889999999996,"[1254.5, 1514.4, 1567.37, 1680.73, 1680.8, 1699.23, 1773.67, 1823.3, 2010.13, 2072.17, 2497.97, 2573.57, 2590.9, 2620.0, 2714.83, 3008.27, 3170.9, 3320.9, 3369.1, 3369.1, 3819.47, 3856.2, 4283.4, 4563.7, 4820.2, 5010.67, 5701.33, 7006.83, 10526.9, 22436.5]"
6200,4434.1970000000001,6905.1861175724052,3265.6125551292885,2509.77,3498.1999999999998,4307.2510000000002,"[1403.13, 1523.33, 1583.8, 1593.6, 2004.8, 2124.83, 2249.73, 2381.5, 2406.03, 2554.23, 2606.63, 2640.17, 2962.27, 3095.9, 3352.73, 3643.67, 3739.17, 3804.9, 4124.37, 4225.27, 4286.53, 4355.6, 4628.03, 4628.03, 4737.13, 5544.9, 5641.63, 10470.0, 10688.4, 24025.6]"
6400,4783.1353333333336,7448.5729213662353,3522.5919816859405,2786.3420000000001,3042.4000000000001,4528.4899999999998,"[1147.03, 1919.97, 1936.5, 2094.0, 2174.97, 2285.87, 2426.07, 2668.63, 2689.07, 2828.03, 2828.03, 2858.53, 2871.73, 2907.0, 2980.03, 3104.77, 3131.03, 3157.2, 3207.77, 4286.63, 4518.5, 4551.8, 4611.3, 4633.07, 5312.43, 6265.2, 7642.4, 9099.3, 11818.3, 31538.9]"
6600,5112.0126666666665,7960.7195843398385,3764.7972668437201,2807.7379999999998,3910.5999999999999,4911.192,"[1473.63, 1542.27, 1931.9, 1953.4, 2112.47, 2150.87, 2343.03, 2540.07, 2652.73, 2874.17, 3047.33, 3106.9, 3152.8, 3213.2, 3841.33, 3979.87, 4033.13, 4033.13, 4071.77, 4438.7, 4887.63, 4966.17, 5382.67, 5693.5, 6188.87, 6421.07, 6910.97, 13877.3, 17802.5, 22737.0]"
6800,7421.1433333333325,11556.630416250864,5465.38163341578,2908.9089999999997,4008.3500000000004,4803.8299999999999,"[1523.93, 1563.07, 2056.07, 2214.43, 2277.07, 2443.23, 2655.47, 2661.87, 2750.73, 2976.7, 3475.5, 3643.37, 3677.0, 3886.6, 3976.3, 4040.4, 4066.8, 4733.47, 4781.7, 4802.5, 4803.83, 4803.83, 5437.0, 5950.83, 7284.1, 11273.3, 12667.7, 23007.8, 25506.2, 57693.5]"
7000,7563.6720000000005,11778.58423797389,5570.3484184576964,3330.7000000000003,4058.8299999999999,6370.4489999999969,"[1580.4, 1621.07, 1974.27, 2244.9, 2364.53, 2448.63, 2740.9, 2851.33, 3294.23, 3346.33, 3453.43, 3686.5, 3729.6, 3802.77, 3881.33, 4236.33, 4612.9, 4753.5, 4891.5, 4891.5, 6005.97, 7220.9, 8046.1, 8708.07, 8938.37, 9085.5, 16130.1, 24976.1, 24989.7, 46403.4]"
7200,9178.717333333334,14293.625544208917,6759.7661005399987,3231.049,4217.085,7395.4699999999975,"[1528.13, 2210.7, 2296.73, 2347.57, 2619.03, 2863.83, 3145.37, 3154.2, 3205.73, 3241.9, 3628.1, 3919.73, 3988.9, 4186.23, 4210.77, 4223.4, 5549.7, 5558.4, 5558.4, 5989.1, 7205.57, 7838.57, 8134.33, 8889.53, 10704.3, 11554.0, 16816.5, 34169.7, 35355.5, 61267.6]"
7400,9503.9193333333333,14800.048767129949,6999.2646465344942,3225.049,4517.2650000000003,8353.8999999999996,"[1789.37, 2478.5, 2544.7, 2678.17, 2895.03, 2914.07, 2958.3, 2996.57, 3022.7, 3311.77, 3478.77, 3516.13, 4152.37, 4273.43, 4332.93, 4701.6, 5109.47, 7768.7, 7837.23, 7837.23, 8220.67, 8664.77, 10565.7, 11176.2, 12311.8, 13220.8, 21755.8, 35437.4, 39186.6, 43980.8]"
7600,9936.8090000000011,15474.16940649424,7318.0709445975708,3435.2889999999998,4785.7299999999996,8615.2389999999996,"[2143.6, 2540.53, 2606.27, 2791.93, 2845.07, 2922.07, 3095.7, 3349.53, 3416.2, 3443.47, 3565.57, 4097.37, 4429.97, 4576.83, 4576.83, 4994.63, 5137.8, 5140.57, 5196.8, 5458.03, 8538.67, 8793.9, 9479.93, 12599.6, 12743.8, 17184.8, 24716.6, 32834.5, 43197.8, 51685.9]"
7800,10813.637333333334,16839.616822300861,7963.8206968134573,4092.4499999999998,5415.1999999999998,9024.9209999999912,"[2435.03, 2657.63, 2703.2, 3122.7, 3196.93, 3557.87, 3721.47, 3802.37, 3840.1, 4200.6, 4518.37, 4563.43, 4725.83, 4936.23, 5334.17, 5496.23, 6213.67, 6260.53, 6260.53, 7882.0, 8185.53, 10983.5, 11317.0, 14656.9, 16599.7, 19500.8, 27202.9, 36956.7, 40189.4, 49387.8]"
8000,13121.924000000001,20434.21332896129,9663.7834904160409,4038.0010000000002,7459.1300000000001,9881.2980000000007,"[2634.0, 2987.63, 3266.13, 3362.17, 3427.97, 3541.83, 3700.33, 3851.97, 4020.97, 4045.3, 4271.8, 4437.1, 4648.43, 5147.7, 7459.13, 7459.13, 8077.63, 8100.6, 8864.3, 8883.9, 9847.77, 9959.53, 11844.8, 13736.3, 20942.2, 21441.4, 24983.8, 45005.9, 47127.2, 86580.8]"
8200,14676.686333333335,22855.37848699505,10808.805102215303,4007.7719999999999,7180.7299999999996,14403.74,"[2303.4, 2553.53, 2586.13, 2987.17, 3121.37, 3145.87, 3390.53, 3796.63, 3932.97, 4039.83, 5196.1, 5593.27, 5702.7, 6585.93, 7180.73, 7180.73, 7503.93, 7561.73, 9623.87, 9903.57, 14387.3, 14442.1, 15410.3, 17400.1, 20270.9, 20727.3, 21416.0, 53423.3, 65060.4, 93872.9]"
8400,15988.036333333333,24897.487986252425,11774.563056624813,4280.0299999999997,7588.4500000000007,16257.349999999995,"[2486.5, 2617.4, 2755.47, 3187.57, 3211.93, 3252.53, 3558.17, 3701.83, 4280.03, 4280.03, 4348.07, 4827.93, 5311.9, 6420.43, 7554.8, 7622.1, 7863.87, 8117.53, 9970.2, 15096.4, 15686.0, 17590.5, 18108.0, 19484.9, 19736.4, 22791.6, 37474.1, 60704.6, 73181.2, 84419.1]"
8600,17627.308000000001,27450.255929489154,12981.822485092782,6354.4499999999971,8044.0,15353.60999999999,"[2534.2, 3054.5, 3258.93, 3276.53, 3315.67, 3695.2, 4057.03, 4234.53, 4407.47, 7188.87, 7500.37, 7839.37, 7855.97, 7935.23, 7935.23, 8152.77, 8582.77, 10480.8, 12781.2, 14165.3, 14376.3, 17634.0, 23023.9, 29476.9, 30422.6, 30825.7, 32268.4, 64148.8, 66578.9, 87811.8]"
8800,21144.448666666667,32927.34928032945,15572.058940356826,5948.1099999999997,11107.5,22548.319999999978,"[1839.53, 3372.07, 3601.03, 3746.47, 3818.13, 4229.83, 4820.67, 4905.4, 5270.3, 6238.6, 8105.03, 8807.7, 9437.9, 9437.9, 10182.0, 12033.0, 12912.1, 14147.0, 14987.1, 17490.6, 20036.3, 28409.7, 29917.9, 35220.5, 40116.8, 44173.0, 50424.2, 60449.3, 74575.1, 91628.3]"
9000,24501.884999999998,38155.741875328393,18044.679404260565,6822.2189999999991,13638.35,34112.05999999999,"[2577.53, 3513.87, 3603.4, 3911.43, 4374.77, 4577.97, 5021.1, 5915.67, 6411.9, 6998.07, 7041.87, 8963.3, 8963.3, 9037.37, 12206.1, 15070.6, 15228.3, 16279.9, 17491.1, 25148.9, 33468.2, 35614.4, 36639.7, 36845.9, 43707.1, 47594.2, 51758.2, 79310.4, 88869.4, 98912.6]"
9200,25305.53533333333,39407.232308684368,18636.536423348163,4950.1800000000003,12225.9,33905.309999999998,"[3285.5, 3411.17, 3697.23, 3813.1, 3976.4, 4065.7, 4385.8, 4600.9, 4643.3, 5081.7, 5205.23, 9565.53, 10677.6, 10677.6, 12201.8, 12250.0, 12575.4, 15040.3, 16283.0, 21551.6, 33565.5, 34698.2, 43943.0, 47026.6, 58529.9, 58698.1, 61438.9, 63686.0, 69001.0, 121590.0]"
9400,25583.295666666665,39839.776644839396,18841.096038505144,7406.6989999999996,17139.400000000001,35156.159999999989,"[3164.0, 3211.47, 3808.7, 3863.0, 4162.27, 4262.3, 4420.7, 6273.13, 6809.2, 7662.77, 9574.2, 9940.53, 16575.5, 16630.4, 17139.4, 17139.4, 17250.7, 19036.5, 25097.4, 26333.2, 34313.4, 37122.6, 39800.6, 48377.2, 53264.0, 53313.4, 61682.2, 66912.3, 69046.2, 81312.2]"
9600,32116.854666666666,50014.209784625535,23652.806546648553,9855.8599999999988,17015.150000000001,42837.329999999987,"[2282.63, 2519.67, 3917.9, 4666.5, 4928.07, 5250.6, 6360.37, 7516.4, 9492.0, 10011.8, 10509.2, 13714.9, 13714.9, 16601.9, 16869.8, 17160.5, 20384.2, 27324.2, 27882.3, 37885.5, 41676.9, 45545.0, 46232.0, 63521.9, 65189.0, 66778.2, 70877.0, 71312.1, 91742.2, 141638.0]"
9800,35489.672666666665,55266.555593956582,26136.755006080115,9097.5519999999997,18920.700000000001,45028.109999999986,"[3208.47, 4195.63, 4375.67, 5157.77, 5576.1, 5909.8, 6483.27, 7383.67, 8413.47, 9390.73, 12847.1, 13690.9, 14312.4, 18785.7, 18920.7, 18920.7, 27837.3, 31909.5, 41451.2, 42617.4, 43678.2, 48177.9, 51458.9, 58027.6, 59154.0, 69280.4, 70605.1, 71352.6, 122435.0, 169133.0]"
10000,39407.917333333331,61368.271119342302,29022.388859861312,11161.108999999999,30309.5,55443.749999999993,"[3200.33, 3379.4, 3630.23, 4170.27, 5957.93, 5976.9, 9724.13, 9810.8, 9910.93, 11696.9, 15454.3, 17692.2, 17692.2, 21931.7, 27484.4, 33134.6, 36885.1, 45744.1, 47566.2, 52305.4, 54130.8, 58507.3, 60522.3, 61199.5, 62951.1, 74263.8, 96629.7, 100288.0, 105406.0, 124991.0]"
10200,37435.119666666673,58296.117342537662,27569.500585164362,13829.459999999999,25818.800000000003,51263.599999999984,"[4145.6, 4344.0, 4767.8, 4992.6, 5457.53, 6679.93, 7192.73, 10992.0, 13172.3, 14111.1, 16747.9, 19273.5, 23836.0, 23836.0, 25330.9, 26306.7, 34343.1, 39093.0, 47925.1, 48722.2, 49769.6, 54749.6, 56129.4, 59461.0, 63886.9, 74230.5, 82110.0, 94183.6, 96948.0, 110315.0]"
10400,43060.013333333329,67055.524662484779,31712.014636554919,19139.84,35711.25,58661.459999999992,"[3026.23, 3928.57, 5000.57, 5101.9, 5506.63, 6260.53, 7063.27, 13813.1, 19085.1, 19163.3, 25060.8, 26979.6, 26979.6, 28260.1, 35234.0, 36188.5, 42272.5, 43752.3, 47220.8, 48963.5, 57297.3, 61844.5, 68876.2, 70957.0, 71809.0, 75935.8, 82860.7, 111169.0, 119477.0, 122713.0]"
10600,44319.025666666668,69016.130942716758,32639.227947735271,16896.469999999998,31403.150000000001,64964.239999999991,"[3680.8, 3852.2, 5424.27, 6213.0, 7201.23, 8132.37, 11857.5, 13350.9, 14847.5, 17774.6, 20190.8, 25883.3, 29486.3, 29486.3, 30021.7, 32784.6, 41579.5, 47375.3, 54279.5, 61844.5, 64037.3, 67127.1, 75011.2, 80678.2, 83395.2, 84358.8, 88002.8, 104044.0, 104987.0, 112663.0]"
10800,49320.307000000001,76804.413338155515,36322.47592112641,23373.029999999995,47796.800000000003,63589.509999999987,"[3377.67, 4414.77, 7127.9, 7899.17, 8549.07, 8928.13, 13265.1, 16753.4, 19021.9, 25237.8, 25402.9, 36319.4, 38146.7, 41770.8, 47796.8, 47796.8, 51611.2, 56305.2, 58155.7, 61126.9, 62078.5, 67115.2, 70782.4, 74130.6, 79856.4, 81719.8, 105673.0, 116455.0, 120924.0, 121867.0]"
11000,49993.085666666666,77852.102899369303,36817.951079467326,22333.569999999996,43274.949999999997,61505.630000000005,"[1966.27, 5856.87, 7765.9, 8773.63, 11193.8, 15113.5, 15439.6, 18125.1, 18289.6, 24066.7, 31495.7, 35233.6, 41246.7, 41246.7, 42313.8, 44236.1, 53604.4, 55237.0, 57421.2, 60367.0, 61449.5, 61636.6, 67372.4, 78638.1, 89064.7, 93571.2, 96004.9, 107108.0, 115057.0, 140897.0]"
11200,57587.42566666667,89678.445107468055,42410.885279711605,25145.010000000002,58432.849999999999,72096.679999999993,"[4088.7, 5131.27, 5887.9, 6855.1, 7187.8, 13374.5, 22192.2, 24036.5, 24269.1, 25520.4, 49124.1, 49280.5, 51537.9, 56519.5, 58003.1, 58862.6, 59912.9, 66129.8, 71010.5, 71010.5, 72057.2, 72188.8, 82905.5, 83651.2, 91069.2, 105573.0, 106523.0, 106751.0, 112751.0, 164218.0]"
11400,57975.385333333332,90282.598171584192,42696.602391141343,34038.899999999994,54739.75,81302.689999999988,"[3767.33, 5259.23, 6637.53, 7527.27, 12577.0, 14271.5, 16962.9, 17968.9, 28845.6, 36264.6, 46060.3, 46060.3, 47577.8, 52106.2, 54461.1, 55018.4, 58764.1, 58834.8, 62149.4, 70007.0, 80627.0, 82879.3, 92996.0, 100024.0, 100694.0, 102934.0, 114741.0, 116517.0, 119374.0, 127354.0]"
11600,58270.147666666664,90741.618998154736,42913.68331391328,42629.729999999996,65047.550000000003,80802.399999999994,"[3543.1, 6273.0, 6754.83, 11062.4, 11327.3, 16177.9, 26319.3, 28617.3, 35597.6, 45643.5, 46324.0, 46324.0, 57290.0, 58883.0, 61323.6, 68771.5, 68854.2, 69738.9, 70208.2, 79862.3, 80158.9, 82303.9, 83847.8, 86292.3, 88550.0, 88609.8, 94553.8, 94805.3, 95787.7, 134299.0]"
11800,60010.765666666666,93452.20926953794,44195.580350622295,35084.339999999997,63814.949999999997,85759.059999999998,"[3062.93, 4638.47, 8335.67, 10056.9, 12630.8, 14867.2, 25650.3, 27421.8, 31551.3, 36598.5, 46635.5, 46635.5, 52976.1, 59494.7, 63530.4, 64099.5, 70183.3, 73727.4, 74533.7, 82017.9, 85001.8, 87526.0, 87911.3, 100214.0, 101036.0, 101132.0, 102852.0, 103023.0, 103530.0, 119449.0]"
12000,64945.17566666667,101136.35578589942,47829.580204069389,40080.109999999993,70948.200000000012,87585.279999999999,"[4279.77, 6379.6, 6949.6, 10675.8, 11499.3, 18378.4, 27730.5, 33626.0, 35478.1, 42052.4, 50617.1, 60228.1, 60228.1, 65598.2, 69963.8, 71932.6, 75203.1, 79215.0, 82104.7, 85879.6, 86920.6, 89136.2, 91276.4, 96114.3, 97192.0, 104575.0, 106364.0, 119043.0, 126805.0, 132909.0]"
12200,65560.852333333329,102095.12283472018,48283.00197413662,44182.259999999995,65772.75,85773.679999999978,"[2909.17, 3756.3, 9987.9, 13985.7, 15949.6, 17237.9, 32867.0, 36731.1, 40091.6, 45935.4, 58885.7, 60687.0, 60687.0, 61389.6, 64104.7, 67440.8, 80073.8, 82067.0, 82527.7, 82658.9, 83634.8, 90764.4, 92720.5, 97673.0, 101164.0, 103711.0, 106933.0, 113865.0, 115848.0, 140538.0]"
12400,78574.386666666673,122360.54555253926,57866.960716957336,65538.329999999987,81674.449999999997,102966.59999999999,"[3688.27, 4429.63, 15440.9, 16183.5, 20836.0, 24557.2, 28311.7, 51866.0, 62760.1, 66729.0, 69400.1, 71074.0, 71215.6, 74255.0, 76372.0, 86976.9, 86976.9, 88609.5, 93307.3, 101193.0, 102576.0, 103878.0, 106075.0, 117172.0, 122044.0, 126110.0, 128895.0, 133526.0, 138108.0, 164665.0]"
12600,72961.710999999996,113620.16480357769,53733.444744406879,57197.110000000001,68525.649999999994,91278.51999999999,"[5949.33, 7189.8, 12157.5, 16910.5, 24441.3, 36928.4, 44078.3, 44460.5, 54107.1, 58521.4, 62997.4, 65915.8, 65915.8, 66985.1, 68018.2, 69033.1, 76688.0, 87225.7, 87537.4, 88517.2, 89113.6, 96330.0, 97606.5, 99642.1, 99913.3, 113337.0, 128397.0, 130541.0, 130628.0, 159765.0]"
12800,75338.505666666664,117321.44590060312,55483.860998901444,66408.660000000003,79661.600000000006,102398.0,"[5078.07, 5738.3, 16092.5, 19208.0, 26282.4, 40065.9, 44796.1, 61691.8, 61863.7, 68356.5, 70151.2, 73050.8, 75689.1, 76107.8, 78575.0, 80748.2, 81709.2, 83306.6, 87006.2, 89783.8, 102398.0, 102398.0, 102702.0, 102755.0, 103221.0, 109837.0, 111728.0, 115089.0, 119332.0, 145394.0]"
13000,79295.877999999997,123484.09327468199,58398.310847894303,69905.860000000001,90233.199999999997,102449.7,"[5527.87, 7260.97, 10263.8, 29232.9, 30638.5, 32978.2, 56359.5, 66011.0, 69479.0, 70088.8, 71131.2, 72202.7, 87389.8, 87679.7, 89416.2, 91050.2, 92467.1, 92964.3, 94351.0, 94546.6, 102192.0, 103051.0, 106158.0, 106158.0, 109639.0, 113991.0, 118767.0, 118979.0, 123305.0, 125597.0]"
13200,80139.384333333321,124797.64975920843,59019.52025118973,73850.279999999999,84841.300000000003,95772.099999999991,"[6836.13, 9410.5, 18880.1, 25368.1, 41170.8, 61142.5, 61308.4, 70642.8, 72378.6, 74481.0, 78370.5, 82831.0, 83155.9, 83155.9, 84415.1, 85267.5, 88112.8, 89960.8, 90301.1, 91439.3, 95471.5, 96473.5, 97166.5, 99576.2, 101093.0, 103388.0, 104888.0, 120968.0, 130191.0, 156337.0]"
13400,89386.885666666654,139198.38969682637,65829.943075820251,74152.289999999994,88521.850000000006,100167.23999999996,"[6497.0, 6651.77, 19789.5, 33667.1, 43485.3, 53217.0, 66485.9, 69847.0, 70009.9, 75927.6, 79530.2, 79911.7, 82067.1, 86472.2, 88262.2, 88781.5, 94593.8, 97117.8, 97188.5, 97652.3, 97942.2, 105359.0, 111203.0, 115192.0, 127919.0, 131290.0, 138788.0, 167480.0, 167480.0, 181798.0]"
13600,86856.646666666667,135258.15627532068,63966.521074975957,80900.350000000006,97472.25,104852.39999999999,"[5031.5, 11031.3, 18592.5, 42129.4, 59343.9, 60572.1, 65265.8, 78536.1, 80587.1, 81034.6, 83605.7, 83605.7, 84766.8, 96696.4, 97320.2, 97624.3, 100319.0, 101516.0, 101726.0, 102239.0, 104307.0, 106125.0, 107024.0, 107082.0, 113299.0, 115707.0, 117444.0, 118027.0, 131923.0, 133218.0]"
13800,88704.331000000006,138135.47638721231,65327.268276069888,71396.610000000001,98901.149999999994,112848.69999999998,"[6792.23, 10040.0, 15587.1, 50538.2, 63287.3, 63531.2, 63820.0, 64487.3, 65462.5, 73939.8, 79004.7, 79241.3, 82996.1, 88742.9, 97794.3, 100008.0, 102132.0, 109972.0, 110200.0, 111733.0, 111733.0, 115452.0, 115635.0, 119558.0, 120030.0, 122646.0, 123233.0, 125878.0, 125879.0, 141776.0]"
14000,95713.972333333324,149051.29226641092,70489.594790901421,85945.510000000009,100396.0,113361.79999999999,"[5232.37, 12309.8, 18508.6, 42966.1, 63434.8, 71425.9, 79027.5, 83925.2, 84650.3, 86500.6, 95762.0, 96375.8, 97333.9, 97837.3, 100004.0, 100788.0, 106757.0, 107286.0, 107537.0, 112482.0, 112508.0, 115354.0, 123802.0, 124869.0, 124869.0, 127366.0, 130212.0, 138497.0, 144012.0, 159786.0]"
14200,89907.013333333336,140008.36235776861,66212.996746763776,85659.229999999996,94106.5,105109.49999999999,"[6860.2, 13689.8, 18546.3, 47358.6, 60333.9, 70027.3, 81980.6, 84774.6, 85230.9, 85842.8, 87011.2, 87557.4, 88135.6, 90481.2, 91920.9, 96292.1, 97963.9, 99834.1, 100477.0, 100534.0, 104100.0, 107465.0, 109846.0, 112381.0, 117164.0, 117884.0, 117884.0, 126931.0, 135742.0, 152961.0]"
14400,99041.507666666672,154233.1213077154,72940.194338501518,83575.729999999996,101554.5,117000.79999999999,"[7905.43, 18472.1, 36112.0, 67403.5, 68036.0, 73437.7, 78049.6, 78362.1, 81174.8, 84604.7, 86789.4, 91536.0, 95836.9, 100453.0, 101421.0, 101688.0, 101994.0, 103785.0, 108325.0, 113059.0, 116606.0, 117922.0, 119874.0, 135746.0, 142958.0, 145179.0, 146113.0, 146113.0, 148777.0, 153512.0]"
14600,94356.67333333334,146937.62834660881,69489.997196237862,89151.559999999998,98128.050000000003,110937.0,"[7098.1, 28696.2, 30268.6, 69358.4, 75578.9, 78755.7, 80550.5, 82327.5, 85910.0, 90540.8, 90548.5, 91617.5, 91948.4, 94649.8, 97181.5, 99074.6, 99536.2, 100160.0, 105596.0, 107342.0, 110937.0, 110937.0, 113736.0, 117162.0, 120922.0, 126156.0, 126759.0, 126892.0, 133297.0, 137163.0]"
14800,96594.917666666661,150423.15091095775,71138.376552495669,83845.290000000008,97837.449999999997,113122.89999999999,"[7214.93, 29559.1, 48740.5, 59681.0, 73471.3, 74538.8, 75323.3, 76052.6, 82740.9, 84318.6, 86463.1, 92712.6, 95013.7, 97101.2, 97437.4, 98237.5, 101073.0, 106547.0, 107269.0, 112885.0, 112894.0, 113657.0, 121849.0, 121965.0, 127733.0, 127733.0, 134865.0, 137113.0, 144005.0, 149653.0]"
15000,94093.481,146527.77013634326,69296.166342952114,82708.779999999999,94067.300000000003,118781.0,"[7597.83, 29399.4, 41332.9, 57871.7, 74812.7, 77061.6, 78148.0, 80723.2, 82275.9, 82894.3, 83161.9, 83477.8, 89054.9, 89793.6, 90857.3, 97277.3, 97878.1, 100222.0, 101325.0, 115633.0, 118781.0, 118781.0, 118921.0, 120770.0, 123978.0, 125083.0, 128117.0, 131671.0, 132128.0, 143776.0]"
15200,95527.323333333334,148760.63172885278,70352.135107039314,86140.479999999996,97683.5,108723.79999999999,"[13165.9, 47385.6, 52568.5, 57648.0, 57648.0, 59351.7, 74040.0, 75275.5, 81123.3, 88290.7, 90486.9, 91196.6, 93207.5, 96421.5, 96893.0, 98474.0, 101216.0, 102938.0, 104115.0, 104642.0, 107264.0, 112130.0, 112349.0, 114360.0, 114446.0, 122164.0, 135047.0, 138741.0, 160455.0, 162776.0]"
15400,107595.33,167553.62448524995,79239.749727240138,97881.989999999991,108626.5,123940.89999999999,"[17677.0, 48214.4, 60166.4, 80252.0, 80589.8, 87698.0, 93200.6, 94055.0, 97545.5, 98026.2, 100610.0, 103267.0, 104241.0, 107479.0, 108017.0, 109236.0, 115145.0, 115556.0, 120310.0, 122912.0, 122932.0, 126295.0, 126295.0, 130049.0, 130875.0, 133182.0, 135152.0, 144727.0, 156961.0, 157194.0]"
15600,100407.20666666668,156359.86618972733,73945.978204425279,91991.860000000001,104850.0,112756.0,"[13289.3, 59260.7, 60574.5, 71987.7, 72436.9, 84677.8, 85452.2, 86027.0, 91331.9, 92274.7, 94782.0, 97438.5, 102452.0, 103702.0, 104374.0, 105326.0, 105922.0, 109172.0, 110522.0, 112432.0, 112717.0, 112847.0, 115989.0, 116814.0, 120620.0, 127938.0, 128541.0, 132341.0, 140487.0, 140487.0]"
15800,104499.14,162732.05967760459,76959.526963780212,96462.729999999996,101693.0,112834.19999999998,"[11550.6, 63678.4, 69149.7, 75973.6, 89344.1, 89681.9, 91973.5, 94613.5, 94686.9, 97223.8, 98147.3, 99141.9, 100162.0, 100989.0, 101057.0, 102329.0, 104455.0, 107189.0, 108180.0, 108684.0, 112212.0, 114286.0, 120881.0, 131495.0, 132776.0, 132776.0, 136978.0, 137072.0, 145351.0, 162937.0]"
16000,104252.16666666667,162347.45862520573,76777.640769252655,89544.539999999994,100032.45,122706.89999999999,"[17239.0, 58957.5, 72118.2, 72299.2, 73944.9, 79768.4, 79768.4, 85705.6, 87368.8, 90477.0, 93642.0, 95068.2, 95548.0, 97387.9, 99223.9, 100841.0, 101527.0, 102977.0, 103469.0, 115259.0, 122571.0, 123024.0, 123352.0, 126304.0, 127157.0, 137361.0, 139922.0, 152701.0, 155427.0, 197156.0]"
16200,110500.37666666666,172077.52992146907,81379.202906226797,99904.639999999999,110899.5,120759.99999999999,"[32544.2, 62046.4, 73792.0, 74205.9, 91247.1, 92280.9, 95247.5, 97762.5, 98734.8, 100406.0, 102490.0, 106383.0, 106696.0, 107231.0, 110043.0, 111756.0, 111756.0, 112502.0, 115256.0, 117642.0, 118417.0, 126227.0, 126552.0, 126582.0, 126896.0, 131076.0, 138930.0, 145080.0, 148829.0, 206400.0]"
16400,114650.17333333334,178539.83151371113,84435.365746060124,105385.3,116541.5,130010.0,"[15587.2, 62420.6, 69407.4, 82162.6, 86780.9, 88608.0, 94562.5, 104210.0, 105162.0, 105481.0, 108757.0, 109388.0, 111499.0, 111975.0, 116005.0, 117078.0, 117669.0, 124017.0, 125027.0, 125564.0, 130010.0, 130010.0, 130703.0, 132434.0, 139400.0, 149044.0, 151526.0, 162398.0, 165692.0, 166927.0]"
16600,109906.12999999999,171152.13489885721,80941.56349248167,91814.940000000002,107208.5,117889.8,"[46590.6, 75510.8, 76959.6, 84968.6, 85596.1, 86137.0, 86260.4, 88004.1, 89189.8, 92940.0, 97090.0, 97580.9, 101187.0, 105732.0, 105732.0, 108685.0, 111476.0, 111944.0, 116997.0, 117271.0, 117318.0, 119224.0, 121364.0, 130278.0, 135504.0, 137674.0, 147957.0, 151453.0, 168332.0, 182228.0]"
16800,114080.28333333334,177652.36609064956,84015.664064099983,97873.139999999999,105610.0,127204.09999999999,"[46609.5, 71699.2, 88245.4, 88862.9, 90691.1, 94126.6, 94952.1, 95439.7, 97128.9, 98192.1, 101943.0, 102382.0, 103374.0, 105415.0, 105610.0, 105610.0, 113451.0, 114475.0, 117155.0, 123312.0, 126758.0, 128245.0, 129305.0, 129783.0, 135864.0, 138813.0, 145006.0, 147646.0, 147998.0, 234316.0]"
17000,126575.91666666667,197111.28364068363,93218.208988835046,113711.79999999999,134967.0,139708.5,"[41549.9, 89695.9, 90596.0, 91532.7, 95454.0, 101140.0, 104913.0, 106404.0, 112540.0, 114214.0, 119691.0, 128302.0, 132890.0, 132890.0, 134648.0, 135286.0, 135887.0, 136702.0, 138425.0, 138530.0, 139707.0, 139712.0, 145811.0, 147948.0, 148292.0, 151586.0, 159099.0, 159239.0, 162048.0, 162545.0]"
17200,122950.98333333334,191466.32936137242,90548.587453111642,104496.10000000001,115524.0,127760.29999999999,"[51192.3, 94663.1, 94903.8, 97536.5, 99901.8, 100242.0, 101212.0, 103688.0, 104361.0, 104554.0, 106470.0, 107499.0, 111548.0, 112147.0, 114461.0, 116587.0, 124321.0, 125338.0, 125475.0, 125475.0, 126833.0, 129924.0, 146950.0, 147090.0, 158482.0, 158572.0, 164910.0, 168260.0, 182011.0, 183922.0]"
17400,125086.23666666666,194791.46842822793,92121.117968493578,112198.5,118701.5,133062.69999999998,"[54369.3, 54979.1, 92782.7, 100741.0, 105467.0, 107076.0, 107890.0, 109474.0, 111817.0, 112362.0, 113014.0, 113467.0, 116067.0, 116997.0, 117706.0, 119697.0, 120527.0, 123124.0, 126436.0, 126857.0, 129616.0, 141105.0, 148223.0, 152032.0, 152178.0, 170302.0, 170302.0, 171630.0, 181918.0, 184431.0]"
17600,114492.37999999999,178294.10667677247,84319.157131411499,101975.59999999999,116904.5,126432.0,"[58299.4, 78690.6, 82838.4, 87155.6, 90182.7, 92547.9, 96247.7, 97232.1, 101074.0, 102362.0, 106571.0, 106702.0, 106702.0, 109732.0, 116859.0, 116950.0, 117988.0, 120169.0, 120549.0, 123048.0, 126252.0, 126852.0, 129722.0, 132023.0, 133773.0, 138016.0, 140462.0, 140642.0, 156880.0, 178249.0]"
17800,110313.14333333333,171785.95942650002,81241.312883732986,95541.489999999991,108498.0,122469.99999999999,"[61715.9, 77951.6, 79884.2, 80469.3, 83853.6, 86049.6, 87625.3, 91303.1, 91463.5, 97289.2, 97988.1, 98323.9, 102021.0, 104880.0, 105729.0, 111267.0, 112659.0, 117087.0, 120392.0, 120679.0, 121207.0, 125417.0, 125578.0, 130873.0, 138100.0, 138419.0, 138419.0, 146624.0, 150631.0, 165495.0]"
18000,124695.90333333334,194183.61895411593,91833.652744458916,107023.39999999999,121314.5,138011.89999999999,"[83816.6, 87122.3, 92218.1, 95854.0, 96694.7, 96836.4, 100985.0, 102214.0, 104593.0, 108065.0, 111099.0, 111099.0, 113467.0, 115751.0, 119477.0, 123152.0, 123614.0, 125034.0, 130990.0, 134864.0, 137546.0, 139099.0, 140948.0, 148470.0, 154896.0, 155019.0, 159326.0, 165370.0, 174581.0, 188676.0]"
18200,121124.37333333334,188621.82741113906,89203.360673759104,108613.79999999999,122570.5,136543.29999999999,"[74439.3, 83358.3, 93008.8, 96232.8, 100284.0, 102573.0, 104727.0, 106335.0, 106588.0, 109482.0, 111361.0, 112465.0, 113875.0, 114292.0, 121444.0, 123697.0, 126830.0, 130224.0, 130905.0, 131424.0, 135970.0, 137881.0, 137881.0, 138066.0, 138742.0, 139545.0, 144636.0, 149592.0, 155619.0, 162254.0]"
18400,117517.19666666667,183004.52483249907,86546.81622811628,105735.89999999999,114565.5,122072.2,"[86290.6, 86614.5, 89146.3, 94267.4, 98308.1, 100840.0, 100840.0, 102128.0, 105346.0, 105903.0, 106414.0, 109745.0, 110233.0, 113355.0, 114336.0, 114795.0, 115234.0, 116126.0, 116577.0, 120180.0, 121435.0, 123559.0, 125935.0, 128299.0, 139185.0, 145957.0, 147838.0, 154057.0, 160771.0, 171801.0]"
18600,132270.55666666667,205979.30395475007,97412.088485154542,118309.89999999999,135207.0,142974.70000000001,"[78663.5, 88361.7, 97856.5, 101259.0, 104726.0, 104726.0, 108679.0, 112159.0, 113545.0, 120352.0, 120377.0, 122976.0, 127265.0, 132624.0, 134882.0, 135532.0, 136609.0, 137765.0, 141676.0, 142364.0, 142831.0, 143310.0, 147106.0, 149324.0, 156613.0, 163023.0, 167113.0, 168351.0, 178437.0, 189611.0]"
18800,122310.60333333333,190469.09286376732,90076.97264482647,107309.29999999999,121227.5,131340.0,"[81549.3, 96296.8, 97017.5, 97818.3, 98502.5, 98964.7, 100263.0, 105394.0, 106498.0, 107657.0, 108754.0, 108791.0, 110653.0, 117643.0, 120356.0, 122099.0, 122830.0, 123866.0, 126201.0, 126201.0, 130833.0, 132523.0, 134904.0, 137985.0, 140976.0, 155950.0, 158845.0, 164418.0, 167635.0, 167894.0]"
19000,120479.36333333333,187617.38081174454,88728.336051672188,101147.61,117007.5,134187.69999999998,"[78183.5, 78591.1, 85856.0, 88042.9, 88403.9, 91404.3, 98023.7, 98744.8, 99172.7, 101994.0, 102712.0, 103859.0, 113181.0, 115447.0, 116155.0, 117860.0, 118575.0, 120735.0, 126045.0, 127515.0, 132646.0, 137785.0, 143017.0, 145411.0, 151149.0, 157082.0, 166071.0, 166071.0, 170730.0, 173918.0]"
19200,106367.87666666666,165642.16369149144,78335.778384476464,92204.970000000001,102359.5,115071.59999999998,"[65260.3, 68547.4, 80455.2, 82029.0, 88603.7, 90044.7, 91505.9, 91952.9, 91952.9, 92313.0, 92795.7, 96103.6, 96935.0, 98780.0, 102104.0, 102615.0, 103258.0, 104460.0, 106188.0, 108494.0, 112377.0, 121359.0, 121810.0, 131899.0, 132115.0, 133390.0, 135828.0, 140138.0, 141665.0, 166057.0]"
19400,131037.57333333333,204059.23152753687,96504.044513811241,114599.10000000001,133239.5,144246.29999999999,"[74770.7, 96858.7, 98890.8, 104291.0, 107231.0, 108845.0, 113181.0, 113342.0, 114226.0, 114759.0, 125759.0, 129495.0, 130285.0, 130766.0, 132137.0, 134342.0, 137276.0, 138071.0, 141948.0, 142341.0, 142470.0, 148391.0, 149952.0, 151414.0, 151647.0, 151647.0, 151659.0, 157102.0, 161850.0, 176180.0]"
19600,122569.86,190872.82222796895,90267.90503363726,108739.29999999999,121060.0,132351.69999999998,"[87910.9, 88487.9, 100417.0, 100560.0, 102202.0, 102202.0, 103112.0, 105221.0, 106409.0, 109738.0, 112849.0, 113081.0, 116406.0, 118155.0, 120828.0, 121292.0, 125772.0, 126436.0, 128225.0, 128466.0, 129538.0, 138917.0, 140235.0, 140672.0, 142563.0, 143644.0, 149781.0, 153688.0, 158229.0, 162059.0]"
19800,119626.43333333333,186289.14925251045,88100.18648667846,98183.199999999983,120281.5,128351.0,"[79006.2, 88158.7, 89801.9, 90072.7, 91782.3, 94235.2, 94754.5, 97201.1, 97864.7, 98319.7, 101917.0, 106250.0, 109467.0, 111872.0, 119337.0, 121226.0, 121325.0, 121564.0, 126417.0, 127800.0, 128024.0, 129114.0, 135347.0, 141182.0, 146235.0, 148557.0, 154990.0, 165882.0, 175545.0, 175545.0]"
20000,121523.11666666667,189242.77342003491,89497.019533662577,112466.2,117664.0,135648.89999999999,"[62319.2, 80581.1, 83520.1, 86305.9, 91046.5, 94085.8, 99454.9, 104030.0, 112028.0, 112654.0, 115145.0, 116295.0, 117331.0, 117331.0, 117600.0, 117728.0, 121510.0, 123709.0, 130159.0, 130309.0, 135516.0, 135959.0, 136588.0, 145482.0, 148126.0, 155717.0, 155836.0, 163008.0, 166936.0, 169383.0]"
20200,119285.12666666666,185757.64691815284,87848.82748395126,104466.40000000001,117963.5,127056.09999999998,"[75372.6, 79463.8, 89836.3, 94212.8, 95278.8, 98920.5, 101366.0, 102923.0, 104157.0, 104599.0, 104819.0, 107010.0, 114219.0, 115771.0, 117240.0, 118687.0, 120025.0, 121870.0, 122120.0, 122398.0, 125899.0, 129756.0, 132810.0, 147322.0, 149660.0, 150896.0, 152409.0, 152409.0, 159757.0, 167347.0]"
20400,124148.42666666667,193331.05686037909,91430.457605337448,109322.60000000001,125274.0,138767.59999999998,"[83337.1, 87274.9, 91154.0, 94178.7, 94277.2, 96528.1, 99105.8, 106653.0, 107287.0, 110195.0, 110266.0, 116755.0, 118718.0, 121729.0, 122361.0, 128187.0, 128903.0, 130987.0, 132774.0, 137609.0, 138677.0, 138979.0, 140228.0, 140228.0, 144244.0, 147240.0, 148037.0, 154667.0, 169151.0, 184722.0]"
20600,120595.34666666666,187797.99671654153,88813.753237584111,105787.39999999999,116635.0,132776.59999999998,"[88859.8, 89639.8, 91501.2, 97734.6, 98452.5, 98452.5, 100510.0, 101708.0, 102685.0, 107117.0, 109538.0, 109874.0, 113142.0, 114152.0, 114804.0, 118466.0, 126384.0, 128027.0, 130629.0, 131376.0, 131591.0, 135543.0, 137196.0, 141119.0, 141656.0, 144342.0, 144507.0, 152098.0, 157508.0, 159248.0]"
20800,124731.71666666666,194239.38953268004,91860.027862879317,112778.7,124523.5,131621.39999999999,"[74768.6, 80890.3, 87511.6, 100919.0, 101896.0, 108140.0, 108140.0, 111379.0, 111441.0, 113352.0, 115393.0, 118628.0, 122130.0, 122251.0, 123884.0, 125163.0, 127518.0, 127862.0, 128674.0, 128782.0, 131082.0, 132880.0, 136100.0, 138306.0, 139773.0, 146854.0, 154935.0, 169865.0, 172186.0, 181248.0]"
21000,123592.58333333333,192465.46571301273,91021.100743651274,109371.59999999999,122109.0,133093.89999999997,"[82429.9, 86138.6, 91792.5, 95966.8, 96790.7, 102146.0, 104891.0, 107194.0, 109226.0, 109434.0, 112398.0, 114362.0, 114701.0, 117048.0, 122109.0, 122109.0, 123798.0, 125364.0, 129175.0, 129505.0, 129661.0, 141104.0, 144852.0, 148840.0, 151087.0, 155158.0, 156368.0, 159944.0, 161283.0, 162902.0]"
21200,126194.14999999999,196516.7746716823,92937.052779537931,120179.5,126641.0,136902.59999999998,"[82686.4, 91015.5, 98925.6, 101797.0, 103642.0, 108491.0, 111883.0, 119109.0, 120134.0, 120199.0, 121290.0, 121541.0, 121664.0, 122407.0, 126310.0, 126972.0, 132685.0, 133835.0, 134103.0, 136167.0, 136167.0, 138619.0, 139095.0, 143012.0, 143658.0, 144780.0, 147142.0, 147618.0, 148629.0, 162248.0]"
21400,132807.03,206814.73102616367,97807.180099899066,115817.60000000001,130454.0,141456.29999999999,"[77137.6, 89788.8, 95273.1, 98996.4, 105111.0, 105152.0, 107472.0, 111254.0, 115686.0, 115874.0, 120980.0, 121673.0, 127254.0, 127716.0, 129987.0, 130921.0, 132364.0, 133017.0, 133926.0, 134141.0, 141246.0, 141947.0, 145032.0, 152478.0, 156168.0, 160162.0, 170045.0, 201123.0, 201123.0, 201163.0]"
21600,120677.55,187926.00846616644,88874.292775499707,108015.90000000001,116507.5,128886.19999999998,"[81448.4, 87767.3, 87985.9, 98968.9, 101780.0, 103875.0, 105530.0, 105631.0, 107962.0, 108039.0, 111880.0, 112106.0, 113601.0, 114299.0, 115605.0, 117410.0, 119223.0, 122285.0, 124804.0, 126865.0, 127529.0, 132053.0, 132264.0, 137280.0, 138363.0, 139707.0, 143663.0, 145396.0, 145396.0, 211610.0]"
21800,125135.12333333334,194867.59755194551,92157.121085280014,105133.5,122964.5,142059.0,"[79438.6, 90332.6, 90332.6, 94255.2, 95960.4, 96820.3, 102447.0, 103298.0, 103387.0, 105882.0, 112549.0, 112991.0, 116248.0, 116699.0, 119313.0, 126616.0, 132705.0, 134424.0, 136081.0, 138554.0, 141948.0, 142318.0, 142488.0, 145488.0, 146049.0, 153411.0, 159988.0, 162326.0, 174712.0, 176992.0]"
22000,127838.29333333332,199077.12905391489,94147.899999849848,115990.39999999999,128550.0,141203.39999999999,"[82528.0, 83431.3, 91606.1, 93304.8, 95043.6, 103567.0, 108325.0, 113062.0, 115828.0, 116060.0, 117132.0, 118227.0, 123316.0, 124864.0, 127210.0, 129890.0, 134176.0, 134682.0, 136750.0, 136750.0, 140319.0, 143267.0, 145068.0, 145379.0, 145662.0, 148543.0, 151036.0, 153198.0, 170751.0, 206173.0]"
22200,120537.91666666667,187708.56342371937,88771.45829014694,104349.17999999999,118470.0,135412.70000000001,"[71327.9, 77351.1, 77351.1, 83598.6, 84243.1, 88190.1, 93343.3, 97020.7, 98238.6, 106968.0, 107923.0, 110949.0, 115099.0, 116544.0, 117074.0, 119866.0, 123856.0, 125563.0, 127353.0, 132501.0, 135017.0, 136336.0, 137685.0, 139680.0, 143465.0, 149402.0, 157789.0, 165045.0, 182688.0, 194670.0]"
22400,126159.81333333332,196463.30364322095,92911.765168327154,104887.2,120353.5,141264.69999999998,"[82615.2, 83838.7, 86670.9, 88532.2, 94650.4, 102022.0, 102051.0, 102789.0, 103952.0, 105288.0, 108466.0, 109088.0, 115854.0, 115993.0, 119062.0, 121645.0, 124201.0, 124277.0, 134330.0, 135960.0, 140137.0, 143896.0, 143896.0, 154922.0, 157827.0, 158026.0, 161446.0, 168317.0, 169893.0, 225149.0]"
22600,147042.00999999998,228982.25905433216,108290.68577409763,132260.39999999999,151433.5,166481.89999999999,"[72761.3, 101813.0, 105826.0, 111244.0, 112073.0, 112846.0, 125686.0, 125881.0, 131650.0, 132522.0, 132747.0, 133979.0, 143810.0, 145078.0, 149089.0, 153778.0, 156631.0, 159653.0, 159958.0, 160212.0, 164657.0, 170740.0, 170740.0, 171486.0, 174870.0, 178430.0, 184354.0, 184965.0, 188733.0, 195048.0]"
22800,134409.58333333334,209310.31907288395,98987.397912864442,121462.20000000001,136399.0,146377.39999999999,"[87692.2, 89282.9, 90333.3, 98318.1, 105754.0, 106032.0, 106116.0, 117860.0, 120478.0, 121884.0, 123278.0, 125890.0, 127023.0, 136105.0, 136105.0, 136693.0, 137255.0, 140478.0, 143491.0, 143616.0, 144734.0, 150212.0, 151296.0, 151719.0, 152103.0, 154845.0, 158868.0, 171518.0, 189795.0, 213513.0]"
23000,139674.88333333333,217509.74649229131,102865.0853017022,124939.7,137006.0,151614.0,"[96721.5, 101741.0, 106282.0, 107581.0, 111055.0, 114053.0, 118642.0, 121270.0, 122020.0, 126191.0, 127251.0, 131748.0, 133513.0, 134694.0, 137006.0, 137006.0, 140067.0, 144039.0, 146026.0, 148091.0, 150036.0, 155296.0, 155492.0, 157423.0, 158977.0, 161579.0, 162786.0, 187659.0, 196682.0, 199319.0]"
23200,129723.50333333334,202012.88628813537,95536.283385850809,118123.3,126461.0,138117.20000000001,"[89592.3, 92699.8, 102967.0, 105625.0, 115755.0, 115884.0, 117007.0, 117027.0, 118068.0, 118147.0, 119938.0, 121480.0, 121593.0, 124564.0, 126077.0, 126845.0, 127135.0, 128677.0, 130458.0, 132971.0, 137849.0, 138743.0, 140554.0, 143119.0, 146849.0, 164231.0, 165264.0, 165414.0, 168586.0, 168586.0]"
23400,136033.54999999999,211839.25319152299,100183.38580780418,127818.2,137360.0,149336.09999999998,"[89779.6, 91115.9, 103279.0, 105975.0, 109692.0, 118582.0, 121115.0, 122747.0, 127576.0, 127922.0, 129060.0, 130690.0, 132923.0, 135490.0, 136212.0, 138508.0, 139238.0, 139735.0, 144893.0, 146475.0, 147954.0, 152561.0, 152963.0, 155256.0, 155256.0, 157361.0, 162403.0, 163474.0, 167166.0, 175605.0]"
23600,129408.85666666667,201522.90043621967,95304.558429766053,112042.8,126604.5,140901.09999999998,"[73679.8, 88803.8, 94781.6, 96357.5, 101745.0, 103686.0, 105229.0, 108962.0, 109093.0, 113307.0, 115988.0, 119495.0, 121480.0, 122398.0, 124070.0, 129139.0, 129940.0, 129940.0, 129953.0, 134605.0, 137551.0, 148718.0, 149431.0, 152134.0, 152263.0, 163438.0, 168544.0, 177338.0, 182014.0, 198182.0]"
23800,128378.72666666665,199918.72286465598,94545.907999617048,112500.5,123520.5,148976.79999999999,"[96018.6, 96228.0, 96728.0, 96867.7, 97049.0, 98298.5, 101969.0, 102980.0, 111328.0, 113003.0, 113790.0, 116542.0, 119737.0, 120191.0, 122976.0, 124065.0, 132441.0, 132441.0, 134166.0, 138991.0, 148819.0, 149345.0, 150052.0, 156524.0, 158433.0, 159339.0, 160675.0, 164072.0, 165887.0, 172406.0]"
24000,125858.69,195994.37710229133,92689.999617997368,112946.89999999999,124248.0,136833.59999999998,"[64282.4, 81553.0, 98115.8, 98365.5, 101327.0, 105367.0, 106124.0, 107565.0, 111913.0, 113390.0, 116911.0, 118649.0, 120428.0, 121183.0, 124248.0, 124248.0, 124786.0, 126241.0, 128667.0, 129531.0, 134241.0, 142883.0, 147905.0, 150260.0, 151699.0, 152551.0, 157547.0, 162556.0, 175712.0, 177512.0]"
24200,141780.79999999999,220789.20081771503,104416.01051019489,126600.0,147242.0,152025.79999999999,"[100808.0, 104996.0, 108062.0, 117076.0, 117448.0, 118474.0, 119135.0, 119632.0, 119873.0, 129483.0, 130224.0, 132740.0, 132903.0, 144493.0, 145995.0, 148489.0, 148489.0, 149982.0, 150246.0, 150291.0, 151784.0, 152590.0, 152855.0, 153826.0, 158390.0, 160334.0, 165847.0, 174694.0, 176522.0, 217743.0]"
24400,138042.30333333334,214967.39919652924,101662.75402385123,123699.39999999999,137229.5,146985.89999999999,"[90990.6, 98741.3, 99003.2, 105626.0, 109547.0, 114269.0, 114269.0, 116840.0, 116957.0, 126589.0, 126664.0, 129487.0, 130756.0, 130873.0, 135181.0, 139278.0, 140592.0, 141570.0, 143914.0, 144981.0, 145467.0, 150530.0, 152235.0, 162872.0, 169455.0, 169992.0, 178734.0, 183137.0, 185065.0, 187654.0]"
24600,135288.24666666667,210678.62405603044,99634.499070766324,114704.0,128000.0,144474.10000000001,"[86867.2, 95519.1, 97092.1, 105026.0, 106419.0, 107559.0, 109112.0, 112823.0, 114704.0, 114704.0, 119925.0, 124190.0, 124556.0, 124751.0, 127603.0, 128397.0, 134126.0, 138565.0, 143006.0, 143950.0, 144313.0, 144850.0, 150357.0, 155830.0, 165339.0, 165809.0, 185007.0, 194269.0, 194506.0, 199473.0]"
24800,129786.28,202110.6457172212,95582.515944042476,116549.10000000001,122364.0,139701.5,"[93001.2, 94757.0, 95906.7, 96463.5, 100420.0, 105052.0, 110250.0, 115132.0, 116393.0, 116616.0, 119346.0, 120790.0, 121693.0, 121813.0, 122163.0, 122565.0, 124636.0, 128810.0, 132318.0, 135180.0, 139370.0, 140475.0, 140620.0, 145082.0, 156167.0, 161079.0, 176205.0, 176205.0, 177202.0, 187878.0]"
25000,130500.74666666666,203223.25422517309,96108.692682894631,118609.89999999999,132476.5,141402.69999999998,"[82011.0, 94228.0, 96184.4, 102842.0, 109556.0, 111074.0, 115941.0, 117452.0, 118087.0, 118834.0, 120650.0, 121488.0, 121901.0, 127736.0, 131298.0, 133655.0, 133655.0, 134216.0, 138363.0, 138522.0, 140338.0, 143887.0, 145101.0, 146162.0, 146920.0, 158788.0, 160916.0, 165660.0, 169188.0, 170369.0]"
25200,130685.72333333334,203511.31050926275,96244.920758704669,108140.5,124749.0,150639.19999999998,"[91503.3, 95691.0, 96548.4, 100267.0, 101074.0, 103426.0, 104559.0, 104892.0, 106422.0, 108877.0, 112820.0, 114357.0, 115949.0, 116655.0, 121639.0, 127859.0, 129932.0, 138536.0, 143455.0, 150016.0, 150320.0, 151384.0, 151384.0, 151902.0, 153516.0, 154237.0, 158809.0, 161381.0, 200230.0, 202931.0]"
25400,136757.89999999999,212967.25259350345,100716.84123486525,125702.2,139901.5,147369.70000000001,"[88391.0, 98480.4, 98872.6, 102810.0, 112180.0, 113897.0, 115901.0, 121284.0, 125201.0, 125917.0, 130430.0, 130968.0, 136112.0, 136413.0, 139230.0, 140573.0, 140573.0, 141861.0, 141987.0, 144400.0, 146455.0, 149504.0, 149925.0, 152835.0, 155555.0, 156615.0, 160530.0, 161947.0, 175690.0, 208200.0]"
25600,124531.57000000001,193927.70965374252,91712.627675757729,113877.7,130957.0,138894.29999999999,"[80134.2, 80134.2, 80644.3, 86333.2, 89807.2, 102706.0, 102763.0, 107229.0, 108865.0, 116026.0, 117485.0, 118612.0, 124139.0, 128544.0, 128868.0, 133046.0, 133622.0, 134839.0, 135140.0, 138013.0, 138699.0, 139350.0, 139819.0, 141179.0, 141236.0, 141510.0, 142078.0, 147385.0, 163626.0, 194115.0]"
25800,131942.78333333333,205468.87650395258,97170.696252790935,112367.19999999998,132136.0,141409.09999999998,"[74378.5, 84426.2, 93153.9, 97616.9, 102696.0, 105004.0, 105524.0, 107136.0, 110634.0, 113110.0, 114467.0, 117663.0, 126004.0, 126595.0, 128264.0, 136008.0, 137635.0, 137635.0, 137681.0, 138461.0, 140453.0, 143640.0, 144831.0, 152206.0, 153798.0, 172429.0, 174353.0, 188563.0, 195924.0, 197994.0]"
26000,135304.10000000001,210703.31177677235,99646.174430335159,121065.5,132709.5,143309.5,"[98982.0, 100656.0, 104782.0, 111899.0, 115926.0, 116043.0, 117938.0, 120092.0, 120936.0, 121121.0, 122712.0, 127170.0, 127432.0, 131556.0, 132612.0, 132807.0, 137419.0, 137640.0, 141500.0, 141925.0, 142855.0, 144370.0, 144370.0, 147072.0, 152191.0, 153995.0, 156349.0, 175968.0, 178590.0, 202215.0]"
26200,134050.5,208751.133892707,98722.947090839385,124512.89999999999,130999.0,142490.09999999998,"[69800.7, 82150.7, 92963.3, 99220.3, 101346.0, 114903.0, 118302.0, 122020.0, 124508.0, 124515.0, 125542.0, 126247.0, 126301.0, 126951.0, 130832.0, 131166.0, 132133.0, 136041.0, 136841.0, 137077.0, 139260.0, 150027.0, 151997.0, 155325.0, 162249.0, 167441.0, 171894.0, 173302.0, 195580.0, 195580.0]"
26400,133804.67666666667,208368.32368632496,98541.907826305789,116824.39999999999,131111.5,151175.39999999999,"[87509.0, 99179.3, 102721.0, 103483.0, 105171.0, 108401.0, 109801.0, 113483.0, 114751.0, 117713.0, 118590.0, 119882.0, 120986.0, 128870.0, 128870.0, 133353.0, 136922.0, 138652.0, 139138.0, 144900.0, 150828.0, 151986.0, 153624.0, 157909.0, 162371.0, 164611.0, 167277.0, 175919.0, 178578.0, 178662.0]"
26600,130194.05,202745.6485696345,95882.822590681113,118472.79999999999,126969.5,136880.19999999998,"[83091.8, 88309.3, 96808.4, 101264.0, 101264.0, 104546.0, 106212.0, 112599.0, 114662.0, 120106.0, 122489.0, 123020.0, 123466.0, 124150.0, 125919.0, 128020.0, 128146.0, 132390.0, 133530.0, 135356.0, 135625.0, 139809.0, 140783.0, 148383.0, 152781.0, 160226.0, 162861.0, 163586.0, 192186.0, 204233.0]"
26800,127851.89333333333,199098.30775463543,94157.915867604432,113785.39999999999,122239.5,129351.39999999999,"[99912.8, 100170.0, 103187.0, 104460.0, 106328.0, 107241.0, 111129.0, 112560.0, 113126.0, 114068.0, 114127.0, 116856.0, 118242.0, 118670.0, 120931.0, 123548.0, 123682.0, 124251.0, 126581.0, 127879.0, 128869.0, 130477.0, 132610.0, 133606.0, 133606.0, 149610.0, 151938.0, 175435.0, 203654.0, 208803.0]"
27000,137871.73666666666,214701.78299165893,101537.13834909585,123618.7,138299.0,149257.60000000001,"[93503.5, 97551.3, 98301.3, 112227.0, 112227.0, 113332.0, 120656.0, 122762.0, 123310.0, 123751.0, 130936.0, 131145.0, 136083.0, 136410.0, 137985.0, 138613.0, 141555.0, 141699.0, 141762.0, 145075.0, 148768.0, 150400.0, 152464.0, 155175.0, 166774.0, 167196.0, 168466.0, 169342.0, 179170.0, 179513.0]"
27200,140739.51333333334,219167.64944435935,103649.14363166979,117494.89999999999,149979.0,158803.5,"[68630.6, 78722.8, 101723.0, 107033.0, 110784.0, 111614.0, 113479.0, 114026.0, 114326.0, 118853.0, 119459.0, 125575.0, 140362.0, 141413.0, 149303.0, 150655.0, 150655.0, 151194.0, 151869.0, 155157.0, 158382.0, 159787.0, 161765.0, 162229.0, 164078.0, 168311.0, 172816.0, 186648.0, 194998.0, 218338.0]"
27400,138549.26999999999,215756.87679275207,102036.11513335959,121330.19999999998,138546.0,152376.59999999998,"[84870.5, 92444.6, 102057.0, 108967.0, 111355.0, 118097.0, 118106.0, 119266.0, 120591.0, 121647.0, 121647.0, 122277.0, 123715.0, 126850.0, 134559.0, 142533.0, 143767.0, 144282.0, 145141.0, 146184.0, 151809.0, 153701.0, 153724.0, 154719.0, 159747.0, 168208.0, 172244.0, 175705.0, 193269.0, 224996.0]"
27600,133823.42000000001,208397.51188096998,98555.711557772476,121971.60000000001,128333.5,142143.0,"[82738.7, 97157.9, 101929.0, 103690.0, 104794.0, 112731.0, 116136.0, 117758.0, 119572.0, 123000.0, 124700.0, 126504.0, 126504.0, 127574.0, 128322.0, 128345.0, 130557.0, 133346.0, 138171.0, 139329.0, 141894.0, 142724.0, 143997.0, 149724.0, 152765.0, 158188.0, 166703.0, 180688.0, 189609.0, 205552.0]"
27800,132727.80666666667,206691.35990360842,97748.835215359082,113221.2,131040.5,151671.29999999999,"[90919.1, 95354.9, 95584.2, 96886.0, 105072.0, 109451.0, 109889.0, 110893.0, 110893.0, 114219.0, 121117.0, 122083.0, 124470.0, 125532.0, 128737.0, 133344.0, 135694.0, 137268.0, 142014.0, 142461.0, 151215.0, 152736.0, 154353.0, 154916.0, 165166.0, 166720.0, 168224.0, 171269.0, 172341.0, 173013.0]"
28000,136082.65666666668,211915.72491186985,100219.55094598078,129549.5,136541.5,143890.09999999998,"[88519.1, 96335.6, 99783.0, 100494.0, 101937.0, 111373.0, 126005.0, 126844.0, 127481.0, 130436.0, 132573.0, 133827.0, 134084.0, 135437.0, 136396.0, 136687.0, 136687.0, 139270.0, 140560.0, 141702.0, 143111.0, 145708.0, 146099.0, 150892.0, 154683.0, 167260.0, 169810.0, 170270.0, 170902.0, 187314.0]"
28200,133441.73333333334,207803.12749256118,98274.614265344528,121995.59999999999,129251.5,141954.5,"[85974.0, 90780.9, 98240.1, 109021.0, 109769.0, 111135.0, 115482.0, 116866.0, 121024.0, 122412.0, 122651.0, 123987.0, 125341.0, 128003.0, 128991.0, 129512.0, 129798.0, 134746.0, 139649.0, 139831.0, 141395.0, 143260.0, 148756.0, 149282.0, 149900.0, 158555.0, 164424.0, 170987.0, 196740.0, 196740.0]"
28400,137785.81666666668,214567.98343534203,101473.86163163457,120294.59999999999,133212.0,147854.89999999999,"[96444.5, 104370.0, 113468.0, 115021.0, 115021.0, 117062.0, 118333.0, 118760.0, 119393.0, 120681.0, 123440.0, 127484.0, 130579.0, 132379.0, 133072.0, 133352.0, 134024.0, 135649.0, 137009.0, 140413.0, 147635.0, 148368.0, 151234.0, 151877.0, 165423.0, 166875.0, 168265.0, 176854.0, 193294.0, 197795.0]"
28600,124060.55333333333,193194.21546126262,91365.742334321199,107576.10000000001,124187.0,137933.60000000001,"[88923.1, 89809.6, 91436.5, 94891.9, 98369.5, 101716.0, 105311.0, 105311.0, 107574.0, 107577.0, 109445.0, 109810.0, 116364.0, 120399.0, 121262.0, 127112.0, 128570.0, 129956.0, 131365.0, 137172.0, 137330.0, 139342.0, 142690.0, 143498.0, 143968.0, 147085.0, 156396.0, 157243.0, 159687.0, 172203.0]"
28800,135846.37333333335,211547.77094114033,100045.53751809269,117355.29999999999,129027.5,149712.39999999999,"[94880.2, 100492.0, 105407.0, 105577.0, 106464.0, 108472.0, 111483.0, 112136.0, 116922.0, 117541.0, 119493.0, 122131.0, 124157.0, 125124.0, 129010.0, 129045.0, 131057.0, 132847.0, 140960.0, 147049.0, 148828.0, 151776.0, 154878.0, 155474.0, 160346.0, 163001.0, 171114.0, 186515.0, 201606.0, 201606.0]"
29000,133737.12,208263.1205668388,98492.154985182744,119665.5,131609.0,146651.39999999999,"[82060.1, 82060.1, 88041.4, 104384.0, 111917.0, 112430.0, 113268.0, 118694.0, 119557.0, 119712.0, 121775.0, 122497.0, 123702.0, 126160.0, 130536.0, 132682.0, 134820.0, 137119.0, 137936.0, 138253.0, 145812.0, 148610.0, 153320.0, 155485.0, 157196.0, 159222.0, 162754.0, 173996.0, 175043.0, 223072.0]"
29200,131415.14333333334,204647.20520629128,96782.110042347791,119233.0,130321.0,150597.0,"[88912.2, 88912.2, 89650.7, 96653.2, 102112.0, 103775.0, 109545.0, 111041.0, 119128.0, 119278.0, 120275.0, 121390.0, 127413.0, 128080.0, 128355.0, 132287.0, 133829.0, 140855.0, 142355.0, 145631.0, 150282.0, 151332.0, 152823.0, 154080.0, 154745.0, 155447.0, 155804.0, 165313.0, 170068.0, 183083.0]"
29400,135580.41333333333,211133.60276146099,99849.668386621488,114848.2,134237.0,157752.5,"[88481.9, 96060.6, 98704.9, 101806.0, 107639.0, 108852.0, 108919.0, 112625.0, 114368.0, 115054.0, 116702.0, 118167.0, 128228.0, 129949.0, 134237.0, 134237.0, 135979.0, 139033.0, 148247.0, 148567.0, 157229.0, 158974.0, 159436.0, 162488.0, 163051.0, 163244.0, 169818.0, 176040.0, 178302.0, 192974.0]"
29600,134002.85333333333,208676.93576817279,98687.857185524699,123381.8,136186.5,146110.0,"[90601.1, 93764.5, 101920.0, 105048.0, 109486.0, 113806.0, 113830.0, 114538.0, 119060.0, 125234.0, 126423.0, 128380.0, 130418.0, 134307.0, 135891.0, 136482.0, 136895.0, 137672.0, 139850.0, 143132.0, 145438.0, 147678.0, 152350.0, 153368.0, 157704.0, 158774.0, 165248.0, 166176.0, 168306.0, 168306.0]"
29800,133762.89666666667,208303.26147190545,98511.138491395031,121190.5,134134.5,143538.79999999999,"[92660.9, 100626.0, 101962.0, 103212.0, 104375.0, 104375.0, 105111.0, 105339.0, 121110.0, 121225.0, 121731.0, 124167.0, 127116.0, 127681.0, 131215.0, 137054.0, 137068.0, 140725.0, 140734.0, 141347.0, 142367.0, 146273.0, 147970.0, 154695.0, 159298.0, 160499.0, 161261.0, 163105.0, 169200.0, 219385.0]"
30000,127676.87666666666,198825.7617543088,94029.022942002906,111449.5,126079.5,139400.19999999998,"[76769.3, 76769.3, 92738.8, 97002.7, 97822.3, 99343.9, 102537.0, 103145.0, 111110.0, 111595.0, 117091.0, 121274.0, 121774.0, 123596.0, 124517.0, 127642.0, 129466.0, 133532.0, 134872.0, 136735.0, 137563.0, 143687.0, 147266.0, 147412.0, 157000.0, 158054.0, 164119.0, 175738.0, 177062.0, 183073.0]"
30200,135977.81333333332,211752.45685457485,100142.33793409723,123483.70000000001,134061.0,149252.29999999999,"[88139.3, 95197.1, 101052.0, 108839.0, 113860.0, 115592.0, 116464.0, 116635.0, 122272.0, 124003.0, 125574.0, 125870.0, 125979.0, 132738.0, 133059.0, 135063.0, 140605.0, 148146.0, 148161.0, 148364.0, 148778.0, 150359.0, 150604.0, 151701.0, 152669.0, 168052.0, 169568.0, 169568.0, 173847.0, 178576.0]"
30400,133831.34,208409.84535962486,98561.54432781777,123141.8,135335.0,144606.39999999999,"[91054.0, 92843.4, 99139.8, 100738.0, 101883.0, 104709.0, 111318.0, 112442.0, 122754.0, 123308.0, 124450.0, 128178.0, 131632.0, 133779.0, 135254.0, 135416.0, 135948.0, 136306.0, 139544.0, 140639.0, 143587.0, 146985.0, 146985.0, 148630.0, 149555.0, 153605.0, 162054.0, 163528.0, 185656.0, 213020.0]"
30600,138341.0,215432.54679282045,101882.7324291503,120590.2,134542.5,143210.29999999999,"[104687.0, 109576.0, 109963.0, 111725.0, 114931.0, 118396.0, 118396.0, 118521.0, 118738.0, 121384.0, 122078.0, 123072.0, 132496.0, 133030.0, 134418.0, 134667.0, 134708.0, 140009.0, 140389.0, 140982.0, 141959.0, 146130.0, 153009.0, 157751.0, 166955.0, 168433.0, 177880.0, 182164.0, 185853.0, 187930.0]"
30800,140663.61666666667,219049.45879810775,103593.24870693841,117221.8,136338.0,165322.79999999999,"[76411.0, 89961.4, 93186.9, 95427.2, 101961.0, 112757.0, 114912.0, 115037.0, 116099.0, 117703.0, 119742.0, 132503.0, 134415.0, 135719.0, 135719.0, 136957.0, 140353.0, 154894.0, 156614.0, 158986.0, 164742.0, 166678.0, 169556.0, 169940.0, 171695.0, 175383.0, 185436.0, 191471.0, 191982.0, 193668.0]"
31000,150662.98333333334,234621.04659431594,110957.39092479838,136748.60000000001,154881.0,170877.0,"[84943.4, 91279.8, 99101.3, 104068.0, 119497.0, 120718.0, 124003.0, 131145.0, 133509.0, 138137.0, 143181.0, 144468.0, 148676.0, 150398.0, 152340.0, 157422.0, 157422.0, 158195.0, 159056.0, 166406.0, 170565.0, 171605.0, 177164.0, 182636.0, 183647.0, 184362.0, 186614.0, 187102.0, 191480.0, 200749.0]"
31200,138719.03333333333,216021.24200083961,102161.13918455396,124757.5,142198.5,150727.79999999999,"[80767.0, 80767.0, 93326.4, 93441.6, 103534.0, 104477.0, 115947.0, 119236.0, 123536.0, 125281.0, 125585.0, 129597.0, 134682.0, 137402.0, 142155.0, 142242.0, 143496.0, 144723.0, 147167.0, 148255.0, 150360.0, 151586.0, 154025.0, 157242.0, 170362.0, 172302.0, 173324.0, 185784.0, 196634.0, 214335.0]"
31400,137776.10666666666,214552.86246593046,101466.71059664212,120779.79999999999,136055.5,142679.69999999998,"[97199.0, 97686.1, 97686.1, 102659.0, 109718.0, 115324.0, 117062.0, 118101.0, 119783.0, 121207.0, 121724.0, 126769.0, 130146.0, 133374.0, 135156.0, 136955.0, 138632.0, 140616.0, 140622.0, 140799.0, 140946.0, 146725.0, 155992.0, 160790.0, 161336.0, 164846.0, 165049.0, 180212.0, 182955.0, 233214.0]"
31600,144284.71666666667,224688.44359069623,106260.04714268194,128254.39999999999,139146.0,155003.39999999999,"[96488.5, 106700.0, 106700.0, 113622.0, 117593.0, 119411.0, 121681.0, 125175.0, 127133.0, 128735.0, 131227.0, 131601.0, 132070.0, 133618.0, 137153.0, 141139.0, 141946.0, 145420.0, 150894.0, 150946.0, 153756.0, 157914.0, 163092.0, 166896.0, 174770.0, 175670.0, 189439.0, 189546.0, 197830.0, 200376.0]"
31800,152576.68333333332,237601.17009203113,112366.75608082343,129128.70000000001,143370.5,175295.09999999998,"[99224.5, 105764.0, 108403.0, 111526.0, 116136.0, 122119.0, 127891.0, 128424.0, 128715.0, 129306.0, 132748.0, 133880.0, 134381.0, 135418.0, 139159.0, 147582.0, 157060.0, 167657.0, 172733.0, 172803.0, 174600.0, 176917.0, 181112.0, 184571.0, 186750.0, 192480.0, 192480.0, 193727.0, 202702.0, 221032.0]"
32000,142128.13333333333,221330.08822337238,104671.80791706433,124428.10000000001,135833.5,153373.0,"[105529.0, 106360.0, 109462.0, 111547.0, 112223.0, 113230.0, 115802.0, 122445.0, 124146.0, 124549.0, 125305.0, 126169.0, 128777.0, 128881.0, 134262.0, 137405.0, 141204.0, 142628.0, 146780.0, 148599.0, 151876.0, 156866.0, 161500.0, 162765.0, 175021.0, 179733.0, 179733.0, 182662.0, 196486.0, 211899.0]"
32200,141494.61333333334,220343.53451157192,104205.24523030833,123447.10000000001,136053.5,154890.5,"[93710.4, 105362.0, 107820.0, 112471.0, 114774.0, 120016.0, 121586.0, 121586.0, 122843.0, 123706.0, 124624.0, 127206.0, 132364.0, 133767.0, 135702.0, 136405.0, 140911.0, 144724.0, 147926.0, 151034.0, 154433.0, 155958.0, 156721.0, 159655.0, 162598.0, 174424.0, 180613.0, 188405.0, 188622.0, 204872.0]"
32400,141015.88333333333,219598.02867363431,103852.67932073842,121824.5,135072.5,159625.70000000001,"[90933.1, 95022.4, 101182.0, 102866.0, 109835.0, 116666.0, 117784.0, 117784.0, 120631.0, 122336.0, 123197.0, 128118.0, 133428.0, 134454.0, 134795.0, 135350.0, 143292.0, 145242.0, 153402.0, 157088.0, 159260.0, 160479.0, 162668.0, 167771.0, 176003.0, 178504.0, 180996.0, 182480.0, 187870.0, 191040.0]"
32600,138091.86333333334,215044.57687356678,101699.2530242863,123946.8,132564.0,147836.09999999998,"[87198.3, 95031.6, 115631.0, 117178.0, 117618.0, 119974.0, 119985.0, 120964.0, 123916.0, 123960.0, 126496.0, 128094.0, 129947.0, 131239.0, 131957.0, 133171.0, 133201.0, 135175.0, 143442.0, 143442.0, 146652.0, 150599.0, 154477.0, 158254.0, 158287.0, 158787.0, 169063.0, 169862.0, 188662.0, 210493.0]"
32800,145230.63333333333,226161.47932524906,106956.67774857805,130404.89999999999,141829.5,148416.89999999997,"[102544.0, 111969.0, 117557.0, 121354.0, 121816.0, 122810.0, 126719.0, 128220.0, 129693.0, 130710.0, 131178.0, 134869.0, 134869.0, 139894.0, 141091.0, 142568.0, 142701.0, 143338.0, 143684.0, 145888.0, 145971.0, 154124.0, 155319.0, 156066.0, 159003.0, 165685.0, 171948.0, 183318.0, 189888.0, 262125.0]"
33000,132092.49666666667,205702.01870105139,97280.954263655964,113225.89999999999,133763.5,144649.60000000001,"[80306.1, 80306.1, 91521.7, 96146.0, 100524.0, 101271.0, 106680.0, 108798.0, 111205.0, 114092.0, 114633.0, 127702.0, 129067.0, 132527.0, 133382.0, 134145.0, 135709.0, 137255.0, 139949.0, 141301.0, 144397.0, 145239.0, 145685.0, 146094.0, 154266.0, 163852.0, 165738.0, 184368.0, 187882.0, 208734.0]"
33200,145026.10000000001,225842.96827715763,106806.04695313174,128954.60000000001,141606.5,164286.60000000001,"[106535.0, 110033.0, 111635.0, 118929.0, 120602.0, 121510.0, 124651.0, 126483.0, 128767.0, 129035.0, 130269.0, 131490.0, 137091.0, 137602.0, 137955.0, 145258.0, 145348.0, 148119.0, 149180.0, 153938.0, 164235.0, 164407.0, 164407.0, 165614.0, 167544.0, 175434.0, 177799.0, 182333.0, 186193.0, 188387.0]"
33400,152873.64999999999,238063.62363301014,112585.46040882725,124185.29999999999,158500.0,172793.89999999999,"[91453.5, 105216.0, 106208.0, 107075.0, 113884.0, 116861.0, 119999.0, 120400.0, 122352.0, 124971.0, 138057.0, 139617.0, 145667.0, 154976.0, 155390.0, 161610.0, 162422.0, 163087.0, 163415.0, 168677.0, 172631.0, 173174.0, 180841.0, 183385.0, 184920.0, 185340.0, 188205.0, 201388.0, 201388.0, 233600.0]"
33600,144235.67333333334,224612.07049665178,106223.92864702677,128155.10000000001,141719.5,158127.39999999999,"[90664.7, 97598.5, 107751.0, 109135.0, 110719.0, 124437.0, 126110.0, 126367.0, 127747.0, 128330.0, 128718.0, 131596.0, 137628.0, 140140.0, 140968.0, 142471.0, 146289.0, 147533.0, 148935.0, 154234.0, 157129.0, 160457.0, 167037.0, 167037.0, 172369.0, 173145.0, 181088.0, 182876.0, 195448.0, 203113.0]"
33800,147956.33333333334,230406.09583657398,108964.04912642075,127951.90000000001,143254.5,158590.0,"[112826.0, 113736.0, 114230.0, 115191.0, 117505.0, 122881.0, 124622.0, 125252.0, 127807.0, 128014.0, 135858.0, 136641.0, 137166.0, 139785.0, 141572.0, 144937.0, 145640.0, 147741.0, 151689.0, 152009.0, 157183.0, 161873.0, 168543.0, 171115.0, 179381.0, 180266.0, 186440.0, 186440.0, 187093.0, 225254.0]"
34000,144427.60000000001,224910.94971971255,106365.27512584373,134051.60000000001,142085.5,159982.0,"[102243.0, 102845.0, 104191.0, 106724.0, 110203.0, 120506.0, 122405.0, 125684.0, 131330.0, 135218.0, 135914.0, 137395.0, 137936.0, 138345.0, 140248.0, 143923.0, 148037.0, 150043.0, 152486.0, 159617.0, 159871.0, 160241.0, 167136.0, 168178.0, 171915.0, 173073.0, 173437.0, 173437.0, 181845.0, 198402.0]"
34200,147504.95666666667,229703.18617954635,108631.62787635921,131826.5,144956.5,156236.5,"[99584.7, 102219.0, 103026.0, 111790.0, 113073.0, 113362.0, 119272.0, 124086.0, 125992.0, 134327.0, 134832.0, 137566.0, 139692.0, 141362.0, 144410.0, 145503.0, 145876.0, 146411.0, 149490.0, 155592.0, 155668.0, 157563.0, 167840.0, 174520.0, 176407.0, 181357.0, 185695.0, 185695.0, 217991.0, 234947.0]"
34400,140889.36666666667,219401.00965749493,103759.50474705581,120278.5,134154.0,151494.39999999999,"[103152.0, 104085.0, 110126.0, 112502.0, 113120.0, 114298.0, 114469.0, 117560.0, 119596.0, 120571.0, 121204.0, 126452.0, 131244.0, 133125.0, 133518.0, 134790.0, 138965.0, 140537.0, 140671.0, 140679.0, 150439.0, 153957.0, 154850.0, 168358.0, 172604.0, 180560.0, 180560.0, 186340.0, 186847.0, 221502.0]"
34600,139778.82999999999,217671.61820877896,102941.63795367739,114625.5,138930.5,158493.0,"[70297.9, 98684.0, 102097.0, 105332.0, 105613.0, 107812.0, 108635.0, 108919.0, 113313.0, 115188.0, 121481.0, 122062.0, 123643.0, 125132.0, 135275.0, 142586.0, 149442.0, 150133.0, 151864.0, 152621.0, 158151.0, 159291.0, 161911.0, 161911.0, 171350.0, 181586.0, 182268.0, 191226.0, 191988.0, 223553.0]"
34800,144970.66333333336,225756.63911743127,106765.22001768407,121596.59999999999,152850.5,166314.29999999999,"[80873.5, 94280.0, 95701.7, 98244.7, 106513.0, 111342.0, 114594.0, 115618.0, 118609.0, 122877.0, 132959.0, 147777.0, 151369.0, 151605.0, 152017.0, 153684.0, 157557.0, 158964.0, 161564.0, 161709.0, 166023.0, 166994.0, 169971.0, 174167.0, 176443.0, 176863.0, 176863.0, 180225.0, 181139.0, 192574.0]"
35000,145966.09333333332,227306.77985700936,107498.31525584156,131987.20000000001,138229.0,158137.39999999999,"[86489.8, 104287.0, 114718.0, 117009.0, 117092.0, 127147.0, 129010.0, 131518.0, 131801.0, 132067.0, 132205.0, 132245.0, 133965.0, 133965.0, 135528.0, 140930.0, 149435.0, 150976.0, 151225.0, 151544.0, 157262.0, 160180.0, 160977.0, 170948.0, 173529.0, 175605.0, 185732.0, 191520.0, 195158.0, 204915.0]"
35200,143722.94666666668,223813.62309777079,105846.32552293998,124303.59999999999,144836.0,158961.10000000001,"[76821.8, 90353.6, 100969.0, 106441.0, 108301.0, 113831.0, 114968.0, 123441.0, 123584.0, 124612.0, 128869.0, 133533.0, 136931.0, 138806.0, 143551.0, 146121.0, 149575.0, 151030.0, 158466.0, 158567.0, 158815.0, 159302.0, 159753.0, 168916.0, 174845.0, 184309.0, 190208.0, 190208.0, 195555.0, 201006.0]"
35400,137068.80333333334,213451.409111863,100945.80937244797,113427.89999999999,137343.5,154408.79999999999,"[87966.1, 94495.7, 95319.3, 102378.0, 106333.0, 107308.0, 109175.0, 109380.0, 110189.0, 114816.0, 114816.0, 125603.0, 125739.0, 127988.0, 134105.0, 140582.0, 143733.0, 147877.0, 150975.0, 151665.0, 154143.0, 155029.0, 159248.0, 165838.0, 167328.0, 173483.0, 180488.0, 183466.0, 183967.0, 188631.0]"
35600,154455.79999999999,240527.43843779151,113750.65196529121,142207.89999999999,149473.0,164254.69999999998,"[107693.0, 108095.0, 126880.0, 128368.0, 130828.0, 135886.0, 136569.0, 140810.0, 140810.0, 142807.0, 143295.0, 143762.0, 145684.0, 146998.0, 148824.0, 150122.0, 154530.0, 155902.0, 159922.0, 161832.0, 163952.0, 164961.0, 171206.0, 175129.0, 180942.0, 182458.0, 183321.0, 197329.0, 198046.0, 206713.0]"
35800,145543.0,226647.91463027927,107186.7235738922,136067.70000000001,146071.5,158410.60000000001,"[112226.0, 113569.0, 116543.0, 127185.0, 127890.0, 128769.0, 129114.0, 134491.0, 135430.0, 136341.0, 138718.0, 140588.0, 141925.0, 143846.0, 144995.0, 147148.0, 151024.0, 153050.0, 154287.0, 158260.0, 158260.0, 158762.0, 158829.0, 159265.0, 159384.0, 161297.0, 163750.0, 166622.0, 167464.0, 177258.0]"
36000,137292.23333333334,213799.3471340684,101110.35682336018,126545.3,140064.5,145901.19999999998,"[108079.0, 108665.0, 108665.0, 109251.0, 109574.0, 113840.0, 116191.0, 121211.0, 126322.0, 126641.0, 128049.0, 128290.0, 131655.0, 134811.0, 139590.0, 140539.0, 140724.0, 141773.0, 142603.0, 144613.0, 145219.0, 147493.0, 147841.0, 153236.0, 155644.0, 157036.0, 162505.0, 166410.0, 171989.0, 190308.0]"
36200,147128.35333333333,229116.71784961765,108354.27425999149,133653.60000000001,147528.0,163234.89999999999,"[86251.4, 94922.2, 101236.0, 113863.0, 114775.0, 121339.0, 121494.0, 126522.0, 130890.0, 134838.0, 135309.0, 135599.0, 140677.0, 145501.0, 146955.0, 148101.0, 149515.0, 151738.0, 153236.0, 154377.0, 162859.0, 164112.0, 167865.0, 172961.0, 176074.0, 185013.0, 185013.0, 191480.0, 196362.0, 204973.0]"
36400,144871.85333333333,225602.76651315199,106692.45031968186,124224.60000000001,139033.0,163541.39999999999,"[90576.6, 103000.0, 104485.0, 110511.0, 115684.0, 117147.0, 117147.0, 118909.0, 120278.0, 125916.0, 127886.0, 133681.0, 135554.0, 137060.0, 138211.0, 139855.0, 151828.0, 152564.0, 155174.0, 159500.0, 162477.0, 166025.0, 167903.0, 169239.0, 171589.0, 175856.0, 176642.0, 184010.0, 192788.0, 224660.0]"
36600,148408.63333333333,231110.44336127298,109297.15037534697,131293.0,139014.0,157072.39999999999,"[101656.0, 112538.0, 120281.0, 121059.0, 127835.0, 127910.0, 127910.0, 130274.0, 130614.0, 131584.0, 133598.0, 134892.0, 136524.0, 136716.0, 137772.0, 140256.0, 144580.0, 146232.0, 154246.0, 154715.0, 156602.0, 158170.0, 168621.0, 170496.0, 176743.0, 182549.0, 189091.0, 194319.0, 200892.0, 203584.0]"
36800,139481.53333333333,217208.65077285602,102722.69059358836,126389.79999999999,144964.5,154386.29999999999,"[101268.0, 106561.0, 106638.0, 111161.0, 111323.0, 111641.0, 115015.0, 115624.0, 124287.0, 127291.0, 127291.0, 129660.0, 138691.0, 140861.0, 144159.0, 145770.0, 146959.0, 147742.0, 150186.0, 154148.0, 154290.0, 154611.0, 157242.0, 158163.0, 160061.0, 161348.0, 161477.0, 161603.0, 177557.0, 181818.0]"
37000,164375.33333333334,255974.70518442686,121056.00005748398,150255.69999999998,162543.5,175544.39999999999,"[105195.0, 113386.0, 133696.0, 135447.0, 137201.0, 143774.0, 147025.0, 149205.0, 149373.0, 150634.0, 152726.0, 153143.0, 156539.0, 157541.0, 162477.0, 162610.0, 162871.0, 163736.0, 164721.0, 172616.0, 175500.0, 175648.0, 177199.0, 180966.0, 191275.0, 202285.0, 210851.0, 210851.0, 213259.0, 219510.0]"
37200,151948.88,236623.51870173455,111904.40349534171,131148.20000000001,153776.0,166219.0,"[94866.0, 99298.4, 103946.0, 117133.0, 119378.0, 121084.0, 124904.0, 127820.0, 130780.0, 131306.0, 139256.0, 142883.0, 144341.0, 146364.0, 153633.0, 153919.0, 161988.0, 162211.0, 164148.0, 166016.0, 166219.0, 166219.0, 166470.0, 172983.0, 173619.0, 180067.0, 189720.0, 194256.0, 221438.0, 222201.0]"
37400,149110.53333333333,232203.48233449052,109814.07225600434,131043.69999999998,139364.0,157806.29999999999,"[101472.0, 103813.0, 110227.0, 116555.0, 121916.0, 123900.0, 126229.0, 126229.0, 127438.0, 132589.0, 132686.0, 133537.0, 133781.0, 136930.0, 138361.0, 140367.0, 143091.0, 143332.0, 144900.0, 156602.0, 157665.0, 158136.0, 162199.0, 163075.0, 165631.0, 175976.0, 182876.0, 189555.0, 225878.0, 298370.0]"
37600,149192.62333333335,232331.31759494278,109874.52832835534,136138.20000000001,149208.5,165063.5,"[97644.7, 101570.0, 105927.0, 110566.0, 113266.0, 116538.0, 117009.0, 131776.0, 132676.0, 137622.0, 139420.0, 143188.0, 143193.0, 144316.0, 144862.0, 153555.0, 156367.0, 159459.0, 160681.0, 164213.0, 165005.0, 165200.0, 165200.0, 170066.0, 183296.0, 183701.0, 185890.0, 188213.0, 195024.0, 200335.0]"
37800,149228.74666666667,232387.57092330267,109901.13174964367,133247.60000000001,147747.5,163686.29999999999,"[96615.4, 107497.0, 112111.0, 119434.0, 121560.0, 129422.0, 131046.0, 132026.0, 132199.0, 133697.0, 137962.0, 138587.0, 143371.0, 145974.0, 147106.0, 148389.0, 157050.0, 157209.0, 160317.0, 163084.0, 163350.0, 164471.0, 164471.0, 167707.0, 168139.0, 169921.0, 180258.0, 183564.0, 194357.0, 205968.0]"
38000,138445.70000000001,215595.59164322063,101959.83988164329,123010.89999999999,139754.5,151889.59999999998,"[95175.2, 97213.0, 99232.8, 108255.0, 109068.0, 117037.0, 117096.0, 118170.0, 122229.0, 123346.0, 126336.0, 126736.0, 129616.0, 132784.0, 139121.0, 140388.0, 141407.0, 142938.0, 145012.0, 150492.0, 151739.0, 152241.0, 154684.0, 155458.0, 155458.0, 165892.0, 173939.0, 176237.0, 191374.0, 194697.0]"
38200,150679.16666666666,234646.2482100018,110969.30931645239,139418.0,150984.0,158763.89999999997,"[115836.0, 116561.0, 117373.0, 118954.0, 123709.0, 126194.0, 128319.0, 135579.0, 137717.0, 140147.0, 141335.0, 141491.0, 142028.0, 147257.0, 150680.0, 151288.0, 151922.0, 151922.0, 154558.0, 155204.0, 157089.0, 162672.0, 163102.0, 163916.0, 168621.0, 172607.0, 182135.0, 194575.0, 202852.0, 204732.0]"
38400,143960.33333333334,224183.29524250486,106021.15151264836,134190.59999999998,146216.0,159115.5,"[100734.0, 102038.0, 104515.0, 108960.0, 111353.0, 119322.0, 119487.0, 127147.0, 132862.0, 134760.0, 134995.0, 140581.0, 142056.0, 145283.0, 145585.0, 146847.0, 151997.0, 154742.0, 155066.0, 158157.0, 158589.0, 160344.0, 162195.0, 163101.0, 164390.0, 164390.0, 167662.0, 168558.0, 168956.0, 204138.0]"
38600,146940.85333333333,228824.73208600705,108216.18784793386,128738.8,144641.0,163437.89999999999,"[97952.6, 102931.0, 110625.0, 111622.0, 113934.0, 116001.0, 117708.0, 124727.0, 126776.0, 129580.0, 130207.0, 136452.0, 136452.0, 139409.0, 144393.0, 144889.0, 156729.0, 160567.0, 161130.0, 162293.0, 162702.0, 165155.0, 165551.0, 166999.0, 174690.0, 176226.0, 177622.0, 193817.0, 198180.0, 202906.0]"
38800,150135.08666666664,233798.97560058703,110568.61568940002,136670.60000000001,143785.0,158301.59999999998,"[83144.6, 104504.0, 115020.0, 118236.0, 125019.0, 129750.0, 130703.0, 131601.0, 135440.0, 137198.0, 140536.0, 140711.0, 141493.0, 141611.0, 142583.0, 144987.0, 145328.0, 145451.0, 147980.0, 151702.0, 155436.0, 164988.0, 169761.0, 170512.0, 174968.0, 177480.0, 199438.0, 199438.0, 216262.0, 222772.0]"
39000,145897.08000000002,227199.30833256865,107447.48963672618,125840.0,136512.0,163153.59999999998,"[86200.4, 101869.0, 107354.0, 111103.0, 111998.0, 115491.0, 117933.0, 119015.0, 125294.0, 126074.0, 126074.0, 130901.0, 131526.0, 131552.0, 132934.0, 140090.0, 147656.0, 147931.0, 152039.0, 158811.0, 160804.0, 168636.0, 174394.0, 178304.0, 180023.0, 182009.0, 188600.0, 198872.0, 205175.0, 218250.0]"
39200,151589.46666666667,236063.81962661369,111639.70964123144,134103.79999999999,148862.5,161439.39999999999,"[105598.0, 107598.0, 117884.0, 121527.0, 125484.0, 130266.0, 130266.0, 131530.0, 133499.0, 134363.0, 135860.0, 136260.0, 145580.0, 147444.0, 147990.0, 149735.0, 150645.0, 153062.0, 153540.0, 159899.0, 161254.0, 161872.0, 171454.0, 174045.0, 175005.0, 176044.0, 188456.0, 193507.0, 202966.0, 225051.0]"
39400,148638.34,231468.15576912957,109466.32034561748,135967.90000000002,148760.0,156558.20000000001,"[98641.2, 109372.0, 120668.0, 123049.0, 125212.0, 126352.0, 132099.0, 135879.0, 135879.0, 136006.0, 141113.0, 142065.0, 143001.0, 145593.0, 148248.0, 149272.0, 149624.0, 151744.0, 153849.0, 155644.0, 156458.0, 156792.0, 159566.0, 162000.0, 165698.0, 167658.0, 177710.0, 187922.0, 198391.0, 203645.0]"
39600,149591.5,232952.47123815934,110168.28538304073,136344.79999999999,149955.5,160449.39999999999,"[104945.0, 106637.0, 110675.0, 119832.0, 120923.0, 122639.0, 123924.0, 132546.0, 134466.0, 137150.0, 140625.0, 142747.0, 144275.0, 147329.0, 148430.0, 151481.0, 151481.0, 152011.0, 153081.0, 154024.0, 159436.0, 162814.0, 162974.0, 164409.0, 169304.0, 174092.0, 181935.0, 194763.0, 208174.0, 210623.0]"
39800,146058.76333333334,227451.09090081629,107566.56308413694,133299.10000000001,145760.0,156935.0,"[85222.1, 98538.8, 105432.0, 114969.0, 115783.0, 123882.0, 124052.0, 126511.0, 129958.0, 134731.0, 139942.0, 139942.0, 143835.0, 144229.0, 145616.0, 145904.0, 146933.0, 151933.0, 154606.0, 155002.0, 155672.0, 159882.0, 164310.0, 169443.0, 170692.0, 172823.0, 179363.0, 180656.0, 195630.0, 206271.0]"
40000,152488.73333333334,237464.20930318022,112301.98434780762,133287.89999999999,153799.5,166625.0,"[102515.0, 109968.0, 112345.0, 115809.0, 119740.0, 128229.0, 128406.0, 128542.0, 133017.0, 133404.0, 137219.0, 139115.0, 145346.0, 148555.0, 152523.0, 155076.0, 157393.0, 158600.0, 162390.0, 166147.0, 166433.0, 167073.0, 173023.0, 174359.0, 178118.0, 190931.0, 191943.0, 192005.0, 192005.0, 214433.0]"
40200,146385.23333333334,227959.48872612801,107806.99546250737,131611.20000000001,138809.5,160366.39999999999,"[113052.0, 113968.0, 113968.0, 114288.0, 121127.0, 123501.0, 125326.0, 125720.0, 131439.0, 131685.0, 133251.0, 134210.0, 136707.0, 137494.0, 137924.0, 139695.0, 140922.0, 141639.0, 145868.0, 153206.0, 160232.0, 160680.0, 160826.0, 165997.0, 166730.0, 173243.0, 178171.0, 193494.0, 208402.0, 208792.0]"
