generation,agents,minScore,maxScore,meanScore,standardDeviation,stepSize
0,13,0,4,1.16667,0.912871,9.38398
1,26,0,4,0.533333,1.00801,9.14627
2,39,0,4,1.03333,1.21721,8.99962
3,52,0,3,0.666667,0.884087,9.49549
4,65,0,11,1.63333,2.28161,10.2006
5,78,0,8,3.36667,2.29667,10.908
6,91,0,22,3.36667,4.31104,11.2358
7,104,0,14,4.13333,3.33976,11.5406
8,117,0,11,3.9,3.26264,11.7256
9,130,2,20,7.63333,4.64226,11.65
10,143,1,27,12.3667,6.36523,11.8976
11,156,11,70,32.2333,12.4504,12.0657
12,169,6,36,22.1333,7.56459,11.8828
13,182,3,31,16.2667,7.41821,11.7245
14,195,10,49,24.8667,9.19795,11.517
15,208,11,63,28.2667,10.7252,11.3089
16,221,8,69,28.6333,12.2966,11.0825
17,234,6,37,23.4,8.2236,10.6915
18,247,18,113,59.5,21.4488,10.6052
19,260,33,141,82.4333,29.0014,10.6393
20,273,65,503,197.667,99.1364,10.8237
21,286,34,801,235.767,192.26,10.7682
22,299,43,210,133.033,47.2174,10.6208
23,312,50,403,172.6,95.6649,10.7553
24,325,34,212,129.4,49.2871,10.8491
25,338,41,471,153.933,90.4079,10.6499
26,351,19,427,137.033,80.4537,10.5462
27,364,25,370,137.933,87.9012,10.3671
28,377,56,415,160.033,95.3037,10.2218
29,390,28,382,158.9,87.1077,9.79772
30,403,43,429,195.2,90.0725,9.56779
31,416,73,709,187.667,145.708,9.22963
32,429,27,717,223.267,154.098,9.24529
33,442,41,551,261.967,147.288,9.07769
34,455,70,930,303.6,208.736,8.9461
35,468,37,636,265.733,152.233,8.77321
36,481,47,602,240.2,144.668,8.58254
37,494,106,663,259.4,122.309,8.63222
38,507,68,631,230.233,133.922,8.84957
39,520,112,1342,368.133,294.808,8.94915
40,533,73,1302,337.1,254.145,9.0418
41,546,104,1768,433.433,370.983,9.08132
42,559,71,1111,400.367,257.084,9.51441
43,572,62,2427,618.7,596.522,9.77222
44,585,60,2318,682.767,574.083,9.87522
45,598,43,1562,499.8,353.241,10.1554
46,611,97,3440,769.067,819.989,10.1246
47,624,8,2125,562.233,591.14,9.91447
48,637,33,1005,349.633,230.851,9.72382
49,650,103,1884,656.533,532.325,9.21951
50,663,126,1924,821.367,457.372,8.7441
51,676,61,2879,779.267,685.556,8.36715
52,689,66,1604,555.133,453.737,8.24294
53,702,15,3480,1007.23,944.616,7.96802
54,715,124,3587,1237.93,1028.24,7.64585
55,728,153,5600,1487.67,1605.26,7.4951
56,741,150,4889,1239.1,1068.32,7.73629
57,754,43,8576,2027.53,2024.24,7.71505
58,767,95,7825,1592.87,1539.43,7.71964
59,780,108,2276,830.667,587.936,7.60182
60,793,21,3004,1100.33,745.095,7.44324
61,806,81,2481,992.9,621.16,7.27361
62,819,4,8196,1266.6,1678.34,7.05134
63,832,129,5515,1629,1597.45,7.12003
64,845,147,13711,3023.23,2925.8,7.27121
65,858,75,11904,3708.27,3679.15,7.40504
66,871,393,10033,2676.17,2489.03,7.6927
67,884,52,7278,2130.07,1871.52,7.81566
68,897,393,18058,4865.47,4683.39,7.76775
69,910,335,18018,4272.07,4132.77,7.69099
70,923,403,19227,5777.83,5630.97,7.6989
71,936,161,23098,6822.43,5182.2,7.7179
72,949,228,35992,6187.57,7287.91,7.70225
73,962,97,24221,7502.67,6329.09,7.63238
74,975,495,13243,3517.73,3048.42,7.53886
75,988,326,31227,6251.37,6497.7,7.40384
76,1001,1156,25163,8993.5,6124.65,7.15135
77,1014,382,48047,14800.3,14145.5,6.9548
78,1027,750,49223,11340.9,11324.2,6.60492
79,1040,470,35226,9053.23,7747.21,6.48175
80,1053,642,72180,15995.2,14402.7,6.40267
81,1066,2271,56015,17194.2,13775.7,6.4774
82,1079,458,28108,10025.2,8134.74,6.47967
83,1092,367,88146,27570,22880.9,6.4071
84,1105,409,114585,28118.3,24550.6,6.39364
85,1118,1864,60576,19721.4,17731.2,6.31851
86,1131,69,38961,10684.9,10141.6,6.18352
87,1144,191,27858,11631.3,8910.24,6.14644
88,1157,128,43960,8065.07,8400.51,5.85524
89,1170,409,39986,10926,10976,5.55918
90,1183,248,66444,13700.5,15074.2,5.25938
91,1196,355,40886,11822.4,10811.4,5.05056
92,1209,155,31378,11645.6,8870.74,4.89024
93,1222,411,36481,13873.9,9289.24,4.85627
94,1235,617,75531,15077.7,14842.2,4.86642
95,1248,114,61231,16468.2,14945.4,4.83995
96,1261,483,71671,19498,18225.3,4.77297
97,1274,256,68946,21832.8,20025.3,4.80965
98,1287,62,78366,21403.4,21291.8,4.63645
99,1300,346,46488,13745.3,13188.2,4.44722
100,1313,164,62294,19169.5,16350,4.3484
101,1326,21,84654,22802.7,19708.8,4.30621
102,1339,56,91869,19369.3,18461.6,4.3472
103,1352,1841,29910,13127.1,7988.38,4.257
104,1365,1155,146190,24299.7,28010.9,4.14934
105,1378,1040,91516,23344.9,22332.5,4.16509
106,1391,465,95049,21004,21371.4,4.30515
107,1404,509,53669,19538.1,15887.2,4.3907
108,1417,300,53994,12974.3,14703.3,4.38657
109,1430,345,112198,30671.7,28676.3,4.38347
110,1443,1444,127207,32656.8,28725.9,4.44727
111,1456,511,146319,29360.3,31670,4.43695
112,1469,2038,57823,17632.8,14799.7,4.42551
113,1482,421,70583,20941,19194.2,4.43707
114,1495,67,52101,16032.4,13885.6,4.36065
115,1508,1203,77246,21002.7,20055.6,4.37642
116,1521,2820,66224,21208.6,17656.5,4.32095
117,1534,1702,118388,29904.7,27845.9,4.20405
118,1547,6726,144261,34379.6,30538.4,4.20066
119,1560,2332,147159,31839.5,30618.9,4.3111
120,1573,943,109377,26085.7,25014.7,4.24295
121,1586,897,112307,21909.5,22804.3,4.21408
122,1599,1567,132555,27094.9,30592.4,4.18407
123,1612,206,85605,31655,23592.1,4.25027
124,1625,3271,100951,34193.8,29317,4.14124
125,1638,464,147903,32799.7,35084.4,4.01903
126,1651,582,155322,31251.4,32017.2,4.00076
127,1664,2679,133070,35742.2,37343.4,4.04134
128,1677,749,215828,45480.2,48523.7,4.00549
129,1690,636,155950,52258.7,39920.6,3.98585
130,1703,3654,149636,49215.1,41680.5,3.8268
131,1716,500,137426,42501.1,35808,3.67553
132,1729,653,193516,51252.2,45872.6,3.54237
133,1742,269,187559,47543.8,43005.3,3.51372
134,1755,585,258059,62541.1,67184.3,3.4934
135,1768,10760,338722,71227.5,77631.7,3.51253
136,1781,334,165807,55703.3,50153.7,3.51875
137,1794,963,343045,85955.5,89024.7,3.49932
138,1807,4480,265763,74958.7,75436.1,3.59215
139,1820,439,457670,80838.6,105657,3.59276
140,1833,265,394307,66810.8,76081.9,3.63383
141,1846,735,155620,55011.8,45027.6,3.59568
142,1859,1904,127972,38403.9,35394.4,3.59248
143,1872,279,122115,47029.7,32729.8,3.53013
144,1885,1627,191597,61941.3,53319.6,3.56778
145,1898,2848,466163,113675,115103,3.5878
146,1911,1048,324156,106898,92550.2,3.50142
147,1924,2588,453533,109480,90612.3,3.46009
148,1937,4485,389430,104457,91558.7,3.48572
149,1950,1329,406544,80267,77137.8,3.414
150,1963,114,282839,48938.6,60869.7,3.35959
151,1976,2270,467616,90273.7,98224.9,3.35916
152,1989,923,384522,89719.4,87506.1,3.36045
153,2002,98,287415,76730.2,79584.4,3.30544
154,2015,6687,443069,94802.2,95919.7,3.18025
155,2028,327,280491,84612,70802.2,3.13177
156,2041,4913,447700,82639.6,94357.1,3.14701
157,2054,4274,339811,92728.2,91466.7,3.04293
158,2067,2664,396350,112958,119223,2.99185
159,2080,955,226046,81497.9,71993.1,3.00468
160,2093,719,266230,79647.5,72605.7,3.01203
161,2106,1587,333505,62624.6,72384.6,3.02388
162,2119,439,276334,50020.4,58140,3.03483
163,2132,523,242000,74707.7,68341.8,3.08284
164,2145,481,431660,106429,99570,3.03903
165,2158,432,353923,111503,98649,3.04994
166,2171,2902,368832,106100,100758,3.06028
167,2184,1203,276311,77529,74903.2,3.06557
168,2197,816,523626,121620,118841,3.07464
169,2210,431,545766,121548,122885,3.0798
170,2223,408,420555,81777.2,86807.1,3.08519
171,2236,1156,316923,87926.4,81622.3,3.09801
172,2249,3302,315878,98849.3,88122.8,3.10818
173,2262,706,307924,80692.8,81806.8,3.11965
174,2275,1060,423045,77351,89502.6,3.11951
175,2288,1846,418961,94629.9,103318,3.11043
176,2301,3277,273345,100662,79384.4,3.22187
177,2314,1551,273648,101752,86356,3.24978
178,2327,1582,607598,140584,144763,3.21181
179,2340,4106,489095,139828,136506,3.14035
180,2353,130,824311,126679,157959,3.14255
181,2366,2435,402515,143847,108503,3.15168
182,2379,1335,333173,89513.6,92461.4,3.16616
183,2392,279,339586,96326.7,80751.7,3.15521
184,2405,1898,341782,104034,78874.8,3.17
185,2418,1709,379834,107659,102413,3.17473
186,2431,5925,335186,89680.6,79508.3,3.18313
187,2444,290,428216,130711,125054,3.17406
188,2457,5642,770904,132648,151597,3.17621
189,2470,5902,656103,161304,157469,3.18918
190,2483,6371,508342,83661.8,93320.1,3.19848
191,2496,767,510725,97049,102376,3.21258
192,2509,1147,448802,102803,98678.9,3.22382
193,2522,977,369278,124756,117374,3.22983
194,2535,14306,325119,99515.2,85792,3.24156
195,2548,101,389136,120771,114572,3.23815
196,2561,3793,400654,130664,126169,3.25503
197,2574,1498,315205,90013.2,79292.4,3.24672
198,2587,8309,410857,116899,92765.5,3.25071
199,2600,5137,541530,144021,140663,3.26391
200,2613,3029,428494,111167,105371,3.30173
201,2626,3257,415045,94059,108259,3.28358
202,2639,938,627999,152007,161366,3.29582
203,2652,1018,358824,81043.1,82580.7,3.30722
204,2665,188,344623,93849.1,96925.7,3.31683
205,2678,354,380824,106014,97532.2,3.32753
206,2691,1971,372146,89292.7,85912.2,3.33092
207,2704,1243,478298,101034,105313,3.35464
208,2717,9048,535940,136723,124013,3.33445
209,2730,1161,386805,104436,85890.7,3.34645
210,2743,124,348076,133550,101484,3.36133
211,2756,2148,551913,142377,178340,3.3605
212,2769,2336,248643,74804.1,57225,3.3653
213,2782,1192,541737,110493,122064,3.36483
214,2795,2048,394797,83624.3,85413.1,3.36994
215,2808,2545,185659,84698.9,52977.1,3.38066
216,2821,314,272059,67952.1,64196.4,3.38521
217,2834,4100,359193,82686.8,85647.2,3.38191
218,2847,8151,282037,80789,79303.9,3.38893
219,2860,2885,336513,80718.1,74742.2,3.3818
220,2873,1870,415055,108074,99023.5,3.39696
221,2886,5310,300155,85352.2,76290,3.41171
222,2899,211,736179,88173.8,144671,3.40825
223,2912,1973,521399,92975.1,115842,3.41349
224,2925,4540,394062,101190,104355,3.42606
225,2938,172,247799,79004.1,72226.8,3.43677
226,2951,97,186226,67897.3,56111.8,3.45474
227,2964,2100,289909,71232.6,75316.6,3.46196
228,2977,3773,206165,74612.9,61310.8,3.46889
229,2990,7653,628416,103268,133796,3.45364
230,3003,14510,281803,100221,78120.1,3.45582
231,3016,2862,268985,89920.5,73047.9,3.4691
232,3029,5272,342298,101443,97855.4,3.4797
233,3042,242,492211,136948,141655,3.48357
234,3055,4623,550347,108290,115693,3.48096
235,3068,152,621374,117199,145948,3.44318
236,3081,2066,385284,90911.6,84230.1,3.44871
237,3094,4306,248963,73247.5,59348.1,3.47489
238,3107,3413,683161,132200,154267,3.46461
239,3120,1228,546164,126440,139260,3.45472
240,3133,3046,463815,120320,123981,3.46144
241,3146,5272,649243,141403,138400,3.47865
242,3159,3653,424617,136492,114776,3.49391
243,3172,459,411095,89956,91047.7,3.51119
244,3185,183,462035,117935,112790,3.5221
245,3198,4889,340505,89437.5,82494.7,3.52867
246,3211,2613,380588,98513,93909.7,3.5466
247,3224,1052,490020,93017.6,102764,3.55306
248,3237,8797,273278,112588,86874.9,3.56588
249,3250,3852,531570,110086,107366,3.56936
250,3263,145,379902,76054.2,86713.4,3.57696
251,3276,2488,460665,78834.7,90725.9,3.58352
252,3289,494,221192,89660.9,74465.3,3.59912
253,3302,5356,267655,89568.1,66220.7,3.61473
254,3315,1513,237999,84129.8,65304.6,3.62899
255,3328,9352,357412,106112,102815,3.63173
256,3341,560,270982,69949.6,72778.2,3.64603
257,3354,2118,403702,83628.4,88452.6,3.66026
258,3367,2571,310251,77616.8,86624.3,3.67286
259,3380,5179,323779,104781,95878.2,3.6709
260,3393,2474,303188,71936.7,74629.9,3.67271
261,3406,61,271752,79666.4,72229.8,3.684
262,3419,5028,384376,83801.9,84136,3.69946
263,3432,15189,338394,101732,87997,3.69553
264,3445,897,181930,53425,49245.2,3.70289
265,3458,2321,210095,62721.9,52929.3,3.71929
266,3471,5467,346645,111785,101641,3.69655
267,3484,1319,266301,88601.8,75801.3,3.70581
268,3497,548,434563,97889.5,109393,3.70434
269,3510,992,350698,98427.7,85173.8,3.70674
270,3523,839,235839,81308.6,72999.9,3.7134
271,3536,877,261128,89160.5,76111.4,3.72729
272,3549,4250,342463,78835.6,99525.6,3.78867
273,3562,889,502123,85471.4,91007.2,3.84702
274,3575,13152,387483,98464.1,85744.3,3.83967
275,3588,355,499854,149186,126762,3.76624
276,3601,330,370036,82842.4,82599.5,3.77403
277,3614,221,476319,121268,128170,3.78335
278,3627,4605,639482,100844,116666,3.80061
279,3640,7520,226228,74859.4,61885.6,3.80906
280,3653,3410,261593,95682,84604.5,3.81634
281,3666,1699,262195,86575.2,72247.5,3.81684
282,3679,295,136670,46424.3,40791.6,3.82003
283,3692,225,235223,48761.8,62445,3.82464
284,3705,11492,244558,48870.7,46691.7,3.83169
285,3718,3441,214479,49617.2,52920.8,3.82245
286,3731,1100,257238,57561,55503.1,3.83092
287,3744,6282,395705,68655.6,85451.1,3.83731
288,3757,781,322547,67193.1,72027.9,3.85283
289,3770,7288,473665,59599.3,84761.6,3.86525
290,3783,161,126885,43762.6,38062.3,3.88147
291,3796,3013,127642,32057.9,27812,3.87377
292,3809,642,179647,62707.9,50231.2,3.83447
293,3822,1883,327895,43792.6,59068.1,3.83416
294,3835,1252,131978,45285.9,29835.9,3.84486
295,3848,1143,120275,43665.4,31326,3.95259
296,3861,1573,167736,51263.8,46679.1,4.05707
297,3874,3246,173359,49520.4,42241.7,4.09657
298,3887,978,203170,53858.4,43742.4,4.01175
299,3900,168,175290,42131.1,40528.2,3.91873
300,3913,199,133199,45636.8,39363.9,3.81881
301,3926,407,364688,61401.4,76770.3,3.82527
302,3939,328,252690,63144.2,67925.7,3.82242
303,3952,2717,407642,75526.9,89219.7,3.82074
304,3965,1446,432141,90117.3,109634,3.83734
305,3978,2187,185415,47448.5,44861.7,3.87325
306,3991,3351,254225,84076.3,71544.8,3.86904
307,4004,1065,262479,71180.5,60469,3.91212
308,4017,1122,407385,100094,105252,3.9817
309,4030,6746,231319,66289.9,62538.2,4.07498
310,4043,2763,343651,80180.1,83862.2,3.99346
311,4056,809,316256,96976.3,86798,3.91408
312,4069,5064,230235,74984.5,60693.2,3.83018
313,4082,6088,293997,78283.7,68991.3,3.81885
314,4095,4370,465520,116438,105836,3.82511
315,4108,7679,208912,89703.2,62165,3.83175
316,4121,8112,280285,93686.6,66649,3.84309
317,4134,3436,295227,51059.7,58796.5,3.85468
318,4147,5803,664489,81375.4,124071,3.86845
319,4160,1476,394230,124357,121600,3.86792
320,4173,3765,241301,77802.8,59367.9,3.87537
321,4186,2186,240397,63052.6,52464.8,3.88795
322,4199,915,219393,94216.1,68093.1,3.88049
323,4212,1039,338582,80803,88624.3,3.88277
324,4225,2042,235040,64585.5,54633.5,3.88622
325,4238,4577,161898,65833.1,47976.1,3.89417
326,4251,1287,260996,63832.9,74333.9,3.89854
327,4264,3333,391987,73332.3,85413.2,3.88741
328,4277,454,292840,74276.5,77540.4,3.89467
329,4290,4906,210660,94332.3,69564.5,3.88856
330,4303,1770,244782,73534.8,58493.7,3.97816
331,4316,3540,714898,147611,150082,3.97664
332,4329,11369,561112,126157,135853,4.0674
333,4342,6879,463501,129117,118848,4.07733
334,4355,515,570321,118658,146086,4.13226
335,4368,2527,381349,127096,122158,4.12134
336,4381,4266,607885,139085,121381,4.08902
337,4394,2522,585437,136297,145527,4.10765
338,4407,1980,604746,136409,151062,4.13515
339,4420,3507,610042,131820,125857,4.19453
340,4433,1414,284467,119588,81360.5,4.20677
341,4446,3498,745599,149506,179916,4.20687
342,4459,893,588812,146883,170318,4.11045
343,4472,4981,504612,144343,133619,4.02237
344,4485,2351,605851,148453,140949,4.00094
345,4498,980,459952,134428,119429,4.00518
346,4511,41,660402,158142,143195,4.01942
347,4524,3364,422394,124792,111838,4.01785
348,4537,657,556385,128303,125262,4.03182
349,4550,8026,351166,134479,105695,4.04359
350,4563,6648,875162,145478,186768,4.05657
351,4576,2310,482469,124093,124765,4.04892
352,4589,939,611147,166559,151989,4.05956
353,4602,2354,921840,247463,233946,4.07709
354,4615,283,441523,138827,119688,4.14389
355,4628,2260,622920,120236,133843,4.12606
356,4641,720,501565,149661,140710,4.06498
357,4654,539,359101,105848,82687.7,4.07137
358,4667,2396,592686,161462,146221,4.07563
359,4680,5094,347013,93748.2,85244.2,4.14021
360,4693,233,597628,156354,149739,4.12303
361,4706,1248,387664,141505,112727,4.15567
362,4719,841,560157,193291,167182,4.20086
363,4732,9733,768952,162489,177174,4.14365
364,4745,1645,677691,116009,150678,4.11583
365,4758,2149,195616,71385.1,58339.2,4.18354
366,4771,5445,343790,135919,108690,4.29294
367,4784,1689,821079,110331,156800,4.37018
368,4797,5819,393359,110787,90356.6,4.32874
369,4810,2517,290108,74430.5,63247.2,4.3262
370,4823,3844,436546,92940.5,92667.6,4.24946
371,4836,4403,436903,136734,109848,4.24674
372,4849,3019,481002,86152.1,93365.6,4.23438
373,4862,12133,362091,100611,98281.8,4.23038
374,4875,13460,343310,94879.5,78969.7,4.23539
375,4888,8431,379591,94838.9,74918.9,4.24484
376,4901,4804,685496,147492,180267,4.23686
377,4914,1207,869229,107976,167381,4.22692
378,4927,9483,202491,67506.1,46705.5,4.24071
379,4940,1447,275689,77618.5,65500.1,4.3411
380,4953,1673,242280,74013,60221.4,4.42357
381,4966,1986,222777,88789.6,72516.7,4.46802
382,4979,6941,210297,59421.3,53379,4.53941
383,4992,2167,382185,80645.2,87960.5,4.59722
384,5005,602,206873,63327,54344.3,4.73346
385,5018,3240,176279,59231.2,53447.7,4.71693
386,5031,6328,427668,98623.7,90371.4,4.52515
387,5044,3392,280658,93058.7,82603,4.41893
388,5057,5007,319757,85243.8,77657.5,4.31344
389,5070,2728,296822,73840.8,78401.4,4.29972
390,5083,2595,251499,69618.1,64815.5,4.28946
391,5096,490,298249,95619.1,85407.2,4.30076
392,5109,12030,427273,99078.9,109592,4.31682
393,5122,7193,323629,118735,88922.6,4.33652
394,5135,6282,442328,97907.4,110647,4.35433
395,5148,1640,546908,140810,126833,4.36926
396,5161,3461,545557,144762,132315,4.38113
397,5174,62,420625,113306,111918,4.3565
398,5187,783,682102,172938,184763,4.3593
399,5200,2615,334389,96169.6,84717.5,4.37518
400,5213,2865,597486,138213,153357,4.4074
401,5226,4432,335100,85798.6,76009.4,4.38925
402,5239,3965,919021,171990,192049,4.38332
403,5252,1680,738647,150486,173091,4.40162
404,5265,2223,1145722,147904,204639,4.41211
405,5278,1792,625486,166591,158690,4.42879
406,5291,2963,415430,118256,111256,4.44435
407,5304,1566,310457,100648,91446,4.4979
408,5317,587,368436,88333,84469.9,4.47693
409,5330,1836,517479,124178,148054,4.49363
410,5343,11718,488619,141063,102372,4.50419
411,5356,771,356820,93844.8,91983.8,4.51774
412,5369,1528,173191,63274.8,52442.9,4.59159
413,5382,3290,298313,72703.5,80802.6,4.83141
414,5395,2503,460134,84426.1,95437.3,4.99499
415,5408,497,355283,109497,95981.3,5.00047
416,5421,2855,538154,78154.9,100184,5.01478
417,5434,4580,592257,86572.9,116776,4.91993
418,5447,372,320304,70338.7,77047,4.77655
419,5460,1711,213058,66293.9,57795.5,4.59089
420,5473,2321,340468,106648,86906.6,4.58225
421,5486,472,276947,67347.4,66919.8,4.58513
422,5499,2958,207888,69436.8,59067,4.60406
423,5512,664,488280,82603,99035.7,4.67078
424,5525,933,459027,104893,111280,4.70516
425,5538,3895,300313,75911,70117,4.76172
426,5551,12854,247900,90212.4,60988.7,4.67966
427,5564,4068,283931,91327.3,78776.8,4.63734
428,5577,7796,348580,125461,100348,4.64544
429,5590,3675,521167,92893,121018,4.64792
430,5603,2946,304814,87465.7,69925.9,4.64875
431,5616,8412,352468,93961.1,91077.9,4.66188
432,5629,3474,428485,128637,117602,4.65762
433,5642,3517,282686,87313.6,77626.9,4.66438
434,5655,4609,354150,82754.4,89500.5,4.67461
435,5668,1577,472069,108117,101938,4.68912
436,5681,1161,332842,87163.8,82316.6,4.68411
437,5694,2977,229686,70937.8,61829.6,4.77741
438,5707,1419,294228,93509.5,87477.3,4.73654
439,5720,2396,529140,119551,129024,4.70322
440,5733,1160,358407,88955.8,96335.9,4.71269
441,5746,2628,432255,116569,121081,4.72777
442,5759,2765,207374,68629.8,54417.1,4.69757
443,5772,365,427068,115625,105823,4.69599
444,5785,1930,283673,68885.5,63488.1,4.69437
445,5798,2670,604524,119474,127109,4.69902
446,5811,5187,365736,77455.6,82015.5,4.70521
447,5824,3838,425919,99395.1,115645,4.70022
448,5837,3060,418903,99377,109378,4.70109
449,5850,983,450747,103306,106437,4.81715
450,5863,6639,305513,129977,88547.2,4.82885
451,5876,64,928689,116915,181723,4.80731
452,5889,4477,313023,94609.2,80255.6,4.84909
453,5902,14781,531614,136006,119718,4.99332
454,5915,3567,320349,109532,87273.1,4.8821
455,5928,622,447771,107821,100844,4.76225
456,5941,1491,924883,119615,166774,4.76104
457,5954,18009,496147,130547,126849,4.76951
458,5967,1360,408273,125299,99026.9,4.78592
459,5980,1737,327407,112942,91622.6,4.78981
460,5993,690,398137,113048,105195,4.78286
461,6006,1167,369441,114958,119467,4.81778
462,6019,2029,399993,98825.7,101954,4.81099
463,6032,1438,563685,94910.2,122158,4.82739
464,6045,3132,402339,79699,92813.5,4.97171
465,6058,1248,242458,67380.2,63903.3,5.16679
466,6071,886,340242,83041.2,81160.5,5.25253
467,6084,384,376375,103497,89394.2,5.29797
468,6097,3457,272259,88560.8,69931.4,5.34223
469,6110,656,518797,102419,112796,5.36419
470,6123,1216,658887,118790,140409,5.41296
471,6136,965,464086,107990,114066,5.36366
472,6149,4644,378564,103540,112639,5.2191
473,6162,269,744700,147906,177223,5.05843
474,6175,2298,902262,144636,178738,4.928
475,6188,1021,405634,128061,116722,4.8447
476,6201,4522,426381,150716,129307,4.86384
477,6214,2359,667202,103856,134278,4.86145
478,6227,5718,380703,129711,97731.4,4.86166
479,6240,2166,624701,110814,122388,4.87287
480,6253,1927,628996,104037,138460,4.88818
481,6266,8877,573476,140287,128982,4.90752
482,6279,2166,352672,97199.3,89110.2,4.99121
483,6292,4250,232049,75927,61230.7,5.04319
484,6305,1377,455524,96238.1,103458,5.09117
485,6318,1033,413145,104818,121124,5.10092
486,6331,552,650317,92179.3,119723,5.01773
487,6344,3515,467796,106183,107017,4.9285
488,6357,3214,220296,73082.7,49607,4.92715
489,6370,1318,317321,94465.4,88723.8,4.91683
490,6383,5390,292949,63496.3,72516.8,4.92428
491,6396,1120,500584,84605.9,103416,4.92453
492,6409,7649,375720,99431.8,94908.9,4.94072
493,6422,404,264172,51041.3,64445.9,4.96178
494,6435,3245,208575,59153.3,44100.8,4.97853
495,6448,668,195927,54658.2,55430.9,4.95303
496,6461,558,247004,61638,58094.9,4.94529
497,6474,832,287187,82535.5,72621.5,4.94052
498,6487,650,378318,93082.7,87741.2,4.95185
499,6500,437,561787,94367.6,112358,4.94166
500,6513,8960,375071,59989.2,67930.9,4.94117
501,6526,1079,190623,54488.2,50032,4.93477
502,6539,1404,507929,91811.2,100669,4.93298
503,6552,1628,258297,58943.9,52208,4.93256
504,6565,5653,219269,69392.8,53541.1,4.93766
505,6578,8047,282375,80739.8,70919.2,4.95962
506,6591,513,385295,104193,97977.2,4.96533
507,6604,2517,253550,91654.9,77194.3,4.96719
508,6617,292,337287,80236.9,89165.8,4.98269
509,6630,1088,246175,71683.8,64449.4,5.02292
510,6643,1156,481771,88746.5,98098.8,5.04504
511,6656,3086,512310,98336.9,112663,5.00272
512,6669,6026,226760,84164.2,65188.1,5.09142
513,6682,7155,526152,122560,122541,5.02677
514,6695,2497,295082,64455.6,69139.5,5.05079
515,6708,1087,435656,68033.1,91416.8,5.03929
516,6721,1307,337335,80645.7,91289.4,5.10461
517,6734,81,286213,66088.2,64423.2,5.07616
518,6747,2585,281751,49728.4,54996.3,5.08085
519,6760,1904,180793,52615.6,53956.7,5.14398
520,6773,2325,147596,52364.5,41412.8,5.11223
521,6786,3397,431144,92529.2,113537,5.1239
522,6799,268,187427,68890.4,59799.7,5.13716
523,6812,802,284327,74706,66926.7,5.13449
524,6825,1113,282388,66561.2,60205.4,5.14909
525,6838,4203,558044,102921,118978,5.16361
526,6851,542,246426,69724.7,67885.8,5.17643
527,6864,2038,348357,86538.4,78168.8,5.1919
528,6877,40,443172,84211.9,91603.6,5.19617
529,6890,975,312463,75913,75612.8,5.20099
530,6903,513,363081,94466.5,94035.8,5.21984
531,6916,1204,282311,70421.9,74253.5,5.24278
532,6929,1851,201451,67724.7,53520.8,5.24224
533,6942,6631,377720,104548,111123,5.25608
534,6955,2080,276116,56948.9,63396.6,5.25791
535,6968,992,154329,55544.5,49937.8,5.25045
536,6981,3040,210347,72265.7,59107.2,5.26892
537,6994,1036,244067,67999.9,68354.4,5.28533
538,7007,94,214384,61685.3,64509.3,5.30435
539,7020,546,665143,102642,130507,5.28225
540,7033,637,336371,86060,89746.8,5.3022
541,7046,144,241992,72337.2,65800.2,5.29718
542,7059,3084,488643,69054.1,95917.8,5.30807
543,7072,85,461819,83525.3,108927,5.3442
544,7085,1039,428917,120571,115041,5.3386
545,7098,5299,364873,106657,97692,5.36157
546,7111,307,202789,72128,58987.5,5.37844
547,7124,350,301699,73636.9,80258.5,5.38909
548,7137,1416,597126,111147,143080,5.39
549,7150,1768,184486,41647,44639.6,5.40925
550,7163,6532,556602,95333.9,117558,5.3928
551,7176,562,334025,87867.8,94218.9,5.38668
552,7189,793,468992,101314,101586,5.38109
553,7202,2956,578935,101078,125282,5.39497
554,7215,2514,260767,82621.7,75617.8,5.44711
555,7228,2120,360599,85505.4,83892.9,5.48528
556,7241,13324,540182,131432,120722,5.55425
557,7254,4892,473500,99387.9,101703,5.63091
558,7267,1589,461338,92355,102410,5.62393
559,7280,6664,554893,134388,125963,5.59402
560,7293,5335,352386,97346.5,99766.3,5.57218
561,7306,197,511205,104481,98832.4,5.54252
562,7319,1621,388091,115419,101517,5.45273
563,7332,2327,421728,140590,119281,5.45543
564,7345,620,819565,189497,181948,5.47409
565,7358,1290,379104,85693.5,87112.7,5.46246
566,7371,8429,581227,130751,137590,5.46877
567,7384,5433,402369,117229,108080,5.49467
568,7397,605,666251,99315,131051,5.64189
569,7410,21,270533,89913.9,69957.2,5.71451
570,7423,650,450187,114510,96666.3,5.76205
571,7436,3990,385383,115620,85834.6,5.85698
572,7449,1011,436779,109444,115342,5.68501
573,7462,779,439248,119333,102087,5.57347
574,7475,6389,294672,116419,98153.3,5.578
575,7488,2580,324946,114981,103845,5.60066
576,7501,4357,366063,104528,108250,5.60364
577,7514,821,431594,98337,105378,5.62229
578,7527,981,348584,119244,85253.8,5.61218
579,7540,23778,500158,139620,125986,5.62618
580,7553,10179,596954,135753,152360,5.59062
581,7566,11300,641316,150066,119153,5.57619
582,7579,3637,302973,102665,77885,5.59084
583,7592,1850,461073,115784,124472,5.59071
584,7605,5306,221074,98343.6,63915.1,5.61123
585,7618,241,333895,73193.3,72250.3,5.6279
586,7631,1979,210260,85995.6,69090,5.6383
587,7644,4026,760223,155230,162908,5.62781
588,7657,362,354785,92684.1,105067,5.64643
589,7670,8430,406352,103609,81797.7,5.667
590,7683,4908,351307,104732,93356.4,5.78016
591,7696,289,259367,64376.7,57308.3,5.71703
592,7709,2647,249814,81913.7,58255.2,5.8722
593,7722,5471,167460,65301.5,45780.7,5.82987
594,7735,1132,385682,67150.9,94021,5.98344
595,7748,3037,172468,59459.8,51736.7,6.06177
596,7761,2255,252641,75408.7,58812.7,5.96076
597,7774,815,224044,47903.2,55162.5,5.85575
598,7787,7479,175432,39506,34417.6,5.93879
599,7800,207,224511,47929,47746.4,5.83046
600,7813,2936,293685,61133.3,65825.5,5.8257
601,7826,4321,171841,65449.6,46716.3,5.90752
602,7839,267,319303,76460.6,87858.2,6.12458
603,7852,4504,302677,68326.2,70195.6,6.10691
604,7865,144,274181,78157.2,69376.1,6.09186
605,7878,277,266714,83700.9,64849,6.06746
606,7891,3631,380050,113355,105650,5.95259
607,7904,2020,466419,113057,107213,5.89956
608,7917,4156,602649,137894,141942,5.87693
609,7930,175,181800,61239.3,59909.1,5.88772
610,7943,2176,348094,100846,97472.7,5.87197
611,7956,7939,495309,100866,100601,5.84226
612,7969,2308,541014,124457,116365,5.84303
613,7982,1232,392850,118969,107896,5.85414
614,7995,9665,596803,140238,159431,5.86219
615,8008,833,720675,177596,155792,5.85417
