generation,agents,minScore,maxScore,meanScore,standardDeviation,stepSize
0,13,0,0,0,0,9.41762
1,26,0,9,3.8,2.45511,9.28619
2,39,0,7,1.53333,1.9954,9.19475
3,52,0,7,2.16667,1.91335,9.16546
4,65,0,12,3.13333,2.82517,9.12056
5,78,0,8,3,2.69098,9.30707
6,91,0,17,3.83333,3.15227,9.35903
7,104,0,17,8.43333,5.02191,9.35188
8,117,0,10,3.36667,3.35778,9.55376
9,130,5,36,16.2333,7.78895,9.61349
10,143,0,55,22.3333,13.3218,9.63213
11,156,3,49,23.4333,12.4144,9.86401
12,169,6,41,18,8.52582,10.226
13,182,7,114,33.8667,23.0438,10.1151
14,195,13,82,40.1667,18.9192,10.0402
15,208,4,146,48.4333,32.7348,10.417
16,221,8,108,39.2333,26.1385,11.0308
17,234,11,161,62.0667,35.7134,11.8271
18,247,10,107,60.3,25.1905,12.428
19,260,7,167,63.1,39.1543,12.9327
20,273,1,265,92.6,65.8392,13.3411
21,286,35,327,111.467,66.0787,13.687
22,299,18,223,106.967,51.8383,13.8579
23,312,57,359,142.233,81.6171,13.7877
24,325,10,325,115.5,75.0521,13.9363
25,338,42,372,114.133,65.5695,13.7541
26,351,16,295,128.633,69.3857,13.5382
27,364,35,439,133.633,81.1161,13.4568
28,377,42,465,160.8,99.2549,13.7672
29,390,39,267,127.967,65.5552,13.9446
30,403,22,523,183,125.151,14.3253
31,416,31,958,229.3,180.302,14.6937
32,429,73,600,239.6,137.337,15.226
33,442,46,1796,329.033,367.491,15.4903
34,455,33,786,291.667,192.721,15.1932
35,468,61,514,230.233,137.737,14.8103
36,481,69,939,230.033,168.816,14.1761
37,494,56,797,316.6,172.145,13.7925
38,507,28,695,214.633,169.485,13.443
39,520,61,1009,311.7,233.997,12.8557
40,533,52,878,325.967,217.542,12.7936
41,546,90,657,316.233,153.24,13.178
42,559,94,1125,427.633,295.692,13.3885
43,572,84,1327,356.4,272.305,13.6503
44,585,58,899,294.733,216.474,13.833
45,598,93,1404,382.9,289.765,13.5259
46,611,69,1978,430.533,467.399,12.9837
47,624,88,2524,673.733,501.067,12.3725
48,637,61,1009,374,244.736,12.3533
49,650,65,1524,457.967,355.369,12.0896
50,663,73,1150,433.2,296.828,12.3883
51,676,109,1432,485.267,370.101,12.154
52,689,106,1868,511.7,402.458,11.9683
53,702,75,2372,651.9,539.891,12.0743
54,715,80,1825,539.633,436.173,12.097
55,728,114,803,371.833,203.512,11.7653
56,741,119,1415,492.067,301.874,11.4571
57,754,69,1864,453.833,423.837,11.2217
58,767,77,4743,1079.47,1116.42,11.1105
59,780,121,957,462,262.824,11.2302
60,793,78,1961,596.867,479.803,11.2586
61,806,62,1907,660.033,507.545,11.1044
62,819,142,2196,573.767,515.59,10.8907
63,832,42,2114,617.867,520.477,10.715
64,845,87,2159,807.9,612.668,10.8405
65,858,96,3201,847.6,672.576,10.8613
66,871,147,4327,947.367,959.532,10.846
67,884,174,6041,1238.1,1312.58,11.1994
68,897,35,2571,849.567,704.989,11.5148
69,910,43,4406,930.967,943.66,11.4834
70,923,89,5369,1496.6,1485.25,11.0377
71,936,107,5120,1153.03,1030.41,10.8905
72,949,74,3885,1142.57,909.832,11.2279
73,962,88,2936,847.7,677.251,11.3083
74,975,189,4863,1380.17,1176.5,11.4044
75,988,152,6481,1211.1,1315.64,11.3688
76,1001,58,3757,1229.8,984.071,11.5819
77,1014,158,5721,1821.77,1441.66,11.4223
78,1027,57,13191,2437.23,2871.94,11.3719
79,1040,217,5313,1706.8,1330.52,11.1234
80,1053,55,3430,1157.87,927.403,11.222
81,1066,148,6730,1332.5,1261.67,11.192
82,1079,126,5851,1546.53,1439.77,11.0627
83,1092,142,4052,1538.53,1128.44,10.4494
84,1105,102,5397,1419.6,1230.92,9.96161
85,1118,131,5857,1342.93,1395.2,9.76416
86,1131,132,5448,1591.37,1367.01,9.62949
87,1144,277,6723,1709.8,1662.67,9.55537
88,1157,125,6604,2210.3,1661.61,9.23038
89,1170,153,4316,1872.93,1183.63,9.03839
90,1183,125,8777,2051.43,1929.43,8.44165
91,1196,96,5841,1243.37,1342.33,8.20144
92,1209,86,6623,1146.77,1363.96,8.07748
93,1222,216,4987,1677.07,1194.09,8.18303
94,1235,279,9803,1826.07,1933.66,7.83964
95,1248,163,6987,1966.07,1524.54,7.5302
96,1261,132,8999,1828.27,1826.69,7.30904
97,1274,208,4047,1503.73,1098.76,7.09914
98,1287,258,8290,1834.7,1774.47,7.01348
99,1300,148,5211,1527,1504.52,6.82887
100,1313,135,8016,1942.77,1807.24,6.51942
101,1326,21,9178,1540.97,1676.89,6.27374
102,1339,156,9998,1997.03,2172.91,6.23878
103,1352,116,5535,1659.7,1506.61,6.15079
104,1365,158,9111,2447.87,2184.89,5.88378
105,1378,43,6360,2331.13,2026.69,5.60503
106,1391,112,5801,1780.03,1568.22,5.37777
107,1404,142,5957,1646.23,1668.35,5.12416
108,1417,16,12528,2177.77,2712.85,5.01801
109,1430,105,5171,1691.63,1390.42,5.14211
110,1443,278,7287,2658.5,2376.42,5.31516
111,1456,71,11046,3089.93,2703.64,5.37783
112,1469,214,5101,1862.57,1223.46,5.32994
113,1482,303,6843,2251.67,1718.3,5.23827
114,1495,51,7355,2089.4,1779.95,5.25663
115,1508,178,10370,2680.23,2714.71,5.18969
116,1521,56,11511,2504.1,2675.31,5.03838
117,1534,129,7496,1890.57,1715.39,5.03472
118,1547,181,5873,1975.7,1550.9,4.99704
119,1560,65,6880,2323.73,2044.37,4.82575
120,1573,297,13253,2935.53,2860.03,4.70092
121,1586,320,12642,3315.03,2598.75,4.68481
122,1599,111,15108,3140.77,3306.61,4.60719
123,1612,391,11526,3138.13,2516.68,4.65883
124,1625,371,17790,4066.5,3622.59,4.88566
125,1638,115,7218,2146.5,1903.69,5.07928
126,1651,97,7142,2077.37,1896.93,5.18182
127,1664,345,12225,3067.6,2459.66,5.35503
128,1677,59,5919,1966.23,1450.92,5.59516
129,1690,70,8335,2517.57,2205.9,5.79004
130,1703,143,22572,3830.83,4460.81,6.16293
131,1716,369,6131,1834.53,1396.99,6.39734
132,1729,108,12739,3448.2,3353.83,6.90271
133,1742,13,4540,1741.5,1231.77,7.16942
134,1755,77,8569,2713,1951.89,7.47451
135,1768,37,14612,2381.3,2999.83,7.49775
136,1781,102,8829,2126,2021.55,7.36281
137,1794,183,7716,2427.07,2256.19,7.12668
138,1807,377,10723,2486.2,2632.49,6.97328
139,1820,215,15583,3324.43,3243.13,6.93233
140,1833,308,5548,2429.27,1590.78,6.79392
141,1846,197,8096,2090.53,1655.71,6.69287
142,1859,285,8916,2648.37,2363.03,6.50383
143,1872,123,9937,3259.13,2661.04,6.3933
144,1885,192,21080,2434.37,3934.82,6.39875
145,1898,232,10096,2498.67,2336.84,6.30906
146,1911,129,5044,1966.47,1463.33,6.27434
147,1924,151,14602,3193.27,3445.97,6.27928
148,1937,280,13900,3191.27,3230.62,6.26052
149,1950,269,10427,3043.1,3101.1,6.1924
150,1963,312,9886,2862.87,2806.93,6.09574
151,1976,71,11956,2084.07,2544.01,6.11808
152,1989,105,13870,3644.57,4361.26,6.1837
153,2002,108,11949,2964.93,2950.69,6.23086
154,2015,298,7861,2602.77,2295.76,6.18611
155,2028,12,13126,2174.9,2482.18,6.04592
156,2041,102,12463,2856.87,2643.95,6.0824
157,2054,111,25733,4357.7,5376.06,6.00753
158,2067,75,13445,3050.07,3373.3,5.89528
159,2080,258,13271,2685.67,2932.17,5.77107
160,2093,239,11141,2883.43,2792.67,5.53662
161,2106,121,8912,3149.17,2647.94,5.23261
162,2119,156,20288,3590.3,4016.53,5.05155
163,2132,186,17079,3681.27,3940.24,4.90807
164,2145,87,11973,3535.5,3421.53,5.00685
165,2158,414,14112,3924.33,3075.23,5.06777
166,2171,74,15409,3022.53,3204.47,5.16044
167,2184,56,13978,2835.1,3115.45,5.21092
168,2197,220,13910,3177.6,2811.29,5.23135
169,2210,180,16170,4232.57,3652.05,5.11519
170,2223,129,14293,3620.17,3460.05,5.0834
171,2236,617,21913,6159.23,5333.34,5.01834
172,2249,158,19070,4509.17,4435.07,4.9359
173,2262,169,13081,3554.07,3434.83,4.9314
174,2275,72,21439,3537.47,4261.13,4.98636
175,2288,145,13028,4563.5,3503.66,5.11119
176,2301,343,14756,4055.73,3124.88,4.95836
177,2314,103,17490,4219.23,4632.09,4.74309
178,2327,133,18315,4273.63,4785.32,4.7274
179,2340,291,18771,3602.2,3814.32,4.76962
180,2353,213,12480,3797.97,3263.74,4.82697
181,2366,219,21927,3668.53,4237.75,4.7978
182,2379,196,11904,3430.43,3207.23,4.6322
183,2392,260,17122,4450.5,3830.68,4.49224
184,2405,137,17970,4331.33,4058.72,4.33087
185,2418,80,12020,2892.7,2904.26,4.18857
186,2431,113,9324,3234.83,2567.69,4.14506
187,2444,79,10401,2973.8,2065.88,3.98798
188,2457,166,10447,3237.77,2492.2,3.94119
189,2470,203,10440,3399.13,3080.88,3.91573
190,2483,69,16030,3507,3692.09,3.98788
191,2496,298,11933,4368.03,3230.25,3.97909
192,2509,155,18847,3513.43,3668.17,3.92875
193,2522,198,20603,3612.87,4028.32,3.92769
194,2535,32,30728,5117.93,6107.75,3.94248
195,2548,143,17597,2841.63,3520.71,3.9147
196,2561,80,11274,3860.47,3206.64,3.97682
197,2574,150,7651,2860.8,1960.13,4.01909
198,2587,146,20015,5450.73,5217.38,4.00922
199,2600,276,12458,3676.3,3411.78,3.93598
200,2613,272,13904,4084.03,3646.7,3.7814
201,2626,159,17460,4948.53,4195.19,3.81444
202,2639,139,19344,5080.57,5086.16,3.83348
203,2652,124,26551,5393.63,6238.74,3.94432
204,2665,97,22873,5017.9,5257.14,4.01069
205,2678,119,28291,6120.93,7017.55,4.0743
206,2691,168,31329,8693.4,7753.4,4.11663
207,2704,126,13846,5356.03,3726.62,4.18913
208,2717,150,20039,5291.6,4915.95,4.31634
209,2730,295,12932,4716.47,3641.58,4.4494
210,2743,504,14978,4436.77,3814.2,4.47497
211,2756,447,12413,3770.73,2931.7,4.45964
212,2769,197,16483,4565.47,4095.95,4.42735
213,2782,183,12767,4285.3,4267.82,4.40022
214,2795,79,12505,4516.1,3613.9,4.32271
215,2808,266,25447,5475.07,5834.92,4.25339
216,2821,551,20441,6373.87,5532.79,4.18845
217,2834,20,22068,8057.47,6016.04,4.22474
218,2847,279,12549,5057.8,3487.93,4.16471
219,2860,240,26539,5649.13,6573.18,4.19201
220,2873,348,11073,4013.77,2820.97,4.2585
221,2886,1484,38197,10266.4,9109.42,4.24861
222,2899,115,36203,7647.97,8698.4,4.27723
223,2912,118,17644,4801.77,4767.25,4.24911
224,2925,561,21650,6403.27,5184.93,4.26857
225,2938,300,28290,6652.43,6875.25,4.19903
226,2951,189,11597,4490.73,3457.14,4.21687
227,2964,56,19601,4477.8,4873.19,4.31441
228,2977,451,35756,5766.13,7458.74,4.32393
229,2990,198,20594,6569.2,5910.24,4.31362
230,3003,487,19895,6149.43,5263.06,4.19528
231,3016,63,21395,6620.47,4717.71,4.08245
232,3029,132,18282,7276.47,5813.23,3.94336
233,3042,622,22611,5335.83,5394.48,3.8436
234,3055,94,28718,5301.2,6039.59,3.78845
235,3068,99,19177,5451.3,5716.47,3.68526
236,3081,224,19931,6235.17,4653.63,3.64203
237,3094,274,28992,8457.57,7359.01,3.67284
238,3107,38,22612,6309.03,5887.1,3.64188
239,3120,416,25837,7443.4,5968.43,3.69986
240,3133,743,36814,9397.43,8911.25,3.72551
241,3146,175,36715,7282.6,9204.92,3.71938
242,3159,218,15810,6158.3,4327.98,3.85055
243,3172,378,16799,4652.8,4244.94,3.82206
244,3185,178,14665,4767.17,4362.31,3.78628
245,3198,57,21464,4720.5,5688.41,3.62631
246,3211,128,17001,4708.4,4648.75,3.47565
247,3224,81,24278,3991.87,5725.46,3.38798
248,3237,199,27481,5595.97,5461.69,3.26764
249,3250,199,26781,4813.87,5511.23,3.18644
250,3263,224,21694,6774.9,5636.33,3.09385
251,3276,110,20310,5598.03,4045.17,3.00021
252,3289,68,26063,5622.93,6331.93,2.96487
253,3302,334,29247,7801.53,8306.56,2.97581
254,3315,382,36289,7240.17,7642.91,2.9199
255,3328,475,21521,7334.17,5944.35,2.92899
256,3341,809,24547,9360.53,7186.19,2.89866
257,3354,177,19681,5996.83,5697.6,2.92209
258,3367,121,15029,6494.63,4756.52,2.94867
259,3380,137,40127,7312.93,8199.76,3.06129
260,3393,284,19829,5737.67,5197.29,3.18831
261,3406,130,29455,6651.87,7372.26,3.25472
262,3419,62,57925,12021.8,13113.3,3.4279
263,3432,61,25279,7044.43,6210.98,3.59042
264,3445,390,31127,9256.4,8254.28,3.67176
265,3458,178,47501,7419.27,8720.6,3.77003
266,3471,838,38366,10006.2,8660.54,3.81255
267,3484,125,24979,6983.6,7015.53,3.91446
268,3497,322,33674,7311.1,7722.41,4.03471
269,3510,206,25435,8891.67,7340.24,4.179
270,3523,203,18650,6143.5,5540.95,4.18706
271,3536,280,27944,7944.03,7792.88,4.16303
272,3549,582,31773,10313.6,8597.86,4.15849
273,3562,269,30131,8591.23,7454.42,4.07756
274,3575,968,53325,9690.2,10783.8,4.07539
275,3588,221,29410,8752.43,6444.82,4.0928
276,3601,655,27710,7714.13,6188.21,4.03227
277,3614,214,40928,8275,9226.55,3.96525
278,3627,70,39311,8742.33,9079.5,3.91801
279,3640,98,35055,10785.6,9633.37,3.85628
280,3653,37,25177,7832.13,6220.75,3.78261
281,3666,145,32766,8075.9,6667.32,3.75601
282,3679,164,32172,8505.17,8237.25,3.62743
283,3692,257,32272,7476.33,7786.06,3.54076
284,3705,173,34031,8323.87,8945.57,3.56103
285,3718,76,45161,8856.97,10673.9,3.56412
286,3731,24,28460,7772.27,7914.12,3.45831
287,3744,15,24833,8001.87,7000.04,3.44244
288,3757,108,21398,5479.47,4984.68,3.4388
289,3770,1010,29425,7606.77,6916.4,3.4231
290,3783,144,44181,8548.83,10303.5,3.42555
291,3796,46,29128,6973.1,7515.43,3.33941
292,3809,22,52592,7576.77,10393.3,3.19587
293,3822,819,28548,8034.77,6539.09,3.16879
294,3835,548,49143,8376.83,9309.89,3.05512
295,3848,243,25343,7789.03,6287.56,3.00355
296,3861,237,30885,5508.67,6457.33,3.0236
297,3874,460,28028,7136.53,7360.85,2.97178
298,3887,494,26380,6548.07,6296.46,2.91366
299,3900,307,17318,5705.53,4677.15,2.94178
300,3913,745,25664,7379.87,6700.26,2.93899
301,3926,300,17421,6238.3,4815.04,2.93132
302,3939,559,31368,5328.77,5961.22,2.88322
303,3952,476,21457,5736.2,5592.02,2.81653
304,3965,248,18739,5640.33,5601.92,2.76661
305,3978,163,28098,7714.23,8173.41,2.8381
306,3991,120,22604,6111.1,5178.99,2.92888
307,4004,18,34167,7761.2,7728.96,2.92501
308,4017,172,27577,8170.37,8146.53,2.84472
309,4030,278,31166,7835.47,7496.32,2.80951
310,4043,182,25349,8355.97,6916.07,2.79157
311,4056,234,38849,7867.9,8616.28,2.7963
312,4069,57,22553,6723.87,5671.21,2.72018
313,4082,244,44684,11079.7,10053.8,2.72586
314,4095,253,31505,9470.43,8132.94,2.75806
315,4108,896,32664,9181.9,9180.01,2.66957
316,4121,632,22453,8153,6466.06,2.61041
317,4134,1145,25466,7760.03,5607.95,2.54758
318,4147,130,29018,9370.87,7681.72,2.51837
319,4160,115,20361,5257.63,5810.27,2.49801
320,4173,75,45409,9619.43,10112.5,2.49657
321,4186,223,37996,10564.2,9970.37,2.53814
322,4199,215,42036,9610.5,10058.3,2.56143
323,4212,624,39413,10855.1,10262.2,2.59276
324,4225,104,47324,7966,9039.94,2.66674
325,4238,202,25828,7900.97,6897.17,2.75993
326,4251,177,42521,10489,12429.5,2.84409
327,4264,640,30733,10004.9,7964.75,2.90737
328,4277,157,46443,10402.9,10576.6,2.82053
329,4290,160,48012,10174.6,10517.3,2.75059
330,4303,49,23331,8513.07,6134.54,2.74114
331,4316,147,30542,9331.33,8060.23,2.73579
332,4329,187,24979,8562.83,5745.29,2.66373
333,4342,33,33831,10267.1,9470.6,2.60364
334,4355,152,27324,7686.37,6608.11,2.65278
335,4368,12,17989,5691.43,5052,2.71708
336,4381,538,52253,11179.3,11159,2.77845
337,4394,401,44593,9147.47,9802.3,2.81932
338,4407,320,25665,7219.53,6851.71,2.79541
339,4420,133,19142,4697.73,4879.91,2.85952
340,4433,10,31085,7494,6567.58,2.83833
341,4446,183,31869,5884.37,6415.62,2.82639
342,4459,326,21145,6360.13,5211.77,2.7854
343,4472,26,11286,3867.4,3286.85,2.74943
344,4485,516,23668,6119.03,6114.66,2.64597
345,4498,176,26374,6260,6279.58,2.56296
346,4511,399,29064,6855.97,7019.77,2.50199
347,4524,358,18795,6254.33,5088.34,2.48956
348,4537,28,27048,6392.1,6784.65,2.44359
349,4550,131,16593,5896.9,4527.59,2.41392
350,4563,140,18284,6304.23,4913.19,2.35989
351,4576,493,27075,6775.27,7166.84,2.2678
352,4589,372,51563,10987.6,12678.2,2.24301
353,4602,360,35547,10246.9,8901.39,2.15695
354,4615,508,39098,9314.87,9375.47,2.074
355,4628,1058,30962,8886.5,7400.32,2.02252
356,4641,155,22403,7469.1,5886.75,2.03334
357,4654,143,48193,9325.03,10760.6,2.06666
358,4667,252,24463,5676.4,5903.44,2.08363
359,4680,522,17224,5688.03,5303.61,2.0418
360,4693,358,25916,8026.77,7530.49,2.03949
361,4706,339,28849,9054.07,7403,2.11603
362,4719,166,25998,8117.5,6456.66,2.15741
363,4732,713,28551,8661.3,7387.15,2.17493
364,4745,104,20871,7208.2,5199.11,2.20206
365,4758,176,44688,8812.9,10484.9,2.26811
366,4771,1209,44282,10710.8,8890.54,2.28875
367,4784,74,26286,8833.93,7945.29,2.32001
368,4797,337,44649,11589.5,10641.7,2.3982
369,4810,158,24171,7004.3,6804.35,2.43441
370,4823,63,25166,6597.7,6025.54,2.41139
371,4836,113,24562,6621.57,6378.48,2.3648
372,4849,253,15256,6186.57,4674.66,2.36759
373,4862,130,25235,6364.33,5592.53,2.39305
374,4875,243,24582,8152.43,7278.09,2.36918
375,4888,70,32887,9156.3,8766.53,2.36578
376,4901,249,35084,10173.5,8678.8,2.385
377,4914,172,23384,7675.47,6200.55,2.40637
378,4927,156,32522,9064.93,7536.86,2.45639
379,4940,146,29738,7971.77,7326.3,2.5222
380,4953,165,23217,8380.63,7180.31,2.56369
381,4966,348,36004,9495.3,9124.41,2.50869
382,4979,335,26674,7636.3,6896.61,2.54003
383,4992,31,16819,7174.5,5017.17,2.6631
384,5005,162,37762,10765.9,9053.1,2.80659
385,5018,46,28152,7928.97,7801.46,2.79769
386,5031,195,34573,7289.93,8509.91,2.77062
387,5044,219,29332,9074.63,8311.72,2.72442
388,5057,93,34504,8226.67,9008.33,2.74047
389,5070,489,47798,9390.13,9686.71,2.72259
390,5083,747,45073,11493.2,11759.7,2.74407
391,5096,470,31223,8695.43,7041.51,2.85681
392,5109,333,34096,10189.8,9191.37,2.92164
393,5122,335,45732,11541.2,11954.4,3.02153
394,5135,176,60649,9497.5,12088,3.09034
395,5148,333,26835,7615.03,7492.06,3.03758
396,5161,225,30890,8612.17,7759.13,2.86518
397,5174,79,26463,8328.3,8920.14,2.73576
398,5187,86,32400,11108.6,8881.42,2.67504
399,5200,75,31609,9517.47,9107.82,2.61593
400,5213,286,27416,9073.43,8140.29,2.5812
401,5226,32,42175,9379.73,10218.8,2.5169
402,5239,317,44857,11213.3,10467.3,2.43409
403,5252,514,27622,7139.83,6441.14,2.41856
404,5265,204,16788,6843.6,5152.86,2.38202
405,5278,451,19950,7332.57,6365.73,2.3615
406,5291,70,42910,6110.33,8725.75,2.39595
407,5304,92,14406,4328,3845.26,2.49125
408,5317,175,16002,4844.33,4283.57,2.55408
409,5330,229,28480,5904.53,6781.19,2.59568
410,5343,64,24786,6713.63,7444.69,2.56609
411,5356,734,25282,6513.23,5551.32,2.50913
412,5369,293,26486,7034.97,7171.28,2.49266
413,5382,99,26138,5367.63,6138.99,2.54976
414,5395,431,60116,8564.5,12551,2.59909
415,5408,246,26786,8754.07,7856.83,2.62464
416,5421,250,25818,10250.3,7830.35,2.59819
417,5434,539,28288,8148.3,7029.95,2.55278
418,5447,1191,32874,9306.67,8785.55,2.55951
419,5460,552,43662,9019.77,9616.59,2.53169
420,5473,234,46640,8644.67,9151.03,2.52917
421,5486,540,34538,9854.23,7540.21,2.53344
422,5499,415,29349,7495.1,6886.48,2.53824
423,5512,276,25894,6362.83,6105.28,2.46536
424,5525,319,35694,8208.07,8296.1,2.45464
425,5538,59,38578,8856.5,8706.33,2.44414
426,5551,335,21437,6226.17,5475.74,2.45864
427,5564,92,44378,8653.7,9566.34,2.45992
428,5577,650,70908,8152.8,13516.2,2.38055
429,5590,1231,30790,6824.5,6106.76,2.285
430,5603,239,50922,11052.2,10675.1,2.24625
431,5616,242,28757,8509.23,8699.95,2.20032
432,5629,306,42681,10908.7,9749.11,2.16721
433,5642,637,42549,11331.3,11868.3,2.18694
434,5655,402,71963,13461.9,15621.7,2.20633
435,5668,70,24740,9243,7118.11,2.16427
436,5681,366,82338,9353.03,14728,2.10471
437,5694,518,22207,8090.43,6056.01,2.04235
438,5707,117,29319,6246.03,7672.05,2.00886
439,5720,382,44395,9544.53,10650.8,2.01621
440,5733,567,44562,10395.4,10836.3,2.00458
441,5746,515,51990,8947.43,9895.3,1.98856
442,5759,232,46269,11830.2,11796.8,1.91573
443,5772,228,26944,7134.13,6967.82,1.8378
444,5785,68,41514,12004.1,11302.9,1.75984
445,5798,177,36072,10330,9511.4,1.66175
446,5811,159,32137,8433.33,7819.07,1.63617
447,5824,162,28603,10793.8,8478.49,1.59149
448,5837,748,35963,9910.27,10126.4,1.55183
449,5850,271,34508,7727.7,8570.27,1.52063
450,5863,99,26191,6654.87,6954.64,1.51662
451,5876,62,28237,7672.3,6984.49,1.50179
452,5889,104,56620,10553,11623.8,1.51338
453,5902,494,41903,10617.5,10804.2,1.51014
454,5915,277,28433,8672.4,7232.92,1.50721
455,5928,259,33251,10477.1,10410.6,1.52951
456,5941,280,44877,8027,8695.39,1.47903
457,5954,48,34687,9295.03,8946.99,1.46109
458,5967,316,48713,11178.8,9766.46,1.44666
459,5980,399,34364,11705.4,9876.21,1.44604
460,5993,404,28110,7721.1,7109.91,1.41293
461,6006,485,23057,8476.73,6034.44,1.3688
462,6019,306,32953,8647.77,7364.22,1.35115
463,6032,687,40287,8298.53,8313.16,1.32015
464,6045,324,26078,8166.43,7609.28,1.29938
465,6058,295,38272,8699.53,9135.96,1.29432
466,6071,75,31550,8144.4,8145.82,1.31288
467,6084,589,42426,10050.3,9985.18,1.29006
468,6097,211,34476,8261.9,7772.36,1.29774
469,6110,370,37406,8229.93,8155.58,1.28852
470,6123,135,41143,8805.37,11755,1.2737
471,6136,302,40773,11370.6,11741.4,1.25315
472,6149,265,66811,10009.3,12322.2,1.23802
473,6162,204,42204,11390.9,10887.6,1.21941
474,6175,790,42364,10175.3,10547.3,1.20889
475,6188,957,35341,8327.03,7660.69,1.20942
476,6201,44,42191,9479.5,9348.28,1.21417
477,6214,625,43656,8599.53,8781.91,1.24685
478,6227,74,47470,10979.1,10452.4,1.2721
479,6240,198,51817,10867.2,11903.9,1.30476
480,6253,283,37130,7770.13,8060.68,1.34042
481,6266,310,23412,7794.8,6078.6,1.36539
482,6279,75,35826,8757.93,8246.24,1.36542
483,6292,283,30696,9988.93,7482.4,1.43836
484,6305,748,39622,10093.2,10055.6,1.49584
485,6318,244,32419,8661.83,7559.49,1.53566
486,6331,236,46402,9636.37,9498.41,1.58092
487,6344,166,20606,7332.7,5824.08,1.62426
488,6357,1597,26872,7590.23,5573.45,1.62821
489,6370,414,31136,7981.1,8134.9,1.62865
490,6383,263,20185,5647.17,5222.01,1.66608
491,6396,345,35079,8324.83,8641.02,1.72594
492,6409,154,16771,6623.53,4265.43,1.7522
493,6422,462,34446,7981.4,8993.67,1.79534
494,6435,38,23757,7395.67,5801.5,1.85546
495,6448,169,36434,11158.3,10286.2,1.91286
496,6461,287,63388,12222.7,13478.7,1.93927
497,6474,1350,22960,7531.03,5201.35,2.00715
498,6487,496,41157,9030.6,9413.64,2.08665
499,6500,241,22332,7602.97,6300.86,2.17231
500,6513,67,33737,10437.3,8646.14,2.20931
501,6526,111,22904,7862.93,7243.58,2.25494
502,6539,64,27776,8402.83,7924.06,2.32613
503,6552,219,28573,8047.33,8253.02,2.37999
504,6565,463,25308,9010.13,6948.38,2.43745
505,6578,808,33774,9579.17,8425.67,2.42728
506,6591,1371,51932,12849.5,13202.1,2.38429
507,6604,450,35256,9637.97,8596.69,2.32568
508,6617,294,49263,12465.6,10931.7,2.23918
509,6630,1005,48743,14354.5,11966.1,2.11474
510,6643,199,27982,7259.47,7973.48,2.00612
511,6656,1229,45930,14165.4,10708,1.91378
512,6669,87,27303,9631.63,7925.84,1.80147
513,6682,447,22930,8363.67,6506.47,1.76773
514,6695,828,31742,9783.9,9025.18,1.80149
515,6708,1114,42539,10245.3,8848.74,1.82139
516,6721,302,46552,11282.5,10765.1,1.82306
517,6734,374,48903,12374.6,11656.3,1.86951
518,6747,273,30063,10107.2,8734.82,1.9425
519,6760,1065,35254,12745.9,10309.5,1.9914
520,6773,41,42137,11976.1,12563.7,2.01908
521,6786,264,106567,17406.2,21962.5,2.05198
522,6799,99,44327,12766.1,12464.2,2.04161
523,6812,1346,45290,11291.5,9328.72,2.07777
524,6825,118,38295,13557,11658.6,2.13225
525,6838,420,33629,9317.63,8845.08,2.13086
526,6851,147,68658,12568.7,16295.5,2.10092
527,6864,828,42089,11448.3,11319.7,2.09424
528,6877,801,45526,13236.1,12892.6,2.044
529,6890,466,49222,13037.8,12151.1,1.99989
530,6903,817,63946,17596.7,17096.3,1.884
531,6916,895,58965,13358.8,12371.7,1.82002
532,6929,53,57723,11455.4,13146.7,1.82015
533,6942,226,82674,17230.6,16880.7,1.81644
534,6955,251,34905,10827.5,9621.42,1.83844
535,6968,2022,36821,13925,8759.64,1.86476
536,6981,103,60890,14498.7,17273.3,1.91769
537,6994,488,66982,15062.5,15344.8,1.99763
538,7007,37,43270,13964,11813.9,2.04297
539,7020,613,64564,17330,15744.5,2.01581
540,7033,152,41476,13364,11510.3,1.97149
541,7046,854,92467,17284,18718.8,1.92204
542,7059,962,87261,17771.3,17506.4,1.86557
543,7072,446,50128,14258.9,13568.1,1.80464
544,7085,818,53068,14210.4,12000.8,1.78289
545,7098,14,53430,10965.3,12900.9,1.8159
546,7111,615,39249,12307.3,10186.5,1.82085
547,7124,184,63533,14263.1,14812.1,1.86347
548,7137,785,87757,20971.1,21308.1,1.89582
549,7150,301,90046,14732,18740.8,1.9209
550,7163,414,49241,15777.3,13304.8,1.91819
551,7176,652,47350,11218.5,9782.54,1.91091
552,7189,3307,63589,21262.9,16232.9,1.89106
553,7202,204,47304,15505.3,11733.4,1.85534
554,7215,3281,49557,15233.9,10285.7,1.84134
555,7228,290,49925,13603.9,13389.9,1.7622
556,7241,1061,54428,17568.2,14641.6,1.75162
557,7254,527,76333,18091.1,19895.6,1.75395
558,7267,108,43386,13923.6,11422.8,1.81844
559,7280,767,50830,12884.9,13928.1,1.8949
560,7293,285,37717,12855.8,10905.3,1.98342
561,7306,389,58793,16910.5,15923,2.03811
562,7319,674,56402,14662.2,12180.7,2.05295
563,7332,980,47478,12785.9,10940.7,2.03531
564,7345,507,73060,14932.2,16653.1,1.98877
565,7358,1108,67093,17125,17419.2,1.9016
566,7371,114,47981,13937.6,12604.6,1.86904
567,7384,1323,47637,22475,13740.1,1.85628
568,7397,72,44871,13385.2,10443.6,1.84588
569,7410,593,65870,13373.7,15137.3,1.84526
570,7423,219,57883,19781.1,17298.6,1.79903
571,7436,875,56314,12461.7,12058.9,1.73912
572,7449,339,42772,13125.8,11125.9,1.69344
573,7462,355,94263,17161.6,19723.8,1.68652
574,7475,897,56740,11377,13352,1.67063
575,7488,204,75630,13506.8,14954.8,1.67815
576,7501,192,33684,12515.4,10361.8,1.61648
577,7514,348,57944,14023.1,15879.5,1.59501
578,7527,331,47257,12378.8,13741.6,1.52102
579,7540,821,59038,12996.9,14744.2,1.45414
580,7553,99,72049,17951.1,20138,1.42443
581,7566,199,41702,11653.2,12085,1.38456
582,7579,533,81095,18220.1,18244.2,1.32973
583,7592,307,53703,16248.4,15561.9,1.26768
584,7605,95,67125,18968.2,16305.1,1.28416
585,7618,129,38086,12255.8,10410.4,1.33175
586,7631,875,78967,15512.4,17702.8,1.32816
587,7644,1063,36747,13129.3,9815.14,1.31776
588,7657,1727,42620,15308.7,13091.4,1.28985
589,7670,63,77948,18139.3,16670.4,1.32736
590,7683,491,74904,16070.2,16413.4,1.37585
591,7696,706,66165,18056.6,18167.9,1.3788
592,7709,129,44379,15121.8,13082.6,1.38091
593,7722,1574,45824,13887.6,12785,1.36947
594,7735,693,49374,13543.6,13430.8,1.33391
595,7748,261,91232,14232.2,18995,1.30038
596,7761,1178,48201,12200.8,11266.9,1.3036
597,7774,541,68644,12659.3,14667.7,1.30479
598,7787,542,50994,13432.4,13702.8,1.31525
599,7800,540,53256,15027.3,12572.2,1.32194
600,7813,443,31443,12101.6,9028.49,1.30789
601,7826,29,90840,16375.9,19971.3,1.3024
602,7839,20,57204,14428.9,14471.5,1.34212
603,7852,343,54614,18143.6,15213.8,1.36731
604,7865,33,60966,16483.5,17910.5,1.44177
605,7878,395,44069,15852.6,12724.1,1.51558
606,7891,174,48625,15904.2,15550.7,1.57645
607,7904,398,76935,13285.7,15700.8,1.62731
608,7917,285,69111,14584.7,17075.5,1.71156
609,7930,348,42287,13238,10195.9,1.79781
610,7943,32,49916,17044.8,16519.5,1.87486
611,7956,585,35878,13118.2,9821.32,1.91912
612,7969,1862,56074,14224.4,13397.4,1.97085
613,7982,752,64381,13145.6,13585,1.94465
614,7995,187,63565,12815.3,14392.9,1.91506
615,8008,216,48937,11219,11579.1,1.85738
