agents,meanScore,clow,chigh,Q1,Q2,Q3,means
600,3.6866682566666666,5.7410914458761146,2.7150868907193968,1.0166689999999998,2.4333300000000002,4.0766679999999988,"[0.0666667, 0.2, 0.2, 0.266667, 0.333333, 0.466667, 0.466667, 0.766667, 0.9, 1.06667, 1.1, 1.13333, 1.76667, 2.4, 2.43333, 2.43333, 2.46667, 2.56667, 2.96667, 3.63333, 3.96667, 4.33333, 6.06667, 6.4, 7.86667, 8.0, 8.6, 9.0, 9.86667, 18.8667]"
1200,5.8311113333333342,9.0805413085960005,4.2943852924193546,3.6933309999999997,4.5833349999999999,7.3066689999999994,"[0.8, 1.2, 1.9, 2.4, 2.8, 3.26667, 3.4, 3.56667, 3.6, 3.73333, 4.03333, 4.2, 4.36667, 4.43333, 4.5, 4.66667, 4.73333, 4.96667, 5.33333, 6.96667, 7.26667, 7.4, 7.86667, 7.9, 8.0, 9.63333, 11.0, 12.5333, 13.8, 14.6667]"
1800,11.255554666666665,17.527795862440023,8.2892755180725448,4.896668,7.6833349999999996,14.386679999999988,"[1.7, 2.13333, 2.73333, 2.86667, 3.26667, 3.8, 3.86667, 4.43333, 4.73333, 4.96667, 5.36667, 6.16667, 6.33333, 6.8, 7.1, 8.26667, 9.23333, 9.36667, 11.2333, 12.1, 13.1667, 17.2333, 17.2667, 19.7, 20.2333, 22.6333, 24.0333, 24.4667, 27.7667, 34.7]"
2400,22.029999,34.30637909523054,16.224232104231199,9.4866690000000009,12.6333,19.463299999999997,"[4.5, 5.2, 5.4, 6.5, 7.2, 7.3, 7.4, 8.23333, 9.3, 9.56667, 9.86667, 10.1333, 11.0667, 11.4667, 11.5333, 13.7333, 14.1667, 16.6, 17.1333, 18.0, 19.1333, 20.2333, 28.8, 28.8667, 37.9667, 39.1333, 57.1667, 59.2667, 73.6, 92.4333]"
3000,28.291108999999999,44.056539012030292,20.835294586354916,14.779990000000002,19.283299999999997,25.310009999999991,"[6.93333, 7.86667, 9.56667, 10.6667, 11.0667, 12.4, 13.1, 13.4, 14.7333, 14.8, 16.4667, 17.4333, 17.5333, 18.1667, 18.6333, 19.9333, 21.3333, 23.0, 23.9333, 24.0333, 24.3, 27.6667, 35.9667, 36.1667, 46.7333, 53.1, 55.8, 63.5333, 85.8667, 104.6]"
3600,41.483334333333332,64.600229612971205,30.55085225747959,19.67999,24.783349999999999,55.953319999999998,"[6.43333, 11.1333, 12.0667, 13.0667, 18.0333, 18.2667, 18.4333, 18.5, 18.9333, 20.0, 20.9333, 21.1667, 21.7667, 22.5333, 23.9667, 25.6, 31.7, 42.0667, 52.1667, 55.3333, 55.4333, 57.1667, 62.7333, 64.6, 64.9, 66.0667, 69.7, 83.0333, 96.3667, 152.4]"
4200,47.159990000000001,73.440243690763722,34.731486996128432,27.273309999999999,39.666700000000006,56.543319999999966,"[10.9667, 11.0667, 14.7, 16.5333, 19.1333, 19.9333, 21.4333, 25.8, 26.2, 27.7333, 30.0, 32.9, 36.3667, 37.0333, 38.9667, 40.3667, 41.2333, 41.6667, 49.4, 51.2333, 53.2333, 64.2667, 76.2, 78.9667, 79.7, 82.4667, 93.3667, 93.7333, 97.2667, 102.933]"
4800,54.317779999999999,84.586765178306706,40.002919206059318,37.166690000000003,55.433300000000003,68.816699999999997,"[16.2667, 17.9333, 18.8667, 23.5333, 23.8, 26.1667, 28.8, 32.0, 36.7, 37.3667, 39.6667, 44.7, 46.3, 52.3667, 54.4333, 56.4333, 57.2333, 58.7333, 65.7, 65.9667, 68.0667, 70.5667, 70.6333, 72.1333, 73.1333, 80.3, 85.0, 93.2667, 96.0667, 117.4]"
5400,67.290000000000006,104.78785084457166,49.556451559245083,48.549999999999997,64.983350000000002,83.296689999999998,"[26.2, 31.8333, 34.2, 35.1333, 36.5667, 40.6667, 41.0333, 41.9333, 42.6, 51.1, 56.9667, 57.3333, 62.6, 64.1667, 64.8, 65.1667, 70.9333, 75.4, 78.2333, 80.8667, 82.8667, 84.3, 84.3667, 87.0333, 92.2667, 93.5333, 94.6333, 96.4667, 108.567, 136.933]"
6000,73.194450000000003,113.98259933497488,53.904847909504923,59.603300000000004,69.75,78.453310000000002,"[30.5, 41.0, 42.5, 45.2333, 46.5333, 50.7667, 53.3333, 57.2, 59.5333, 59.6333, 61.8333, 62.5333, 63.7667, 64.4667, 68.7667, 70.7333, 72.2667, 76.7333, 76.8, 76.9, 78.4333, 78.5, 82.3333, 84.7667, 89.3, 109.367, 110.633, 113.767, 119.033, 148.667]"
6600,79.365566666666666,123.59261646695758,58.449633823580058,69.090010000000007,74.200000000000003,84.760009999999994,"[42.2333, 43.9667, 45.4667, 55.9333, 58.0333, 62.6333, 63.2333, 63.8, 67.6667, 69.7, 69.9667, 70.1, 71.8667, 72.9333, 73.9, 74.5, 75.6667, 76.2333, 80.1, 81.0667, 84.2, 86.0667, 89.1667, 90.8333, 92.4333, 100.367, 114.7, 129.667, 134.233, 140.3]"
7200,79.618883333333329,123.98709572216801,58.636191634856864,63.89669,77.833299999999994,93.073310000000006,"[37.2667, 52.8333, 61.0, 61.4333, 62.5333, 62.7, 62.8, 63.4, 63.5, 64.0667, 68.7333, 70.6, 72.4, 72.6667, 73.8333, 81.8333, 82.3333, 86.6333, 89.0667, 89.8333, 92.9333, 93.4, 93.5333, 93.5667, 94.3667, 99.9, 100.467, 108.433, 109.733, 122.767]"
7800,82.190010000000001,127.99100176540128,60.529725802034008,69.883299999999991,81.466650000000001,94.750010000000003,"[42.5667, 43.1, 53.0667, 53.3, 60.6, 64.1667, 64.7, 68.0, 69.5333, 70.0333, 71.7333, 75.0, 76.1, 78.4333, 79.9, 83.0333, 87.4, 89.5333, 90.4667, 93.5333, 94.7, 94.8667, 95.6, 96.1667, 100.433, 100.433, 108.667, 115.267, 121.867, 123.5]"
8400,85.499986666666672,133.14548744300095,62.967394078804688,72.190010000000001,85.799999999999997,99.026690000000002,"[53.1333, 58.1333, 60.8333, 61.5, 61.9667, 64.5667, 66.3, 66.3667, 71.4667, 72.5, 73.6667, 73.9667, 74.1667, 78.0667, 83.5333, 88.0667, 92.9667, 94.1, 94.9, 96.5667, 98.5667, 100.1, 100.967, 101.133, 103.333, 107.533, 109.067, 112.367, 116.833, 128.333]"
9000,87.237793333333329,135.8516997447303,64.247220678537175,72.256680000000003,87.616649999999993,99.69341,"[55.4667, 61.6, 63.4667, 64.3333, 65.4, 66.4333, 66.6, 67.6333, 70.1333, 73.1667, 73.4333, 75.0333, 75.7667, 86.4333, 86.8, 88.4333, 91.9, 92.4333, 96.1333, 97.1667, 99.5333, 100.067, 104.767, 105.0, 107.133, 113.2, 115.133, 116.4, 118.267, 119.867]"
9600,91.478916666666663,142.4562204649973,67.370642034238131,79.416679999999999,92.866700000000009,99.176680000000005,"[51.7, 66.3333, 66.9667, 68.6, 73.1, 73.7, 76.7667, 77.0, 77.4333, 80.2667, 82.5, 84.7, 86.2, 89.4667, 92.7667, 92.9667, 93.2667, 94.8333, 95.9, 98.7667, 99.0667, 99.4333, 102.8, 102.9, 106.267, 115.067, 118.967, 121.233, 121.533, 133.867]"
10200,92.765566666666672,144.45986570632837,68.318209405299257,85.193299999999994,89.700000000000003,97.683300000000003,"[64.1667, 65.0333, 69.9667, 72.0667, 72.5, 72.6667, 75.7667, 76.9333, 83.9333, 85.7333, 85.7333, 88.5, 88.9, 89.0, 89.2, 90.2, 96.4, 96.4667, 96.6, 97.4, 97.5333, 98.0333, 98.1667, 105.467, 105.867, 108.0, 111.2, 120.233, 132.133, 149.167]"
10800,97.257789999999986,151.45541376122264,71.626556084027783,81.10329999999999,97.333300000000008,104.23699999999999,"[67.8, 70.0, 71.0333, 76.4, 76.9667, 77.3, 78.5, 78.5333, 78.9333, 82.0333, 87.9333, 89.6333, 92.1333, 93.5667, 96.5333, 98.1333, 99.0333, 99.7333, 100.667, 101.2, 103.667, 105.567, 109.0, 110.9, 111.067, 115.6, 119.567, 133.833, 143.433, 149.033]"
11400,102.72553333333333,159.97009756074314,75.653335065105495,92.336680000000001,102.75,114.91319999999999,"[61.3333, 70.7, 77.0, 79.5, 83.5, 86.5333, 87.6, 88.7667, 92.0333, 92.4667, 93.0667, 100.0, 101.433, 101.467, 101.867, 103.633, 105.133, 106.367, 110.467, 110.533, 113.733, 117.667, 119.0, 119.533, 119.9, 125.6, 127.033, 127.567, 128.533, 129.8]"
12000,112.08111000000001,174.53913861159208,82.543351143133009,99.579990000000009,115.2,123.693,"[66.6333, 69.1333, 82.1667, 82.7667, 91.0, 92.7667, 94.6, 96.2333, 98.1333, 100.2, 101.467, 104.767, 110.267, 110.267, 115.167, 115.233, 117.533, 118.167, 120.833, 123.0, 123.633, 123.833, 126.6, 128.133, 135.333, 137.167, 137.233, 142.1, 143.4, 154.667]"
12600,124.62227666666666,194.06896328217579,91.779429585889503,101.62309999999999,127.18350000000001,138.82999999999998,"[74.3, 75.7, 87.0, 94.1333, 95.9667, 96.1, 97.0333, 100.267, 101.6, 101.633, 105.3, 106.067, 113.4, 117.4, 123.067, 131.3, 132.967, 133.4, 134.4, 135.233, 137.3, 142.4, 149.1, 149.967, 157.0, 159.833, 163.167, 169.5, 172.767, 181.367]"
13200,126.41546666666666,196.86142168990324,93.100043843156897,111.803,123.583,145.42310000000001,"[61.8333, 81.5, 85.0, 99.2, 99.4667, 99.8, 103.233, 106.333, 108.233, 113.333, 114.5, 114.667, 120.033, 120.833, 123.233, 123.933, 124.733, 125.467, 129.8, 129.867, 143.633, 149.6, 150.233, 151.2, 151.467, 153.567, 169.467, 172.633, 172.933, 192.733]"
13800,140.98111333333333,219.54388283363036,103.82707257648646,121.67679999999999,143.41649999999998,156.75319999999999,"[85.9, 87.3667, 97.1667, 102.8, 106.867, 108.2, 112.133, 114.267, 118.433, 123.067, 124.1, 124.167, 133.233, 135.333, 142.733, 144.1, 146.6, 147.3, 151.7, 154.567, 155.633, 159.367, 164.333, 165.533, 168.3, 177.667, 179.833, 196.167, 199.6, 202.967]"
14400,146.35774333333333,227.91667972003921,107.78675015334758,130.3168,152.983,161.28699999999998,"[80.5, 91.8333, 107.4, 110.3, 110.6, 113.133, 114.7, 116.7, 122.733, 133.567, 136.333, 137.067, 147.4, 148.5, 151.233, 154.733, 155.067, 156.033, 156.233, 158.067, 160.867, 162.267, 166.967, 168.933, 183.167, 183.533, 184.067, 188.133, 188.833, 201.833]"
15000,153.75441000000001,239.43519366585107,113.23410567967466,129.98989999999998,143.31649999999999,172.9332,"[92.7333, 103.967, 108.933, 112.567, 113.067, 117.033, 118.733, 120.067, 128.333, 130.7, 131.767, 135.6, 138.133, 138.567, 139.933, 146.7, 147.267, 148.533, 158.1, 168.433, 172.233, 174.567, 186.0, 196.1, 199.633, 203.8, 212.6, 213.5, 224.633, 230.4]"
15600,163.46115666666668,254.55109679993805,120.38274471942101,144.77690000000001,152.18350000000001,178.12,"[84.7667, 118.067, 120.633, 128.867, 133.9, 139.4, 141.833, 141.933, 144.1, 145.067, 145.467, 147.333, 147.367, 147.467, 148.967, 155.4, 159.767, 162.667, 164.667, 165.633, 176.8, 181.2, 184.233, 192.0, 194.5, 211.233, 223.9, 225.7, 229.3, 241.667]"
16200,164.86667666666665,256.73985322911113,121.41785519342231,149.19319999999999,163.3665,180.6069,"[89.4333, 109.3, 122.733, 124.967, 126.867, 137.4, 139.533, 145.5, 146.067, 150.533, 150.967, 152.667, 157.1, 160.1, 163.233, 163.5, 165.2, 165.867, 176.567, 179.0, 180.267, 181.4, 184.2, 190.433, 191.5, 203.9, 210.7, 215.733, 227.6, 233.733]"
16800,174.17779999999999,271.23966899740873,128.27513313116179,159.2869,170.64999999999998,198.22319999999996,"[114.633, 124.5, 132.133, 139.5, 144.0, 147.033, 148.767, 151.667, 154.2, 161.467, 161.667, 162.433, 164.1, 164.833, 169.367, 171.933, 172.867, 173.067, 174.433, 178.067, 197.433, 200.067, 201.7, 206.367, 210.7, 212.6, 214.133, 214.2, 225.4, 232.067]"
17400,182.30442333333335,283.89491336839029,134.26007317512918,166.71689999999998,179.083,201.74689999999998,"[94.8667, 132.833, 140.367, 141.533, 144.233, 157.8, 160.533, 160.633, 161.7, 168.867, 169.567, 170.7, 174.733, 174.733, 178.933, 179.233, 184.767, 192.667, 193.0, 196.267, 200.267, 205.2, 207.3, 210.467, 213.633, 216.733, 218.533, 222.8, 242.167, 254.067]"
18000,193.90776666666667,301.9643057076932,142.80548143525138,174.357,188.06650000000002,208.34999999999994,"[121.833, 127.7, 146.1, 146.233, 153.867, 158.5, 166.9, 167.733, 168.267, 176.967, 177.833, 182.7, 183.633, 186.367, 188.0, 188.133, 191.367, 194.533, 194.733, 195.867, 201.6, 224.1, 225.567, 235.0, 237.433, 239.8, 243.1, 254.367, 255.433, 283.567]"
18600,196.11439999999999,305.40060180818347,144.43058052712755,177.26990000000001,200.5335,210.51999999999998,"[107.067, 141.8, 157.1, 157.3, 161.4, 168.433, 168.9, 171.1, 176.033, 177.8, 184.567, 188.933, 196.233, 196.233, 198.867, 202.2, 203.3, 204.133, 204.3, 207.233, 207.7, 217.1, 219.3, 222.2, 230.733, 230.867, 239.167, 241.3, 243.2, 258.933]"
19200,207.32659999999998,322.86088329487546,152.68792702991499,183.2569,207.017,231.51299999999998,"[120.9, 128.433, 143.433, 154.7, 160.233, 161.567, 170.233, 180.067, 180.2, 184.567, 188.033, 190.133, 195.533, 198.5, 200.267, 213.767, 217.267, 217.567, 224.533, 227.2, 228.933, 237.533, 243.933, 244.033, 244.933, 245.267, 247.033, 266.9, 291.633, 312.467]"
19800,215.70213333333334,335.90374460676537,158.85617954761713,191.09690000000001,211.56650000000002,234.04320000000001,"[127.533, 145.733, 164.467, 166.533, 167.2, 169.367, 171.8, 179.333, 187.2, 192.767, 194.433, 195.267, 195.367, 204.033, 207.3, 215.833, 216.733, 221.333, 228.333, 229.867, 233.133, 236.167, 243.033, 245.267, 264.833, 264.833, 266.0, 297.9, 317.533, 321.933]"
20400,227.28106666666665,353.93512429278968,167.38361079804159,205.0301,229.94999999999999,250.25999999999999,"[139.133, 164.033, 175.967, 179.733, 182.4, 187.567, 191.1, 201.633, 202.067, 206.3, 211.533, 212.7, 217.767, 218.9, 229.6, 230.3, 236.533, 238.4, 239.933, 241.367, 249.9, 251.1, 254.267, 260.4, 261.533, 266.9, 275.4, 280.633, 283.033, 328.3]"
21000,236.28786666666667,367.96103029645872,174.0167665106855,212.23699999999999,223.94999999999999,245.9769,"[129.267, 172.967, 173.8, 174.633, 181.467, 183.8, 192.0, 207.467, 212.167, 212.267, 212.8, 214.767, 219.333, 221.933, 222.8, 225.1, 227.1, 232.5, 240.6, 243.767, 244.167, 250.2, 262.2, 267.867, 269.7, 271.733, 285.5, 326.9, 364.467, 445.367]"
21600,234.95556666666667,365.88629625454723,173.03557970116876,213.77680000000001,230.733,249.23009999999996,"[127.0, 175.067, 188.633, 196.767, 197.933, 198.067, 207.067, 207.233, 212.633, 214.267, 214.867, 221.567, 222.033, 226.067, 230.433, 231.033, 231.333, 232.1, 234.867, 240.1, 246.9, 254.667, 258.8, 263.933, 266.733, 284.933, 304.667, 306.0, 319.767, 333.2]"
22200,247.66550000000001,385.67893406667054,182.39594818912485,222.25009999999997,247.25,267.01309999999995,"[149.267, 181.4, 182.433, 189.467, 197.933, 204.1, 205.7, 208.8, 218.867, 223.7, 224.133, 224.6, 224.867, 237.267, 245.033, 249.467, 255.933, 257.533, 259.133, 260.033, 265.133, 271.4, 272.0, 288.433, 290.567, 315.2, 316.333, 320.867, 342.633, 347.733]"
22800,250.07999999999998,389.43893207327216,184.1741329459951,218.50299999999999,244.917,281.96999999999997,"[156.867, 169.3, 173.433, 190.267, 196.067, 199.967, 200.733, 208.933, 214.933, 220.033, 223.667, 224.9, 229.367, 237.167, 241.767, 248.067, 254.433, 255.667, 263.833, 265.867, 281.4, 283.3, 283.433, 298.3, 304.3, 321.5, 324.9, 325.433, 342.633, 361.933]"
23400,261.16446666666667,406.70029988064755,192.33740884771501,235.63999999999999,248.98349999999999,271.66679999999997,"[195.567, 196.9, 197.633, 206.1, 209.467, 210.033, 228.367, 231.9, 233.4, 236.6, 239.767, 241.433, 241.8, 244.767, 245.9, 252.067, 255.933, 262.567, 263.033, 266.867, 267.867, 280.533, 288.5, 290.533, 296.8, 319.9, 323.967, 348.033, 353.033, 405.667]"
24000,268.5367,418.18076483717471,197.76677018025751,250.27999999999997,266.18349999999998,294.0401,"[191.933, 198.233, 210.667, 212.1, 213.1, 222.833, 229.767, 230.267, 242.3, 253.7, 254.533, 256.033, 256.6, 258.9, 264.767, 267.6, 271.7, 272.033, 275.767, 283.333, 293.9, 294.367, 300.467, 306.033, 308.367, 312.467, 325.167, 331.867, 342.367, 374.933]"
24600,280.85120000000001,437.35761116241588,206.83591749377103,243.32689999999999,258.2165,285.18689999999992,"[181.2, 216.267, 220.767, 223.8, 229.4, 232.033, 234.967, 235.4, 236.7, 246.167, 246.367, 248.1, 249.667, 251.9, 257.2, 259.233, 264.4, 264.4, 272.1, 274.267, 280.167, 296.9, 331.667, 333.367, 349.533, 367.1, 369.067, 409.267, 417.033, 427.1]"
25200,282.0145333333333,439.16922061130651,207.69266696591527,236.22679999999997,258.25,311.25009999999997,"[203.533, 213.2, 221.4, 223.767, 227.733, 229.567, 231.133, 232.2, 234.733, 236.867, 237.033, 238.333, 246.3, 254.267, 257.7, 258.8, 270.9, 282.267, 284.567, 304.267, 309.4, 315.567, 325.267, 326.967, 333.867, 372.4, 377.567, 388.267, 399.8, 422.767]"
25800,303.08116666666666,471.97539138750835,223.20741795862909,254.68319999999997,293.36649999999997,342.37009999999998,"[180.6, 185.7, 201.967, 202.567, 205.667, 224.467, 239.8, 245.233, 253.867, 255.033, 262.667, 268.0, 283.533, 290.067, 290.833, 295.9, 300.833, 302.967, 317.6, 326.567, 339.2, 349.767, 355.233, 360.7, 380.3, 388.0, 391.2, 411.133, 465.067, 517.967]"
26400,287.71116666666666,448.04034505846874,211.88801447422429,257.99000000000001,278.44999999999999,311.65309999999999,"[128.267, 189.533, 221.267, 231.167, 239.567, 242.833, 244.867, 249.8, 250.5, 261.2, 261.767, 264.2, 272.2, 274.4, 278.433, 278.467, 295.733, 296.833, 306.367, 308.067, 310.133, 315.2, 326.267, 328.667, 330.433, 342.9, 346.467, 390.8, 420.2, 424.8]"
27000,307.00883333333331,478.09177939217261,226.0999907466738,260.49299999999999,303.88300000000004,327.61680000000001,"[196.267, 209.133, 215.5, 239.0, 239.067, 248.533, 250.167, 256.7, 258.533, 261.333, 285.133, 287.367, 288.567, 291.467, 302.833, 304.933, 310.9, 311.433, 314.533, 315.833, 327.567, 327.733, 333.133, 336.967, 343.867, 346.8, 419.2, 422.833, 451.833, 513.1]"
27600,310.02229999999997,482.78452267634191,228.31929101256864,266.00699999999995,293.4665,328.33309999999989,"[219.267, 224.033, 225.167, 239.967, 248.267, 251.167, 255.6, 258.667, 260.267, 268.467, 273.6, 274.433, 278.533, 282.2, 289.033, 297.9, 299.2, 306.567, 306.6, 318.067, 319.133, 349.8, 349.967, 369.9, 382.1, 382.7, 387.567, 424.067, 455.1, 503.333]"
28200,304.13783333333333,473.62089337976715,223.98561160524727,262.43000000000001,281.86649999999997,306.25009999999997,"[203.0, 219.867, 253.567, 254.067, 254.367, 254.567, 254.833, 257.0, 261.1, 263.0, 264.933, 265.067, 272.267, 278.7, 281.4, 282.333, 293.4, 299.567, 300.033, 305.867, 306.2, 306.367, 313.767, 325.733, 342.333, 383.467, 387.633, 419.567, 445.733, 574.4]"
28800,312.72556666666668,486.99420471319394,230.3101411183554,271.10320000000002,290.2165,320.81319999999999,"[225.133, 238.333, 242.5, 244.667, 246.7, 252.033, 253.767, 256.033, 264.967, 273.733, 277.8, 283.167, 287.433, 287.667, 287.7, 292.733, 298.367, 302.767, 307.567, 313.5, 319.033, 324.967, 336.467, 338.6, 338.867, 354.933, 358.5, 379.633, 505.933, 688.267]"
29400,345.70106666666663,538.34554630221407,254.59530634932409,287.95010000000002,331.55000000000001,362.69,"[209.733, 214.8, 249.133, 250.3, 251.867, 255.5, 270.5, 274.0, 278.267, 292.1, 292.833, 304.0, 317.933, 319.3, 325.533, 337.567, 338.533, 346.4, 348.033, 358.867, 360.8, 367.1, 372.0, 374.067, 378.5, 384.4, 510.2, 575.433, 600.1, 613.233]"
30000,338.2867,526.79946890031749,249.13491546569881,291.77690000000001,333.08349999999996,364.23699999999997,"[238.967, 250.4, 252.733, 253.033, 256.633, 262.533, 271.333, 283.3, 284.8, 294.767, 300.4, 304.667, 324.4, 329.067, 329.767, 336.4, 336.8, 342.367, 346.033, 349.167, 363.067, 366.967, 368.567, 380.633, 384.4, 393.4, 418.733, 418.9, 440.167, 666.2]"
30600,352.93996666666669,549.61837693795155,259.92647289995898,305.54989999999998,327.69999999999999,363.74310000000003,"[196.233, 237.867, 249.867, 259.133, 268.1, 273.933, 287.567, 290.8, 301.233, 307.4, 311.567, 311.633, 312.167, 314.433, 321.167, 334.233, 337.667, 352.4, 353.0, 357.0, 363.033, 365.4, 390.033, 393.3, 423.033, 433.033, 440.9, 517.533, 568.467, 716.067]"
31200,350.74329999999998,546.1976015029403,258.3087138680304,322.00700000000001,340.44999999999999,357.84999999999997,"[225.8, 248.633, 290.833, 291.633, 298.9, 302.2, 308.467, 308.567, 318.367, 323.567, 324.233, 326.7, 332.233, 333.9, 336.5, 344.4, 348.067, 349.767, 354.933, 355.0, 356.5, 361.0, 365.6, 373.233, 378.0, 395.933, 408.433, 429.1, 529.4, 602.4]"
31800,378.72890000000001,589.77838436214449,278.91901303219163,325.70010000000002,354.60000000000002,402.32309999999995,"[255.367, 255.467, 263.933, 277.1, 291.533, 309.433, 311.4, 321.133, 324.767, 326.1, 331.367, 334.1, 342.0, 346.9, 352.3, 356.9, 358.067, 376.467, 379.233, 387.567, 399.933, 407.9, 408.833, 411.367, 414.7, 419.333, 432.167, 503.667, 601.6, 861.233]"
32400,370.16126666666668,576.43637390257663,272.60928638245605,292.01010000000002,319.38350000000003,407.45690000000002,"[241.067, 245.067, 245.567, 254.567, 266.733, 268.467, 280.233, 289.1, 290.867, 292.5, 296.2, 300.1, 304.367, 313.067, 315.667, 323.1, 337.167, 340.4, 361.6, 373.267, 406.367, 410.0, 423.1, 432.967, 455.167, 499.133, 531.8, 543.667, 706.967, 756.567]"
33000,381.36993333333334,593.89115307976772,280.86403072352294,314.68009999999998,341.06650000000002,387.33319999999998,"[245.667, 252.033, 271.167, 273.0, 278.833, 303.3, 306.667, 308.533, 312.767, 315.5, 323.8, 331.333, 335.367, 338.9, 339.733, 342.4, 346.767, 346.967, 350.2, 372.467, 385.433, 391.767, 393.633, 406.2, 431.8, 466.4, 471.9, 498.267, 501.967, 1198.33]"
33600,389.50560000000002,606.56048024855693,286.85563082857323,327.21690000000001,371.63299999999998,425.38319999999999,"[241.467, 245.567, 264.567, 269.2, 278.833, 293.2, 305.867, 313.967, 324.3, 328.467, 330.0, 331.533, 359.267, 368.467, 370.133, 373.133, 390.7, 403.4, 403.433, 404.9, 423.933, 428.767, 435.033, 435.167, 438.133, 443.667, 453.467, 553.633, 612.2, 860.767]"
34200,412.68456666666668,642.65609775187033,303.92603265365898,325.63689999999997,380.46699999999998,441.3999,"[253.4, 259.133, 268.6, 290.333, 312.5, 312.733, 322.667, 323.367, 323.7, 326.467, 334.9, 344.167, 346.2, 347.5, 373.867, 387.067, 389.067, 389.667, 410.667, 427.267, 439.2, 446.533, 447.867, 455.867, 513.267, 536.367, 540.767, 552.833, 569.767, 1134.8]"
34800,412.73116666666664,642.72866594698633,303.96035172993572,330.91309999999999,388.08349999999996,436.37990000000002,"[253.833, 283.7, 300.267, 302.1, 309.767, 317.933, 320.3, 327.3, 329.0, 331.733, 340.367, 353.833, 355.033, 385.633, 385.9, 390.267, 390.5, 400.1, 410.967, 433.1, 433.1, 444.033, 451.633, 463.533, 469.167, 479.667, 499.733, 555.133, 657.033, 1007.27]"
35400,431.48649999999998,671.9355476808779,317.77292072697577,336.88009999999997,397.33349999999996,440.63319999999999,"[232.667, 259.333, 267.633, 283.333, 286.033, 297.2, 323.7, 325.6, 330.767, 339.5, 345.333, 363.367, 374.467, 376.2, 392.5, 402.167, 414.433, 416.5, 423.067, 431.2, 439.333, 443.667, 444.933, 497.433, 503.633, 552.733, 583.8, 644.133, 894.9, 1055.03]"
36000,459.29323333333338,715.23778909874261,338.25149159120792,339.71999999999997,394.7165,463.38319999999987,"[266.167, 284.567, 288.267, 310.633, 325.733, 329.967, 332.733, 332.9, 333.7, 342.3, 343.767, 349.267, 359.867, 385.3, 389.933, 399.5, 404.167, 426.533, 426.933, 430.3, 454.733, 483.567, 493.933, 501.233, 515.233, 556.6, 558.367, 777.867, 871.5, 1503.23]"
36600,423.47559999999999,659.46051432776767,311.87320638909557,355.637,392.76650000000001,463.87309999999991,"[231.067, 269.867, 276.767, 285.167, 292.133, 321.533, 331.1, 341.067, 355.567, 355.667, 366.9, 371.167, 385.1, 390.5, 390.733, 394.8, 411.967, 421.933, 425.633, 443.4, 454.433, 485.9, 499.8, 499.967, 513.8, 536.8, 542.167, 542.933, 715.1, 851.3]"
37200,449.91776666666664,700.6377741980898,331.34682730658938,335.30689999999998,394.33300000000003,472.25679999999994,"[251.733, 276.2, 278.167, 285.1, 297.133, 313.967, 319.833, 323.5, 329.1, 337.967, 350.967, 362.867, 364.567, 366.0, 369.333, 419.333, 423.2, 424.533, 428.967, 448.133, 466.567, 485.533, 516.8, 524.833, 525.0, 560.1, 579.367, 719.733, 897.1, 1251.9]"
37800,455.74666666666667,709.71487189147558,335.63958403855077,359.06990000000002,422.7835,506.87,"[238.867, 245.3, 298.033, 307.933, 337.633, 340.267, 345.3, 346.3, 355.033, 360.8, 369.4, 383.567, 386.367, 387.933, 407.467, 438.1, 487.6, 490.867, 492.9, 495.5, 504.8, 511.7, 541.333, 548.367, 570.833, 574.9, 597.567, 614.533, 735.133, 958.067]"
38400,494.94676666666669,770.75951792940532,364.50892356548735,387.017,458.28300000000002,500.49679999999989,"[256.0, 308.033, 322.3, 322.367, 338.1, 356.8, 365.633, 366.333, 378.267, 390.767, 396.533, 399.967, 447.267, 450.3, 458.033, 458.533, 458.7, 464.5, 468.1, 471.933, 492.167, 519.933, 533.8, 560.667, 589.033, 665.3, 745.7, 793.7, 964.867, 1104.77]"
39000,514.71100000000001,801.53751666013261,379.06450792852718,371.32319999999999,421.0,490.05689999999987,"[280.067, 300.967, 301.5, 304.367, 335.3, 340.067, 348.9, 349.433, 355.667, 378.033, 386.933, 389.433, 397.2, 410.633, 417.733, 424.267, 434.833, 440.3, 445.333, 460.167, 473.367, 529.0, 545.267, 633.533, 659.633, 700.467, 759.033, 780.567, 1335.43, 1523.9]"
39600,513.61783333333335,799.83517477255759,378.25943346036183,386.20310000000001,445.06650000000002,537.92989999999998,"[256.133, 291.1, 309.867, 327.4, 334.3, 361.367, 379.4, 380.567, 383.8, 387.233, 387.933, 398.867, 403.167, 406.133, 430.7, 459.433, 466.0, 469.8, 480.267, 521.833, 535.7, 543.133, 570.333, 665.133, 688.6, 761.3, 822.833, 837.2, 916.733, 1232.27]"
40200,557.08883333333335,867.53071146544482,410.27412369266892,409.55700000000002,464.68349999999998,625.04309999999987,"[265.0, 302.267, 308.633, 343.467, 351.267, 375.4, 388.967, 390.967, 404.867, 411.567, 413.6, 429.467, 435.833, 446.8, 459.3, 470.067, 499.133, 509.633, 525.167, 592.3, 607.833, 665.2, 690.6, 726.767, 762.7, 777.0, 853.033, 963.7, 1095.8, 1246.33]"
40800,511.8699666666667,797.11329646132469,376.97219806433441,373.43000000000001,428.38300000000004,612.3667999999999,"[222.967, 274.067, 294.7, 322.333, 339.567, 342.367, 353.333, 354.933, 368.6, 375.5, 380.933, 382.6, 384.233, 384.5, 416.233, 440.533, 449.733, 462.733, 516.1, 540.067, 604.067, 631.733, 657.2, 666.433, 690.233, 788.867, 885.633, 899.767, 953.867, 972.267]"
41400,598.66669999999999,932.27815225459847,440.89459531406015,415.70999999999998,500.39999999999998,628.69689999999969,"[298.667, 339.7, 347.467, 355.6, 372.233, 376.2, 396.1, 406.467, 414.8, 416.1, 419.4, 463.9, 465.6, 487.8, 487.967, 512.833, 520.4, 537.667, 540.933, 543.5, 600.667, 694.1, 695.9, 710.1, 789.767, 919.533, 1018.67, 1075.8, 1257.9, 1494.23]"
42000,579.10993333333329,901.82323252701997,426.49180203166861,377.61000000000001,503.68349999999998,643.95309999999972,"[316.967, 318.433, 336.233, 341.467, 349.9, 364.167, 371.167, 372.167, 375.3, 378.6, 380.867, 387.7, 389.0, 458.667, 485.2, 522.167, 531.533, 542.5, 569.433, 591.233, 613.333, 715.4, 718.267, 739.667, 825.667, 910.033, 1029.93, 1083.5, 1144.53, 1210.27]"
42600,596.02670000000001,928.16699270296135,438.95033863228866,430.17989999999998,507.41700000000003,659.81309999999985,"[265.133, 314.633, 322.033, 382.167, 401.467, 405.6, 416.633, 421.767, 430.133, 430.2, 432.067, 437.033, 463.933, 468.567, 484.567, 530.267, 537.567, 539.867, 604.767, 626.9, 639.033, 708.3, 824.0, 852.967, 904.8, 920.7, 952.433, 978.167, 1076.9, 1108.2]"
43200,609.54893333333337,949.22459070591606,448.90893428032166,422.42680000000001,512.5,693.2168999999999,"[301.567, 302.1, 338.333, 342.567, 362.667, 364.033, 387.1, 402.1, 418.133, 424.267, 439.1, 439.167, 451.633, 477.433, 478.733, 546.267, 555.767, 560.633, 585.867, 596.367, 683.967, 714.8, 794.633, 829.667, 956.967, 969.2, 1008.4, 1078.73, 1187.47, 1288.8]"
43800,686.63866666666661,1069.2731488598934,505.68250592021536,420.10000000000002,541.45000000000005,786.9799999999999,"[303.767, 355.633, 356.8, 382.967, 403.033, 403.633, 408.267, 413.0, 415.9, 421.9, 454.167, 470.833, 481.067, 481.1, 526.233, 556.667, 623.133, 629.3, 718.2, 720.5, 765.2, 837.8, 882.8, 903.0, 1026.43, 1067.4, 1255.73, 1348.17, 1459.63, 1526.9]"
44400,670.80336666666665,1044.6135106598779,494.02042719564838,434.16699999999997,578.18349999999998,666.64009999999973,"[322.767, 352.033, 370.9, 381.333, 387.933, 403.3, 406.5, 414.333, 432.767, 434.767, 448.7, 456.167, 467.1, 504.967, 554.567, 601.8, 604.167, 614.2, 621.867, 634.133, 637.1, 735.567, 784.1, 930.033, 986.3, 1186.6, 1199.2, 1236.47, 1287.1, 1727.33]"
45000,685.79996666666671,1067.9670770735459,505.06483619332084,473.97680000000003,601.56649999999991,718.90699999999993,"[313.833, 319.133, 373.767, 374.633, 376.0, 415.433, 417.533, 440.367, 456.733, 481.367, 506.5, 507.7, 529.0, 586.8, 587.3, 615.833, 653.767, 676.5, 693.467, 708.633, 715.667, 726.467, 795.4, 805.333, 962.7, 972.933, 1035.1, 1139.1, 1676.97, 1710.03]"
45600,710.58346666666671,1106.561365993243,523.31691402388333,499.91700000000003,560.75,728.80320000000006,"[318.467, 345.933, 373.0, 383.7, 387.067, 387.5, 410.8, 413.067, 485.567, 506.067, 516.067, 535.7, 537.633, 548.033, 556.2, 565.3, 590.167, 613.333, 618.9, 631.633, 725.433, 736.667, 1011.4, 1035.53, 1172.3, 1254.03, 1283.67, 1337.4, 1410.67, 1626.27]"
46200,746.24209999999994,1162.091036836676,549.57810194857075,450.68299999999999,642.33349999999996,877.94999999999993,"[320.067, 334.7, 344.733, 360.4, 368.133, 373.333, 373.467, 375.267, 441.233, 454.733, 487.767, 507.633, 508.667, 519.7, 627.667, 657.0, 737.4, 750.4, 782.8, 863.4, 864.6, 909.1, 952.133, 964.8, 1182.07, 1222.63, 1267.33, 1601.3, 1606.57, 1628.23]"
46800,715.28553333333332,1113.8836941330544,526.77980210524777,417.15010000000001,605.25,876.67989999999963,"[318.6, 319.833, 339.167, 351.567, 367.967, 376.233, 377.833, 414.233, 414.467, 418.3, 421.367, 483.233, 515.1, 539.733, 599.2, 611.3, 652.033, 670.667, 782.833, 812.767, 828.7, 988.633, 1090.47, 1129.83, 1134.0, 1214.5, 1244.37, 1336.13, 1352.07, 1353.43]"
47400,783.56860000000006,1220.2180053988684,577.06760840014101,498.96010000000001,632.91650000000004,989.75309999999979,"[318.267, 364.033, 371.2, 379.033, 390.733, 394.833, 454.033, 496.633, 498.167, 499.3, 527.2, 587.067, 611.433, 623.567, 624.433, 641.4, 680.7, 703.833, 738.967, 745.333, 960.633, 1057.7, 1061.03, 1182.6, 1212.33, 1225.4, 1330.2, 1428.63, 1581.27, 1817.1]"
48000,832.78689999999995,1296.8635675808177,613.31496015788196,517.82680000000005,634.11650000000009,905.4400999999998,"[295.533, 299.9, 370.5, 395.2, 452.467, 468.433, 498.4, 513.3, 514.933, 519.067, 524.367, 595.167, 613.567, 616.2, 617.533, 650.7, 680.2, 825.367, 833.733, 843.033, 896.3, 926.767, 1054.37, 1233.2, 1423.5, 1462.33, 1544.5, 1560.3, 1697.57, 2057.17]"
48600,829.26859999999999,1291.384668849558,610.72386989898916,476.85320000000002,721.15000000000009,1027.6009999999999,"[259.0, 327.5, 366.033, 396.033, 443.9, 444.133, 452.233, 463.733, 475.267, 477.533, 531.8, 564.767, 585.467, 601.533, 690.2, 752.1, 895.633, 895.633, 966.4, 1000.57, 1023.23, 1037.8, 1130.87, 1151.33, 1175.13, 1228.53, 1276.6, 1446.2, 1667.6, 2151.3]"
49200,835.56630000000007,1301.1918088148407,615.36187948413794,524.95690000000002,711.5335,1022.958,"[292.533, 360.467, 370.533, 386.833, 397.6, 470.433, 480.167, 500.633, 514.9, 529.267, 548.467, 580.033, 632.933, 698.267, 707.1, 715.967, 783.6, 867.4, 897.633, 930.533, 1017.57, 1035.53, 1037.03, 1103.53, 1106.0, 1413.43, 1421.9, 1567.7, 1845.87, 1853.13]"
49800,913.64736666666658,1422.7841281438898,672.86552932751511,550.24689999999998,815.31700000000001,1125.0809999999999,"[356.333, 373.133, 380.4, 380.967, 425.8, 464.933, 484.233, 492.867, 540.4, 554.467, 654.433, 680.167, 686.2, 725.267, 763.267, 867.367, 883.767, 1017.43, 1041.77, 1051.03, 1105.53, 1170.7, 1314.83, 1316.23, 1326.17, 1345.13, 1539.43, 1636.1, 1795.7, 2035.37]"
50400,926.73013333333324,1443.1573634255215,682.5004749743805,588.03689999999995,717.93349999999998,1210.8319999999999,"[343.867, 385.067, 408.3, 421.333, 457.433, 502.333, 522.733, 523.567, 557.4, 601.167, 641.4, 648.533, 650.667, 660.967, 708.467, 727.4, 789.367, 816.0, 924.033, 1201.13, 1203.53, 1227.87, 1295.0, 1322.3, 1350.97, 1508.5, 1707.8, 1712.8, 1878.17, 2103.8]"
51000,958.7910333333333,1493.0844373910843,706.11207309885367,594.09999999999991,902.54999999999995,1214.8989999999999,"[245.2, 336.167, 342.667, 397.2, 468.533, 478.567, 510.033, 545.9, 589.9, 595.9, 651.967, 679.067, 817.7, 839.367, 844.733, 960.367, 962.133, 971.3, 1048.3, 1178.93, 1192.57, 1267.0, 1278.83, 1315.2, 1441.23, 1654.13, 1695.37, 1769.33, 1772.37, 1913.77]"
51600,1055.7,1643.996643433115,777.48173444932434,586.077,912.79999999999995,1412.7799999999997,"[316.033, 381.433, 433.7, 443.233, 460.967, 520.5, 541.367, 543.5, 568.367, 593.667, 633.433, 637.567, 649.067, 717.7, 900.333, 925.267, 929.433, 977.633, 1358.47, 1362.93, 1389.17, 1467.87, 1606.33, 1734.33, 1748.97, 1810.63, 1830.1, 1964.2, 2059.6, 2165.2]"
52200,1143.4556333333335,1780.6547533529285,842.11032402183446,622.43700000000001,925.64999999999998,1519.799,"[334.233, 412.7, 433.167, 435.767, 489.567, 527.567, 597.667, 598.267, 616.767, 624.867, 654.467, 673.8, 750.133, 874.7, 911.933, 939.367, 1089.57, 1152.37, 1264.67, 1315.63, 1518.77, 1522.2, 1616.33, 1725.03, 1858.83, 1885.33, 2063.0, 2144.17, 2492.23, 2780.57]"
52800,1155.2809000000002,1799.069737446612,850.81917013183329,651.15689999999995,1099.2150000000001,1418.0599999999997,"[410.633, 421.567, 430.967, 436.833, 492.467, 509.533, 526.2, 541.3, 580.2, 681.567, 803.767, 940.433, 1007.73, 1063.17, 1071.3, 1127.13, 1226.43, 1269.77, 1285.43, 1384.27, 1385.93, 1493.03, 1525.83, 1564.3, 1574.77, 1774.07, 1905.67, 2189.43, 2467.0, 2567.7]"
53400,1136.8845666666666,1770.4219111214468,837.2709905850794,638.20689999999991,1127.165,1373.1399999999999,"[360.233, 419.4, 431.567, 479.9, 506.533, 516.467, 527.767, 534.9, 613.1, 648.967, 735.5, 802.567, 936.433, 942.233, 1124.23, 1130.1, 1166.0, 1182.9, 1300.97, 1311.7, 1349.2, 1429.0, 1583.87, 1609.73, 1707.87, 1950.27, 2032.27, 2037.43, 2243.13, 2492.3]"
54000,1180.3966666666668,1838.1814510937174,869.31594935890962,713.53309999999988,1056.45,1513.28,"[359.367, 416.0, 431.8, 461.0, 481.367, 486.6, 492.0, 498.4, 596.4, 763.733, 788.633, 797.833, 815.367, 1043.33, 1056.43, 1056.47, 1133.17, 1201.87, 1308.07, 1476.7, 1511.03, 1518.53, 1528.97, 1808.8, 1871.0, 1954.9, 2142.63, 2282.87, 2295.8, 2832.83]"
54600,1195.0659666666666,1861.0253271584265,880.11931471569414,760.92999999999995,1082.4000000000001,1692.8709999999999,"[300.433, 401.333, 420.867, 429.133, 434.4, 449.5, 520.333, 618.333, 676.3, 797.2, 831.167, 880.833, 901.367, 973.1, 1029.43, 1135.37, 1181.03, 1276.0, 1346.4, 1349.03, 1691.83, 1695.3, 1698.5, 1723.7, 1934.3, 1951.53, 2065.63, 2305.57, 2382.63, 2451.43]"
55200,1208.1509666666668,1881.402040314932,889.7559051251568,704.81689999999992,1148.8150000000001,1644.3310000000001,"[368.2, 376.9, 392.5, 423.633, 458.9, 470.633, 499.133, 538.9, 621.4, 740.567, 857.533, 969.7, 1017.67, 1122.57, 1126.2, 1171.43, 1234.4, 1382.9, 1418.87, 1455.1, 1642.93, 1647.6, 1687.63, 1803.1, 1805.7, 1909.73, 1949.23, 2204.47, 2385.83, 2561.17]"
55800,1247.6622333333332,1942.9312529490041,918.85440672437005,724.34699999999998,1103.4349999999999,1739.8419999999996,"[348.733, 357.1, 523.633, 545.867, 551.533, 604.267, 651.633, 669.167, 721.267, 725.667, 741.5, 995.0, 1017.43, 1030.43, 1098.87, 1108.0, 1216.8, 1278.7, 1475.87, 1494.9, 1733.83, 1753.87, 1781.2, 1861.57, 1921.6, 2006.23, 2006.8, 2256.8, 2387.4, 2564.2]"
56400,1333.1218999999999,2076.0139517733983,981.79210670112582,860.7632000000001,1297.5149999999999,1752.711,"[360.167, 497.4, 523.267, 542.4, 553.833, 568.667, 647.5, 765.633, 857.567, 862.133, 1099.5, 1165.1, 1228.63, 1254.83, 1286.33, 1308.7, 1406.67, 1614.23, 1714.8, 1745.57, 1749.93, 1759.2, 1794.17, 1841.93, 1871.93, 1968.53, 1981.5, 2072.97, 2180.17, 2770.4]"
57000,1309.4447666666667,2039.1425605390345,964.35482462213781,894.05319999999995,1454.0650000000001,1698.0099999999998,"[329.667, 334.8, 424.033, 549.233, 597.467, 599.467, 612.3, 623.033, 795.867, 936.133, 986.533, 1099.8, 1104.83, 1371.57, 1448.83, 1459.3, 1470.03, 1535.57, 1542.07, 1564.07, 1677.37, 1746.17, 1832.67, 1901.87, 1910.6, 1914.3, 1941.53, 2002.73, 2063.17, 2908.33]"
57600,1393.3971999999999,2169.8781090926404,1026.1825062355138,940.50999999999999,1391.23,1768.2289999999998,"[330.333, 397.667, 531.733, 546.067, 581.733, 674.733, 735.367, 753.333, 918.6, 949.9, 1072.43, 1098.53, 1290.3, 1378.87, 1389.63, 1392.83, 1414.27, 1448.2, 1630.63, 1732.0, 1751.6, 1807.03, 1823.63, 1874.7, 2185.6, 2189.57, 2211.9, 2400.33, 2406.4, 2884.0]"
58200,1407.9300666666668,2192.5095233386019,1036.8853937817116,877.6669999999998,1597.47,1769.5599999999995,"[354.8, 433.633, 444.433, 448.133, 511.333, 585.833, 745.467, 767.733, 773.367, 922.367, 927.033, 1426.83, 1466.43, 1548.17, 1584.97, 1609.97, 1649.83, 1671.17, 1678.4, 1725.63, 1732.6, 1855.8, 1893.73, 1942.5, 1961.0, 1985.67, 2020.9, 2222.27, 2552.13, 2795.77]"
58800,1433.4544333333333,2232.2575323617675,1055.6830909179439,1024.4698999999998,1489.0650000000001,1829.5979999999997,"[318.8, 486.067, 504.333, 510.5, 543.267, 549.367, 693.433, 817.433, 907.033, 1074.8, 1094.77, 1146.7, 1249.0, 1289.5, 1461.33, 1516.8, 1572.23, 1639.0, 1674.63, 1763.07, 1817.07, 1858.83, 1901.73, 1902.2, 1995.23, 2326.47, 2352.4, 2515.57, 2578.3, 2943.77]"
59400,1429.0485666666668,2225.3964638655912,1052.4383425445874,1019.6700000000001,1374.6799999999998,1842.3079999999995,"[341.433, 499.867, 573.267, 696.0, 697.733, 742.1, 749.2, 853.467, 978.3, 1037.4, 1094.4, 1150.3, 1210.93, 1242.73, 1368.53, 1380.83, 1527.33, 1664.07, 1705.5, 1721.6, 1813.37, 1909.83, 1944.27, 1982.67, 2175.47, 2175.9, 2198.83, 2393.9, 2487.2, 2555.03]"
60000,1456.8891000000001,2268.7513405837753,1072.941805786033,934.2829999999999,1430.8299999999999,1791.511,"[339.367, 400.933, 565.667, 596.3, 653.8, 655.2, 675.6, 839.8, 884.933, 955.433, 1159.0, 1170.9, 1177.73, 1361.93, 1428.53, 1433.13, 1561.33, 1625.27, 1752.67, 1759.53, 1780.93, 1816.2, 1927.83, 2077.47, 2082.83, 2186.47, 2231.03, 2557.2, 2738.03, 3311.63]"
60600,1439.6058,2241.8367936599834,1060.2133317299488,964.70699999999999,1537.3199999999999,1762.6019999999999,"[309.467, 430.367, 617.667, 704.333, 770.433, 771.1, 807.2, 852.733, 951.967, 970.167, 1123.23, 1329.47, 1360.77, 1398.2, 1529.37, 1545.27, 1655.27, 1697.3, 1750.0, 1751.13, 1761.33, 1765.57, 1774.07, 1876.2, 2058.43, 2150.2, 2173.5, 2212.67, 2263.73, 2827.03]"
61200,1503.8225666666667,2341.8388291360916,1107.506467212309,1167.829,1601.4349999999999,1870.241,"[392.567, 491.233, 664.867, 715.033, 719.133, 737.367, 753.967, 1081.37, 1140.13, 1179.7, 1443.07, 1502.9, 1580.0, 1585.37, 1586.57, 1616.3, 1617.43, 1727.37, 1734.03, 1788.9, 1866.8, 1878.27, 1891.0, 2058.63, 2095.67, 2163.0, 2194.47, 2259.13, 2285.17, 2365.23]"
61800,1606.5457999999999,2501.805345004801,1183.1581084174265,1095.3020000000001,1592.7350000000001,1949.1599999999994,"[348.667, 405.867, 570.667, 787.2, 799.333, 835.7, 1013.0, 1060.57, 1061.87, 1109.63, 1277.83, 1282.83, 1394.77, 1519.07, 1544.47, 1641.0, 1723.03, 1777.07, 1812.1, 1887.6, 1894.47, 2076.77, 2106.73, 2115.3, 2300.23, 2303.77, 2644.33, 2784.37, 2996.03, 3122.1]"
62400,1575.0364333333334,2452.7371504071853,1159.9526930083146,1148.9679999999998,1514.165,2120.009,"[341.1, 461.2, 540.1, 626.1, 739.2, 742.1, 746.033, 1073.9, 1135.43, 1154.77, 1334.37, 1362.4, 1443.63, 1475.73, 1480.03, 1548.3, 1590.27, 1749.23, 1806.6, 1972.8, 2104.97, 2155.1, 2218.63, 2296.83, 2338.4, 2450.6, 2463.47, 2533.0, 2551.6, 2815.2]"
63000,1636.6088000000002,2548.6211743990702,1205.2983313811001,1374.519,1748.665,2064.5389999999998,"[315.833, 590.667, 663.867, 670.1, 823.533, 848.067, 968.167, 1312.2, 1354.03, 1383.3, 1460.43, 1653.03, 1662.9, 1665.5, 1673.43, 1823.9, 1850.57, 1916.1, 1974.77, 2040.6, 2060.27, 2074.5, 2121.8, 2154.5, 2156.37, 2204.47, 2326.5, 2340.4, 2364.23, 2644.23]"
63600,1603.798,2497.5263131048055,1181.1344612544829,1237.1089999999999,1652.27,2077.9699999999998,"[373.833, 436.0, 651.733, 731.967, 811.367, 813.867, 986.933, 1091.7, 1223.83, 1242.8, 1264.87, 1354.4, 1499.6, 1507.0, 1632.57, 1671.97, 1753.63, 1807.97, 2027.4, 2034.03, 2062.37, 2114.37, 2137.23, 2326.43, 2329.37, 2390.63, 2395.67, 2460.13, 2461.87, 2518.4]"
64200,1762.6805999999999,2744.9474186271373,1298.1452781738897,1463.8009999999999,1737.1799999999998,2151.4199999999996,"[341.767, 539.5, 651.667, 724.967, 829.967, 992.8, 1270.5, 1303.5, 1357.17, 1509.5, 1548.33, 1575.8, 1593.27, 1604.9, 1720.83, 1753.53, 1770.9, 1921.13, 2001.57, 2113.43, 2113.53, 2239.83, 2325.27, 2472.67, 2523.7, 2568.13, 2597.5, 2667.43, 3000.73, 3246.6]"
64800,1592.9871333333333,2480.6910109236901,1173.1726810452371,1325.1389999999999,1767.915,1960.3809999999999,"[384.7, 620.8, 700.667, 963.967, 1004.63, 1055.7, 1074.37, 1106.27, 1289.53, 1340.4, 1352.5, 1648.13, 1749.0, 1757.03, 1767.9, 1767.93, 1791.7, 1810.77, 1834.83, 1945.1, 1951.63, 1980.8, 1999.2, 2021.4, 2065.47, 2080.63, 2107.43, 2161.8, 2180.1, 2275.23]"
65400,1721.8715333333334,2681.3971973316579,1268.0909976649784,1582.2399999999998,1849.47,2079.2599999999998,"[346.833, 538.3, 681.767, 745.533, 802.267, 836.033, 963.733, 1477.07, 1502.37, 1616.47, 1651.9, 1670.3, 1703.03, 1834.2, 1834.67, 1864.27, 1913.17, 1922.67, 1989.43, 2003.5, 2045.0, 2159.2, 2184.9, 2223.67, 2334.67, 2362.4, 2519.53, 2531.03, 2544.2, 2854.03]"
66000,1731.0008,2695.6138154589721,1274.8143452848044,1451.46,1813.97,2105.7820000000002,"[400.2, 590.167, 840.6, 871.7, 961.967, 1060.33, 1062.7, 1142.1, 1448.73, 1452.63, 1563.73, 1679.5, 1726.37, 1760.33, 1771.47, 1856.47, 1976.0, 1988.93, 2050.1, 2055.13, 2104.93, 2107.77, 2132.23, 2416.97, 2418.83, 2465.8, 2466.5, 2479.0, 2515.37, 2563.47]"
66600,1864.9106333333334,2904.145895143246,1373.4336968807311,1481.0899999999999,1833.165,2362.6999999999994,"[335.733, 476.933, 764.333, 1015.27, 1128.53, 1149.27, 1163.93, 1313.73, 1384.63, 1522.43, 1598.97, 1615.9, 1685.57, 1776.73, 1810.2, 1856.13, 1935.97, 2016.73, 2139.07, 2184.57, 2312.93, 2478.83, 2550.03, 2561.3, 2657.57, 2754.23, 2780.2, 2811.93, 2970.37, 3195.3]"
67200,1775.2443333333333,2764.512385406515,1307.3979760834843,1384.7079999999999,1959.1300000000001,2271.3389999999999,"[403.233, 520.367, 753.633, 962.267, 1122.67, 1188.47, 1197.2, 1327.37, 1364.73, 1393.27, 1524.23, 1569.53, 1574.77, 1720.1, 1884.93, 2033.33, 2088.9, 2160.5, 2206.23, 2212.0, 2266.17, 2283.4, 2284.93, 2285.0, 2323.93, 2331.4, 2362.3, 2467.37, 2565.17, 2879.93]"
67800,1919.9964333333335,2989.9286651544498,1414.0022327597958,1775.2299999999998,2083.9700000000003,2250.4919999999993,"[378.633, 547.9, 664.767, 863.333, 1009.13, 1145.73, 1282.0, 1384.5, 1694.1, 1810.0, 1840.73, 1911.47, 1948.9, 1996.73, 2080.57, 2087.37, 2127.93, 2130.57, 2169.03, 2221.07, 2223.93, 2312.47, 2450.07, 2478.73, 2526.5, 2545.1, 2637.7, 2748.73, 3074.3, 3307.9]"
68400,1768.4689000000001,2753.9612916698425,1302.4081345947604,1454.8209999999999,1869.365,2018.4499999999998,"[465.7, 478.167, 802.7, 1061.53, 1200.13, 1216.5, 1314.0, 1427.9, 1439.4, 1461.43, 1617.07, 1669.63, 1723.43, 1739.13, 1784.83, 1953.9, 1959.87, 1964.83, 1966.27, 2009.57, 2017.37, 2020.97, 2050.87, 2319.3, 2334.17, 2385.2, 2417.43, 2572.17, 2809.13, 2871.47]"
69000,1806.3451333333333,2812.944336536651,1330.302498132136,1628.289,1913.0,2136.9699999999998,"[411.667, 667.0, 818.467, 1073.8, 1195.73, 1220.23, 1507.67, 1587.2, 1610.6, 1635.87, 1651.0, 1723.83, 1750.3, 1825.33, 1878.57, 1947.43, 2026.3, 2067.0, 2076.07, 2111.17, 2113.27, 2192.27, 2209.43, 2212.27, 2220.77, 2334.3, 2374.27, 2437.87, 2605.37, 2705.3]"
69600,2028.4362333333333,3158.7973468012792,1493.8639015931174,1848.7220000000002,2009.8000000000002,2317.3809999999994,"[388.567, 626.667, 704.733, 1535.13, 1650.17, 1651.93, 1658.33, 1748.37, 1805.77, 1867.13, 1867.73, 1903.37, 1944.97, 1947.67, 1955.03, 2064.57, 2101.87, 2140.87, 2182.7, 2286.23, 2308.93, 2337.1, 2348.53, 2422.03, 2563.83, 2571.17, 2581.33, 3163.13, 3201.0, 3324.23]"
70200,1910.7369666666666,2975.5092921128839,1407.1829979354368,1712.048,2087.9000000000001,2309.3699999999999,"[487.1, 615.033, 652.733, 949.533, 1308.4, 1317.53, 1534.07, 1706.23, 1707.33, 1714.07, 1716.37, 1834.6, 1938.93, 1982.73, 2019.03, 2156.77, 2160.0, 2170.57, 2175.47, 2207.27, 2305.47, 2318.47, 2322.8, 2343.37, 2438.13, 2480.1, 2575.93, 2678.97, 2722.47, 2782.63]"
70800,1989.0171,3097.4116094828723,1464.8332525882024,1599.8110000000001,2017.9349999999999,2413.2699999999995,"[356.233, 688.0, 1004.87, 1391.53, 1404.37, 1419.93, 1494.47, 1590.37, 1593.07, 1602.7, 1751.17, 1877.7, 1884.93, 1890.13, 2009.3, 2026.57, 2140.6, 2152.73, 2195.33, 2377.7, 2378.5, 2494.4, 2523.07, 2648.27, 2660.6, 2665.33, 2758.5, 2866.5, 2878.57, 2945.07]"
71400,2047.1635333333334,3187.9605734192246,1507.6558251372617,1916.04,2071.9650000000001,2262.8589999999995,"[388.133, 638.833, 1031.1, 1125.13, 1251.5, 1512.7, 1637.17, 1858.57, 1915.2, 1916.4, 1925.7, 1945.7, 2054.63, 2055.2, 2069.7, 2074.23, 2171.67, 2175.57, 2194.07, 2204.4, 2227.9, 2344.43, 2588.83, 2643.97, 2717.7, 2719.97, 2761.07, 2870.6, 2997.3, 3397.53]"
72000,1988.1702333333335,3096.0928200943763,1464.2095684309159,1905.3980000000001,2143.7650000000003,2422.0879999999997,"[277.6, 674.867, 951.7, 1257.6, 1403.03, 1455.63, 1628.23, 1750.07, 1901.73, 1906.97, 1929.27, 1946.87, 1975.5, 1978.43, 2140.23, 2147.3, 2230.73, 2244.6, 2326.97, 2327.63, 2419.67, 2427.73, 2436.33, 2450.13, 2514.53, 2530.73, 2535.03, 2556.0, 2602.03, 2717.97]"
72600,2095.9088666666667,3263.8696047567528,1543.5548554548807,1864.8499999999999,2161.2349999999997,2436.7199999999998,"[367.933, 518.433, 1458.23, 1464.17, 1479.23, 1540.47, 1619.53, 1712.57, 1856.87, 1868.27, 1898.37, 1938.83, 2043.83, 2087.37, 2148.6, 2173.87, 2193.87, 2301.2, 2389.8, 2419.8, 2431.83, 2448.13, 2513.83, 2518.37, 2567.47, 2665.73, 2934.23, 2993.63, 3141.73, 3181.07]"
73200,2059.1856666666667,3206.6821295875543,1516.5096558427472,1847.8689999999999,2139.8999999999996,2344.1109999999999,"[384.333, 712.567, 1116.8, 1555.47, 1708.03, 1735.17, 1740.1, 1745.67, 1827.1, 1856.77, 1890.5, 1898.83, 1923.83, 2009.63, 2108.97, 2170.83, 2223.9, 2262.4, 2288.47, 2323.9, 2323.93, 2391.2, 2399.87, 2448.63, 2452.23, 2646.93, 2754.9, 2860.07, 2940.77, 3073.77]"
73800,2141.3260999999998,3334.5959277216275,1577.0028703699979,1830.4719999999998,2253.5150000000003,2463.1289999999999,"[384.633, 674.0, 1278.1, 1313.77, 1473.9, 1498.3, 1628.3, 1638.83, 1699.67, 1886.53, 1978.57, 2098.13, 2183.43, 2191.77, 2246.9, 2260.13, 2308.63, 2313.43, 2403.93, 2442.07, 2458.2, 2474.63, 2496.93, 2595.93, 2625.93, 2721.37, 2790.03, 3203.1, 3396.27, 3574.37]"
74400,2091.5811333333336,3257.1302099725594,1540.3676492237223,1987.8019999999999,2149.27,2336.9699999999998,"[346.867, 761.167, 1201.83, 1366.67, 1486.47, 1498.07, 1807.93, 1961.83, 1985.87, 1988.63, 2036.9, 2053.4, 2102.37, 2102.6, 2114.07, 2184.47, 2218.1, 2272.57, 2308.73, 2309.33, 2333.13, 2345.93, 2428.9, 2506.43, 2514.0, 2736.0, 2782.07, 2885.27, 3011.9, 3095.93]"
75000,2073.6370000000002,3229.1865754463524,1527.1524972798081,2005.6389999999999,2205.1199999999999,2349.8789999999999,"[366.0, 890.4, 1344.37, 1555.77, 1559.8, 1644.93, 1695.4, 1900.43, 1975.0, 2018.77, 2020.4, 2021.4, 2070.57, 2168.43, 2204.87, 2205.37, 2212.53, 2225.47, 2265.0, 2300.93, 2335.77, 2382.8, 2431.23, 2465.5, 2478.5, 2509.97, 2623.7, 2638.03, 2642.8, 3054.97]"
75600,2229.1481333333336,3471.3574395331957,1641.6803609438987,1930.8600000000001,2218.1849999999999,2458.5009999999997,"[538.467, 577.767, 1682.97, 1686.27, 1750.43, 1795.43, 1801.77, 1884.13, 1893.9, 1946.7, 2000.23, 2055.07, 2065.37, 2149.7, 2207.7, 2228.67, 2399.8, 2403.47, 2420.63, 2431.83, 2452.33, 2472.9, 2586.67, 2672.97, 2868.97, 2885.87, 2959.93, 2967.47, 3383.5, 3703.53]"
76200,2153.8098999999997,3354.0364177256915,1586.1967005078388,1802.02,2175.25,2363.0719999999997,"[434.967, 897.4, 1483.8, 1593.1, 1643.07, 1660.7, 1726.8, 1740.7, 1771.5, 1815.1, 2028.97, 2041.97, 2067.7, 2081.13, 2174.17, 2176.33, 2241.53, 2262.9, 2308.63, 2339.07, 2359.43, 2371.57, 2555.8, 2679.43, 2760.83, 2833.37, 2839.3, 2932.37, 3001.43, 3791.23]"
76800,2153.2048,3353.0941212693679,1585.7510680388464,1978.5599999999999,2128.6199999999999,2333.3599999999997,"[367.467, 829.967, 1668.7, 1791.47, 1817.47, 1894.37, 1942.23, 1942.27, 1962.53, 1985.43, 2016.07, 2036.17, 2080.57, 2080.73, 2085.77, 2171.47, 2174.93, 2202.03, 2203.03, 2238.8, 2319.2, 2366.4, 2457.1, 2491.37, 2504.6, 2584.27, 2718.6, 3023.0, 3275.23, 3364.9]"
77400,2121.5619999999999,3303.8181366252211,1562.4473842017403,1880.8499999999999,2130.25,2469.9480000000003,"[436.667, 824.833, 1641.1, 1739.6, 1760.43, 1763.23, 1824.37, 1851.33, 1856.0, 1891.5, 1988.07, 1991.3, 1994.37, 2070.1, 2072.77, 2187.73, 2257.53, 2360.4, 2371.6, 2432.73, 2459.07, 2495.33, 2614.77, 2627.23, 2627.57, 2635.93, 2637.2, 2682.3, 2759.53, 2792.27]"
78000,2117.2007666666668,3297.0265737179293,1559.2355065316276,1932.1099999999999,2094.0500000000002,2324.8199999999997,"[460.533, 1166.57, 1554.33, 1700.57, 1711.3, 1787.93, 1832.97, 1861.67, 1915.8, 1939.1, 1969.53, 2008.27, 2072.13, 2073.93, 2079.07, 2109.03, 2120.5, 2212.03, 2262.9, 2307.67, 2314.23, 2349.53, 2469.73, 2472.73, 2491.6, 2631.37, 2780.9, 2818.1, 2891.77, 3150.23]"
78600,2160.2686666666664,3364.0943799504876,1590.9533293895317,1788.6509999999998,2194.4349999999999,2517.2690000000002,"[499.4, 1005.47, 1552.73, 1587.73, 1603.57, 1640.93, 1666.67, 1669.23, 1756.5, 1802.43, 2073.03, 2138.9, 2154.83, 2175.53, 2187.27, 2201.6, 2210.97, 2260.07, 2350.67, 2444.1, 2511.8, 2530.03, 2551.1, 2558.37, 2688.5, 2761.57, 2781.5, 2909.23, 2923.6, 3610.73]"
79200,2264.5683333333336,3526.5158083024762,1667.7659520498396,2164.8909999999996,2299.0349999999999,2545.2979999999998,"[399.8, 1349.97, 1736.43, 1862.53, 1876.4, 1989.7, 2014.27, 2025.83, 2155.07, 2169.1, 2188.23, 2221.5, 2259.83, 2269.37, 2298.17, 2299.9, 2329.7, 2359.6, 2371.93, 2440.37, 2532.17, 2575.93, 2642.6, 2645.5, 2683.6, 2702.47, 2794.17, 2857.87, 2921.97, 2963.07]"
79800,2164.7323333333334,3371.0454579247275,1594.2406452008458,2018.79,2136.9000000000001,2335.0790000000002,"[383.9, 1293.7, 1807.07, 1832.1, 1835.17, 1916.17, 1926.8, 1958.2, 2018.3, 2019.0, 2040.43, 2060.13, 2078.67, 2102.9, 2109.0, 2164.8, 2211.27, 2216.1, 2216.13, 2240.97, 2324.3, 2360.23, 2373.77, 2456.67, 2489.63, 2681.9, 2715.9, 2823.43, 3069.93, 3215.4]"
