agents,meanScore,clow,chigh,Q1,Q2,Q3,means
1000,5.5755543333333328,8.6825732777104854,4.1061775633195472,2.3399999999999999,3.3500000000000001,4.9666689999999969,"[0.1, 0.466667, 0.633333, 1.0, 1.06667, 1.4, 1.43333, 2.13333, 2.2, 2.4, 2.46667, 2.5, 2.76667, 3.2, 3.23333, 3.46667, 3.73333, 4.06667, 4.1, 4.53333, 4.56667, 5.9, 6.83333, 8.43333, 9.1, 12.0667, 12.5333, 14.3333, 15.0667, 31.5333]"
2000,10.709999666666667,16.678226298351596,7.8874956112453205,4.8399999999999999,5.8000000000000007,9.5033209999999979,"[0.9, 1.1, 1.13333, 3.03333, 3.5, 4.03333, 4.33333, 4.33333, 4.7, 4.9, 5.03333, 5.46667, 5.66667, 5.66667, 5.76667, 5.83333, 5.86667, 6.96667, 8.0, 8.83333, 9.23333, 10.1333, 11.0333, 12.7, 16.4667, 20.4667, 20.5333, 23.4333, 23.8667, 78.3667]"
3000,16.772217999999999,26.118660694258285,12.352082164632163,8.4666680000000003,12.51665,17.876679999999983,"[1.6, 3.56667, 4.7, 6.46667, 6.9, 7.0, 7.23333, 8.06667, 8.23333, 8.56667, 9.9, 10.4667, 11.9333, 12.0, 12.5, 12.5333, 12.7, 14.0, 14.1667, 14.3333, 15.9667, 22.3333, 23.1333, 24.4667, 25.1333, 26.7333, 28.9, 35.6, 48.7333, 65.3]"
4000,29.261120333333334,45.567096344693063,21.549669971289561,14.69669,21.183350000000001,26.89669,"[6.2, 6.86667, 6.96667, 7.96667, 11.7, 11.8, 12.7, 13.1667, 14.3, 14.8667, 15.0667, 17.9667, 18.3667, 19.8333, 20.8667, 21.5, 21.9667, 22.2667, 22.8667, 24.6333, 26.7667, 27.2, 29.2667, 40.5, 43.5, 48.8, 62.3, 76.3333, 85.0, 126.3]"
5000,38.402222333333334,59.802145132492385,28.28173385093168,22.706700000000001,26.716699999999999,38.539999999999978,"[8.5, 8.66667, 11.0667, 12.8, 17.5, 19.8, 20.9, 22.0667, 22.5667, 22.7667, 24.0667, 24.6, 24.6667, 24.8, 25.2667, 28.1667, 29.5667, 30.6333, 30.8667, 31.5667, 36.2, 44.0, 48.7667, 53.0, 55.3333, 69.0, 70.3667, 81.8333, 107.533, 145.2]"
6000,48.853359999999995,76.077256664231882,35.978587729920662,31.670000000000002,42.266649999999998,61.170009999999976,"[13.1667, 15.2667, 15.7667, 18.6667, 21.2, 22.7, 26.1333, 28.8, 31.6, 31.7, 32.2333, 32.3667, 34.6667, 35.2, 40.3333, 44.2, 45.5667, 47.2333, 49.0667, 58.2667, 59.2, 65.7667, 65.8, 66.5333, 66.8333, 80.1333, 84.5667, 85.6, 109.467, 137.567]"
7000,60.857769999999995,94.771213040470315,44.819365894021075,48.719990000000003,55.799999999999997,72.696699999999993,"[18.5, 18.7, 25.7333, 36.5667, 41.7667, 46.2333, 47.1, 47.4, 47.8333, 49.1, 49.9333, 50.1667, 52.2667, 53.9, 53.9333, 57.6667, 62.9, 64.0333, 64.7667, 65.8, 72.0667, 74.1667, 75.4667, 78.2, 82.6333, 84.1333, 87.1667, 98.6667, 100.9, 118.033]"
8000,74.552196666666674,116.09696038700906,54.904775193148751,64.083299999999994,76.416699999999992,84.670009999999991,"[26.6, 35.3333, 37.9667, 52.6333, 55.6667, 56.1, 56.1333, 62.4667, 63.0333, 64.5333, 64.9, 65.0, 65.7333, 70.3333, 76.3667, 76.4667, 79.3333, 79.7, 80.6667, 82.4333, 83.3, 87.8667, 90.7333, 91.9, 95.4, 98.8, 100.433, 101.467, 107.733, 127.533]"
9000,79.187753333333333,123.31571533675235,58.318681262428022,67.423310000000001,80.599999999999994,87.860009999999988,"[35.5333, 45.9333, 48.9, 57.8333, 58.7667, 61.4333, 64.7, 66.3, 66.7, 67.7333, 72.8, 74.8333, 75.4, 75.5, 78.8333, 82.3667, 82.8333, 82.9333, 83.2, 86.0667, 87.6, 88.4667, 90.5667, 90.9667, 91.4333, 92.7667, 94.7667, 118.333, 122.8, 129.333]"
10000,79.266703333333325,123.43866080894999,58.376824847665084,66.273300000000006,77.416650000000004,86.57668000000001,"[48.9667, 50.3, 55.3667, 56.9, 57.0, 58.4, 60.0, 60.4333, 66.1333, 66.3333, 67.1667, 69.0667, 72.3667, 75.5, 76.2333, 78.6, 78.8667, 78.8667, 82.7667, 84.5, 86.4667, 86.8333, 87.6, 90.1333, 91.6333, 93.1667, 112.867, 113.7, 117.567, 154.267]"
11000,80.063353333333325,124.6792499213787,58.963526395215574,67.740009999999998,74.950000000000003,85.336699999999993,"[52.6667, 54.5667, 61.3333, 63.9, 64.3333, 64.3667, 66.1667, 66.6, 66.6667, 68.2, 68.4, 69.5333, 70.1333, 72.1, 74.1667, 75.7333, 76.9333, 77.1333, 82.2667, 84.1333, 85.0667, 85.9667, 86.5, 87.9333, 91.0333, 96.5333, 101.5, 106.867, 140.567, 140.6]"
12000,79.291113333333342,123.47667346222859,58.394801857362829,67.549990000000008,74.866700000000009,81.543309999999991,"[49.9333, 55.1, 56.6667, 56.6667, 60.1333, 62.6, 63.5667, 66.6333, 66.7333, 67.9, 68.1667, 72.2, 73.2667, 73.6667, 74.7667, 74.9667, 76.6, 76.7333, 78.8667, 79.5, 80.2333, 84.6, 91.0333, 94.3, 98.0, 99.2, 106.4, 111.833, 115.767, 142.7]"
13000,78.499973333333344,122.24466483810652,57.812158209174683,69.413299999999992,76.166650000000004,80.693309999999997,"[50.7333, 55.7, 56.8667, 61.9667, 63.5, 66.7667, 67.0, 67.0667, 67.7333, 70.1333, 71.2333, 73.1333, 73.9333, 74.0333, 75.6333, 76.7, 76.8667, 77.0, 78.7, 79.2667, 80.1333, 82.0, 87.2, 87.2333, 87.7667, 94.3333, 100.033, 100.633, 123.167, 128.533]"
14000,81.95999333333333,127.63280660774885,60.360327528895567,74.083309999999997,77.25,88.646680000000003,"[56.9667, 56.9667, 63.8, 64.1, 69.1, 69.2, 70.2, 70.7, 72.8, 74.6333, 74.6667, 74.6667, 74.7333, 75.8333, 76.0333, 78.4667, 81.0667, 86.8333, 87.9667, 88.0667, 88.5667, 88.8333, 90.7667, 92.6667, 94.6, 96.3333, 102.0, 108.2, 112.833, 117.2]"
15000,86.85108666666666,135.24949792414372,63.962426352570404,76.980009999999993,89.116700000000009,94.129999999999995,"[52.2, 61.8, 65.9, 68.5667, 70.4, 72.6333, 74.2333, 74.3, 75.7667, 77.5, 80.8, 83.7333, 86.6333, 88.5333, 88.7667, 89.4667, 89.9333, 91.6333, 91.7, 91.7667, 94.1, 94.2, 95.6, 100.8, 101.833, 103.033, 105.033, 107.267, 110.7, 116.7]"
16000,94.91334333333333,147.80450682676405,69.899962865571865,89.243319999999983,93.183350000000004,98.280010000000004,"[64.2333, 69.0667, 69.3333, 74.5667, 77.5667, 80.2333, 86.4333, 87.6333, 87.8667, 89.8333, 91.1667, 91.8667, 91.9667, 92.6, 93.1667, 93.2, 93.8333, 94.7333, 95.4, 97.5333, 97.9, 99.1667, 99.7333, 100.9, 105.0, 106.0, 121.467, 129.1, 130.433, 135.467]"
17000,99.962166666666675,155.66682435379522,73.618223661373918,91.123319999999993,95.849999999999994,104.12989999999999,"[70.4667, 75.7333, 76.1333, 76.4333, 78.5667, 81.6667, 84.4333, 86.1667, 90.8667, 91.2333, 91.7333, 91.9, 94.1, 95.0, 95.8, 95.9, 96.6333, 98.4667, 98.8, 98.9667, 104.0, 104.433, 109.6, 119.633, 124.633, 125.2, 126.833, 127.333, 127.9, 160.3]"
18000,106.39108666666667,165.67830763588296,78.352871641137043,92.016679999999994,103.7,120.2269,"[69.7333, 79.1333, 81.3, 82.4, 83.9333, 88.2667, 91.0, 91.1, 91.4333, 92.2667, 92.3333, 93.7667, 95.1, 100.033, 103.367, 104.033, 107.233, 107.967, 111.733, 115.233, 120.067, 120.6, 120.633, 121.533, 123.1, 128.3, 128.7, 135.867, 137.667, 173.9]"
19000,116.56442,181.52080631214156,85.845133500691006,106.16300000000001,114.3335,124.58679999999998,"[87.8333, 89.0, 89.1, 89.5, 92.6333, 96.6333, 96.7, 99.8667, 105.533, 106.433, 107.367, 107.6, 108.433, 111.133, 113.7, 114.967, 116.3, 119.9, 122.067, 123.033, 123.067, 128.133, 129.533, 130.7, 135.033, 137.6, 137.733, 139.767, 141.567, 196.067]"
20000,125.05335666666666,194.74026580472119,92.096903135275156,105.6468,119.76650000000001,137.83009999999999,"[88.9667, 100.1, 100.833, 102.033, 103.333, 103.8, 104.067, 104.8, 105.133, 105.867, 108.467, 110.733, 115.533, 119.167, 119.733, 119.8, 123.9, 126.533, 127.533, 129.467, 135.5, 143.267, 148.267, 148.9, 150.167, 151.267, 155.467, 159.0, 166.667, 173.3]"
21000,129.63335666666666,201.8725047238494,95.469893893803047,116.357,125.84999999999999,140.24299999999999,"[88.6667, 94.9, 101.1, 101.767, 102.1, 109.2, 113.067, 113.133, 113.767, 117.467, 117.867, 120.167, 123.633, 124.967, 125.567, 126.133, 128.567, 129.233, 133.7, 136.633, 140.033, 140.733, 141.033, 141.5, 141.7, 147.333, 150.567, 152.767, 181.3, 230.4]"
22000,138.96781000000001,216.40865130742722,102.34435346350683,124.37309999999999,139.09999999999999,150.38679999999999,"[96.8333, 103.6, 105.567, 114.667, 116.467, 116.567, 118.767, 120.1, 121.9, 125.433, 129.967, 132.3, 137.133, 137.3, 139.0, 139.2, 140.833, 144.533, 148.167, 149.3, 150.367, 150.433, 150.867, 157.833, 162.633, 163.467, 164.433, 166.3, 173.6, 191.467]"
23000,149.99449999999999,233.5800459727464,110.46507911135662,137.89010000000002,146.06700000000001,156.41299999999998,"[102.5, 109.667, 112.133, 117.433, 125.8, 126.067, 130.6, 133.233, 135.767, 138.8, 140.0, 142.267, 143.667, 145.767, 146.067, 146.067, 151.6, 153.167, 153.467, 154.0, 155.933, 157.533, 165.733, 170.633, 171.0, 172.867, 184.433, 185.667, 193.8, 234.167]"
24000,160.30670000000001,249.63879579410758,118.0596108362674,146.39319999999998,157.69999999999999,175.79679999999999,"[110.433, 111.6, 128.867, 129.333, 133.767, 134.5, 135.233, 135.333, 140.467, 148.933, 150.3, 151.667, 153.267, 153.733, 157.333, 158.067, 159.067, 166.9, 167.367, 170.967, 175.567, 176.333, 179.033, 179.367, 182.9, 189.0, 189.9, 199.8, 202.567, 237.6]"
25000,167.30110000000002,260.53087699409673,123.21071270557911,146.59309999999999,168.11649999999997,180.19,"[108.533, 126.333, 133.233, 135.0, 135.3, 136.467, 136.967, 141.2, 146.5, 146.633, 148.8, 153.367, 160.933, 164.1, 166.033, 170.2, 170.333, 176.267, 178.767, 179.4, 179.5, 181.8, 186.7, 193.067, 201.533, 204.2, 204.567, 205.4, 212.667, 235.233]"
26000,172.39556666666667,268.46427293999221,126.96258803009768,155.7269,168.43349999999998,184.62299999999999,"[106.8, 127.233, 128.167, 132.667, 136.467, 140.933, 148.0, 153.4, 155.4, 155.867, 158.567, 158.867, 161.6, 163.567, 167.867, 169.0, 171.467, 172.1, 175.167, 180.433, 183.333, 187.633, 192.667, 198.433, 200.033, 217.233, 225.133, 228.867, 236.133, 238.833]"
27000,191.78889999999998,298.66468489886267,141.24501905856587,171.99010000000001,188.69999999999999,208.6601,"[137.933, 141.867, 154.633, 157.1, 161.367, 163.2, 168.1, 169.433, 171.267, 172.3, 178.6, 182.1, 182.6, 186.933, 187.367, 190.033, 192.533, 193.567, 201.467, 207.033, 208.4, 209.267, 212.6, 217.0, 225.067, 225.6, 228.167, 230.7, 242.433, 255.0]"
28000,190.95559999999998,297.36702230250688,140.63132622033851,169.9701,186.88300000000001,197.47319999999999,"[137.8, 138.367, 144.867, 149.833, 151.833, 158.433, 163.3, 164.667, 165.467, 171.9, 178.567, 179.633, 181.667, 183.567, 185.133, 188.633, 189.2, 189.267, 191.267, 193.3, 196.233, 200.367, 208.2, 214.433, 231.567, 233.1, 234.633, 248.367, 264.4, 290.667]"
29000,211.91893333333334,330.01232838867679,156.07000080576938,194.32320000000001,212.68349999999998,230.2201,"[139.567, 160.067, 161.3, 162.667, 168.033, 187.8, 188.867, 190.633, 191.967, 195.333, 196.267, 198.133, 204.3, 207.267, 208.367, 217.0, 217.2, 218.0, 218.3, 223.667, 229.3, 232.367, 234.267, 238.0, 241.8, 243.933, 248.633, 269.533, 270.9, 294.1]"
30000,211.9255,330.02255437897566,156.0748368987783,192.92689999999999,210.39999999999998,221.10680000000002,"[144.8, 159.967, 169.633, 171.333, 179.767, 182.0, 182.467, 184.833, 190.5, 193.967, 195.867, 201.933, 205.233, 209.233, 210.033, 210.767, 213.567, 215.4, 217.233, 217.367, 220.667, 222.133, 236.433, 236.833, 240.133, 251.6, 258.6, 259.7, 275.133, 300.633]"
31000,230.71343333333334,359.28020270430022,169.91141451999485,202.7869,221.4665,264.21699999999998,"[164.467, 169.333, 174.933, 181.733, 184.867, 186.133, 190.333, 196.767, 202.6, 202.867, 203.567, 210.967, 215.033, 215.767, 221.133, 221.8, 228.867, 234.3, 235.8, 239.367, 264.067, 264.567, 269.2, 269.767, 275.1, 277.667, 296.467, 303.9, 304.267, 315.767]"
32000,224.54553333333334,349.67519475030656,165.36899755503322,199.78320000000002,220.1335,242.92000000000002,"[168.2, 175.1, 179.267, 182.033, 189.7, 191.633, 195.567, 198.667, 199.667, 199.833, 203.033, 203.433, 209.7, 210.9, 218.267, 222.0, 222.867, 226.967, 232.0, 237.433, 242.8, 243.2, 260.033, 260.333, 261.367, 263.433, 274.933, 275.6, 293.767, 294.633]"
33000,245.14996666666667,381.76160115349063,180.54335633626414,225.66009999999997,246.31650000000002,266.34309999999999,"[149.1, 167.467, 183.6, 190.833, 197.3, 197.833, 204.467, 212.867, 215.067, 230.2, 232.5, 234.733, 235.1, 239.767, 242.233, 250.4, 251.067, 251.567, 256.833, 262.533, 265.933, 267.3, 274.233, 276.2, 286.4, 289.733, 297.9, 305.033, 314.033, 372.267]"
34000,268.54996666666665,418.20142445209331,197.77654056105732,236.92309999999998,262.30000000000001,285.77679999999998,"[206.233, 209.6, 213.867, 217.167, 217.433, 219.033, 226.767, 230.033, 235.5, 237.533, 245.467, 245.933, 246.5, 253.533, 259.1, 265.5, 269.267, 274.267, 281.667, 282.9, 284.167, 289.533, 297.6, 302.833, 306.2, 324.533, 328.033, 342.4, 362.867, 381.033]"
35000,265.74450000000002,413.83259070835601,195.71042415493838,226.87700000000001,260.85000000000002,277.92309999999998,"[188.833, 193.5, 200.5, 202.767, 207.067, 208.667, 211.9, 218.467, 222.467, 228.767, 237.3, 245.6, 249.4, 254.867, 260.1, 261.6, 265.733, 266.1, 270.333, 271.667, 276.733, 280.7, 302.567, 319.433, 333.333, 334.8, 335.267, 354.867, 381.867, 387.133]"
36000,276.16336666666666,430.05744798634896,203.3835117053753,239.54000000000002,256.38350000000003,314.70679999999993,"[192.333, 203.2, 205.267, 215.667, 215.867, 216.233, 219.533, 227.867, 233.8, 242.0, 247.067, 250.0, 254.0, 254.4, 254.8, 257.967, 283.833, 287.8, 296.133, 304.5, 310.067, 325.533, 326.567, 329.8, 335.2, 336.533, 339.0, 355.867, 379.2, 384.867]"
37000,279.55776666666668,435.34340252501465,205.88335446318038,261.98309999999998,276.95000000000005,300.95989999999995,"[185.9, 201.667, 203.533, 226.4, 250.6, 258.8, 259.2, 259.333, 261.4, 262.233, 262.567, 267.1, 268.467, 275.9, 276.3, 277.6, 287.1, 287.267, 292.233, 294.233, 300.2, 302.733, 307.667, 310.433, 312.767, 319.667, 322.733, 334.7, 356.167, 361.833]"
38000,281.37666666666667,438.17589802064828,207.22290312926907,247.93000000000001,280.5,305.01009999999997,"[208.167, 213.267, 219.267, 229.9, 233.933, 235.733, 240.933, 244.967, 246.6, 248.5, 254.067, 270.033, 273.4, 276.133, 279.133, 281.867, 282.467, 283.967, 287.0, 296.667, 302.5, 310.867, 313.5, 323.033, 334.433, 342.6, 350.033, 350.467, 351.833, 356.033]"
39000,304.24773333333337,473.79203596867814,224.06654865423465,264.1499,292.45000000000005,330.54309999999998,"[199.967, 206.4, 211.633, 228.667, 235.4, 245.7, 256.9, 260.8, 261.933, 265.1, 278.9, 281.067, 281.067, 282.5, 290.3, 294.6, 297.733, 311.2, 319.4, 325.733, 327.433, 337.8, 337.9, 340.967, 347.3, 372.333, 391.533, 392.133, 454.7, 490.333]"
40000,304.00333333333333,473.41144225867043,223.8865576189979,275.38319999999999,300.03300000000002,328.98299999999995,"[191.567, 215.233, 221.833, 232.433, 248.567, 263.867, 265.5, 271.667, 272.467, 276.633, 280.767, 284.0, 287.2, 292.533, 296.733, 303.333, 316.767, 318.833, 320.967, 322.167, 324.633, 339.133, 345.8, 348.333, 353.333, 353.7, 369.767, 370.367, 386.667, 445.3]"
41000,306.81773333333331,477.79418750190058,225.95925307550462,272.48990000000003,298.60000000000002,332.19310000000002,"[224.9, 235.333, 244.633, 257.633, 261.3, 263.667, 265.1, 268.3, 268.733, 274.1, 281.5, 281.867, 289.167, 292.3, 297.533, 299.667, 303.633, 313.4, 315.1, 317.433, 330.733, 335.6, 340.333, 344.1, 350.867, 359.6, 368.433, 378.033, 397.067, 444.467]"
42000,324.37450000000001,505.13459241763275,238.88912462928135,298.44010000000003,310.55000000000001,335.447,"[239.733, 259.033, 265.533, 273.033, 273.067, 282.867, 287.867, 288.867, 298.067, 298.6, 302.667, 306.067, 306.4, 308.9, 309.533, 311.567, 316.167, 330.8, 332.5, 332.633, 334.967, 336.567, 345.133, 345.667, 359.333, 362.367, 401.433, 401.967, 417.4, 502.5]"
43000,323.56,503.86620626050831,238.28927725530295,292.58679999999998,313.64999999999998,339.767,"[236.4, 259.1, 275.8, 279.033, 280.7, 281.8, 283.267, 284.567, 287.033, 294.967, 298.1, 299.033, 305.733, 313.067, 313.067, 314.233, 316.467, 320.4, 332.6, 333.933, 339.767, 339.767, 341.933, 354.8, 370.233, 371.0, 380.267, 392.133, 439.3, 468.3]"
44000,337.12773333333337,524.99465947543274,248.28138187266202,296.66300000000001,340.08299999999997,362.20310000000001,"[197.333, 220.6, 238.0, 252.367, 254.067, 261.633, 267.833, 288.7, 293.233, 298.133, 302.733, 313.667, 314.567, 323.467, 336.933, 343.233, 345.767, 347.733, 350.9, 352.6, 359.333, 368.9, 371.333, 376.233, 414.367, 423.767, 435.5, 463.667, 476.9, 520.333]"
45000,344.60116666666664,536.63271888143925,253.78527304467244,306.42989999999998,342.43349999999998,371.92320000000001,"[241.767, 242.567, 255.433, 258.567, 271.567, 281.0, 281.733, 296.133, 296.233, 310.8, 312.567, 318.667, 324.067, 328.233, 332.167, 352.7, 354.833, 361.3, 364.567, 367.567, 370.233, 375.867, 386.7, 393.7, 398.867, 404.3, 441.133, 441.7, 442.467, 530.6]"
46000,352.47106666666667,548.88817894031422,259.58114640068527,314.96319999999997,354.29999999999995,374.82989999999995,"[222.2, 265.767, 273.833, 275.733, 290.0, 297.267, 307.567, 310.9, 311.067, 316.633, 331.4, 331.733, 331.8, 352.067, 353.133, 355.467, 356.533, 356.7, 363.433, 370.1, 373.2, 378.633, 387.1, 394.6, 411.133, 413.933, 415.967, 433.567, 450.333, 542.333]"
47000,354.28113333333329,551.70691866219556,260.91418966247255,312.38,347.73349999999999,379.42989999999998,"[237.067, 244.633, 256.933, 264.933, 271.233, 288.933, 290.767, 302.367, 310.0, 313.4, 334.7, 337.7, 339.133, 341.267, 346.667, 348.8, 355.667, 356.6, 367.067, 374.3, 374.5, 390.933, 394.5, 399.333, 407.367, 433.367, 442.6, 446.967, 493.133, 563.567]"
48000,360.22336666666666,560.9605055282525,265.29041195905546,313.53679999999997,337.39999999999998,362.80299999999994,"[285.3, 287.2, 290.133, 301.567, 306.267, 309.067, 310.433, 312.267, 312.533, 313.967, 314.867, 321.467, 324.233, 324.633, 329.133, 345.667, 347.967, 349.067, 351.067, 355.933, 358.633, 372.533, 382.967, 392.133, 392.567, 443.233, 453.667, 487.067, 522.9, 608.233]"
49000,380.88339999999999,593.1334954432059,280.5057179643419,339.53309999999999,372.39999999999998,395.37310000000002,"[265.5, 280.2, 280.2, 300.767, 300.767, 301.767, 302.7, 307.333, 335.8, 341.133, 346.4, 351.867, 361.8, 365.467, 366.833, 377.967, 381.6, 386.3, 392.367, 392.4, 395.233, 395.7, 417.067, 419.567, 423.5, 447.967, 462.0, 524.433, 594.8, 607.067]"
50000,400.52670000000001,623.72316984497695,294.97223966019152,358.90010000000001,383.68349999999998,416.56319999999994,"[238.067, 305.767, 313.767, 316.233, 321.133, 334.0, 340.9, 355.5, 357.267, 359.6, 361.333, 369.867, 373.067, 378.667, 383.1, 384.267, 388.167, 398.3, 402.833, 403.733, 411.633, 428.067, 428.233, 453.7, 455.6, 467.8, 468.367, 475.333, 651.1, 690.4]"
51000,416.8622666666667,649.16185201659584,307.00274520647605,349.07690000000002,404.2835,463.31009999999992,"[281.3, 281.733, 298.267, 315.233, 317.633, 323.533, 327.7, 327.867, 335.8, 354.767, 357.367, 368.2, 377.5, 388.867, 394.267, 414.3, 443.733, 446.967, 458.933, 461.8, 462.9, 464.267, 469.267, 488.2, 495.233, 506.8, 508.067, 516.667, 556.867, 761.833]"
52000,421.96436666666671,657.10713502735655,310.76024218225888,362.43319999999994,385.60000000000002,477.26319999999998,"[272.967, 300.667, 310.233, 314.1, 320.7, 326.533, 337.833, 337.867, 354.267, 365.933, 371.1, 375.233, 376.433, 376.433, 380.033, 391.167, 396.533, 427.333, 433.033, 448.533, 473.833, 485.267, 485.267, 486.467, 498.133, 522.7, 552.0, 576.1, 602.2, 760.033]"
53000,428.15333333333336,666.74494920403504,315.3181739227619,361.04999999999995,422.08350000000002,478.61990000000003,"[225.867, 259.267, 279.867, 299.6, 300.667, 308.767, 311.533, 316.3, 354.4, 363.9, 368.0, 387.067, 397.3, 407.033, 413.6, 430.567, 436.1, 458.533, 464.4, 471.733, 478.4, 479.133, 486.933, 490.367, 494.4, 567.033, 617.0, 617.833, 666.9, 692.1]"
54000,452.77670000000001,705.08986930446383,333.45231982025325,391.56009999999998,427.35000000000002,475.79989999999998,"[299.167, 302.533, 327.1, 339.233, 345.967, 364.533, 368.6, 373.7, 383.067, 395.2, 396.7, 398.667, 412.867, 415.2, 425.033, 429.667, 449.5, 452.167, 462.067, 471.533, 473.0, 482.333, 497.5, 501.833, 503.067, 516.667, 571.9, 624.133, 797.0, 803.367]"
55000,445.55889999999999,693.84989679999137,328.13669259385529,379.19310000000002,412.93349999999998,457.15679999999998,"[290.133, 296.733, 333.033, 349.433, 350.933, 357.9, 364.7, 365.267, 375.6, 380.733, 389.267, 390.9, 399.0, 400.633, 412.367, 413.5, 429.267, 432.933, 435.6, 455.267, 455.667, 460.633, 461.267, 491.1, 505.2, 541.6, 574.767, 672.267, 739.867, 841.2]"
56000,473.31666666666666,737.07588451354604,348.57920142443186,371.49989999999997,429.14999999999998,484.07989999999995,"[309.033, 313.667, 335.267, 338.9, 347.467, 350.733, 353.567, 353.567, 361.933, 375.6, 376.033, 398.233, 420.667, 420.8, 427.133, 431.167, 435.333, 440.2, 459.433, 464.067, 480.2, 493.133, 505.967, 547.667, 563.4, 642.5, 716.133, 736.067, 820.333, 981.3]"
57000,486.35333333333335,757.37733022876478,358.18019622545268,396.31999999999999,417.54999999999995,513.96010000000001,"[360.233, 363.533, 368.133, 369.567, 372.667, 377.467, 387.967, 394.5, 395.9, 396.5, 397.033, 398.733, 405.8, 409.833, 414.4, 420.7, 425.133, 436.333, 436.733, 460.367, 511.9, 518.767, 519.433, 538.067, 551.767, 607.167, 680.467, 717.6, 924.0, 1029.9]"
58000,479.03893333333332,745.98692665888018,352.79342687956262,394.90309999999999,470.88350000000003,536.56309999999996,"[273.2, 315.967, 331.833, 336.167, 351.2, 367.2, 376.6, 380.4, 388.3, 397.733, 414.967, 427.967, 440.367, 460.867, 469.6, 472.167, 480.967, 492.6, 492.933, 530.367, 534.233, 542.0, 549.3, 566.367, 591.133, 641.4, 646.967, 647.133, 662.5, 788.733]"
59000,513.43780000000004,799.55481653091124,378.12684595609107,416.96699999999998,498.89999999999998,551.52299999999991,"[302.3, 329.833, 342.367, 347.733, 368.367, 380.0, 394.233, 394.567, 394.567, 426.567, 442.567, 444.167, 457.567, 462.133, 495.0, 502.8, 510.6, 519.633, 527.333, 538.667, 545.133, 566.433, 573.7, 596.933, 637.633, 639.067, 730.2, 754.667, 847.1, 931.267]"
60000,542.70886666666661,845.13740187684937,399.68384101262387,453.09320000000002,533.16650000000004,632.02999999999997,"[306.167, 343.2, 346.7, 358.767, 368.333, 399.133, 414.3, 418.933, 431.767, 462.233, 470.133, 488.633, 506.467, 516.833, 533.033, 533.3, 536.6, 558.567, 590.567, 623.067, 630.8, 634.9, 653.6, 675.9, 683.633, 704.7, 712.567, 740.3, 758.2, 879.933]"
61000,557.39773333333335,868.01174827813441,410.50161645365347,455.32690000000002,507.5335,602.01310000000001,"[300.233, 318.3, 336.867, 364.833, 369.3, 372.7, 404.3, 404.3, 445.9, 459.367, 485.033, 488.933, 490.933, 498.533, 501.8, 513.267, 538.3, 540.833, 554.2, 585.7, 600.433, 605.7, 620.667, 666.833, 730.233, 737.2, 862.8, 937.967, 990.967, 995.5]"
62000,575.21086666666667,895.75138208416502,423.62029202434309,442.08699999999999,546.08349999999996,638.49689999999987,"[311.933, 357.733, 360.233, 376.167, 403.767, 407.767, 426.033, 435.333, 440.967, 442.567, 481.833, 487.633, 495.867, 529.4, 541.3, 550.867, 562.033, 576.9, 590.033, 602.167, 630.867, 656.3, 660.8, 672.133, 672.533, 707.733, 719.9, 727.567, 1196.43, 1231.53]"
63000,649.71990000000005,1011.7811260506766,478.49327911171883,475.99680000000001,567.13349999999991,803.03699999999992,"[331.5, 336.767, 371.4, 382.233, 403.267, 421.0, 427.833, 444.2, 463.233, 481.467, 496.3, 512.9, 522.4, 524.4, 562.9, 571.367, 716.767, 731.633, 765.933, 784.067, 791.067, 830.967, 837.9, 838.967, 853.633, 914.633, 969.733, 971.267, 982.833, 1249.03]"
64000,643.78110000000004,1002.5328857683797,474.11958533077001,443.20999999999998,561.54999999999995,739.79009999999994,"[322.633, 350.4, 366.667, 376.333, 384.4, 396.3, 413.1, 428.867, 433.9, 447.2, 461.967, 464.233, 499.1, 516.133, 547.333, 575.767, 634.467, 636.7, 638.3, 716.933, 738.3, 743.267, 758.3, 821.933, 850.0, 863.333, 995.067, 1140.63, 1325.77, 1466.1]"
65000,686.19366666666667,1068.5801693142575,505.3547808355986,459.47679999999991,596.2165,792.61009999999965,"[323.167, 329.5, 342.633, 352.3, 365.4, 375.233, 418.167, 418.567, 441.533, 467.167, 476.167, 496.6, 504.433, 550.5, 553.333, 639.1, 646.2, 659.467, 717.567, 737.433, 761.6, 864.967, 889.633, 966.433, 1070.77, 1124.17, 1212.73, 1260.97, 1275.3, 1344.77]"
66000,739.23559999999998,1151.1801128220752,544.41808890280083,557.64999999999998,658.01649999999995,891.01009999999997,"[370.567, 400.733, 430.133, 432.967, 435.533, 450.233, 466.433, 549.7, 552.4, 559.9, 582.033, 609.5, 630.233, 634.8, 640.933, 675.1, 722.9, 735.633, 782.933, 851.933, 878.9, 919.267, 956.8, 960.067, 997.067, 1090.07, 1128.6, 1167.17, 1246.6, 1317.93]"
67000,747.44319999999993,1163.9614587069304,550.46266509269026,504.74000000000001,641.48299999999995,971.42000000000007,"[340.367, 359.4, 407.733, 413.633, 426.2, 438.9, 450.367, 464.4, 467.5, 520.7, 537.8, 542.167, 566.533, 571.433, 614.433, 668.533, 730.2, 735.367, 830.0, 899.467, 970.1, 974.5, 983.733, 1012.73, 1151.0, 1161.3, 1162.87, 1307.97, 1327.43, 1386.53]"
68000,751.84679999999992,1170.8189974196537,553.70574415475437,529.49680000000001,631.70000000000005,903.7201,"[385.033, 398.767, 413.9, 430.367, 444.5, 459.167, 502.867, 505.7, 526.533, 530.767, 531.433, 531.767, 534.833, 544.267, 613.0, 650.4, 706.833, 816.033, 840.967, 876.9, 898.0, 917.067, 919.933, 949.1, 1011.07, 1066.17, 1106.03, 1163.13, 1582.67, 1698.2]"
69000,792.72893333333332,1234.4830023229265,583.8138354041514,559.75700000000006,678.95000000000005,925.53299999999967,"[376.733, 379.833, 411.8, 421.633, 427.567, 496.567, 525.033, 535.667, 545.267, 565.967, 581.033, 605.4, 614.467, 627.667, 651.0, 706.9, 725.167, 777.367, 820.667, 836.967, 897.633, 990.633, 1004.2, 1036.93, 1074.63, 1212.77, 1237.27, 1395.57, 1469.7, 1829.83]"
70000,892.68073333333336,1390.1336831082804,657.42442442123206,616.56679999999994,734.79999999999995,1170.8089999999997,"[363.333, 429.867, 435.733, 487.533, 503.0, 525.533, 544.6, 581.6, 591.833, 627.167, 649.667, 655.433, 674.6, 677.433, 689.2, 780.4, 811.6, 927.2, 960.8, 1051.73, 1145.9, 1228.93, 1249.23, 1257.43, 1310.3, 1356.77, 1462.4, 1488.9, 1585.0, 1727.3]"
71000,866.18506666666667,1348.8731099667414,637.91140284749792,608.10989999999993,771.11649999999997,982.94589999999971,"[354.167, 390.1, 401.5, 446.5, 468.733, 513.0, 555.3, 558.5, 573.133, 623.1, 627.4, 655.733, 734.533, 751.2, 768.3, 773.933, 837.367, 895.333, 944.833, 950.8, 951.067, 1057.33, 1152.33, 1178.27, 1208.33, 1316.97, 1388.5, 1590.03, 1609.03, 1710.23]"
72000,906.93466666666666,1412.330726355149,667.9218884836788,616.91989999999998,779.60000000000002,1108.1319999999998,"[386.967, 417.8, 439.667, 479.0, 492.967, 543.367, 556.433, 592.867, 601.333, 623.6, 624.033, 648.433, 657.2, 688.8, 730.7, 828.5, 902.433, 918.6, 923.8, 1040.2, 1083.13, 1166.47, 1216.9, 1265.27, 1294.0, 1310.33, 1335.8, 1534.5, 1854.87, 2050.07]"
73000,963.03359999999998,1499.6912057528741,709.23655741306879,588.84690000000001,816.06650000000002,1325.6589999999997,"[399.067, 407.567, 498.433, 507.2, 529.667, 553.1, 567.333, 575.767, 578.3, 593.367, 613.767, 618.067, 628.833, 691.867, 786.933, 845.2, 1018.9, 1037.87, 1184.03, 1284.6, 1301.5, 1382.03, 1418.17, 1419.37, 1425.4, 1507.7, 1534.67, 1544.37, 1652.33, 1785.6]"
74000,1025.9406000000001,1597.6535973872844,755.56510100405467,665.74009999999998,815.01649999999995,1328.3499999999999,"[388.4, 439.3, 477.033, 527.533, 550.7, 551.433, 552.4, 633.3, 661.867, 667.4, 684.833, 700.833, 719.633, 756.9, 797.933, 832.1, 1020.83, 1037.47, 1071.13, 1245.43, 1327.33, 1330.73, 1488.97, 1554.17, 1623.63, 1647.8, 1767.87, 1778.83, 1822.9, 2119.53]"
75000,1022.2922333333333,1591.9721513760944,752.87822173541099,616.16989999999998,953.51499999999999,1266.6679999999994,"[420.2, 440.5, 453.0, 484.267, 530.5, 531.667, 552.967, 559.4, 603.033, 621.8, 657.7, 714.367, 850.033, 858.833, 898.9, 1008.13, 1133.73, 1198.83, 1209.37, 1220.07, 1226.87, 1359.53, 1400.43, 1405.77, 1428.27, 1626.67, 1653.87, 1778.73, 1857.93, 1983.4]"
76000,1058.0085999999999,1647.5917278804293,779.18192800066436,746.29700000000003,943.75,1349.8609999999996,"[334.5, 408.067, 493.6, 530.767, 545.5, 554.267, 588.8, 669.1, 727.467, 754.367, 784.0, 789.833, 873.367, 893.933, 934.467, 953.033, 1041.23, 1105.6, 1210.77, 1288.33, 1331.33, 1393.1, 1450.83, 1482.6, 1483.57, 1645.43, 1696.4, 1761.8, 1816.93, 2197.27]"
77000,1108.6622,1726.4724216171003,816.48632203694569,722.65319999999997,977.88300000000004,1330.3719999999994,"[383.7, 424.2, 502.733, 540.7, 541.267, 570.033, 625.333, 669.933, 713.367, 726.633, 777.167, 830.067, 842.967, 879.2, 964.933, 990.833, 1019.63, 1108.4, 1138.67, 1162.03, 1248.13, 1522.27, 1617.0, 1691.9, 1736.37, 1789.27, 1875.2, 1975.2, 2036.5, 2356.23]"
78000,1139.3879666666667,1774.3203493114349,839.11464671278668,742.36300000000006,1020.6015,1365.8309999999997,"[489.433, 539.9, 543.367, 595.167, 633.4, 660.633, 682.967, 688.267, 730.533, 747.433, 871.533, 885.967, 900.633, 914.233, 929.533, 1111.67, 1174.9, 1217.27, 1288.9, 1331.57, 1335.3, 1437.07, 1507.03, 1549.07, 1586.53, 1731.03, 1861.37, 2038.5, 2056.0, 2142.43]"
79000,1235.7085666666667,1924.3163170044004,910.05099903939413,837.94679999999994,1195.73,1478.0809999999999,"[442.3, 507.667, 561.467, 565.367, 566.733, 608.033, 667.5, 729.3, 774.433, 865.167, 1034.23, 1037.47, 1061.7, 1097.63, 1113.33, 1278.13, 1290.77, 1350.4, 1417.4, 1457.63, 1462.43, 1514.6, 1716.77, 1723.77, 1728.3, 1811.83, 1985.0, 2088.87, 2093.4, 2519.63]"
