generation,agents,minScore,maxScore,meanScore,standardDeviation,w0,w1,w2,w3,w4,w5,w6,w7,w8,w9,w10,w11,w12,w13,w14,w15,w16,w17,w18,w19,w20,w21,s0,s1,s2,s3,s4,s5,s6,s7,s8,s9,s10,s11,s12,s13,s14,s15,s16,s17,s18,s19,s20,s21,s22,s23,s24,s25,s26,s27,s28,s29
0,100,0,15,4.46667,4.04912,-1.52682,8.61085,-0.0431185,-2.24612,-4.08425,1.31548,-2.00609,1.7208,-4.48825,-0.128274,-1.54278,-4.21599,-10.9045,-2.29448,1.57909,-1.06494,-0.750381,-7.74053,-1.65583,-2.71744,-7.4885,-3.0672,0,0,0,0,0,1,1,1,1,2,2,2,3,3,4,4,4,5,5,5,5,6,7,7,8,9,10,12,12,15
1,200,0,35,11.2667,10.3288,-2.37598,4.43776,-5.26965,-6.04357,-7.23507,1.91448,-2.24371,3.44787,-17.3892,3.55472,-0.887823,-8.81792,-10.139,-1.55663,-1.28422,0.518851,-1.60604,-10.8344,2.79976,-0.817451,-15.1145,-14.1216,0,1,2,2,3,3,4,4,4,5,5,5,6,6,6,6,8,9,10,10,12,14,18,19,26,26,26,31,32,35
2,300,23,182,71.2667,30.8432,-2.35364,2.2745,-4.5842,-8.42467,-5.01616,-0.360715,-0.0332348,2.97412,-16.449,-5.76875,0.0584025,-7.23012,-13.3568,-1.41315,-0.701416,-1.2158,-2.90538,-12.186,-4.66277,-1.59269,-14.7644,-18.5252,23,37,39,41,44,48,50,51,55,55,58,58,59,61,62,69,70,72,73,76,77,84,85,89,91,99,102,112,116,182
3,400,13,89,41.0333,18.7405,-2.31539,2.27221,-10.8765,-18.1512,-9.47891,1.03638,-2.16536,1.4515,-18.0541,-9.21708,2.21108,-10.1881,-17.2472,-4.0148,-2.75889,-3.7365,-5.29349,-14.3251,-9.7663,-1.96396,-11.9564,-19.1801,13,14,17,18,21,25,25,27,27,31,32,34,36,39,40,41,41,43,43,44,46,49,50,56,60,61,66,67,76,89
4,500,16,160,91.9333,35.1116,-5.65525,0.166686,-11.1766,-15.4493,-9.40015,-1.75832,-2.52588,0.171182,-18.4209,-8.14917,2.72616,-8.20573,-18.0551,-4.84517,-4.99898,-3.39481,-9.25103,-14.6957,-8.06509,-2.36735,-14.5666,-25.5217,16,40,42,53,58,60,64,69,71,79,82,83,83,85,87,90,90,93,95,98,108,112,118,122,130,130,141,149,150,160
5,600,19,354,129.3,74.8305,-6.89959,3.46938,-16.6485,-11.0001,-9.51736,-0.080091,-2.29421,-3.00594,-17.5724,-8.1427,0.981385,-10.476,-13.9378,-5.7414,-5.46674,-7.87403,-9.50796,-15.6379,-11.3523,-4.09064,-14.4806,-28.2379,19,31,49,57,59,59,60,73,79,85,86,91,94,102,109,118,126,133,138,141,183,183,187,190,200,205,210,225,233,354
6,700,60,478,182.467,103.412,-7.04733,3.99827,-16.741,-9.65826,-8.35998,-3.86657,-2.84604,-3.3489,-18.7814,-6.61837,0.553449,-10.0707,-11.7753,-5.53486,-5.80818,-9.32491,-9.81836,-14.3629,-13.0309,-6.18153,-19.5705,-31.4245,60,60,78,84,85,86,97,98,99,99,108,118,121,133,171,181,194,196,203,218,222,226,230,240,278,282,323,331,375,478
7,800,59,664,268.267,155.856,-7.41439,3.54841,-12.3095,-7.77653,-8.42217,-5.32745,-4.10533,-6.62797,-12.1223,-7.75342,-0.442904,-11.9226,-7.65753,-7.17395,-6.52927,-8.51031,-10.2616,-13.3684,-12.4961,-6.91726,-16.9957,-32.4904,59,63,80,92,106,106,126,128,185,188,214,214,229,239,248,262,263,269,299,313,328,344,351,354,355,362,421,550,636,664
8,900,60,895,256.1,187.903,-7.06337,2.85162,-12.4868,-7.47199,-8.8457,-7.3948,-7.93695,-5.38068,-10.702,-7.60546,-0.806434,-11.6483,-8.5512,-8.86417,-6.89961,-10.4515,-9.38349,-10.6484,-11.4032,-6.66736,-16.3985,-31.8603,60,68,78,79,87,88,99,100,110,136,151,153,160,194,203,208,241,241,263,276,321,329,377,382,394,456,479,514,541,895
9,1000,83,1774,496.667,387.176,-5.45161,2.5092,-11.0077,-8.46558,-9.02991,-7.14231,-8.46473,-4.46709,-10.363,-9.38271,0.912792,-9.94741,-8.31807,-8.83608,-6.06752,-8.90029,-9.19893,-10.6639,-10.8852,-6.46244,-14.6765,-33.7933,83,109,123,166,175,182,189,200,221,242,265,274,343,369,379,412,436,442,507,528,621,655,669,672,726,840,860,1205,1233,1774
10,1100,71,2933,584.833,545.888,-6.80811,0.496657,-10.1144,-9.60146,-8.44995,-8.4591,-6.93527,-7.49836,-8.44158,-8.09473,1.20119,-8.78927,-7.88381,-10.5388,-5.58829,-9.26485,-9.01126,-11.0764,-9.0729,-5.86431,-15.271,-35.4501,71,90,107,174,204,228,230,287,304,327,353,386,449,472,486,517,522,543,553,573,601,625,645,652,727,770,1051,1184,1481,2933
11,1200,81,3799,983.833,963.005,-5.11586,0.623107,-10.2284,-7.59285,-6.07661,-7.39336,-6.8714,-4.73319,-7.67953,-7.49093,0.634874,-7.65295,-7.75609,-7.77546,-5.4465,-9.64085,-9.40292,-11.9697,-8.86204,-6.86893,-11.8514,-37.0698,81,117,135,243,272,289,303,355,359,393,406,431,472,501,504,604,629,699,1046,1109,1176,1178,1259,1462,1697,1841,2012,2617,3526,3799
12,1300,81,4083,1131.23,1082.65,-2.19959,-2.45343,-10.4154,-7.22536,-7.91261,-5.84533,-6.43325,-6.37215,-7.05046,-9.99946,0.317105,-9.31582,-6.36316,-8.51804,-8.44312,-10.3818,-8.13423,-10.4407,-7.66142,-6.16069,-11.2298,-39.7335,81,124,171,178,231,318,358,376,384,415,510,564,578,601,737,796,906,1017,1088,1148,1197,1254,1264,1351,2030,2493,3057,3243,3384,4083
13,1400,32,7943,1624.87,1788,-3.02608,-2.91239,-9.38834,-6.10186,-9.13785,-6.14677,-5.90266,-5.84393,-7.74928,-10.7313,-0.0325403,-9.21763,-6.1632,-8.76806,-8.60416,-10.238,-9.44261,-9.76778,-6.32499,-5.10251,-8.7111,-41.0804,32,54,126,160,192,230,312,403,418,447,591,616,643,728,729,730,1296,1588,1595,1624,1740,2150,2403,3001,3270,3328,3609,4172,4616,7943
14,1500,66,5635,1907.97,1712.51,-3.92564,-1.03667,-8.22323,-7.46057,-8.49657,-6.60028,-5.35413,-5.1842,-6.28909,-10.1625,0.543951,-12.6261,-6.49781,-9.64459,-8.76313,-9.20351,-11.6074,-9.95193,-6.91842,-5.94022,-8.75032,-41.909,66,121,178,211,316,427,481,542,618,668,680,898,982,1105,1159,1298,1380,1512,2062,2263,2490,2961,3093,3324,4100,4102,4160,5045,5362,5635
15,1600,82,6809,1476.53,1448.06,-3.03684,-2.50932,-5.77775,-5.69957,-8.1129,-5.76823,-3.2057,-5.02762,-2.6534,-8.85272,1.0606,-11.613,-7.00399,-8.10376,-8.91984,-9.5663,-10.0999,-11.2006,-8.52114,-6.73959,-6.592,-42.4719,82,114,163,212,262,314,356,456,565,594,664,807,838,840,949,994,1001,1328,1344,1581,1839,1980,2286,2549,2563,2691,3035,3451,3629,6809
16,1700,283,11384,3399.07,2963.97,-3.99939,-1.21458,-5.46344,-6.65563,-6.88243,-5.62616,-3.97185,-3.43971,-5.38411,-8.80968,0.78118,-11.1973,-6.93928,-8.54363,-8.50875,-10.3381,-9.38027,-10.1354,-8.55364,-7.01961,-5.41479,-42.3089,283,378,444,523,612,678,761,818,1002,1297,1743,1936,2235,2322,2376,2933,3372,3532,3561,3920,3994,4645,4947,5122,5611,5635,6793,8396,10719,11384
17,1800,173,14601,4365.03,3751.78,-3.94482,0.675638,-5.47119,-6.23129,-6.39515,-6.08296,-4.19613,-1.56258,-6.28,-7.23078,0.505891,-12.291,-6.04481,-8.6851,-7.88438,-10.8151,-7.3708,-9.76569,-8.11031,-6.22156,-6.23913,-43.0666,173,462,961,1097,1469,1533,1704,2057,2124,2262,2275,2461,2525,2692,3134,3301,3470,3508,3553,4520,4633,5517,5572,5655,5888,8473,10675,11738,12918,14601
18,1900,236,15970,5897.57,4812.27,-4.46715,-0.414937,-5.07723,-5.98598,-4.49417,-6.09698,-1.99919,-2.22681,-5.66085,-7.06733,1.9844,-13.2801,-5.96624,-8.86399,-7.67847,-11.2474,-6.78058,-9.33259,-8.80797,-7.59047,-5.67703,-43.8172,236,280,365,908,1219,1384,1583,1741,2016,2232,2433,2634,2881,3771,3787,4541,6568,6614,7572,7938,8367,8915,9422,9922,10177,11517,12518,13979,15437,15970
19,2000,344,20761,5458.87,4681.59,-5.03874,-0.479342,-5.0315,-5.26542,-3.38159,-6.1187,-4.05916,-2.56949,-5.51347,-7.37868,2.16964,-12.1358,-6.1203,-10.297,-6.6818,-10.2494,-6.64267,-8.7428,-9.21523,-9.66324,-5.90231,-45.3651,344,885,961,962,1509,1701,2389,2570,2611,2633,2721,3187,3317,3366,3375,3694,4402,4490,4903,5225,6188,6630,7308,9432,10341,10684,11309,12388,13480,20761
20,2100,299,17267,5572.7,5120.33,-10.8406,-1.32021,-6.12306,-5.3443,-4.12734,-6.13299,-4.5592,-2.80235,-7.22868,-6.07935,1.27542,-11.1793,-6.33238,-11.3133,-6.08253,-11.0048,-7.23408,-9.11875,-7.83486,-10.2009,-6.54217,-46.6531,299,682,857,1394,1394,1560,2147,2197,2247,2342,2566,2714,2879,2934,3246,3611,3898,4161,4404,4644,4811,5734,8992,9398,11678,13642,14606,14877,16000,17267
21,2200,121,15916,3904.17,3617.82,-8.80517,-0.231417,-6.98859,-3.99229,-4.69596,-4.80548,-4.04001,-2.55317,-8.26727,-5.43965,1.87811,-10.9186,-6.82018,-9.66752,-6.23183,-10.154,-6.95005,-7.67669,-6.64382,-9.77906,-7.33226,-48.7062,121,217,304,378,443,712,749,1127,1137,1297,2163,2489,2543,2739,2751,3516,3624,3948,3980,3990,4772,4936,5411,6163,6670,7385,8152,8602,10890,15916
22,2300,200,24019,7481.67,6377.16,-13.2685,0.867463,-8.0953,-3.29079,-3.58355,-4.26479,-5.61901,-3.06212,-6.56236,-6.62271,0.953867,-11.7771,-7.79482,-10.0958,-7.94629,-9.7046,-6.80201,-11.2466,-6.39107,-10.8041,-6.85679,-49.2494,200,799,1141,2135,2203,2266,2324,2974,3045,3642,3772,4177,4595,4999,5825,6215,6359,6508,6660,6837,7331,7481,9954,12935,13297,15998,16478,17637,22644,24019
23,2400,1298,27294,11480.8,7792.88,-14.7318,1.03818,-6.61458,-3.49603,-4.47534,-3.93546,-6.79688,-3.96269,-6.18428,-5.67727,0.839971,-14.2877,-8.21876,-11.4259,-7.04521,-9.57457,-6.71543,-10.5841,-7.55122,-10.3618,-4.6106,-52.0299,1298,2196,2691,2702,2706,4137,4296,5068,5171,6049,6823,7342,7774,8929,9172,10564,10672,11935,12236,13437,14319,15503,17941,19301,20030,21835,23974,24287,24742,27294
24,2500,755,40803,11787.2,11919.4,-8.48331,0.874882,-7.43573,-1.07554,-7.31266,-3.75564,-4.19718,-4.49771,-4.36045,-6.58737,-0.259667,-12.486,-7.23787,-13.3198,-9.26598,-9.78169,-7.53532,-11.2701,-6.87073,-10.0765,-3.30122,-52.5507,755,766,885,1606,3009,3073,3681,3762,4049,4127,4237,4383,4468,4584,5088,7000,8314,9934,11364,11596,12227,14450,14536,16673,25220,30832,30968,32085,39141,40803
25,2600,704,68891,19649.7,15893.7,-9.23962,1.57421,-6.50861,-1.24072,-5.9749,-5.1037,-4.32139,-2.87807,-4.51103,-5.56245,1.09979,-13.1323,-6.88095,-13.0372,-10.7949,-11.4409,-9.00333,-11.607,-7.40201,-10.4549,-3.68829,-52.2373,704,970,2803,2845,4298,5941,6380,8554,12366,12400,14076,14149,14461,16600,17954,18731,19329,19416,20202,21059,22334,23077,24534,27198,27392,28315,33330,37211,63971,68891
26,2700,1669,87415,22423.8,23137.9,-8.87951,2.22512,-6.55881,-1.66115,-3.9749,-4.11539,-3.78719,-4.08223,-4.39654,-5.39025,1.61698,-12.9129,-7.39022,-12.7971,-10.1581,-10.9741,-9.39748,-12.5738,-7.6249,-10.6287,-4.14898,-53.1181,1669,1918,2612,4623,4787,6053,7568,8221,8364,8660,10307,10390,10742,13343,13968,14163,19010,19214,19309,21641,21805,23051,24663,26653,27675,41314,65947,67270,80358,87415
27,2800,833,171930,25948.4,34088.7,-6.935,2.77641,-5.26895,-4.25132,-4.98172,-3.35412,-4.38279,-4.37604,-3.28392,-7.51161,3.06577,-12.809,-7.26728,-11.7807,-10.5169,-11.7329,-9.9872,-12.0276,-7.55991,-11.0352,-3.81672,-54.9289,833,966,2621,3077,3117,3544,3638,7424,7707,7817,10293,11478,12225,16089,16232,17317,20886,22066,24086,26362,28053,28448,29325,30059,32904,37817,39440,76944,85754,171930
28,2900,513,76529,27912,22480.5,-5.54839,2.63458,-5.16272,-4.03741,-3.76081,-2.08572,-3.71905,-2.55326,-3.21071,-7.45261,2.9001,-11.8259,-8.52991,-11.8417,-11.1514,-13.024,-8.89323,-12.4851,-8.14002,-11.3341,-3.84472,-55.57,513,903,2529,4541,4615,4960,5080,8625,8874,11289,11994,13250,15726,19189,21182,30010,31866,32343,32987,35027,36804,40846,45736,45874,46660,55753,56478,64914,72264,76529
29,3000,2890,71714,23948.9,18490,-4.0746,2.08191,-6.24611,-3.69339,-2.64416,-1.59343,-3.31404,-1.37135,-2.98621,-8.26035,2.76587,-13.4119,-8.92694,-13.6183,-10.383,-13.1545,-8.41941,-11.8036,-7.63401,-10.9536,-5.04838,-58.8321,2890,4766,6692,7263,7510,7664,9626,11347,12411,13387,15473,15569,16034,16628,17825,18260,18934,19173,21626,24903,25815,29724,30340,30523,39934,40120,59225,59371,63721,71714
30,3100,51,73269,16466.5,18202.4,-3.95588,1.50515,-5.16838,-2.03792,-2.69885,-0.609378,-4.92436,-3.09402,-1.90175,-7.61227,2.92568,-12.2233,-8.15912,-15.7305,-9.83835,-12.1873,-8.63217,-11.8364,-8.61751,-10.7572,-4.61881,-60.1831,51,1469,1955,3050,3361,3621,4136,4373,4519,4858,5209,5619,8071,9285,9846,10243,11413,12057,13906,14696,19712,20361,21434,22545,26111,29152,40889,42849,65934,73269
31,3200,717,69954,20857.9,21215,-1.78992,1.50687,-5.1674,0.510546,-4.47513,-1.87657,-4.49366,-3.50552,-2.03581,-7.43327,3.58092,-13.1234,-7.32318,-16.0591,-8.89766,-11.3457,-8.86457,-13.0325,-8.59564,-13.1599,-4.14403,-65.2237,717,1576,2131,2561,2618,2749,2962,4584,5087,5135,6265,6391,7467,8849,12011,13813,15324,15329,16984,20359,27895,28608,33539,41713,45579,48545,55078,58030,63884,69954
32,3300,600,58439,18465.2,15909.3,0.736931,2.91486,-4.32241,-0.186975,-4.13552,-1.73792,-3.84144,-3.31852,-1.9153,-8.43634,3.32997,-13.0097,-4.94158,-15.6931,-8.4442,-10.9756,-10.5904,-13.5865,-7.02201,-11.5852,-5.0948,-65.2534,600,2726,2837,3091,3399,3552,6105,6271,6319,6373,8778,9173,12549,12551,13543,14711,15989,16332,19512,19742,21347,23363,26152,27110,33336,38162,40772,47810,53311,58439
33,3400,397,114354,38264.4,32185.7,0.375326,4.66383,-5.34593,-0.786791,-4.15536,-1.88048,-2.88976,-3.53061,-1.12458,-7.19064,4.56892,-13.5933,-6.6385,-16.2891,-9.79057,-13.2042,-10.6695,-15.5916,-7.56603,-12.9712,-6.25699,-64.01,397,4011,4571,8767,9573,10424,11840,12243,13975,14975,15197,19395,22101,24423,25528,29337,39302,39413,39679,41445,48012,50349,56305,59596,70150,71347,80446,102866,107911,114354
34,3500,216,316074,55922.7,71347.1,-1.73977,5.14047,-5.81971,-2.01335,-4.31847,-1.84741,-2.75106,-3.71409,-0.855369,-7.9197,6.23295,-14.6222,-6.49683,-15.7691,-9.86322,-13.0316,-10.0892,-16.9626,-7.78511,-13.54,-6.70887,-64.851,216,1889,6383,6408,7864,9991,10190,10901,16551,18220,18843,20291,20304,22118,25860,28104,28997,29482,30662,47684,55072,57911,81346,84586,95120,114257,140357,160903,211098,316074
35,3600,1075,206408,63496.7,58310.7,1.76189,5.32332,-4.99762,-1.59982,-4.95492,-0.270687,-2.09975,-4.68163,-1.19117,-5.47143,7.34901,-14.239,-6.07273,-15.3636,-9.83049,-13.0198,-11.2206,-18.1386,-9.19894,-13.9642,-7.30486,-63.8381,1075,5958,7773,11359,12760,18041,19688,21213,25952,26662,29144,32246,36838,40985,42436,43474,43664,49765,49780,57448,62099,78454,92027,114199,126503,129817,159427,160461,199244,206408
36,3700,3115,142439,44698.6,36069.3,3.91369,5.89732,-5.74281,-2.04391,-4.58246,0.917052,-2.11532,-6.08714,1.24664,-5.77534,6.97997,-13.2262,-5.56112,-13.5741,-9.98518,-14.4696,-12.8585,-18.0048,-9.07653,-14.0606,-7.02919,-65.8839,3115,3446,4838,12292,13023,13679,15535,17114,17395,23484,23668,25380,25757,26893,31595,35876,36246,42341,45091,54694,60087,61052,64885,67663,71748,79854,98647,102702,120419,142439
37,3800,893,178135,47750,45372.4,3.84514,6.08684,-5.26687,-2.26845,-4.7706,1.47322,-1.1695,-5.4705,1.50687,-6.99995,7.30411,-12.2067,-6.36003,-14.472,-10.8882,-14.6957,-14.0953,-18.3209,-9.68472,-14.8118,-6.7835,-65.7006,893,2663,2750,5191,6488,8111,13520,16604,17032,18196,20995,23578,25377,26450,27088,43510,44877,46858,51424,53366,56917,63382,64039,65102,67110,89234,110118,134699,148793,178135
38,3900,264,330492,52015.3,69258.6,7.06122,5.89183,-4.97778,-1.85949,-5.27153,1.8422,-0.938139,-5.61102,-0.497288,-6.72439,7.53782,-13.2038,-9.27168,-15.1599,-13.3104,-13.3518,-16.1456,-17.5613,-10.9679,-14.7699,-6.0456,-66.3698,264,551,2487,6212,6580,6872,7902,8832,12234,13497,19219,20552,23316,26354,26692,31543,33639,35145,42928,43948,54394,55761,58037,69131,73293,82537,130241,160440,177367,330492
39,4000,3356,376070,97246.6,108714,7.40208,6.61563,-6.31002,-2.46818,-4.61674,1.02207,-2.27139,-4.83159,-0.251717,-6.55169,6.60597,-13.8311,-10.0507,-15.2895,-11.2207,-13.7285,-13.8372,-18.2268,-9.6954,-16.2103,-5.85072,-68.0119,3356,4639,10317,14761,15405,26597,28441,29587,30486,32855,38056,40641,40696,43232,49090,50893,51419,66037,66047,75719,93407,96931,101250,124465,212668,270902,277145,283313,362973,376070
40,4100,571,202128,44939.6,48090.5,5.75698,5.08952,-7.13258,-2.26623,-5.72466,1.98479,-2.38258,-4.91878,-0.32219,-6.60782,6.56527,-12.2452,-9.65628,-15.4549,-12.7916,-14.8363,-12.7269,-18.556,-10.0082,-16.6335,-6.08296,-68.1176,571,790,1198,2603,4656,5060,8322,9902,9920,14444,15829,15989,25676,26723,31417,34875,34956,41892,43780,46057,47557,54938,55414,74499,81847,84907,96887,131928,143423,202128
41,4200,1121,183569,48827.9,53411.7,4.53548,4.90653,-6.42826,-2.10748,-4.89978,2.077,-2.57439,-5.7921,-0.83363,-6.28924,6.41049,-13.0047,-9.23011,-15.1384,-10.5731,-14.0941,-12.2652,-18.61,-9.32748,-15.9253,-6.12615,-66.987,1121,1444,3540,3747,4839,8077,12901,14955,16679,16774,17136,18309,19269,19503,21557,23322,24692,27718,40443,41788,50655,57841,79773,84747,92739,123557,144309,145056,164776,183569
42,4300,2556,293509,64902.2,74180.7,6.01671,5.87625,-7.71189,-2.17182,-3.06446,0.876073,-2.57149,-6.48272,-0.0739418,-6.65644,5.64367,-13.3698,-8.1239,-15.4949,-9.72565,-15.0591,-12.6425,-18.775,-9.31188,-15.4818,-4.29399,-67.7157,2556,5853,7775,9320,10616,10856,11379,13528,15805,20089,21157,22783,28977,30480,31859,41597,45644,46770,47890,61436,79877,87228,88611,97048,108444,114472,116348,232602,242558,293509
43,4400,167,232091,47604.3,53831.7,5.50658,6.33586,-8.10944,-2.41368,-2.87149,0.4246,-1.09352,-5.75386,0.812011,-5.02886,5.36922,-13.7088,-8.26097,-16.5705,-10.0986,-14.8542,-13.9547,-18.9705,-8.66377,-15.792,-5.36803,-71.4057,167,2153,2326,3710,6434,9408,9643,12318,12541,16571,16580,21704,27597,29749,34062,39131,39422,40102,40520,41858,45830,57858,57873,67383,67946,85276,96596,119023,192256,232091
44,4500,325,215158,46990.8,56307.8,5.23348,6.03245,-7.9311,-1.78683,-2.34675,-1.23038,-1.82631,-5.57645,1.22901,-5.47153,6.52543,-13.3592,-7.89337,-16.119,-11.138,-13.7967,-12.1679,-19.0492,-7.65074,-15.0958,-7.20738,-72.5533,325,3264,5375,6692,6828,7501,9355,10440,10492,11161,13289,13832,18207,18738,19547,25080,33475,36669,36698,38145,40245,51435,58639,71860,73808,106292,124892,162181,180102,215158
45,4600,3906,185673,61512.8,49798.6,5.73898,6.62624,-8.96874,-1.85982,-4.12965,-0.140628,-0.879332,-7.5216,0.910302,-7.77146,6.58578,-15.8518,-9.12581,-15.6989,-10.6764,-13.9101,-12.0962,-19.0585,-8.50537,-16.9035,-7.02811,-76.2723,3906,6325,7697,9233,9421,10975,11203,11856,19205,27443,27897,28166,40027,41961,46821,54199,66376,68097,68559,72639,75209,96507,107729,118358,119970,122861,123320,129176,134575,185673
46,4700,596,263347,60837.1,55537.1,6.07422,6.84991,-8.13343,-0.881175,-4.41932,-2.00331,0.519349,-8.20722,0.452551,-7.38463,7.25666,-17.5427,-8.36229,-16.6396,-12.1272,-13.4852,-11.7113,-17.3922,-8.68751,-18.2178,-5.40035,-78.3932,596,5959,6140,11061,11223,12796,13536,17458,24221,31302,32680,34068,42893,46775,46887,49485,52308,64826,66273,66515,67845,77414,77855,91633,97067,108193,111249,134508,159000,263347
47,4800,1088,337752,109280,101640,5.73343,7.59807,-7.8523,-0.115135,-4.39318,-2.15819,0.93569,-7.84218,1.31927,-7.3971,6.89685,-19.1194,-8.28382,-16.6799,-13.7233,-14.1244,-12.4132,-18.2925,-9.86767,-18.7784,-5.65685,-77.2794,1088,1929,7456,12743,14474,16182,20499,26116,26883,36693,42613,48234,49908,59150,67868,79308,82218,102020,109783,131027,146751,155527,181749,221393,229057,230826,242738,265070,331344,337752
48,4900,4445,416746,106837,91324.6,7.82636,7.49928,-7.27027,-0.270858,-4.56807,-2.04832,0.300376,-7.24017,2.22818,-8.80736,7.92661,-19.0372,-8.4179,-14.6617,-14.3553,-15.5741,-14.0321,-16.0588,-10.3114,-18.3617,-4.35239,-76.3127,4445,6845,9718,24273,25002,39008,46162,48568,51392,58615,64595,64702,64956,70873,94215,96097,96409,97492,101029,108945,123394,138725,145139,153722,166656,171733,185835,196926,332884,416746
49,5000,2171,322806,77000.3,70800.3,9.90872,6.64685,-8.39443,-0.534029,-5.49243,-3.72683,-0.955695,-7.22069,3.45316,-9.2374,6.41825,-19.5879,-8.92639,-15.7478,-14.5716,-15.7176,-14.6931,-17.6653,-10.957,-18.2097,-3.70441,-76.5996,2171,4646,9886,16720,19625,21742,25271,26363,35571,42239,42326,43035,45222,45947,52189,66750,68209,70589,76237,76411,79849,89113,101704,115228,131872,137578,146625,153917,240168,322806
50,5100,1538,455773,93092.3,94969.2,11.9767,6.57286,-7.76013,-0.829458,-5.8909,-4.64655,-1.86569,-7.12142,2.96313,-10.9403,7.20611,-21.297,-9.65964,-15.6407,-12.8407,-16.2276,-12.8804,-17.8107,-10.0268,-17.1541,-4.56243,-76.5575,1538,2257,5044,14537,20213,28342,35773,36095,45764,48341,50495,54583,55500,59490,70112,74709,85971,90670,90783,92754,98424,99743,102522,105303,105983,142044,200184,225167,294654,455773
51,5200,777,426453,84522.5,93097.2,10.4114,5.36299,-7.16795,-0.951327,-6.16593,-3.73856,-0.0939144,-8.37166,2.58692,-9.78927,6.50383,-21.0406,-9.04446,-14.3337,-13.3749,-16.2203,-12.6923,-18.9831,-8.63126,-18.8349,-2.98878,-76.5741,777,1133,4359,5905,5947,8009,12429,15361,21915,21929,23799,32840,40671,42188,51466,67417,83945,86918,93216,95805,104804,107171,108267,110673,134893,178795,196817,216758,235014,426453
52,5300,1491,295325,57098.2,77786.3,11.3956,5.92404,-7.42591,-1.67104,-6.37586,-1.61641,-0.636598,-7.32635,3.10238,-11.0644,6.1602,-19.2956,-10.332,-16.0885,-14.0176,-14.381,-10.4511,-18.7634,-7.33632,-18.7253,-4.40944,-77.0277,1491,1697,3114,3244,4355,8156,8329,10786,12120,12572,13947,15163,16409,19043,20550,20665,22626,29407,30124,41547,50422,58291,71027,94623,95853,121069,165408,230131,235453,295325
53,5400,29,142480,42613.8,37256.4,12.196,6.22479,-7.217,-2.38857,-5.84958,-1.04659,-1.3973,-7.0546,1.97889,-12.1827,6.23663,-19.9806,-9.57381,-14.4609,-14.3781,-14.305,-12.3514,-20.4118,-9.73257,-18.6368,-5.26113,-76.8386,29,510,553,1281,2815,11492,13029,17523,20678,22337,25900,26619,30513,31943,32237,32919,33636,34650,34844,40332,48411,64073,67445,69534,74004,81390,83005,115957,118276,142480
54,5500,988,534753,92117.6,120286,10.833,6.60414,-7.79962,-1.71099,-5.88439,-0.443093,-1.23396,-5.34967,1.12204,-10.8756,6.76255,-20.8135,-10.6474,-14.7286,-13.7973,-14.9729,-13.7478,-18.7241,-10.5219,-19.5078,-2.53125,-76.8723,988,5412,6116,8949,9796,10093,18077,18768,31912,33519,34048,35336,40202,46969,50080,58728,59594,73402,77435,81136,83348,99214,104728,130873,132255,144054,167785,237332,428626,534753
55,5600,3720,247693,85039.4,63018.1,10.9237,6.90217,-6.82564,-1.33171,-4.47032,-1.02544,-0.202278,-5.31506,1.49633,-8.47298,7.93168,-21.1025,-9.18114,-14.2599,-13.4204,-14.3392,-13.6815,-18.4711,-10.204,-19.9043,-3.38297,-77.3514,3720,5339,9582,20111,22967,27059,29438,36344,45033,52861,53211,54853,59861,76901,80410,82210,83188,84320,86388,95752,98216,113753,114573,117454,123666,137570,166630,178125,243955,247693
56,5700,1692,261550,86848,68983.2,7.89077,7.72556,-6.10367,-1.24587,-4.95428,-1.9227,-0.988387,-3.86911,1.6582,-9.20744,8.31282,-20.4175,-12.0029,-14.796,-13.7528,-14.8145,-13.8707,-18.0551,-10.2233,-20.8718,-4.28125,-76.7691,1692,3293,6946,8875,9770,25008,26267,28781,28957,40977,48839,60920,67071,70368,72399,77450,77690,77908,78911,80171,123715,134899,143799,156506,161806,170608,173895,176117,210253,261550
57,5800,1449,496290,92590.2,100818,9.78981,7.70661,-6.62706,-2.01392,-5.75835,-2.22523,-0.165758,-4.95128,1.13528,-9.22406,7.02353,-20.4462,-12.1548,-15.2295,-15.0449,-15.3949,-14.4259,-17.375,-12.364,-22.1552,-4.3035,-76.3662,1449,7129,8623,11602,13271,16292,28996,31537,32819,38552,44848,46450,48751,50467,52468,68345,69253,77194,84638,93509,108982,111032,112611,141465,156878,170477,174576,212201,267002,496290
58,5900,5537,667615,114916,129371,11.0019,6.95831,-5.66723,-1.9014,-4.74604,-3.05589,-1.58718,-5.08303,-0.811547,-7.04088,6.58643,-20.7365,-13.0811,-14.1387,-15.2248,-16.7135,-13.7784,-18.6291,-10.7602,-19.6774,-3.80249,-77.161,5537,17771,19566,23434,27757,28887,32951,36595,37902,38935,42052,46386,52352,70270,73388,73744,90103,92337,109981,120654,131024,145665,154677,172533,179285,193353,218618,225079,319044,667615
59,6000,955,346476,68052,69697.8,10.1759,7.75323,-6.97602,-3.80368,-4.12076,0.195823,-0.151027,-7.31581,-0.597975,-6.67767,5.62948,-20.6555,-11.86,-14.9388,-14.9234,-17.3477,-14.369,-19.8129,-11.1659,-20.1323,-3.47604,-75.8585,955,1621,10847,16050,19824,21682,23899,25853,26808,31403,35304,36544,38781,38890,40520,40893,53411,56123,57624,60720,65616,91543,104679,113388,115263,118099,119529,137752,191462,346476
60,6100,474,374892,77233.9,84169.1,12.0686,6.76789,-7.92882,-5.40937,-2.57145,-1.38976,-1.95956,-7.91989,-0.395694,-7.32161,5.50314,-21.6104,-11.5763,-15.7067,-15.1764,-16.1807,-14.3681,-20.645,-11.3985,-19.9744,-3.93275,-77.8893,474,11654,14556,16844,17709,18973,20866,23559,26104,27073,30893,32082,39872,41121,44123,47751,49391,49431,54071,57712,88572,93145,108389,111841,132180,139048,167370,237145,240176,374892
61,6200,657,255671,55387.9,62909.8,13.4081,5.92517,-7.71948,-3.9049,-1.63811,-2.21662,-0.972661,-7.19021,0.126754,-7.77371,5.65434,-21.9053,-10.8264,-16.0299,-15.7237,-15.7062,-15.5296,-17.7109,-11.2293,-19.1883,-4.21236,-79.5171,657,889,1474,2396,2443,4524,6565,13966,14450,14866,15213,23134,25253,31997,34479,36512,41249,44262,46851,48877,54727,62042,89002,92894,99947,100713,137834,161154,197596,255671
62,6300,1471,301645,48459.7,60102.9,12.7375,5.88226,-8.42767,-3.04995,-1.41241,-1.84041,-0.731088,-6.94874,0.123596,-8.80304,6.43436,-21.8824,-11.1694,-16.3834,-16.4174,-14.9359,-13.4708,-16.2213,-11.3999,-18.6562,-6.0271,-79.7493,1471,1558,2650,4786,8423,9711,11842,13446,13585,15315,19830,19864,24252,25431,31406,34416,38040,39801,41762,46286,46716,47142,60457,62713,65927,97790,107949,108311,151267,301645
63,6400,1217,208728,60158.3,52059.2,11.7522,6.97133,-8.42874,-2.69691,-1.21387,-2.45359,-0.124341,-8.9481,0.515626,-8.97108,6.64821,-21.2393,-11.3052,-13.9866,-15.3765,-15.3393,-14.5716,-18.7501,-10.4957,-18.9653,-3.03951,-79.1915,1217,2993,3334,3750,11089,14990,15471,15935,19775,21604,24708,37926,41065,45985,49766,53496,55154,60660,69126,71035,79585,80547,82897,84054,87131,121061,139557,148620,153489,208728
64,6500,6534,470342,141414,119434,11.7364,6.55083,-8.12417,-1.84679,-2.08167,-1.93073,-0.960661,-6.67014,2.13,-10.0964,6.80539,-23.5181,-12.7498,-15.8002,-14.4439,-16.1128,-15.5047,-18.2028,-10.8545,-19.7974,-2.08056,-79.1527,6534,9565,11733,13326,41762,48733,56731,57967,58822,71459,81650,82318,92948,98778,105399,111805,115038,137348,138529,156491,170559,173113,176039,197012,227593,262961,290623,337972,439259,470342
65,6600,3921,216029,69688.4,64030.6,11.6269,6.75205,-8.49215,-1.813,-5.25283,-2.38933,-2.87026,-5.31646,-0.47975,-10.4706,7.63704,-23.9298,-13.0511,-15.8038,-14.6524,-15.5067,-16.4355,-17.0127,-12.6048,-19.1808,-2.05774,-81.392,3921,6826,11527,14042,14187,15523,16475,19247,26902,28243,28568,33923,37094,38162,38383,43098,45050,57146,72665,74035,89696,101393,104816,112674,115845,134010,173203,207504,210466,216029
66,6700,7303,329912,83898.3,77818.2,11.6611,6.05585,-9.73218,-1.2371,-5.56491,-0.117394,-3.68419,-7.30977,-1.04906,-9.52679,7.41815,-23.9819,-13.8777,-16.1459,-16.8842,-15.8908,-17.9132,-16.7178,-11.0583,-18.6825,-1.89397,-81.9652,7303,10687,12752,14602,14658,17082,17732,21185,25478,28536,30601,36260,60515,62538,65136,71882,77858,80670,81908,95862,97075,103967,126536,133710,141723,142193,154823,173901,279863,329912
67,6800,512,362381,71291.9,83896.7,11.8587,6.2761,-10.4349,0.00576043,-5.19606,0.836113,-4.96424,-7.13234,0.106959,-9.63667,5.7718,-24.1333,-13.1327,-16.2202,-17.5662,-15.417,-17.3044,-15.8376,-10.7621,-17.7709,0.0991844,-83.2564,512,2915,3370,3653,7483,9788,11081,12758,14312,15796,26036,35105,35879,36984,40134,46109,51449,59505,61925,64304,73332,83277,83421,106177,130101,142087,142854,221836,254192,362381
68,6900,200,305728,93066,91174.3,11.2764,6.8562,-9.59732,-0.521222,-5.1986,-0.762669,-5.32985,-6.28884,-1.26563,-9.60635,6.32192,-22.4546,-11.1662,-18.1213,-18.3594,-16.159,-17.1994,-16.782,-11.7591,-19.0358,-0.220178,-82.4115,200,450,1902,5654,7153,7682,8710,13401,20967,21996,25036,37199,38931,41886,52486,80769,100189,108522,109578,113884,118795,133402,147196,155046,193747,194930,195458,247586,303497,305728
69,7000,512,215412,61042.5,57512.3,17.1292,7.08241,-10.3992,0.562526,-5.97042,-1.03016,-5.21829,-6.29727,0.053526,-10.7839,5.51576,-23.9383,-11.9926,-18.6693,-17.2418,-15.8675,-17.9421,-15.2067,-11.9701,-19.2919,-2.7647,-83.5383,512,818,4554,6113,9068,10156,10381,11986,23980,25587,26321,27791,27881,34578,37758,40175,41838,44220,62935,75789,77665,103881,104853,106559,113559,123382,135214,153565,174745,215412
70,7100,9249,324819,81162,76218.1,21.3691,9.52029,-11.245,0.839196,-4.96606,-1.86757,-4.17565,-6.52472,-0.851268,-12.1316,6.57308,-24.0936,-12.9345,-18.6165,-17.7777,-17.0989,-15.8319,-15.4221,-10.4887,-21.0444,-1.39446,-83.134,9249,10653,23102,27141,31580,31894,32412,35695,36197,36445,37868,41222,41639,50254,51342,56870,61574,69531,71350,74777,78828,82532,99830,106263,110671,164331,167107,172403,297281,324819
71,7200,3908,420351,96417.4,98388.2,17.6264,10.3811,-11.4999,0.710438,-3.17761,-2.76834,-4.55603,-3.6472,1.18716,-13.3147,6.35919,-23.1158,-12.4273,-17.9014,-15.5192,-18.2504,-16.7036,-14.9209,-10.0352,-19.7497,-1.9847,-84.2939,3908,6634,9826,26638,26724,27657,30548,34991,35789,37748,38255,41056,47341,49155,49430,59470,67075,74025,93832,106224,108420,119183,123910,131127,146538,165332,225693,260271,325372,420351
72,7300,5829,642122,137203,153553,15.7731,10.2889,-12.2854,3.91733,-4.70778,-1.48924,-4.34988,-3.83262,1.109,-12.4468,8.26502,-23.5856,-12.0948,-18.941,-15.2111,-17.1821,-15.1656,-15.6803,-11.6102,-18.1323,-1.22234,-84.2534,5829,7786,8506,8530,11343,12616,27359,32389,34423,43501,57083,70738,72127,75636,77084,77261,100773,110936,116007,119276,122960,192729,197124,198199,236165,285228,295329,367100,509945,642122
73,7400,746,307958,128056,104095,17.6594,10.7841,-13.1278,2.89458,-5.25207,-1.68074,-4.00548,-3.98272,0.0632441,-10.9913,8.92253,-23.1198,-13.5623,-17.7425,-17.5083,-19.0532,-15.8003,-16.4597,-10.673,-18.8024,-0.99904,-85.9612,746,3481,4326,13688,20411,20889,34767,49610,53065,57565,58605,75968,76797,84521,86396,93128,98422,117781,150656,159840,186803,213114,214451,231574,237996,284755,300419,300811,303147,307958
74,7500,8544,489019,128683,126650,16.5598,10.443,-13.18,0.864509,-4.88469,-2.97576,-3.77343,-5.2632,1.46336,-10.3445,8.94071,-22.8359,-12.9738,-18.1332,-16.3431,-19.7544,-17.6587,-16.5699,-12.227,-21.0112,-3.19804,-86.0041,8544,12803,18652,20781,21978,29134,35220,44315,46679,52432,53038,61229,63380,67831,76242,78009,78183,83622,122537,132227,144361,147075,162387,170572,291841,299374,342411,350744,355876,489019
75,7600,6177,513813,162629,155509,14.4546,11.1343,-12.4196,1.06403,-3.6618,-3.10858,-3.28231,-6.22369,1.90361,-11.0666,8.53215,-22.4372,-13.0104,-19.4913,-16.9401,-17.7766,-15.6898,-17.6287,-11.6453,-22.2243,-3.44299,-85.557,6177,10793,16983,17067,24037,28467,28782,51000,54300,55244,56290,63181,65811,69403,84259,91449,112698,127900,153892,168564,223679,248868,286183,321265,334876,376496,401705,413563,472115,513813
76,7700,366,459360,123594,131100,16.6677,11.3235,-13.2386,0.119194,-4.83799,-3.43855,-3.47704,-6.67355,2.70407,-10.2831,8.86018,-23.6216,-14.3227,-20.1333,-16.2587,-19.7645,-17.8826,-18.2677,-12.575,-21.1876,-4.40908,-86.892,366,6668,9333,12454,15075,17253,17457,20831,22429,25460,35647,48674,59441,64918,74224,81255,83999,88641,109718,118629,120994,155133,180218,233994,261245,294667,331417,372923,385408,459360
77,7800,14805,380876,130387,89581.8,17.2889,12.262,-13.6684,-0.388495,-4.69663,-3.32849,-4.07317,-7.19575,1.68979,-12.3815,9.59289,-23.8161,-14.991,-20.1472,-15.5777,-17.0499,-16.9105,-19.7513,-13.0462,-22.9771,-4.16705,-88.6593,14805,22380,25546,29977,38400,41777,45254,57137,58413,71071,87552,106664,115375,115981,116733,121969,124782,126980,134953,143678,155328,172010,179629,207081,208496,222827,229221,233282,323421,380876
78,7900,2893,403285,146564,111701,11.5982,13.3569,-13.5334,0.487861,-4.19138,-1.95196,-3.92818,-6.76163,1.14608,-13.0874,11.019,-27.1206,-15.134,-19.8423,-15.4212,-17.539,-16.5786,-19.5073,-13.8026,-23.4647,-3.19917,-93.6396,2893,5278,23857,35676,37590,37607,40026,43931,45171,56224,60758,84536,86463,114452,122651,127519,153851,167622,182274,182439,193761,210142,226532,253847,276020,280826,287082,324777,329832,403285
79,8000,582,553081,130192,121391,11.7649,12.6926,-14.071,1.29855,-4.65782,-2.09847,-4.78643,-6.28334,-0.733968,-13.5901,10.1532,-27.1824,-16.1046,-18.9134,-17.8885,-18.1424,-16.583,-19.1694,-13.1434,-23.6145,-3.5747,-94.5672,582,13519,23048,26422,27890,29180,39058,40355,62938,63094,73556,74939,85401,91898,103493,106998,111026,120739,126918,134950,137273,141454,150772,151319,169511,261509,305912,338380,340531,553081
80,8100,4521,592471,162611,161505,11.5695,12.823,-13.7741,2.63644,-4.75071,-2.47046,-3.63552,-7.43364,2.65959,-13.7238,11.6771,-27.4122,-16.0261,-18.7254,-17.499,-18.2249,-17.3685,-20.3241,-12.2335,-23.6358,-3.47854,-96.8002,4521,9377,15069,25414,27979,28784,34237,49752,51078,57744,59032,63514,70321,93572,100028,104310,124238,163527,166090,172956,182100,204690,211362,235509,237239,391776,425475,454426,521740,592471
