generation,agents,minScore,maxScore,meanScore,standardDeviation,w0,w1,w2,w3,w4,w5,w6,w7,w8,w9,w10,w11,w12,w13,w14,w15,w16,w17,w18,w19,w20,w21,s0,s1,s2,s3,s4,s5,s6,s7,s8,s9,s10,s11,s12,s13,s14,s15,s16,s17,s18,s19,s20,s21,s22,s23,s24,s25,s26,s27,s28,s29
0,100,0,4,0.733333,1.11211,-2.40453,2.05702,-1.84182,-1.86022,-7.68688,-7.45837,-2.32539,-3.71631,-3.65284,-0.0761829,-1.24409,-4.31871,0.731135,-3.09483,-0.742582,3.33396,-0.44306,2.55034,4.10025,-2.49966,6.59752,-5.54098,0,0,0,0,0,0,0,0,0,0,0,0,0,0,0,0,0,0,1,1,1,1,1,1,2,2,2,3,3,4
1,200,0,24,6.26667,6.39468,-6.35716,2.48091,-4.05436,-5.99955,-12.792,-10.8988,-4.80148,-2.00326,-4.15533,-7.72805,-0.826012,-4.93908,4.06513,-6.64222,-3.38879,1.66695,-2.76441,-3.72567,-0.992964,-1.55589,8.44438,-9.52699,0,0,1,1,1,1,1,2,2,3,3,3,4,4,4,4,5,5,6,7,7,7,9,9,10,10,11,22,22,24
2,300,8,65,28.0667,16.6339,-8.6662,-0.213742,-8.44726,-2.37144,-8.12572,-7.68939,-7.13443,-4.74587,-5.76973,-8.73876,0.28579,-4.56787,0.717403,-3.75195,-5.84919,1.24981,-1.79505,-5.88217,-8.95697,-3.29068,8.24315,-14.2334,8,8,9,9,9,9,12,15,15,15,18,21,22,24,24,28,29,29,32,32,34,34,39,41,46,49,51,57,58,65
3,400,11,120,47.6667,26.7457,-8.72049,0.402649,-9.62655,-5.43848,-11.5378,-7.51938,-5.89168,-5.15691,-6.90841,-8.46983,-4.40762,-7.03237,-0.249414,-6.91029,-8.50493,-2.96028,-1.12922,-6.45823,-15.07,-2.67311,2.34202,-17.6763,11,17,25,27,27,27,30,31,31,33,34,34,35,35,35,36,39,44,44,50,53,56,62,62,63,74,91,98,106,120
4,500,35,719,255.467,162.639,-10.4781,-0.950272,-9.24926,-5.66114,-9.3221,-6.98778,-7.31614,-5.39984,-7.4336,-9.83559,-2.63272,-5.68715,-1.4088,-8.13664,-11.0771,-2.66318,-5.4745,-7.74219,-12.3516,-3.07693,-8.23265,-22.5496,35,75,88,103,108,139,146,146,151,153,182,192,206,218,220,232,236,253,256,270,273,278,285,307,350,395,417,564,667,719
5,600,41,492,171.3,98.4729,-11.9234,-0.154557,-9.88064,-11.8234,-9.42057,-8.27673,-8.53757,-5.98306,-8.06005,-12.8404,-2.12775,-4.25347,-5.01547,-7.07793,-9.60165,-4.42013,-5.17412,-7.31159,-11.7026,-5.39257,-20.6781,-23.0366,41,65,72,91,95,97,98,100,100,105,109,116,125,126,135,146,149,164,190,197,209,215,223,230,233,270,287,303,356,492
6,700,61,529,202.8,97.6367,-10.5381,-0.76195,-8.7941,-8.74388,-10.0143,-6.4925,-9.01516,-9.6817,-9.69775,-14.4775,-1.20902,-3.76241,-4.01071,-7.90906,-10.9234,-4.82102,-6.50715,-6.86388,-8.54679,-4.77765,-22.1278,-23.4795,61,63,82,83,98,127,136,137,143,149,154,168,170,194,205,206,208,219,223,224,227,250,262,262,265,275,298,304,362,529
7,800,57,368,172.267,88.5476,-10.282,-1.63456,-6.6305,-8.38848,-11.4628,-7.3699,-8.12333,-9.09861,-4.67928,-15.7241,0.31277,-4.09409,-3.87068,-8.26696,-11.1803,-4.72977,-6.46097,-10.1547,-9.32863,-3.8019,-19.6378,-24.6396,57,68,70,79,80,82,97,99,107,117,120,129,133,147,149,154,157,166,172,185,197,225,230,265,280,287,299,316,333,368
8,900,44,792,255.8,167.58,-9.16172,-2.16725,-8.75831,-10.3035,-11.418,-6.24564,-8.43825,-8.58485,-5.48197,-15.8305,-1.74328,-4.11195,-5.84487,-9.24373,-10.0742,-5.57126,-7.3344,-7.70053,-9.39032,-5.88995,-18.1242,-24.9851,44,51,63,76,113,129,145,158,164,175,180,187,202,209,245,246,246,248,255,259,280,303,313,315,331,351,456,467,671,792
9,1000,14,1100,334.467,242.976,-8.01778,-2.02661,-10.7206,-10.3426,-11.491,-7.88139,-9.92206,-11.488,-7.23725,-16.5687,-2.57602,-4.6677,-3.75473,-8.57886,-10.7665,-7.33536,-9.24915,-7.48349,-8.99297,-4.07164,-17.6172,-26.9424,14,29,99,106,110,127,129,177,190,198,208,230,268,283,285,286,331,344,350,353,355,365,377,476,513,521,700,701,809,1100
10,1100,92,2470,574.6,569.065,-8.16829,-2.5163,-11.7193,-8.79041,-10.103,-10.0847,-8.99843,-9.14823,-7.78099,-15.4057,-1.49557,-5.57889,-4.86978,-8.69393,-10.7689,-6.02842,-10.0797,-7.42634,-9.14885,-4.2335,-15.1366,-26.7768,92,110,147,152,175,191,193,196,224,230,273,287,293,315,318,326,367,396,401,475,518,588,886,931,963,1168,1174,1611,1768,2470
11,1200,142,2179,549.767,483.241,-8.02069,-3.26795,-10.5486,-9.10826,-11.6648,-10.1543,-7.98935,-9.77265,-7.87729,-14.424,-1.49896,-5.58045,-4.25446,-9.27317,-10.2115,-6.91919,-10.8238,-8.64817,-6.62325,-4.65486,-14.3009,-29.454,142,154,175,179,190,201,206,209,242,258,281,317,349,358,405,416,452,519,527,581,614,615,637,744,746,764,828,1315,1890,2179
12,1300,55,2437,735.233,499.046,-8.55623,-3.49229,-11.5706,-8.8544,-9.44527,-11.1126,-9.68316,-9.43983,-6.78464,-15.2522,-0.861382,-5.56395,-3.09681,-8.52714,-8.59847,-9.74405,-10.3196,-9.61819,-4.94155,-4.79062,-13.5411,-31.9631,55,95,203,256,265,388,395,464,467,508,516,518,523,566,586,660,667,699,755,761,774,790,934,1139,1168,1214,1298,1339,1617,2437
13,1400,74,2243,625.6,569.735,-8.51148,-4.54001,-12.572,-9.04576,-8.36538,-9.90592,-10.2655,-9.10516,-7.39431,-16.2431,-0.589613,-6.2777,-3.57205,-6.24036,-9.14922,-9.00002,-9.76028,-11.6417,-5.2765,-5.81927,-13.7885,-35.2272,74,93,155,164,180,181,185,192,207,217,223,253,256,285,391,406,455,477,492,627,806,966,1004,1116,1171,1293,1401,1478,1777,2243
14,1500,166,4505,1153,1084.52,-6.83622,-3.32386,-12.7203,-8.74432,-10.3694,-10.1369,-10.9205,-8.50611,-9.19399,-15.6175,-2.65355,-6.97242,-3.23487,-7.30961,-9.95997,-9.16248,-9.36494,-10.9424,-5.79309,-7.49522,-13.5719,-36.2117,166,194,195,218,237,266,326,383,409,479,634,684,698,720,724,726,727,814,880,1118,1164,1196,1974,1981,2064,2368,2569,2579,3592,4505
15,1600,122,4181,1134.83,896.547,-6.17163,-2.60664,-11.4325,-9.06448,-9.99333,-9.70167,-10.8651,-9.21555,-10.5748,-15.9841,-2.97581,-7.66262,-2.51966,-9.04832,-9.08802,-9.94256,-9.51125,-9.09997,-6.8391,-8.9136,-11.9076,-37.0052,122,136,165,194,291,359,449,455,522,718,721,736,742,838,998,1035,1141,1205,1255,1266,1334,1418,1431,1513,1588,1855,1974,2528,2875,4181
16,1700,47,5657,927,1066.2,-4.70725,-1.60212,-11.9302,-9.4196,-10.4543,-9.91049,-10.7075,-8.68904,-9.98384,-18.4659,-2.77074,-7.87189,-4.32123,-9.03555,-9.12306,-9.69915,-8.44611,-8.71055,-6.49363,-11.0075,-13.3316,-37.5195,47,134,144,175,208,211,255,280,294,367,367,396,398,512,528,730,793,867,915,993,1055,1174,1289,1315,1411,1595,1686,1709,2305,5657
17,1800,78,2462,712.433,600.904,-3.97711,-2.06958,-12.672,-9.54524,-9.40332,-10.7929,-10.3745,-9.56303,-8.67144,-20.3948,-2.97668,-7.93941,-5.5726,-8.72611,-8.72899,-9.95804,-8.0314,-9.39808,-6.85454,-12.708,-13.3529,-38.033,78,177,183,257,273,282,297,301,308,339,340,340,430,440,470,472,509,511,608,677,717,763,1050,1061,1389,1426,1473,1641,2099,2462
18,1900,147,3849,919.5,816.62,-2.51185,-3.0616,-12.7461,-10.3976,-8.07462,-11.13,-11.8898,-8.58604,-9.52536,-18.4262,-1.48391,-8.86395,-5.70967,-8.18415,-8.02548,-8.60782,-8.7687,-11.543,-8.05241,-13.6729,-11.5603,-39.3882,147,248,264,288,300,301,373,382,403,466,552,563,563,609,661,683,716,753,755,766,1024,1094,1111,1257,1286,1404,1946,2046,2775,3849
19,2000,130,7326,1746.3,1486,-0.495443,-3.10957,-13.7852,-11.0914,-9.55695,-11.078,-11.436,-9.73218,-10.5999,-17.0152,-0.121896,-7.79001,-7.27501,-8.37293,-8.49099,-8.32626,-7.17461,-10.2097,-9.22981,-15.3484,-10.854,-42.565,130,401,406,496,616,627,746,777,855,962,999,1026,1096,1112,1246,1353,1485,1590,1595,1648,1785,2256,2552,2684,2734,2826,3155,3191,4714,7326
20,2100,95,5176,1294.4,1300.3,-1.1233,-3.07387,-12.27,-11.8428,-7.66434,-11.6589,-10.0467,-9.86497,-9.39782,-17.7041,-1.37216,-8.31265,-5.93824,-10.2462,-8.87139,-9.39637,-7.23082,-13.315,-9.02556,-14.1276,-10.8352,-42.0717,95,98,121,128,154,205,267,330,468,589,655,694,748,761,772,834,838,877,1163,1180,1787,1811,1827,1941,2287,2545,2787,3000,4694,5176
21,2200,113,4421,1716.9,1189.16,0.0199903,-3.15076,-11.4303,-11.7192,-9.4093,-11.5195,-10.4438,-9.92305,-9.14659,-16.9278,-0.187267,-8.39218,-6.62262,-9.67106,-8.69631,-8.06637,-8.25827,-12.064,-9.57215,-13.6486,-10.2081,-43.1816,113,144,184,406,611,693,736,964,965,1013,1068,1208,1215,1316,1414,1421,1504,1616,1619,1891,2126,2299,2316,2753,2980,3364,3432,3839,3876,4421
22,2300,167,8607,2665.4,2311.8,-0.959029,-1.81334,-13.1223,-13.0059,-9.59997,-10.4163,-10.9912,-10.6719,-10.1321,-18.1208,0.511965,-8.61141,-7.78452,-9.75308,-8.09312,-8.78024,-9.24495,-13.7513,-9.01051,-12.3885,-10.1318,-46.4579,167,203,324,646,699,1012,1056,1128,1223,1228,1257,1382,1502,1649,1748,2257,2288,2370,2535,2674,2910,2941,3216,3800,3872,6245,6273,6516,8234,8607
23,2400,205,6221,2368.23,1403.23,0.638827,-0.476606,-13.3712,-12.8667,-10.8339,-10.8792,-10.0598,-11.7724,-7.67303,-15.873,0.898847,-8.24655,-8.77994,-10.3221,-8.95212,-8.74863,-9.30518,-13.9402,-8.64101,-12.0793,-8.72271,-50.067,205,300,541,845,845,1031,1223,1452,1500,1537,1704,1838,1880,1943,2059,2090,2604,2633,2733,2786,2918,3202,3244,3342,3476,3882,3893,4445,4675,6221
24,2500,90,16136,3804.37,4044.11,0.365877,0.980101,-13.6367,-12.1282,-10.5571,-10.717,-9.96781,-11.5791,-7.97521,-16.8725,0.261125,-10.5309,-9.4226,-10.7846,-9.33996,-7.21839,-8.98206,-13.5352,-8.58481,-11.0658,-8.44549,-49.1895,90,256,397,445,451,525,658,710,1061,1195,1258,1684,1703,1877,2296,2324,2990,3982,4113,4363,4939,5181,5328,5476,5723,6115,8109,10164,14582,16136
25,2600,126,7380,2075.67,1925.8,-0.113404,1.4551,-15.2105,-10.4758,-10.8691,-10.5344,-8.03323,-13.4663,-9.70961,-15.5382,0.92535,-11.4007,-10.5345,-9.76926,-9.41741,-9.72887,-6.4595,-13.8596,-9.15417,-11.2471,-8.99272,-48.6821,126,140,143,247,315,368,408,432,525,537,751,775,1076,1135,1277,1326,1986,2064,2437,2504,2629,3496,3582,3766,3776,3888,4124,5520,5537,7380
26,2700,102,19877,3395.9,4020.1,-0.588337,0.907399,-14.5014,-10.0661,-10.3933,-11.8467,-11.1099,-10.9521,-9.37283,-15.1431,1.29618,-12.3242,-10.8281,-10.9218,-10.2162,-9.81182,-7.64649,-13.2306,-7.60361,-12.8292,-9.60224,-49.2143,102,280,319,433,459,540,693,708,771,1077,1255,1416,1467,2050,2290,2621,2893,3053,3167,3242,3751,4188,4262,5216,5293,5556,6259,7462,11177,19877
27,2800,228,6991,2147,1689.53,0.202472,2.1245,-13.4799,-11.0795,-10.4823,-12.5336,-9.75979,-10.7695,-7.5509,-15.8598,0.801117,-11.135,-12.3735,-10.6475,-9.30412,-11.3365,-10.0126,-11.8737,-7.36853,-13.3705,-9.61787,-48.8746,228,306,423,548,579,590,784,847,951,1099,1308,1448,1470,1495,1846,1869,1884,1928,1968,2297,2340,2379,2641,3050,4062,4286,4472,4725,5596,6991
28,2900,231,7551,2020.83,1666.14,2.15679,1.14017,-12.1281,-9.41602,-10.4767,-11.2476,-10.6242,-10.8324,-7.91908,-16.2471,0.212112,-11.4968,-9.84784,-10.3757,-9.29683,-11.452,-9.2017,-12.3041,-8.40773,-13.5529,-9.71457,-48.7772,231,233,262,505,624,649,708,711,775,807,807,907,940,1603,1834,2041,2171,2214,2232,2322,2439,2645,2835,2852,2964,3009,4461,4549,4744,7551
29,3000,173,6674,2421.4,1772.78,2.35039,-0.299008,-11.8619,-10.0801,-11.7525,-8.72409,-10.5102,-11.8589,-6.30013,-17.7058,0.735393,-11.515,-9.04349,-10.945,-11.3802,-11.6233,-9.10098,-12.5955,-10.0108,-12.3422,-11.6018,-50.1367,173,208,258,447,568,572,797,874,973,1364,1395,1411,1674,1710,1945,2300,2656,2695,2714,3548,3556,3593,3602,3637,4002,4002,4061,4939,6294,6674
30,3100,167,9743,2058.73,2520.33,3.06873,-0.826064,-12.7118,-10.5774,-13.7823,-9.6043,-10.6868,-10.3904,-8.44111,-15.4227,1.29099,-10.9673,-9.19283,-10.7223,-12.9729,-11.3339,-9.07934,-12.2376,-8.16174,-13.4187,-11.168,-50.2192,167,203,209,289,295,339,483,562,564,594,633,704,837,869,1033,1135,1402,1475,1621,1655,1801,1848,2292,2441,3118,3495,7148,7208,7599,9743
31,3200,283,22796,3759.13,4639.67,2.77985,0.451845,-12.3764,-11.7747,-12.9731,-8.99266,-10.2686,-11.075,-8.58398,-15.2095,1.18008,-12.1952,-9.6236,-10.6394,-11.9959,-9.2954,-10.0388,-11.2365,-8.06488,-15.2113,-10.9101,-53.0296,283,303,410,478,510,815,890,1046,1174,1278,1799,1807,1823,2006,2142,2474,2481,2651,2707,3240,3815,3890,4393,5089,5432,6601,7614,11173,11654,22796
32,3300,137,11340,2986.97,2348.58,2.75194,-0.331194,-12.4113,-12.1374,-12.4022,-8.9937,-8.63055,-10.9506,-7.89149,-15.0836,1.48229,-12.985,-11.2384,-10.2382,-11.9266,-8.8228,-10.0751,-12.3711,-8.7756,-15.2975,-10.3532,-55.7324,137,341,519,584,618,633,649,1336,1635,1762,1934,2314,2386,2466,2689,2749,2830,2871,2950,3507,3522,3654,3800,4576,5053,5192,5618,5768,6176,11340
33,3400,150,8272,2203.03,2154.33,3.55893,-0.98637,-12.8556,-10.8315,-11.9527,-9.25937,-10.092,-9.34727,-8.52561,-15.2677,0.099842,-12.4364,-11.6783,-9.90107,-10.7414,-9.7237,-9.16866,-13.2467,-9.51469,-14.4857,-10.3673,-55.9123,150,493,542,747,776,801,812,822,835,911,930,958,1225,1234,1400,1414,1534,1629,1639,1759,1786,2201,2211,3028,3198,5577,6043,6131,7033,8272
34,3500,351,9135,3200.53,2403.88,2.1186,-0.666744,-12.3022,-11.5794,-12.0392,-9.66145,-10.5186,-8.32818,-8.10105,-15.2276,2.17589,-12.9297,-9.82092,-9.96543,-11.7822,-8.78242,-10.3769,-13.2961,-10.0416,-14.6024,-9.50672,-56.1915,351,365,491,544,706,815,958,1030,1274,1621,1668,1942,2271,2284,2692,2700,3387,3529,3672,3706,4132,4754,4754,5073,5540,5618,5892,6697,8415,9135
35,3600,185,6806,2707.53,1983.99,3.44904,-1.98595,-13.3732,-10.4076,-10.4925,-8.69415,-10.1932,-8.78369,-9.2661,-14.5625,2.33572,-12.729,-10.8528,-8.96838,-12.6362,-8.37689,-10.7589,-13.9079,-10.7161,-15.1087,-7.15809,-55.2676,185,286,382,597,767,818,836,858,918,1363,1364,1443,1751,1894,1997,2181,2309,2573,3179,3989,4024,4517,4698,4758,5119,5217,5242,5521,5634,6806
36,3700,219,14721,3362.77,3135.4,3.92243,-0.815869,-10.721,-8.38209,-11.3139,-9.78194,-9.67599,-9.84393,-9.48836,-15.1579,2.01824,-15.3617,-11.043,-8.65301,-14.8018,-8.45264,-11.7788,-12.7489,-7.65752,-13.588,-8.58851,-56.0105,219,219,436,558,646,968,1041,1125,1232,1527,1867,1891,2366,2473,2589,2689,2765,3027,3348,3431,3851,4045,4239,5189,5317,5406,6238,7715,9745,14721
37,3800,273,13103,3565.6,2815.34,5.34082,-0.297838,-9.34101,-9.30907,-12.8373,-9.74265,-9.27619,-11.1419,-8.67365,-16.102,2.11168,-13.1126,-10.2433,-9.33835,-13.2293,-7.7939,-9.00611,-11.5568,-8.35592,-14.2076,-8.13254,-57.4378,273,505,574,744,899,902,1170,1305,2123,2178,2198,2329,2996,3054,3160,3190,3384,3388,3411,3615,3892,4025,4218,5896,5905,6185,6434,6722,9190,13103
38,3900,138,12608,4042.17,3534.74,3.85896,-0.553196,-9.09164,-9.30185,-10.826,-9.11139,-9.47306,-9.13171,-9.20213,-15.2894,2.66544,-12.1165,-8.33076,-9.62833,-13.5534,-7.79551,-9.0065,-9.74568,-7.94116,-14.8184,-8.77366,-57.5252,138,363,428,817,1075,1115,1132,1272,1302,1352,1381,1686,1751,1773,1904,3101,3666,3847,5051,5132,5343,6178,6237,6929,7346,7873,9647,10183,10635,12608
39,4000,136,17007,4669.53,4328.38,3.73102,-1.06921,-9.93367,-8.15997,-10.4881,-7.90319,-6.63137,-7.73301,-9.22442,-14.0707,2.99899,-13.1713,-9.3738,-11.3816,-13.1305,-7.50359,-9.28478,-10.0357,-8.51501,-15.5498,-8.59495,-59.4944,136,213,600,611,864,977,1104,1174,1317,1362,1593,2500,3027,3032,3468,3524,3961,4714,5001,5182,5897,6815,6816,6941,7043,8294,10253,12024,14636,17007
40,4100,213,16379,3944.37,4213.97,2.78673,-0.633092,-10.5466,-6.69333,-9.43967,-7.47769,-6.8943,-9.81664,-9.4691,-14.6304,3.92752,-13.7423,-8.71468,-13.1482,-11.1496,-8.61817,-9.52636,-12.1069,-9.336,-15.4703,-8.358,-59.9332,213,251,600,767,1047,1129,1135,1252,1300,1416,1669,2194,2428,2667,2727,2740,2868,3113,3140,3146,3545,3792,3796,5076,6316,7368,7602,13785,14870,16379
41,4200,240,46890,9497.93,11738,2.58854,0.588669,-10.9946,-6.22307,-9.39462,-7.30665,-6.84531,-8.05118,-9.65676,-13.9835,3.73714,-13.7396,-8.00915,-13.2292,-11.2269,-9.03148,-9.43183,-14.7577,-9.06787,-15.297,-6.74288,-62.6311,240,453,766,866,937,1016,1295,2519,2653,2877,3122,3154,3259,3812,3922,4231,4788,5575,6361,7955,10177,11011,13644,14342,14400,20565,26330,32588,35190,46890
42,4300,682,34702,7194.43,7743.66,2.399,0.406248,-12.7278,-6.9563,-10.3728,-6.97698,-6.02246,-6.7394,-10.723,-12.429,3.36708,-12.1778,-7.48619,-13.2418,-11.6647,-9.42912,-10.9543,-15.8918,-10.2858,-14.5426,-6.05433,-63.8482,682,1187,1255,1425,1516,1522,1653,1717,1878,2333,2534,2940,2978,3402,3444,4366,4560,5065,5149,5281,8517,10191,10705,12562,13579,14875,17442,18643,19730,34702
43,4400,199,23248,5760.8,6609.67,3.93188,0.415349,-10.2051,-7.56455,-8.26866,-7.01556,-7.52448,-7.1209,-9.42075,-12.8933,4.1568,-10.6373,-7.90819,-13.6379,-10.9556,-10.7972,-10.8163,-15.9094,-13.0882,-13.6875,-5.13835,-63.9486,199,404,722,781,884,1054,1200,1363,1368,1458,1598,1790,2213,2228,2308,2809,3062,4228,5052,5701,5826,5883,8938,9643,9895,11941,14430,21292,21306,23248
44,4500,610,36471,6541.3,7274.27,4.59674,-0.532165,-9.62377,-6.95669,-7.2796,-5.95972,-7.36275,-6.19498,-10.0238,-10.1878,3.94333,-10.9169,-9.71379,-14.8237,-10.1231,-13.3548,-10.3762,-14.185,-12.9169,-13.7741,-6.20992,-62.2396,610,1150,1259,1635,1651,1877,2163,2237,2589,2665,2828,3004,3025,3316,3368,3574,4225,4576,5471,5576,6365,8627,9844,10060,10097,12224,12686,13432,19634,36471
45,4600,532,25653,7661.03,7101.61,4.64547,-0.284036,-10.5789,-5.24506,-5.78288,-3.81929,-7.35825,-5.62569,-9.27203,-8.48731,1.83707,-12.0646,-8.84114,-14.7184,-10.2516,-14.5646,-10.2562,-12.436,-11.9349,-13.3597,-4.93916,-62.2851,532,642,663,999,1134,1400,1744,1774,1911,2587,4012,4060,4865,4873,5205,5223,5785,6456,6474,6830,7523,10475,13205,13581,14921,17925,19214,19656,20509,25653
46,4700,559,33004,9448.47,9422.99,5.16314,0.01221,-9.8662,-5.11548,-7.61826,-5.49708,-7.1018,-5.15922,-7.97863,-8.13717,2.96789,-14.1381,-8.42024,-15.2523,-10.8352,-15.4886,-10.7228,-11.3792,-10.7004,-13.6099,-5.00661,-65.6581,559,666,1055,1347,1626,1844,2120,2243,2349,3093,3990,4377,4488,5154,6216,6355,6690,7475,7713,9025,9698,11372,12221,15924,19471,20070,26231,27546,29532,33004
47,4800,205,61665,16387.1,18551.1,5.40925,2.65393,-9.80712,-3.50531,-7.43006,-4.90119,-7.52017,-4.28137,-4.79797,-10.7397,3.54459,-14.446,-9.4477,-15.247,-11.7486,-16.8737,-11.3234,-9.58547,-10.1178,-13.9664,-4.62475,-66.1024,205,228,506,974,1608,1805,1936,4150,4254,4353,6815,6823,7063,7508,8406,9323,10054,11520,12881,13367,15034,15366,27107,28948,30069,39257,42580,58284,59523,61665
48,4900,1248,41040,13271,11256.9,5.21983,4.43211,-10.4733,-2.52202,-6.32883,-4.23533,-4.95848,-3.27418,-4.18701,-11.9357,5.27602,-13.1797,-8.20226,-14.4304,-13.4324,-17.6204,-11.635,-9.76226,-8.73099,-14.8131,-5.94602,-67.2534,1248,1882,1952,2190,3036,3852,3943,4122,5573,6950,7183,7204,7358,7579,7605,8150,11156,13819,14371,14896,15755,17623,17873,19350,24228,25119,31953,32349,38772,41040
49,5000,851,73894,20470.4,19879.1,5.31504,5.06082,-10.7032,-1.72298,-3.93235,-5.36736,-2.91865,-2.68931,-3.65044,-11.9793,4.59862,-13.8146,-9.20585,-14.2851,-13.1612,-15.8395,-11.1544,-9.60257,-7.55945,-15.7276,-6.36381,-67.9072,851,2899,3223,3370,3849,4466,5540,6791,9320,9713,9993,10298,10654,10691,12764,14882,16214,16259,16394,17102,17278,23124,24750,27165,43892,45474,52435,52877,67950,73894
50,5100,738,59253,22132,14965.4,4.03113,6.1424,-10.0162,-2.82026,-2.6495,-4.81802,-2.305,-3.45984,-3.46295,-10.9712,5.31445,-15.2567,-9.26678,-13.3812,-13.5488,-16.2457,-11.1533,-10.4035,-8.90654,-15.4773,-8.69771,-68.2867,738,3069,5621,5646,5701,6034,7241,7739,8392,9133,12147,15932,16287,21225,22149,23492,25965,26152,27282,27343,27687,29441,33197,33214,34863,35787,42138,44709,46384,59253
51,5200,1227,108684,18065.8,21056.3,4.40394,5.51195,-11.1513,-1.92007,-3.99473,-4.86185,-3.17663,-4.47253,-3.40378,-11.5953,5.6184,-15.4714,-9.80821,-13.8891,-12.6314,-18.0163,-10.2605,-11.0401,-10.528,-15.681,-7.80009,-68.4423,1227,1259,1486,1758,2478,2559,3886,4349,5369,6831,7055,7816,8353,9349,10337,10684,18022,19411,20247,21891,23016,23518,23591,24677,25835,26727,33722,43131,44707,108684
52,5300,755,112408,22584.2,24545,2.81951,6.61698,-10.4866,-2.32349,-3.35461,-3.77622,-4.37065,-5.46209,-2.75662,-12.6946,6.96466,-16.0016,-10.4661,-12.61,-12.4959,-18.4414,-10.5068,-11.7182,-10.6339,-17.5525,-8.24229,-69.5509,755,808,2699,2728,4239,4366,5512,8547,10225,10859,11536,11625,11811,12454,13758,14530,14559,18598,20804,22969,25067,25177,25909,28688,30256,46313,47931,52085,80310,112408
53,5400,5317,316264,75793.5,75084.7,3.49655,7.77971,-10.6597,-0.120541,-3.86359,-3.01963,-3.46744,-3.83524,-3.15787,-12.0691,9.1082,-16.8995,-10.3742,-13.6949,-13.0906,-16.6225,-10.9378,-15.5291,-10.4375,-20.0423,-7.2308,-69.8052,5317,6889,11199,13323,14212,17410,18988,19236,28836,36580,37004,38195,45136,49317,49451,49619,50027,52725,53350,55989,75244,90555,117084,123082,152514,154669,161291,209605,220694,316264
54,5500,72,323866,81016,86713.1,3.71744,6.96989,-9.52397,-0.322049,-4.54142,-3.51426,-3.00018,-3.96644,-1.92914,-10.9052,8.51894,-16.7394,-10.2309,-15.7373,-13.7376,-16.0303,-11.1911,-15.8917,-8.53276,-18.4892,-6.46606,-72.2553,72,7468,10656,11841,15170,17223,17286,17421,20036,22529,26393,30793,35575,37244,43032,50605,59343,61053,66793,75032,84277,105319,108800,125502,131641,182926,226346,240532,275707,323866
55,5600,61,309577,79250.7,85705.1,2.91204,6.8623,-9.06209,-0.490578,-4.24108,-4.37114,-1.61924,-4.33843,-1.90643,-9.35718,8.21316,-17.4768,-10.7607,-12.5517,-13.8305,-15.266,-11.8755,-17.5291,-8.59202,-19.3211,-7.90959,-73.1224,61,2439,3878,4397,6860,9991,19879,22768,23487,25001,32384,32740,35027,35878,37031,52886,63202,67660,69620,73619,79986,85689,95479,127172,139910,187472,212572,237016,283840,309577
56,5700,682,406168,70906.6,87506.2,2.53755,8.25718,-8.13679,-0.0534267,-3.43439,-5.46891,-2.45855,-2.56215,-1.54103,-9.48394,9.1433,-18.0071,-11.0858,-13.6281,-14.8232,-14.7497,-12.0187,-15.7304,-10.5184,-19.3427,-8.74301,-74.8982,682,875,935,2977,4653,13661,14602,15884,21262,23556,24951,32191,34947,39084,43226,44944,47457,57595,60645,66849,67955,72093,84597,92895,131161,139934,149266,160515,271638,406168
57,5800,1246,234364,94288,64091.5,4.00939,9.75172,-10.7593,1.5689,-4.79546,-6.67813,-0.93802,-2.89901,0.469156,-9.46194,8.365,-18.542,-11.5747,-13.9715,-14.279,-14.4537,-10.2119,-16.5652,-12.6373,-19.1615,-8.3198,-75.2659,1246,8181,9150,12671,18748,22719,23257,38349,41411,48912,60434,67547,76877,79709,86214,104703,106883,108215,111887,117588,140369,148111,151993,152730,154441,167672,171364,180010,182886,234364
58,5900,66,833155,87933.8,152910,3.77757,10.278,-9.71544,0.240805,-5.85959,-4.48201,-1.42071,-4.65743,-0.522266,-11.2782,8.60209,-19.4546,-11.9927,-14.0985,-12.9567,-14.8754,-10.3792,-16.744,-10.7948,-20.2758,-7.18735,-77.39,66,541,1675,5638,6390,8562,8612,9169,14154,22798,27791,29090,34382,36902,45241,48079,57133,65343,66812,79016,88423,88577,101057,113294,123719,151519,158421,184320,228134,833155
59,6000,3344,176931,73865.7,50580.7,4.11212,9.17514,-10.6176,0.00120664,-3.84941,-5.91446,-1.23301,-4.19395,0.623094,-10.6668,8.28139,-17.7907,-11.4998,-14.1118,-12.7096,-14.0225,-9.93329,-15.8761,-11.5485,-19.2339,-6.36271,-79.3284,3344,5733,6547,11752,13395,14890,21280,30296,31982,32162,46032,49568,52286,71252,73616,83155,85255,90106,91249,99183,100972,106014,107807,108899,127382,128062,141563,146524,158734,176931
60,6100,389,382933,84599.1,91351.3,2.62755,9.64938,-11.943,-0.194511,-3.78981,-6.36298,-2.26209,-4.2503,0.43616,-10.0095,8.36113,-17.047,-10.9174,-14.7292,-12.0994,-15.3302,-9.85156,-17.0436,-11.6804,-20.6001,-7.71211,-82.5915,389,602,3732,8502,14458,16632,16894,21385,22745,31426,33834,36292,44613,44824,46970,60019,62929,76648,80989,88190,98610,100344,103348,113818,136061,148644,206501,249331,286310,382933
61,6200,507,253648,88189.6,73799.1,2.50746,9.7003,-11.0315,0.0480503,-2.82808,-5.8273,-2.46385,-5.06341,0.0856238,-11.2036,10.3086,-16.4522,-11.5739,-15.6675,-12.677,-17.9242,-9.83589,-16.3442,-11.9465,-20.3889,-7.82001,-81.8144,507,2659,6635,12387,15606,19825,20066,21847,42138,45257,50522,52540,54982,60045,63298,66698,75601,78349,85181,92073,111766,119186,136041,148654,181398,182279,201362,209424,235713,253648
62,6300,5850,276441,60104.6,58297,2.28991,9.93104,-10.2274,-0.161198,-2.47861,-5.9763,-2.5967,-3.69009,0.0566293,-10.2493,11.0382,-15.9986,-12.8756,-14.1325,-11.482,-19.5283,-10.7258,-15.9081,-12.6618,-20.758,-8.8211,-82.2119,5850,6397,12204,12243,13559,14394,15310,18355,21722,21947,31437,35362,41979,42583,43068,43731,43961,48603,50023,57465,61615,78164,95720,96405,97042,97581,99586,160060,160331,276441
63,6400,186,255579,70867.9,66024.4,2.86763,11.2017,-10.7664,-1.84052,-2.64161,-7.32562,-1.80452,-3.85374,0.853174,-12.5684,12.0267,-16.5828,-12.656,-13.845,-12.4269,-20.3638,-11.0404,-16.3213,-11.3926,-22.9158,-8.57711,-83.5061,186,660,1280,6758,7849,10249,17744,17815,28274,35415,38941,41806,41949,42168,43887,52088,62463,72299,72929,75358,75853,90950,92357,100009,131845,155932,160490,189447,203456,255579
64,6500,3855,260248,73943.3,72412.9,3.22496,11.1254,-9.78496,-1.19109,-1.86472,-6.71234,-1.7323,-2.5103,1.22787,-11.216,13.9358,-16.4526,-13.1494,-13.8942,-13.2222,-21.8191,-10.0222,-16.8048,-12.6958,-23.7991,-8.86728,-85.7227,3855,5998,6205,9537,10735,14517,15646,17895,19665,20996,21677,22064,33322,34874,37962,52447,63033,64156,68703,80134,90462,94743,115433,132659,148191,185181,187608,193585,206767,260248
65,6600,1620,157842,57084.5,42850,5.48653,10.564,-9.79073,-2.42096,-2.6314,-6.81115,0.345163,-3.40455,0.801415,-12.1418,13.9463,-16.9282,-13.2906,-13.4783,-11.6093,-20.6746,-11.0143,-19.0941,-15.0058,-23.8408,-10.8185,-88.1675,1620,8055,8973,14146,18077,18629,21036,21518,23352,26297,26756,33216,34340,40213,41815,51435,54108,61721,67787,72615,73530,80373,81358,82917,86466,101888,129575,130321,142555,157842
66,6700,1307,176191,74609.8,52130.8,6.36792,10.2191,-9.82519,-3.24091,-3.54243,-7.05519,-0.359355,-2.0531,0.204014,-11.439,13.2838,-17.6165,-13.4888,-13.6394,-10.7003,-21.7427,-12.1899,-17.8774,-14.6131,-24.4278,-9.29403,-89.7307,1307,8617,8836,17978,21586,22338,27684,29759,34656,35132,46363,46435,49440,51863,61797,75306,80749,83268,86151,90757,96255,97361,106774,123228,135658,145799,146741,156957,173307,176191
67,6800,1467,232640,75109,64195,7.08409,10.5063,-9.78747,-3.76459,-1.22484,-7.21451,-0.384106,-2.46439,0.613256,-12.404,14.3832,-18.9548,-11.3028,-14.3781,-12.6462,-20.0833,-11.568,-19.2044,-14.7014,-25.8146,-9.35062,-91.976,1467,5761,10282,11197,18096,21308,21659,30502,33034,33748,34631,34842,39614,42936,48292,53077,56931,62544,63390,79198,95736,118327,130694,141165,142463,143239,157589,187941,200966,232640
68,6900,4732,335014,95103.1,90972.3,5.77059,10.882,-10.8144,-2.58516,-0.312652,-7.07326,-0.0758002,-2.40457,1.44921,-12.116,14.4815,-19.8807,-12.5727,-16.2947,-12.427,-20.6323,-13.0574,-20.1842,-13.7203,-25.9724,-9.22538,-92.8964,4732,4755,18189,19748,22671,24483,25309,30079,30586,40062,42064,43360,43717,48448,55925,57884,60215,63862,73742,96902,110026,140747,159431,161659,163462,199065,200203,286722,290032,335014
69,7000,1067,391925,109194,106693,4.96762,10.7522,-11.4791,-2.90682,0.289436,-8.4734,-1.21153,-2.81943,0.605299,-10.7743,13.6827,-19.5206,-12.6296,-16.5472,-14.486,-20.7184,-13.4513,-20.2854,-13.3331,-24.5488,-9.84792,-92.6762,1067,3063,3300,4956,10484,15984,21268,36786,39906,45438,51213,52429,57666,66868,69788,70545,89484,94358,118489,127946,140989,145907,153416,170300,171521,212199,215747,305583,387196,391925
70,7100,6903,410000,84811.2,87154.1,5.19328,11.9296,-10.0484,-1.09196,-0.812943,-8.04984,-0.513485,-2.89927,-0.459283,-10.3931,14.3483,-21.428,-11.555,-17.7,-16.1328,-19.2112,-13.4082,-21.462,-12.0485,-23.9048,-10.436,-92.195,6903,7567,16341,18327,18710,23356,24187,25336,34605,46005,48183,48832,53132,57081,59987,61263,67418,71597,74568,81712,85233,90852,93038,114528,125409,125670,153866,205737,294892,410000
71,7200,6205,447499,121976,127151,7.65516,12.6425,-9.17484,-0.191757,-1.09906,-4.07712,-0.43067,-3.90528,-1.4329,-10.3073,13.8198,-21.7038,-11.4095,-16.3516,-16.4879,-17.4203,-14.0072,-21.5712,-11.1821,-22.9996,-9.14648,-89.8231,6205,7937,8672,10079,18885,21556,26373,34301,37599,45480,53552,60206,70783,72268,76124,94458,94620,98158,107099,114760,127789,128006,136749,165998,185554,230133,339363,408168,430913,447499
72,7300,9729,296068,103365,78787.7,7.25563,12.8878,-11.4605,0.0786952,-1.68781,-4.02822,0.693492,-3.82725,-0.179325,-11.287,15.1154,-22.6762,-10.9641,-16.314,-15.578,-17.3417,-13.6616,-21.7533,-10.7352,-24.9684,-10.3252,-90.8011,9729,14303,16421,27080,29049,36452,41467,43488,47268,48923,50827,68729,68751,69405,77603,84138,90862,91796,103717,105794,117181,135417,147368,159672,191262,202986,231395,241379,252433,296068
73,7400,12693,891972,177938,194280,8.68274,12.8436,-11.5061,0.990506,-2.3489,-3.86426,-1.48869,-3.99828,0.412417,-12.5438,14.013,-23.5644,-11.8725,-16.2964,-15.4982,-18.2267,-14.3486,-21.2618,-11.136,-24.3807,-9.7665,-91.8093,12693,23601,31845,32677,39687,49110,54753,61311,67025,73281,74266,92504,105357,110941,114103,118301,121735,124704,145655,159977,180312,189700,244757,247171,273033,290858,335747,379350,691728,891972
74,7500,8397,518887,150739,119767,9.42352,13.7484,-12.7297,0.939331,-1.75425,-4.77382,-1.51892,-5.29373,0.949374,-9.61513,14.2505,-23.644,-12.1328,-14.6394,-15.1804,-18.2118,-15.85,-20.5633,-12.098,-25.3789,-10.2626,-94.0117,8397,9350,15188,16088,17219,17686,21034,48875,72904,79232,82632,86861,92697,141482,149735,161436,171596,173637,192615,194200,200647,210463,226369,229545,232584,237153,248505,282289,382862,518887
75,7600,2140,518840,172881,132307,11.5327,12.7583,-11.059,0.705894,-1.73014,-4.87582,-1.63757,-3.47218,1.73013,-9.9057,14.7121,-21.5537,-11.4043,-15.6212,-16.9632,-19.1224,-16.6446,-20.2876,-11.4039,-25.4631,-9.18236,-94.2548,2140,2213,5150,15550,24646,58341,70718,72346,73472,87083,123930,130463,134772,137011,137671,178357,179601,191337,206784,207022,227671,228886,242351,243603,264942,273600,291439,344771,511731,518840
76,7700,1556,734068,138252,161012,12.0317,12.3832,-8.82519,-0.027625,-1.59305,-3.09618,-1.77071,-3.61931,1.23468,-9.92363,14.3172,-22.5506,-13.5849,-17.764,-16.707,-18.6423,-18.1781,-20.4576,-10.7991,-24.6178,-11.2085,-93.9382,1556,4006,8400,9521,17709,21252,32355,34864,44608,45159,63723,69123,70167,70544,70873,71753,76078,88430,97968,148499,185209,198662,210092,211337,239820,243999,260413,300335,517041,734068
77,7800,3583,306283,83791.5,65967.9,13.011,11.2378,-9.11661,-1.29562,-3.84951,-2.94413,-1.20938,-4.17152,-2.39544,-11.3819,15.4154,-24.3616,-13.1932,-20.3699,-16.9419,-20.0216,-18.5947,-20.21,-12.2737,-24.4588,-11.6728,-94.7133,3583,13707,14343,17927,18002,22703,24295,27552,34216,49317,59614,61701,66113,67537,67791,77641,85404,88048,89899,98780,103594,109940,111852,115670,123235,134460,134799,160029,225710,306283
78,7900,2222,445777,109593,102044,11.8339,11.8191,-8.81363,-0.588369,-4.33974,-2.0507,-1.75858,-2.63194,-1.19291,-11.0676,13.9276,-22.422,-12.5441,-20.7693,-16.9262,-20.8046,-18.5015,-19.0112,-13.2437,-25.3806,-11.0495,-96.0358,2222,2613,6376,11374,15962,17066,17570,19034,28457,38728,67785,74229,88519,90836,100576,101572,101603,114015,114968,116821,147810,150072,156379,157876,163267,167769,172441,238397,357686,445777
79,8000,4012,331575,98623.3,79202.2,10.1014,12.2824,-8.6979,0.869919,-2.88903,-2.41948,-3.16125,-2.55604,-0.541163,-9.15141,12.1229,-21.1132,-11.6094,-18.3188,-19.9985,-21.4227,-18.9306,-18.8961,-13.1002,-24.4935,-10.8726,-96.3578,4012,6586,10086,10829,23514,33674,34877,50803,52823,54619,56486,61902,73070,82908,85895,88044,88351,90529,94826,97295,100681,120668,126128,144695,155338,176663,194416,253447,253960,331575
80,8100,33,294697,47053.8,62380.9,9.61433,12.0182,-9.33965,-0.195483,-3.83052,-1.30405,-3.47993,-3.11264,0.202539,-9.20461,12.4902,-22.4705,-10.2,-17.9684,-19.9156,-22.5192,-19.8081,-18.6937,-12.6243,-23.937,-10.8518,-98.3653,33,2946,3372,4684,5479,5961,7203,9119,9267,10129,12438,13014,21550,21561,22931,27649,29038,33751,37145,41280,46168,57592,59067,62159,78429,91116,112144,114132,177561,294697
