generation,agents,minScore,maxScore,meanScore,standardDeviation,w0,w1,w2,w3,w4,w5,w6,w7,w8,w9,w10,w11,w12,w13,w14,w15,w16,w17,w18,w19,w20,w21,s0,s1,s2,s3,s4,s5,s6,s7,s8,s9,s10,s11,s12,s13,s14,s15,s16,s17,s18,s19,s20,s21,s22,s23,s24,s25,s26,s27,s28,s29
0,100,0,17,7.23333,4.24819,0.241957,-0.730517,-1.35907,-2.068,0.640017,1.80638,-3.5412,-7.05695,-3.57585,1.72444,0.476898,-8.59524,-2.65922,-6.06983,0.565406,-3.27067,-4.87504,6.46727,0.976082,-0.219374,-2.35836,-6.33235,0,1,3,3,3,3,4,4,4,4,5,5,5,6,7,7,7,8,8,9,9,10,10,10,11,12,13,14,15,17
1,200,1,69,28.5667,13.3976,0.90192,-1.17809,2.30172,-5.70438,-2.25785,-4.1586,-4.67668,-8.38428,-4.12156,-1.19396,-5.19173,-10.0297,-2.26433,-5.75212,-2.92311,-1.6196,-5.2227,5.75552,2.29,-4.98492,-9.23983,-12.7317,1,10,14,15,16,17,18,20,21,22,22,23,25,28,28,29,29,31,32,32,33,33,34,35,38,43,44,45,50,69
2,300,10,86,41.8333,19.4033,-1.00334,-5.74501,-2.02968,-8.40673,-1.17549,-2.02494,-4.58212,-14.8831,-7.48566,-3.77899,-4.85015,-12.8582,-8.34133,-12.1924,-7.83328,-4.79049,-3.96108,2.35974,-0.25449,-8.30062,-9.69188,-14.3359,10,11,13,14,24,27,27,31,32,33,34,35,36,37,39,41,42,42,43,43,46,54,57,58,64,65,67,68,76,86
3,400,0,127,60.3,31.7698,-3.79449,-5.11605,-7.61302,-7.90244,-2.86396,-7.61246,-5.16598,-14.2358,-2.92219,-6.40172,-4.97625,-13.1836,-10.2434,-13.9183,-7.85289,-7.85096,0.00938064,0.495646,1.84459,-9.14229,-9.476,-18.729,0,2,20,21,26,27,30,39,47,48,51,53,58,61,62,62,66,66,67,70,72,74,75,81,83,84,104,115,118,127
4,500,43,243,122.467,58.8046,-2.37515,-8.3569,-7.64465,-9.7283,-3.28747,-7.42635,-4.58322,-12.2824,-2.15051,-10.0146,-3.70183,-14.3293,-11.8087,-12.6084,-5.83304,-9.79243,-2.48981,-3.14389,-0.549655,-9.44706,-12.1283,-20.2645,43,55,56,63,66,66,71,72,72,75,76,82,84,87,111,116,119,125,135,161,168,170,170,183,187,192,195,202,229,243
5,600,36,282,105.467,47.7,-2.91195,-4.95236,-8.28964,-9.88035,-2.59204,-4.98902,-3.99942,-10.0412,-3.57802,-14.0144,-2.6057,-16.2476,-12.3279,-9.87023,-5.11009,-10.4866,-7.05935,-3.48374,-0.831495,-12.7356,-13.9847,-24.1581,36,55,56,57,59,65,65,75,77,77,86,88,91,94,96,101,102,105,115,121,125,128,131,134,135,139,141,145,183,282
6,700,33,506,145,110.116,-5.68178,-4.42633,-6.21339,-10.6749,-4.8713,-6.70064,-8.00295,-13.5172,-2.47465,-11.4713,-3.00566,-17.3478,-12.1005,-7.94631,-6.65878,-12.8822,-5.16144,-3.2993,-4.40207,-11.32,-14.8096,-26.0144,33,49,51,58,62,67,69,74,76,76,78,84,93,106,107,120,126,129,129,132,169,175,189,207,211,220,222,284,448,506
7,800,57,403,151.467,87.3004,-7.8731,-4.11448,-6.12566,-8.08798,-7.00894,-4.56761,-8.95444,-13.2949,-4.58643,-10.4136,-1.57383,-16.7289,-12.9126,-10.0074,-7.34224,-12.0092,-4.39909,-3.28108,-3.6638,-9.92739,-15.1396,-27.263,57,57,59,73,77,83,88,93,93,97,100,102,105,105,116,122,123,129,140,176,177,180,192,211,262,262,266,284,312,403
8,900,73,525,242.633,132.416,-6.93322,-2.07293,-6.60822,-6.11276,-5.84565,-3.66233,-9.39423,-10.7149,-4.36042,-9.62533,-2.02827,-15.6685,-13.2985,-12.4699,-6.79673,-11.0892,-4.17386,-1.69854,-3.35603,-10.8268,-13.5665,-31.8769,73,73,97,97,103,111,117,126,126,127,150,160,164,195,195,195,294,302,307,318,324,335,348,351,369,382,407,427,481,525
9,1000,53,1056,317.367,251.736,-8.31705,-2.12189,-6.64738,-5.49562,-6.39785,-4.13899,-9.42678,-6.481,-4.52754,-8.49906,0.0522699,-15.5605,-13.0343,-11.0453,-7.3974,-12.2573,-5.32216,-2.27367,-2.7505,-9.52598,-12.8172,-34.1199,53,93,97,106,112,120,122,151,161,164,188,200,206,211,233,234,283,299,310,322,328,355,383,419,448,460,614,869,924,1056
10,1100,58,1460,521.9,355.556,-7.68634,-0.689346,-7.5154,-4.87201,-7.82707,-3.75931,-10.6276,-7.00985,-5.07662,-7.35925,-0.539039,-12.5655,-12.1016,-11.8151,-6.04699,-9.98979,-6.64723,-3.13444,-4.90827,-9.51695,-11.2284,-35.7573,58,130,130,171,208,228,250,264,269,289,313,321,324,342,356,367,391,599,631,658,679,688,693,793,839,896,1003,1077,1230,1460
11,1200,148,5273,1262.33,1236.74,-10.3673,1.32971,-8.22254,-3.52739,-7.8367,-3.98568,-8.33077,-5.48676,-6.2828,-8.10551,0.332716,-10.124,-11.002,-12.5612,-7.24123,-8.03692,-4.70243,-5.05654,-4.66427,-9.78021,-10.9498,-37.222,148,167,212,237,292,405,438,448,483,504,594,636,640,736,927,1011,1130,1134,1264,1409,1415,1423,1709,1713,1716,1788,1901,3442,4675,5273
12,1300,319,8770,2547.5,2524.07,-9.30874,3.54805,-8.58803,-3.31063,-9.06087,-3.66755,-5.77756,-6.07204,-5.89159,-9.09929,1.52391,-9.99908,-9.12307,-11.615,-6.66292,-7.71802,-5.06863,-6.14923,-5.97283,-10.7182,-7.35548,-38.7172,319,329,351,383,384,385,417,680,698,711,757,1046,1234,1454,1466,1481,1545,1689,2211,2732,3190,3438,3825,4574,4891,5532,6767,7474,7692,8770
13,1400,188,18535,5387.43,4901.55,-7.36192,4.11751,-10.6345,-2.35647,-8.79047,-4.09602,-6.1041,-4.48791,-5.52835,-9.25702,0.348354,-10.8765,-9.39781,-13.379,-6.30395,-10.1154,-5.68056,-8.30695,-5.84566,-8.94401,-4.57439,-41.2927,188,240,607,962,987,1023,1098,1719,1800,2387,2847,2943,3084,3614,3880,4086,4487,4591,4717,4887,5945,7625,7820,9449,9947,10243,11604,13249,17059,18535
14,1500,576,19306,4701.37,4317.94,-6.24907,4.74527,-9.88516,-1.33548,-10.1186,-4.46992,-5.42495,-4.9765,-3.04179,-9.0489,0.543985,-10.0469,-11.1209,-11.4814,-7.88073,-8.75408,-7.27333,-8.97008,-6.05463,-10.1921,-5.78619,-44.3653,576,724,847,1013,1095,1323,1716,1966,2339,2390,2493,2572,2691,2771,2948,3256,3674,4212,4545,5077,5994,6010,6654,6949,7228,7891,8039,8311,16431,19306
15,1600,201,29930,7577.63,7053.52,-6.73513,4.52986,-8.82741,-1.6558,-9.90826,-4.12516,-2.95155,-6.79785,-2.95189,-9.5928,0.985865,-11.4849,-9.60649,-12.1479,-7.80898,-10.4273,-8.0381,-8.65651,-6.611,-10.7092,-4.98334,-49.3763,201,320,392,431,672,1654,2101,2277,2361,3265,5055,5710,5829,5834,5969,6217,6243,6427,6469,6921,8151,8886,9927,11423,12080,14621,17409,18027,22527,29930
16,1700,449,52449,13006.7,13149.8,-8.60813,4.7626,-9.28875,-0.913779,-9.98126,-2.7773,-1.61406,-8.19901,-2.91892,-9.34804,2.34149,-11.0611,-8.56854,-11.3057,-9.17031,-9.80124,-8.57527,-8.87568,-6.95974,-10.2343,-5.45942,-50.8903,449,1799,2011,2158,2290,3551,4069,5109,5559,6721,6822,7567,7625,7683,8056,8320,9427,9678,9774,10207,12971,13621,14782,15817,17802,31433,31557,35080,45815,52449
17,1800,347,49437,10176.5,11265.3,-14.2385,4.68642,-10.4033,-0.907626,-9.06349,-3.19027,-2.11146,-6.97827,-3.70316,-8.12371,2.6447,-11.3364,-9.47056,-10.6217,-9.55247,-8.75529,-8.03361,-9.72393,-7.26338,-9.92399,-6.51937,-51.1131,347,1116,1156,1171,1289,2327,2441,2446,2857,3141,3339,3397,4666,4871,5598,5841,7275,9539,9572,10225,12060,12451,13898,14311,15076,18215,25033,28898,33302,49437
18,1900,2553,39463,14317.2,10459.8,-15.9137,7.13405,-9.77303,-1.76996,-9.30965,-3.8359,-3.33805,-6.24439,-0.85234,-8.47517,2.60115,-12.438,-8.83636,-11.0323,-9.20121,-10.2663,-8.72558,-9.66005,-6.87718,-10.8415,-7.40274,-54.108,2553,2704,3591,3782,3872,4354,4535,5013,6009,6320,7782,8532,9761,10041,11654,12653,13757,14760,15030,16213,19073,19116,19755,20590,23965,25472,31969,32982,34214,39463
19,2000,1174,79391,22482.3,21057.2,-15.6058,8.38286,-10.8358,-4.02085,-8.37865,-3.15516,-2.23544,-5.88702,-0.814484,-9.86575,4.50297,-13.5676,-8.29303,-10.4482,-11.521,-9.39089,-8.30705,-9.6808,-6.3205,-13.1589,-7.64813,-56.2544,1174,1312,2206,2345,3472,4221,4642,5154,5955,6744,10387,11907,12099,13741,13895,16778,20073,21902,24441,24549,26274,28279,29546,41512,42871,44446,44749,64880,65525,79391
20,2100,268,42581,11460.9,10609.8,-15.5794,8.95908,-10.8686,-4.52005,-9.33834,-4.7791,-1.51429,-5.91699,-3.47618,-9.89041,4.46169,-15.5624,-7.39561,-11.07,-12.9576,-10.0779,-8.00018,-10.5906,-5.85999,-12.1871,-8.61805,-56.9745,268,610,712,1096,1481,2135,3109,3299,5507,5866,6025,6130,7334,7450,7619,7780,10348,12192,12694,12761,13092,13162,16007,16206,16629,18849,25575,32756,34553,42581
21,2200,2131,69267,20774,14459.1,-15.9717,8.43268,-9.16774,-4.7212,-7.4882,-3.27415,-1.71062,-4.25295,-0.687116,-10.0465,5.29677,-14.8395,-10.2664,-11.2159,-10.9501,-10.365,-7.48071,-10.6761,-7.11444,-12.8203,-5.74408,-59.3709,2131,3239,6891,8185,8730,8815,9092,9992,10804,11771,13212,13597,13999,14012,17406,18654,19730,21182,21605,24081,24552,24999,29391,31684,32164,33491,34537,37516,48490,69267
22,2300,445,118679,34594.2,29900.1,-18.831,8.81595,-10.5345,-5.01587,-6.92679,-2.70425,-2.57177,-4.50559,-1.48011,-9.92404,4.26052,-16.1391,-10.4576,-11.5414,-12.0059,-10.5003,-7.96414,-11.0834,-6.96609,-12.6763,-5.68459,-59.4549,445,1158,2599,4566,6447,7489,13823,15109,15648,16102,19592,20588,21617,21724,23935,24092,28810,30242,35367,38776,38792,42870,43280,56661,59800,76183,77400,86545,89488,118679
23,2400,51,74782,23643.4,18974.7,-22.6114,7.80278,-10.4618,-3.68359,-6.79128,-2.79101,-2.61378,-3.73618,-2.28092,-11.122,4.63712,-15.8282,-10.063,-12.0474,-14.2703,-9.77418,-9.09055,-11.0996,-6.84722,-11.9923,-6.19325,-60.7459,51,360,742,783,1614,4007,4157,11527,11618,12732,13652,15017,15044,21447,21718,22957,23266,24440,24727,25575,30582,32358,36192,39684,43286,44011,45566,45677,61731,74782
24,2500,364,204207,30744.4,39467.6,-24.1636,7.81338,-9.89268,-2.89509,-6.84548,-1.93998,-2.56489,-3.86651,-2.12348,-10.5661,6.00508,-16.0399,-9.01232,-11.8138,-13.8356,-10.1598,-7.86856,-12.1852,-8.53118,-11.9872,-6.13131,-62.4251,364,721,2745,2778,2958,6259,6800,8145,8563,9653,10383,12569,13104,15424,17617,23352,23759,25223,29134,30808,33426,39263,44095,44377,48582,49085,54678,58071,96190,204207
25,2600,494,219703,48575.4,50509,-25.8626,7.64152,-9.63416,-0.822268,-7.30914,-2.57302,-2.98929,-5.46287,0.218307,-10.2728,6.80341,-15.5176,-8.71383,-11.8624,-11.9215,-11.945,-8.20861,-12.0897,-8.1202,-13.686,-7.75148,-63.1964,494,1546,2141,4601,9324,12128,12671,17509,18754,19549,22130,25476,28764,29102,29218,33752,36955,38552,41038,51158,54486,55698,59224,81971,85463,88125,93996,105649,178084,219703
26,2700,1000,104041,42486.8,30541.2,-26.2053,6.96904,-9.41755,0.200655,-5.7871,-2.13429,-3.28214,-4.14984,0.290789,-9.277,6.73128,-15.1744,-9.49058,-11.7498,-13.4672,-12.301,-8.5439,-12.7638,-9.05665,-15.1775,-7.24486,-63.0978,1000,2050,3535,3730,13266,14298,15235,15464,17641,22311,23980,24557,27963,32068,34794,38519,45941,48393,49473,53854,58054,62114,63902,67844,79291,82445,83396,87450,97994,104041
27,2800,984,261569,67237.2,62368.1,-26.3335,7.88388,-9.56004,1.82981,-5.31816,-2.26175,-1.44641,-1.63151,-0.810755,-8.4213,6.04398,-15.4351,-9.0016,-12.0111,-14.4785,-12.646,-9.30117,-12.5233,-8.14432,-15.4858,-7.05801,-64.5155,984,1087,2711,5007,12170,15717,19240,25058,27369,28870,29704,30085,31855,36189,39633,45806,49243,64712,66955,81813,86272,93470,107054,114015,129687,135682,151220,151319,172621,261569
28,2900,1935,246325,74787,63895.3,-26.6459,8.78602,-9.65116,2.01823,-5.36652,-2.33355,-2.1456,-0.970413,-2.80136,-8.28655,7.47943,-16.1604,-9.34557,-11.4518,-13.0533,-13.1615,-10.2061,-13.2413,-9.19682,-15.5954,-6.18395,-65.3898,1935,3105,4437,9567,17373,17974,19430,23000,24503,28861,28927,35194,52343,53640,57737,57995,58101,67070,79130,89695,97171,112591,127586,132483,134186,150198,151938,157629,203486,246325
29,3000,8885,411796,94853.5,85061.4,-24.9534,8.51558,-8.31916,-0.3156,-5.54705,-2.22289,-2.28836,-4.93382,-2.50273,-8.09622,7.94421,-16.5839,-10.3556,-12.7008,-13.4612,-12.0422,-10.535,-13.8386,-8.75601,-14.5486,-6.56809,-65.2076,8885,19711,20452,21761,25549,27427,27618,38733,44110,46197,46687,47267,50393,57825,70488,73363,82185,89114,96882,108009,119683,120025,131428,137335,140885,142870,174205,207765,256956,411796
30,3100,192,387693,119105,97122.1,-25.8487,8.76109,-8.60963,1.01745,-5.71552,-0.996847,-1.18951,-5.17157,-0.817432,-8.10241,7.40672,-17.0696,-11.2862,-12.9256,-13.626,-13.3546,-10.7442,-14.5798,-9.25231,-15.6402,-6.42876,-65.7406,192,5387,12522,18904,20163,25965,34493,35577,42186,46982,51774,60577,70272,80256,84264,104904,113202,139367,152972,162352,168967,179619,192991,199491,209099,211449,224868,236172,300490,387693
31,3200,7816,481656,107814,101602,-26.6413,8.8834,-9.16925,-0.783408,-5.07036,-1.52503,-1.99561,-2.49372,-0.855861,-8.24315,7.53404,-16.5798,-10.0359,-12.799,-16.3229,-12.7455,-14.0184,-14.4746,-10.0714,-14.9191,-5.6628,-65.1194,7816,8900,15088,15960,27828,28161,29817,41294,44917,46654,47588,53740,78346,81877,84431,91664,94863,97935,100522,104027,108289,128649,139078,148182,185689,194433,210743,223446,312842,481656
32,3300,7669,598792,114537,111559,-25.265,8.20527,-9.75185,-0.32179,-6.47272,-1.64242,-1.89238,-2.90547,-1.47869,-7.69666,7.19913,-15.7762,-9.57907,-12.4714,-14.2547,-13.1657,-14.4916,-13.6017,-10.0575,-14.7014,-3.44465,-64.8307,7669,12438,13721,15919,38802,38850,45065,48536,48818,49865,63191,80373,81826,84266,88759,105660,107419,108867,121244,121755,125181,144105,148059,148115,154550,158763,175105,222347,278037,598792
33,3400,1244,171720,55188.1,45958.6,-28.2549,7.79496,-8.73973,-0.228786,-6.44958,-1.68197,-1.15758,-2.08727,-1.86198,-7.47031,7.67737,-16.0058,-9.63119,-12.8725,-15.2937,-13.8303,-14.6803,-14.4838,-9.21073,-15.5148,-4.03581,-62.8114,1244,6190,7204,11840,13971,16536,19733,22034,23210,23982,23984,26569,29490,34333,40869,40934,44912,61649,64569,65049,66412,66811,67500,96948,107923,108076,108616,114641,168693,171720
34,3500,2951,336692,101877,93711.8,-28.842,9.61126,-9.13658,0.828495,-7.07117,-0.477504,-0.399002,-3.21906,-1.03749,-7.48999,8.14984,-16.8389,-10.5195,-13.6991,-14.4224,-14.0262,-14.3241,-13.8936,-9.12974,-15.0777,-4.24481,-65.0174,2951,3022,3634,5497,9771,11267,13172,32291,38602,39479,41101,50529,59058,62744,74177,95683,99445,109674,114968,120741,125642,139128,145545,148334,157516,187912,231149,264706,331880,336692
35,3600,8655,619369,108485,129281,-25.7825,8.85878,-9.09778,1.33073,-6.2675,-1.27149,-0.24131,-3.28945,-0.502575,-7.77895,7.66708,-16.5433,-12.3319,-13.7292,-13.9822,-14.03,-12.3579,-15.7665,-10.1086,-16.2937,-3.18735,-66.1827,8655,9020,12217,16173,18150,23174,24805,26569,36375,40239,42627,46181,47113,56285,57631,70778,77401,84299,85950,101001,118162,120387,136669,143287,165239,177634,233667,282285,373216,619369
36,3700,5866,403372,97685.8,100849,-27.2557,7.76044,-8.42333,1.24469,-5.21577,0.152157,0.246181,-4.12796,-1.29735,-8.44208,8.36299,-16.1875,-13.0658,-14.3735,-14.4767,-13.3427,-13.1564,-14.8554,-9.97818,-15.6279,-2.64567,-65.3058,5866,7203,8140,13702,15446,26188,27052,27278,30728,35621,38786,40124,40954,50089,50746,66988,75145,76758,83304,84395,97144,132467,142270,165863,175715,183281,226469,258431,341050,403372
37,3800,1234,521680,151688,116413,-24.8309,10.1435,-8.85762,-0.28056,-5.76656,0.12871,-1.02955,-3.84088,-1.39649,-6.91765,7.97552,-15.6913,-10.9916,-14.1337,-14.3643,-11.9731,-10.519,-12.8602,-10.8639,-16.8532,-3.61706,-65.193,1234,9918,16230,33072,50532,59174,66489,69686,72207,76665,84735,87298,99018,102042,107841,120993,130009,158617,164504,187056,218258,218399,222656,243090,257347,265366,266877,293291,346362,521680
38,3900,3553,362503,92008,100885,-23.5568,9.84591,-8.9249,-0.8029,-5.70287,0.0117271,0.259687,-4.25121,-1.84747,-6.49725,8.00442,-15.8999,-12.9269,-13.3217,-14.152,-13.0561,-9.97546,-13.097,-11.0084,-18.4373,-3.99867,-67.9031,3553,5031,5177,5960,8809,10019,11179,20145,23912,27652,34912,35697,44196,50016,52434,53260,54354,69381,70907,82585,104044,118994,137470,170266,178551,187549,190382,292295,349006,362503
39,4000,847,360959,88931.6,87762.6,-22.6194,8.32477,-8.50182,-1.49731,-4.29503,-2.07848,1.07471,-2.92767,-2.28953,-9.11333,8.23955,-17.1177,-12.0744,-12.7402,-14.5608,-12.3032,-11.3796,-13.5824,-10.7267,-19.5343,-4.94482,-70.1249,847,8942,9417,9658,11862,14398,20036,23856,25330,25503,26436,30775,37468,40555,61732,65605,70897,75846,90071,104654,107498,115712,141531,167542,171896,188893,194820,218942,246266,360959
40,4100,2918,317461,72782.2,76970.2,-21.3734,8.851,-8.34583,-1.38831,-4.29236,-2.38421,0.540492,-4.21467,-2.14101,-8.99301,7.76678,-15.6266,-13.0225,-13.8912,-13.595,-11.8999,-12.2463,-13.7166,-11.5574,-19.7525,-4.77484,-70.4593,2918,4964,5895,9432,10450,12347,13982,14189,24380,30914,38977,40234,41185,46483,52189,56541,57657,59755,72211,74968,87579,91208,96219,105287,106572,122034,133236,145092,309108,317461
41,4200,130,199062,64890,49633.5,-22.8951,8.70567,-7.675,-0.889077,-3.8544,-3.62833,0.521387,-4.49516,-0.565798,-10.1312,7.87426,-14.488,-12.9372,-13.1962,-14.0188,-12.7338,-11.7267,-15.6685,-11.057,-19.2465,-4.54871,-72.0425,130,1397,1874,3982,4805,21856,29746,35535,37686,40588,41641,43269,46293,47069,48370,62821,64551,69055,69477,70058,75921,89086,97352,102805,103272,108364,115317,145151,170166,199062
42,4300,573,300069,75411.1,67679.6,-24.569,6.72074,-7.24214,0.433669,-3.35789,-3.46862,-0.577807,-4.0513,-1.10882,-9.42591,8.46292,-14.7733,-14.2316,-13.8858,-15.4431,-12.728,-11.4527,-19.0131,-11.4828,-18.0867,-5.21369,-73.9506,573,1851,3705,5416,8899,12015,16190,17455,18806,37947,38224,40905,41438,44081,66730,71543,72266,72525,84863,97799,106899,112386,117627,127646,134218,135040,139098,147088,189030,300069
43,4400,1429,205261,48208.9,47004.9,-24.2572,6.87199,-6.67593,1.99353,-2.91043,-4.05916,-0.951124,-4.06581,-0.289643,-8.28296,8.68454,-14.9757,-12.5309,-14.5211,-15.0777,-12.3987,-11.6209,-18.9218,-11.1968,-16.9598,-5.80959,-73.9868,1429,2863,3342,4438,6839,7225,8743,11745,13997,18884,22035,22971,23181,26178,33911,36377,40955,43154,52087,61429,64296,65056,69159,71358,83588,93793,103489,109826,138657,205261
44,4500,2749,228969,55860.3,49992,-26.6067,6.01223,-8.03323,0.171928,-2.92749,-4.85127,-1.33429,-5.54809,-1.18539,-11.2316,10.0637,-16.266,-12.4333,-13.8286,-15.2181,-12.7807,-11.7005,-18.1354,-10.5962,-18.4969,-7.58226,-73.8963,2749,3249,6412,7825,9703,13019,13546,22328,24376,25068,28872,29369,32816,33540,38922,41924,44331,60748,61325,63336,71588,75973,83091,83717,95134,95639,121115,123963,133161,228969
45,4600,533,199066,62050.2,60010.3,-27.2487,6.31819,-7.24804,-0.261223,-3.52648,-4.92175,0.277564,-5.64835,-0.971028,-12.0157,8.74796,-17.0918,-11.9492,-14.53,-15.3742,-13.3521,-12.4249,-18.6887,-9.7531,-17.2706,-6.96057,-75.7148,533,2526,5375,5420,5498,7957,9322,9510,15195,16768,29193,29858,31746,37683,41478,42402,53566,57324,64248,70104,71558,78775,80634,114567,116085,145176,150221,175843,193875,199066
46,4700,1439,325780,69760.1,69902.4,-27.4863,6.17682,-7.02234,0.240979,-4.81491,-4.99897,-1.62486,-7.05965,1.24498,-11.6665,9.43975,-16.9035,-10.74,-16.2325,-16.5295,-13.4227,-12.1388,-15.9372,-10.4073,-18.3618,-6.85251,-76.3734,1439,2531,2594,2876,3422,8906,15565,19695,23747,26186,30184,36965,44646,45892,61128,65142,68274,68802,73778,79064,87130,91445,92828,93875,107822,131917,132272,133505,215394,325780
47,4800,2298,221935,53485.3,52810.5,-27.2643,6.91198,-7.8276,0.615288,-3.72092,-3.10485,-1.98422,-5.78223,0.799582,-10.6159,9.86901,-16.1661,-11.3223,-16.7471,-16.3686,-15.1216,-12.8211,-16.1424,-10.7962,-16.9435,-5.87381,-77.8991,2298,5038,5873,6122,7096,8804,14515,17605,19539,20163,21303,29801,33204,34955,36194,37088,38889,42165,47983,52713,59226,78935,79590,80199,85662,91416,107771,141159,177319,221935
48,4900,1022,281905,76532.2,74346.4,-25.8928,7.57753,-8.56728,1.96606,-3.84131,-2.5234,-1.5448,-5.80993,1.5665,-10.1911,8.86718,-18.1981,-11.2853,-17.2342,-14.9039,-13.2518,-12.3598,-15.6918,-10.063,-18.2954,-6.46701,-78.2921,1022,5204,9491,12363,16957,18096,21836,24911,27002,30564,32116,33724,39713,42285,44732,46672,46726,57329,70957,72167,81908,94248,131861,136180,148014,157110,157812,196410,256650,281905
49,5000,12807,359298,105716,98598.4,-29.6438,8.92284,-9.07229,-0.171149,-3.49782,-3.50771,-1.42397,-4.53561,1.06782,-9.60663,7.54822,-17.7865,-10.8585,-16.9763,-14.1038,-13.5487,-11.4083,-15.5582,-9.15296,-19.0412,-4.98697,-78.1124,12807,16154,21697,25854,26177,35075,35134,35826,38297,38997,45635,54291,58129,58151,60746,76885,78470,90509,91566,101166,104577,106679,111963,140167,223894,234882,266868,294007,327578,359298
50,5100,2618,384543,82905.7,84491.3,-31.6471,9.27891,-10.0776,-0.540626,-2.86904,-3.79934,-0.483055,-4.47527,1.13138,-9.24678,8.21303,-17.4753,-12.4899,-16.4499,-14.7109,-15.52,-11.2918,-14.1695,-7.47369,-21.2219,-5.46111,-79.2977,2618,3487,11364,11387,12532,12732,17618,20942,22087,27216,32048,33898,34343,49391,56392,60645,73083,90727,92993,94193,96773,104003,108413,108416,155124,157490,184067,195256,233390,384543
51,5200,3632,430782,80179.6,85992.9,-31.8224,8.58403,-10.0488,-0.740527,-3.50954,-4.14414,1.85168,-3.86566,0.463952,-10.0079,10.3753,-17.737,-11.7755,-15.8969,-15.6272,-15.6453,-11.4966,-13.4407,-9.77981,-21.3631,-5.58335,-81.2784,3632,3750,6644,12124,12443,14113,16697,17868,28613,32972,37188,44129,49177,52132,55068,60363,74664,75532,78343,83104,91983,92000,104063,107164,121183,140688,171344,171515,216109,430782
52,5300,1691,403439,89628.7,100999,-31.1649,9.50581,-9.66248,-0.351281,-4.71856,-5.02048,1.02009,-5.43656,-1.54531,-10.4403,10.6338,-18.0161,-9.8634,-14.8452,-15.4211,-16.3821,-11.8542,-13.6551,-10.4704,-19.8151,-6.80015,-81.9998,1691,11981,18673,19257,21058,24507,25103,25671,28876,31286,32978,44111,48513,51985,52897,53656,60520,63304,63366,68337,68890,111163,113394,118703,135309,171263,185424,238686,394820,403439
53,5400,290,268446,82729,81954.6,-31.7876,8.33598,-8.56482,0.816791,-2.76073,-4.0759,0.31224,-4.4274,0.94779,-10.2854,9.66245,-17.2979,-9.54296,-15.0544,-16.4444,-15.9525,-13.1807,-15.6983,-11.6513,-20.1509,-6.55399,-82.6186,290,2452,3348,6888,9850,11069,13207,17447,18256,19177,23080,24366,31480,51048,56179,58607,70344,71359,84058,90025,97580,124082,143633,147314,166817,169096,198229,250563,253580,268446
54,5500,1340,368981,92833.3,89468.3,-31.6119,9.45606,-10.2247,0.788604,-3.80286,-4.76741,0.043611,-6.86354,1.88714,-9.52155,9.84154,-17.0184,-11.1223,-13.3352,-16.1924,-15.9059,-13.7985,-16.6992,-11.9256,-19.4699,-8.10735,-81.8321,1340,4130,7140,12062,13155,20906,32954,38922,40909,45268,48102,48502,55503,61888,62542,64618,66877,71217,77902,78740,100076,108243,125374,153411,164250,181077,186638,238981,305290,368981
55,5600,1409,396292,76503,89079.4,-30.7791,9.1799,-9.99722,3.21358,-5.53169,-5.53762,-0.100142,-6.22231,1.37425,-9.97611,10.4787,-16.7562,-11.2859,-13.5286,-18.0873,-17.1279,-14.9683,-14.3421,-12.8144,-20.7033,-7.88799,-83.4542,1409,1520,1670,2069,3260,4604,5244,11989,13803,23621,24784,28774,47704,48341,51544,52428,59661,63613,63681,76121,97230,106762,109139,116665,141433,145069,148144,157840,290675,396292
56,5700,3232,528271,107835,112096,-33.2388,9.86199,-10.1315,2.94599,-3.94431,-4.35987,-1.21145,-8.01983,0.655515,-11.7589,10.8534,-17.2949,-12.7602,-15.4269,-18.4465,-17.7403,-14.9937,-15.5424,-11.8427,-21.508,-7.42129,-83.9886,3232,4510,4980,15042,19627,31427,32317,33179,38140,44236,46754,55189,58191,70288,76859,95827,96143,96161,105299,113805,114156,114577,115575,143244,154534,207859,220693,258775,336152,528271
57,5800,992,415695,92686.3,102636,-32.1312,8.94048,-10.0846,1.45648,-3.13698,-1.9162,-2.70562,-8.24999,1.15244,-10.3595,10.842,-19.2531,-12.8362,-16.74,-17.823,-15.8286,-15.6635,-16.5647,-11.7173,-22.8489,-7.14208,-85.8013,992,1800,12472,19607,20648,25315,26998,29277,30172,33816,38542,39666,41131,43310,47279,58356,65143,70148,83543,90632,91416,107374,111356,138197,170240,175037,189336,201996,401094,415695
58,5900,902,708431,135315,160726,-32.4118,10.1261,-11.5987,1.67324,-4.95866,-2.29778,-2.53805,-7.50372,0.936645,-8.94482,9.7912,-21.7891,-12.466,-18.2087,-17.7703,-15.8202,-14.8908,-17.6932,-12.111,-22.8058,-6.49689,-87.3988,902,945,2595,9026,16702,16918,31393,33100,50722,55694,69527,70814,72095,82412,97002,97220,98255,113324,120184,121389,141588,144871,149575,156782,163509,181362,297089,439793,516239,708431
59,6000,3330,319428,83877,76820.9,-32.0685,10.3123,-11.6803,0.616226,-5.11163,-1.45767,-1.65509,-7.40013,-0.4158,-10.2363,10.4403,-21.1694,-12.2844,-17.2963,-15.8845,-17.6162,-14.6569,-16.9175,-13.4047,-23.7912,-7.11884,-88.5629,3330,5716,8439,11655,17061,19736,23887,31692,31733,36263,37406,40489,45866,46188,54348,59611,76136,83594,87869,91815,98829,101794,114680,121112,152744,173662,179088,194919,247220,319428
60,6100,1910,520155,151076,154217,-33.8177,10.7304,-11.6415,1.05723,-5.40965,-2.71779,-1.06877,-8.4268,0.642553,-10.2896,9.93561,-22.6292,-12.9418,-17.9997,-17.3493,-16.93,-15.4217,-16.5549,-13.4639,-23.5671,-5.25691,-88.5678,1910,4297,15164,19872,21521,39400,45151,53615,55356,57422,66488,72602,82004,83142,86714,94123,108192,109277,111118,136603,142686,148163,196982,229982,259130,390647,406426,454331,519809,520155
61,6200,641,286684,85410.6,82670.2,-35.5424,10.1898,-9.97985,-0.386104,-6.50462,-1.14427,-0.281293,-6.96515,-0.565221,-9.94851,10.5093,-20.849,-12.2613,-17.5025,-16.48,-16.1323,-16.0355,-15.7507,-13.7349,-22.968,-5.18313,-87.8846,641,925,2438,2562,2628,8691,16474,20171,22551,28868,33281,45775,46996,47979,52722,56876,62566,68536,71156,101623,110480,132284,146162,151071,168189,197630,203543,219553,253264,286684
62,6300,1151,256774,103769,74988.1,-34.0886,11.4411,-11.095,-0.974157,-6.47182,-0.965129,-0.72723,-7.11752,-0.432121,-10.3654,9.87972,-20.774,-12.5097,-17.5005,-17.0867,-15.2882,-15.6964,-15.7663,-13.8658,-24.2137,-5.99502,-89.4976,1151,1211,1869,9314,9525,13851,14769,26421,47101,57452,60267,76136,97984,103661,114475,114755,121086,122152,124121,127466,136949,138524,165543,170448,178033,185881,194379,214954,226822,256774
63,6400,2174,213475,71476.7,66374.1,-32.8728,10.243,-11.4443,-0.774651,-7.36628,-1.0069,0.0406198,-5.72032,-0.0679225,-11.2134,11.245,-21.771,-13.0231,-18.246,-15.9994,-18.3155,-15.6843,-14.9453,-13.6625,-25.5118,-5.2129,-91.3037,2174,2298,2966,4103,5943,13493,17376,18269,18945,19891,19987,20087,29011,39105,54799,55473,61397,70884,74147,88192,98650,107684,109408,132209,142967,158213,175866,181078,206212,213475
64,6500,5624,778663,101504,143919,-32.0159,12.1579,-11.1786,0.330884,-9.18045,-0.203518,0.343926,-5.77337,-1.49621,-12.2678,11.9315,-21.5645,-12.3195,-19.939,-16.279,-17.5602,-16.8015,-16.258,-13.3004,-25.5472,-3.44989,-90.5403,5624,7625,8603,14052,20576,23555,32067,33772,35566,36048,43652,48371,52169,57943,59136,64088,65354,80932,86489,86583,91904,100216,100525,116073,133117,175222,193425,203124,290656,778663
65,6600,2625,1177966,145181,233393,-31.3898,11.5859,-11.5917,0.421755,-7.84838,0.406319,-0.999293,-5.38654,-0.953234,-10.8885,13.7154,-21.4012,-12.1294,-20.0762,-16.1739,-17.2918,-17.1907,-16.292,-14.1543,-26.4309,-4.84565,-90.4473,2625,8612,15935,16642,19333,22577,31974,49117,50266,57146,59878,59886,72891,74141,76976,77209,87669,97023,100111,100331,102421,125323,148191,159888,170234,186503,206368,314214,683988,1177966
66,6700,30649,394612,131142,103054,-32.5019,11.3535,-11.7836,0.159769,-7.48835,0.604005,-2.00807,-5.56542,0.477639,-10.6841,11.9138,-21.4816,-11.4735,-19.2764,-17.0409,-16.7249,-18.7428,-18.8683,-16.4061,-25.5373,-7.04281,-89.329,30649,30961,32943,36406,38017,38580,45376,45980,54243,59696,63951,79530,80358,84688,85504,93771,109913,118740,124664,141934,169603,169959,190598,195002,213641,247864,268516,340223,348342,394612
67,6800,14004,424852,134918,122958,-30.3972,10.9138,-11.6899,0.455762,-8.54162,1.09529,-1.83968,-6.98201,0.340443,-9.28633,11.8273,-21.0267,-10.1983,-20.2787,-16.4361,-16.2258,-17.5021,-18.4968,-16.0587,-24.9371,-5.78153,-92.4704,14004,17760,23176,23750,28885,31150,51146,57415,58160,58471,62907,71823,73092,82489,89695,91055,93119,96058,99663,105526,123318,152699,197632,234016,269075,296281,357787,376112,386439,424852
68,6900,959,297104,85916.3,94718,-29.5646,11.0147,-12.1922,0.996572,-6.66819,1.02636,-2.64173,-7.12593,-1.37469,-10.3826,12.6764,-21.0301,-11.2256,-20.5051,-16.6439,-18.2364,-16.4153,-18.2868,-17.1634,-24.3974,-5.64778,-93.1989,959,1267,1452,1477,1680,10674,17360,19751,19885,20021,25705,25948,26860,27517,28706,39206,47870,79423,83767,90448,98543,122958,147646,155221,184396,189866,231398,286339,294041,297104
69,7000,849,390522,131417,108585,-27.6677,10.5153,-12.9213,0.849754,-5.5121,3.01659,-3.26698,-5.6562,-1.32455,-11.0821,12.3683,-22.2566,-12.5298,-20.2904,-16.2959,-19.5758,-17.2347,-19.9092,-16.5721,-24.2504,-5.31823,-94.814,849,20530,30503,31770,40016,43901,48826,48975,49628,50183,62489,64103,64952,75604,112535,121012,122664,122968,126124,132947,147184,184709,191687,192199,205553,213612,330664,356582,359217,390522
70,7100,783,332472,100277,90325.4,-28.4985,9.33952,-12.8232,-0.846794,-4.00756,0.693122,-3.01883,-6.99749,-0.278973,-12.5974,11.6893,-21.234,-13.2436,-20.4082,-14.2703,-19.5407,-17.0521,-19.8697,-16.1737,-24.5724,-5.69249,-96.7831,783,979,13152,17207,21681,22252,22902,27568,29754,30211,30957,54693,56969,61194,63456,74565,76234,86757,97673,110189,118407,155570,173551,178610,199765,212557,226766,247883,263566,332472
71,7200,1806,552425,99593.8,124053,-29.183,9.86097,-11.8344,-0.360825,-4.26495,-0.892971,-2.35769,-7.32309,1.09257,-11.1729,12.1739,-21.815,-11.3175,-22.5975,-16.1492,-18.5869,-17.207,-20.3221,-17.3078,-23.3207,-5.93614,-96.6826,1806,2001,2678,3721,6908,7798,10166,10206,18610,24352,25762,38928,46193,46825,49676,53595,58043,71022,71961,101340,103473,113772,118518,188083,198618,201340,249348,303411,307236,552425
72,7300,2563,818420,144720,175577,-30.5043,11.6618,-9.95002,-0.0962127,-3.28748,-1.90228,2.27316,-5.2415,1.7751,-11.35,12.3978,-21.7188,-12.8659,-22.5671,-15.546,-19.3432,-17.7217,-20.5365,-14.6353,-25.1233,-6.25098,-99.2484,2563,4656,7432,7565,9151,12195,13936,15746,23585,32574,37123,78637,81065,85872,86810,111006,115313,132042,133415,141884,153706,164441,181842,200367,222880,251797,346476,382739,486360,818420
73,7400,11290,314579,88275.9,69784.3,-28.7982,11.4989,-10.1711,0.0831577,-2.56967,-3.95274,0.170329,-3.89195,0.909176,-11.5654,12.1795,-21.9011,-12.5809,-21.8051,-16.4025,-19.3598,-16.7405,-19.6909,-14.1952,-26.6999,-5.40674,-101.492,11290,12151,13538,14609,17743,22301,22417,28671,36995,38353,40966,44675,66369,69905,82638,86054,88317,89744,103092,104725,108728,109169,133286,145247,149155,156696,168774,176452,191639,314579
74,7500,2212,467899,99103.6,103203,-28.1686,11.9248,-9.87411,-0.0162899,-3.71504,-5.39206,1.54212,-2.60679,0.726358,-11.8592,12.2658,-25.5893,-13.1471,-22.5383,-16.3411,-20.1702,-16.3913,-18.928,-16.7053,-27.1937,-7.14203,-101.272,2212,14732,16098,25664,25854,26815,38207,38247,45453,45700,53769,53968,54542,55946,64117,66471,68960,74580,81071,81342,89663,92749,99841,129988,169945,192202,195245,265611,336218,467899
75,7600,595,369352,145217,111776,-29.1051,11.6457,-8.91142,-1.81824,-4.1898,-4.34623,1.84268,-2.89465,-1.92294,-12.7992,13.5641,-26.137,-14.4753,-21.647,-15.8488,-20.9387,-16.1514,-19.1151,-15.0109,-27.8678,-7.36195,-102.444,595,4464,10114,15390,16763,22891,24015,39033,47486,71692,86796,96308,96384,106692,109249,131427,153961,181866,197562,210301,222663,230261,236682,237211,238206,242631,258488,338613,359427,369352
76,7700,728,304172,80226.2,82181.6,-32.4637,11.9349,-8.29191,-2.23293,-5.66052,-6.53031,2.59467,-2.71499,-1.64492,-14.1847,13.5006,-26.0101,-15.2424,-20.6998,-14.5331,-21.4539,-16.7483,-18.4506,-16.9486,-25.9453,-7.17191,-102.401,728,1568,1582,6898,9928,11624,11680,15246,15700,16233,18717,22197,24246,46309,50645,58768,62673,68651,82943,83630,101147,103312,146627,149327,182012,182047,197359,200749,230067,304172
77,7800,289,469920,115871,123994,-33.9495,10.6897,-7.99724,-2.6815,-4.0544,-5.20655,1.03102,-3.16663,-1.16796,-13.2697,15.0669,-25.5404,-13.226,-20.3464,-16.2788,-19.9385,-17.5712,-17.8656,-16.8053,-27.4696,-7.10763,-102.438,289,6907,7671,8084,8248,9581,22125,22813,23462,37790,39116,41106,43252,56052,82631,90170,92211,93999,105917,118527,129159,133445,152320,167343,239864,263886,292925,321488,395828,469920
78,7900,429,340541,108881,101824,-34.4555,11.1541,-7.83058,-3.8212,-2.34957,-3.36847,-0.679545,-3.76804,-0.168748,-14.2175,15.4479,-24.9956,-15.3299,-20.7877,-15.7685,-19.2329,-18.3841,-18.1751,-16.6676,-28.0707,-6.39774,-100.866,429,5393,7998,12431,18198,18306,18520,19567,29398,37762,41851,42834,53567,54955,71455,79032,90174,91915,106517,113098,131342,166639,198617,203918,220044,245451,253721,288601,304143,340541
79,8000,3083,433512,115074,115487,-34.6568,9.52085,-10.4946,-3.4582,-2.68223,-5.04692,0.346434,-5.43996,2.04535,-15.3397,15.6343,-24.9113,-15.0082,-19.634,-15.5434,-18.768,-20.5485,-19.0343,-14.9046,-28.3905,-7.26317,-101.137,3083,3856,5605,5897,7810,11755,12247,35881,41359,55846,58449,60139,72893,82544,91663,94709,96549,99289,108878,108934,114733,117302,123163,177880,217474,224488,232679,359508,394094,433512
80,8100,2821,268379,79633.2,71069.8,-34.9359,8.30484,-9.99873,-1.55732,-2.87099,-5.68864,0.0671274,-5.85834,1.37343,-17.0598,15.1459,-25.502,-14.9366,-19.1237,-15.2312,-19.099,-19.7446,-19.3631,-15.2611,-27.3896,-7.55785,-101.454,2821,3623,7826,10418,20404,22906,23463,25595,27215,31745,42758,45582,46626,49824,54082,60596,62309,63900,88588,89378,89826,97882,117008,123171,123532,151393,187486,214013,236646,268379
