generation,agents,minScore,maxScore,meanScore,standardDeviation,w0,w1,w2,w3,w4,w5,w6,w7,w8,w9,w10,w11,w12,w13,w14,w15,w16,w17,w18,w19,w20,w21,s0,s1,s2,s3,s4,s5,s6,s7,s8,s9,s10,s11,s12,s13,s14,s15,s16,s17,s18,s19,s20,s21,s22,s23,s24,s25,s26,s27,s28,s29
0,100,0,25,6.7,6.7064,-0.534937,-2.28247,0.270961,-3.56004,1.04415,-3.59956,-7.58667,-3.71724,-3.07249,1.43641,4.72848,-1.84858,-0.0162607,-1.79755,-5.93811,-3.5225,1.00117,0.907341,0.123293,-3.64933,-2.15573,-10.5789,0,0,0,0,1,1,1,1,1,3,4,4,4,4,5,5,5,6,7,7,8,10,10,10,10,11,15,20,23,25
1,200,7,53,22.2333,10.1223,3.01496,0.0236302,0.589823,1.27474,-5.87344,-6.17854,-6.1556,-1.5961,-1.95452,0.96218,7.4637,-2.34679,0.0645313,-3.58734,-10.6427,-8.69328,-1.80192,-0.285214,-8.61442,-7.83812,-4.60769,-18.4522,7,11,11,11,15,15,15,16,16,16,16,17,19,20,20,20,20,21,22,23,24,25,26,27,33,36,36,37,39,53
2,300,4,85,38.6667,19.5172,2.78745,0.518661,-1.85594,-1.64194,-8.22891,-6.96154,-4.56605,-0.861345,-3.40457,1.85154,4.19996,-4.89657,-3.64611,-13.8005,-10.2573,-9.62496,-3.34881,2.45587,-10.4717,-6.81992,-9.7968,-21.6452,4,14,20,21,24,25,27,28,29,29,30,32,32,33,33,33,34,35,35,37,40,42,45,45,55,64,74,75,80,85
3,400,40,159,78.7,29.8942,8.39124,-1.72633,-3.87824,-4.57597,-10.9001,-7.71042,-3.97646,-0.628679,-2.46865,-0.590874,1.37625,-7.67496,-5.12193,-12.8911,-9.79233,-10.7183,-3.53425,0.846249,-12.0016,-6.61086,-16.1856,-25.2572,40,40,42,48,51,52,54,54,57,58,59,61,62,64,73,78,81,83,86,87,89,91,99,103,110,114,115,122,129,159
4,500,45,219,101,46.4936,11.4628,-1.96553,-2.00845,-5.99366,-11.727,-8.40741,-2.6341,0.478441,-3.12119,-1.36876,1.48939,-8.29319,-7.08963,-12.4603,-8.2793,-9.84658,-2.36707,-2.03965,-8.69496,-8.09955,-30.4314,-29.3036,45,54,56,59,59,59,59,64,64,66,69,71,74,77,80,86,104,104,111,114,116,122,129,142,151,153,154,161,208,219
5,600,53,251,127.967,54.1196,16.7108,1.92627,-2.87413,-6.12526,-12.7716,-6.8916,-1.0282,-0.294417,-3.04137,-3.29745,2.65285,-7.9457,-6.65985,-10.41,-6.93403,-10.6385,-4.59248,-2.45947,-3.5576,-4.77055,-30.3422,-30.235,53,56,65,66,71,75,80,80,85,88,91,98,99,113,117,130,132,144,148,152,155,162,168,169,174,188,193,195,241,251
6,700,25,272,121.967,63.8973,14.305,3.21282,-2.70461,-5.31445,-13.2866,-2.40741,-2.54159,0.15878,-4.13385,-4.16506,3.42945,-8.02143,-6.91042,-10.8888,-9.12212,-11.3417,-7.17217,-0.946723,-4.36968,-4.11151,-32.2845,-32.4362,25,45,54,64,66,72,74,80,81,83,84,87,89,106,106,106,107,111,115,122,128,148,162,166,200,213,214,234,245,272
7,800,53,429,153.533,93.9742,19.2046,1.89477,-2.99977,-1.42118,-11.9117,-4.04323,-2.83675,-1.27598,-3.26497,-2.31619,3.90254,-7.03078,-5.75927,-11.6719,-11.3257,-11.5877,-7.13785,-3.44415,-5.94912,-5.72669,-28.5598,-33.7544,53,62,67,77,77,80,85,87,90,93,98,102,106,112,112,135,145,149,158,165,167,183,184,185,193,228,261,353,370,429
8,900,8,534,175.267,123.467,15.5006,5.5172,-3.19973,-0.0466411,-9.54624,-3.39366,-3.6703,0.395036,-2.47417,-2.74962,4.86273,-6.65346,-4.80466,-14.1451,-11.294,-11.9978,-9.72932,-4.48549,-5.54249,-6.31351,-23.8551,-34.7272,8,59,68,86,88,98,104,106,112,115,117,119,126,136,138,149,152,156,162,169,172,173,184,188,228,286,290,403,532,534
9,1000,53,568,198.8,133.213,17.4747,4.40281,-3.61699,0.216883,-9.97282,-1.45408,-2.72312,-0.1937,-3.61188,-2.46404,4.74513,-6.15714,-5.11686,-13.0248,-11.7616,-11.3721,-8.86744,-4.54428,-6.07587,-6.21015,-23.6857,-35.7928,53,55,59,72,72,86,89,97,101,109,115,121,136,141,147,159,169,186,207,209,225,280,310,313,314,323,383,405,460,568
10,1100,45,817,303.667,204.429,19.1855,4.7328,-5.34123,0.747262,-10.3723,-3.57165,-2.43701,-1.68784,-4.32977,-2.97028,5.30809,-7.98342,-7.35972,-12.0564,-9.35179,-10.9578,-12.1534,-4.69172,-7.50663,-4.72102,-20.9378,-36.3023,45,87,93,103,114,121,158,163,163,169,174,186,188,192,232,270,288,296,339,341,346,386,409,421,474,542,550,663,780,817
11,1200,33,1812,546.5,439.76,18.0033,5.81086,-6.03384,0.955533,-9.91416,-3.41983,-1.76269,-0.426309,-2.68526,-5.74579,6.52893,-8.26382,-6.32013,-11.2551,-8.82063,-9.85739,-9.91785,-3.96562,-8.75034,-4.80374,-17.7534,-37.3338,33,70,130,133,170,191,244,248,279,285,297,326,358,364,382,417,488,529,558,569,574,574,592,635,1125,1159,1265,1291,1297,1812
12,1300,109,2396,883.067,633.917,18.7663,4.72216,-5.89477,0.525568,-9.84209,-2.34747,-3.57266,-0.974652,-3.9324,-8.17682,6.74169,-8.49314,-7.8851,-11.3323,-11.458,-8.65093,-7.88282,-2.50977,-8.55666,-5.17727,-16.2706,-39.2102,109,152,166,266,276,301,309,327,355,399,433,575,584,732,770,771,809,914,992,1054,1173,1190,1209,1286,1432,1450,1853,2099,2110,2396
13,1400,115,5102,902.733,1070.97,27.0357,4.86855,-4.34455,0.83383,-9.68922,-2.53719,-1.86126,-1.62254,-1.94953,-7.8308,6.85846,-9.5082,-8.71041,-13.7921,-12.1712,-6.85773,-8.15571,-3.92872,-6.04709,-6.69441,-15.5465,-41.1492,115,139,163,223,223,294,317,321,339,352,364,371,439,512,554,567,583,706,708,752,768,773,819,1065,1118,1491,2316,2412,3176,5102
14,1500,79,6866,1733.37,1572.76,24.9902,4.52586,-4.1114,1.66361,-9.10475,-0.901409,-0.363928,-1.90671,-0.0930452,-7.94691,6.36264,-10.8653,-7.83129,-14.1172,-10.0147,-10.2829,-8.39741,-3.38648,-5.60054,-7.2475,-12.9912,-41.5487,79,206,242,355,386,413,415,499,501,660,684,736,752,1123,1294,1472,1546,1600,1701,2140,2230,2352,2573,2714,2907,3463,3598,4165,4329,6866
15,1600,53,24106,5998.67,5411.12,16.8236,5.0499,-5.7893,2.53624,-8.02573,-3.47194,-1.46836,-2.50658,0.20304,-9.56877,5.00992,-10.2244,-6.00204,-12.7245,-11.9679,-9.47548,-7.66964,-4.83694,-6.35787,-10.5347,-11.1106,-45.895,53,457,606,1042,1043,1338,1461,2730,3233,3357,3476,3532,3580,3660,4725,4771,4905,5463,5730,5802,6745,7182,8082,9342,9798,10008,12892,13443,17398,24106
16,1700,163,27263,5697.87,6363.31,22.6863,5.657,-6.81451,2.27256,-8.22423,-3.97139,0.484212,-1.99857,-0.189723,-8.68065,5.11038,-8.51872,-6.77309,-14.8382,-10.6211,-8.40379,-8.57536,-6.54942,-5.1773,-11.2367,-11.3942,-47.2248,163,168,317,431,651,1020,1186,1802,1927,2108,2424,2624,3724,3880,3906,3914,4595,5408,5490,5751,5770,5772,5942,6626,6965,10993,11244,17514,21358,27263
17,1800,372,19618,7984.63,5208.31,19.8233,5.67468,-6.6307,1.62366,-8.72701,-4.35703,-0.169058,-0.844366,-0.71062,-7.9469,5.56688,-9.33284,-5.6234,-13.5414,-10.8716,-8.13165,-8.75996,-6.40343,-6.31768,-12.5978,-11.7324,-49.0098,372,654,1010,1062,1180,3225,4539,4776,4941,5346,5599,5744,5761,5876,6489,6996,7348,7677,7834,9829,11984,12541,13081,13237,13690,14354,14444,14868,15464,19618
18,1900,469,32403,8952.93,8703.82,1.04143,5.48856,-6.52771,1.03132,-8.88194,-3.38897,1.05011,-1.87189,-1.82718,-6.81272,5.5207,-10.6303,-5.98359,-12.1393,-10.4155,-7.74373,-9.50531,-8.08125,-6.21778,-13.673,-12.1508,-50.0302,469,630,828,1327,1488,1491,1710,1853,1972,2712,2894,3068,3495,4091,6465,7149,7404,9233,10701,11667,12343,12693,12774,13158,13613,17740,18343,25961,28913,32403
19,2000,1279,24216,6832.57,4475.38,-1.31424,5.26178,-7.05869,-2.02763,-7.04186,-2.59059,0.770723,-1.75012,-1.88949,-7.38472,5.76591,-11.9343,-7.13608,-12.3723,-10.3029,-9.29661,-9.29837,-8.60912,-6.80749,-13.5834,-11.4414,-51.4294,1279,1730,2608,3214,3234,3464,3812,4234,4318,4377,4483,4576,4981,5137,5294,5407,5656,6118,7368,8519,8627,8693,9161,9177,10314,10579,10592,10757,13052,24216
20,2100,1991,60186,16708.9,17063.6,-2.28488,5.18372,-7.01231,-1.29621,-6.32712,-2.03391,-0.860236,-1.9624,-2.195,-6.63597,5.94129,-11.1226,-8.73053,-12.0006,-9.252,-11.3417,-10.2482,-8.7908,-7.4812,-12.0063,-10.243,-52.6512,1991,2770,2966,3027,3645,3957,4052,4395,4970,5816,6797,7221,8644,8652,8703,8716,11670,12729,12760,13945,16284,18956,20606,23898,33904,36418,46724,53200,53664,60186
21,2200,1919,81174,21554.1,22058.7,-8.14517,6.92309,-7.51794,-0.3679,-5.09714,-1.06224,-0.910664,-2.05021,-2.35668,-4.75444,6.68539,-10.0969,-8.32488,-11.2729,-9.01282,-11.7403,-14.2557,-8.48606,-9.00688,-11.4732,-10.1298,-54.1727,1919,2348,2613,4420,5724,5856,5925,6508,7128,7398,7762,8653,9532,14787,16049,16132,16364,18821,19040,19339,21988,23407,23813,26848,27839,43829,56417,64022,80967,81174
22,2300,2548,101548,23703.9,25254.7,-11.4043,6.82115,-6.76804,-0.545582,-3.64447,-2.39955,-3.89881,-1.98465,-2.29419,-5.33044,5.66698,-11.7987,-6.34777,-11.0223,-8.68247,-11.1106,-14.1745,-9.4409,-8.61457,-12.1817,-9.30975,-54.0857,2548,4032,4035,4466,4924,5154,5993,6446,7249,9519,10328,10785,11488,11856,15744,18156,19132,19509,19723,22043,24075,25006,25306,30975,33501,44663,47417,74067,91429,101548
23,2400,1545,134810,36202.2,40353.7,-12.942,6.39921,-6.75566,-1.18251,-1.94183,-1.22048,-4.619,-1.42929,-1.67378,-5.42494,5.58393,-12.8576,-6.8519,-12.2029,-10.7386,-10.4243,-14.9097,-8.91718,-9.36411,-11.8425,-8.62903,-55.4489,1545,1668,2007,2197,2825,2854,4205,7578,7756,8188,10644,11677,12506,17980,18040,19672,21279,26445,31623,38920,40630,54118,54288,56156,66332,87435,87700,120360,134627,134810
24,2500,74,167777,40246.5,37545.4,-9.88179,6.50097,-6.4369,-2.71781,-1.33875,1.00199,-3.84096,-2.05288,-3.10978,-5.74175,7.22643,-12.7964,-8.31626,-12.0993,-8.16347,-9.74147,-12.8689,-9.12178,-9.97822,-11.9965,-8.1876,-55.3523,74,821,4709,5259,5829,5995,11529,12576,16865,18601,19211,22129,24578,25204,26306,28338,36662,38276,43578,46399,47270,58260,60560,60594,62436,75297,80907,85271,116083,167777
25,2600,1927,134448,39432,34606.2,-6.51537,7.64339,-6.67551,0.101124,-1.63355,2.76516,-2.82373,-2.31707,-2.46194,-5.71491,7.69559,-12.7307,-8.00043,-14.576,-9.4455,-10.3098,-13.3215,-9.94648,-9.1395,-11.8106,-8.37888,-54.5799,1927,2676,4319,5543,6652,8150,8239,8925,10777,16856,24148,25635,31321,31943,32054,33265,33997,37956,38743,40539,43436,48224,50636,63750,63795,65064,90930,103578,115434,134448
26,2700,3237,159118,47572.5,43725.1,-6.07409,6.82417,-4.55854,-1.04123,-1.72602,1.91733,-2.16336,-2.02966,-3.33102,-5.62883,7.66459,-11.8567,-6.58786,-13.8383,-10.2885,-11.4235,-12.9975,-9.89935,-8.30829,-13.3013,-7.59049,-55.5758,3237,4051,4391,6324,6468,7181,7520,10258,11867,12835,15898,25148,25823,26500,42008,42396,43466,47034,50343,52824,53459,64728,73537,79063,83870,97244,100579,121466,148539,159118
27,2800,2793,122523,28364.7,25832.7,-1.91327,5.97021,-4.53475,0.101292,-2.00539,3.07034,-2.39156,-2.1133,-3.79832,-5.27398,7.11539,-11.8471,-6.53233,-15.4923,-11.9895,-11.1723,-12.9126,-10.8354,-9.51809,-14.0785,-7.56524,-57.7999,2793,5309,5576,7759,8407,8480,9775,10318,11132,11300,14605,17285,17482,18422,18914,19987,22236,22457,24616,31052,31798,34096,37054,37177,46882,56931,62423,65091,69060,122523
28,2900,3062,182355,37767.3,37149.2,-2.16515,6.61732,-5.6253,-1.45036,-2.5611,4.97438,-3.73708,-2.68649,-1.80262,-7.34578,6.79809,-13.4572,-6.81606,-15.0076,-12.3212,-12.761,-11.71,-11.9517,-8.41943,-15.4748,-7.43891,-60.1621,3062,4535,5350,6506,6732,8131,9731,11673,11735,17202,17397,18283,18781,19666,20709,32906,34304,38430,43711,46626,47411,48645,49184,51072,57737,72687,74531,79297,94631,182355
29,3000,804,214670,61127.6,53915.1,-0.815143,5.70767,-5.86,0.486439,-2.60763,4.30871,-4.97528,-2.62229,-2.42356,-8.00432,8.17077,-14.1478,-6.65271,-14.0902,-10.6978,-13.5617,-11.8523,-10.8528,-8.89594,-15.6139,-5.61435,-59.745,804,12790,13201,14947,22486,25000,26379,28534,32487,35264,36765,36805,39098,39345,39832,40877,46094,47665,58389,63834,69689,70555,71410,76514,82503,83528,118040,173650,212674,214670
30,3100,3852,301246,58604.6,85994.3,-0.0499343,6.25805,-7.10521,0.470412,-2.28898,2.94557,-6.85681,-2.04031,-1.9316,-7.06392,7.83574,-14.3765,-7.88715,-13.0459,-9.80265,-13.0631,-12.2092,-11.0473,-9.2236,-14.8002,-6.42221,-60.9039,3852,3927,4658,6294,8009,13152,15102,16047,16098,16101,16395,20410,20702,21231,23806,25643,28410,29019,32086,34023,34481,47515,53069,56243,83478,99020,139935,290926,297261,301246
31,3200,2869,250160,51228.8,52645.4,0.11961,7.57965,-7.01,0.154189,-2.2717,2.221,-7.56066,-2.88277,-1.10519,-5.34113,8.23586,-14.1993,-8.61652,-12.6333,-10.2553,-13.2667,-13.8008,-9.99132,-9.09338,-15.901,-6.73001,-62.4998,2869,4636,7388,10005,11501,13130,13685,13887,16368,18302,19571,27324,28557,37750,43962,45552,47925,49259,50976,52195,52229,54767,56317,66240,71653,75324,106047,129696,159589,250160
32,3300,228,250053,77294,66884.6,0.527553,8.59682,-7.5055,-0.110976,-2.81016,1.7421,-5.73146,-2.12182,-0.809376,-5.50636,8.74294,-15.8484,-7.9712,-13.7594,-11.0584,-13.1301,-13.0261,-10.9803,-9.46608,-16.9122,-7.24219,-62.25,228,5512,7179,8699,9941,13520,21703,28061,29581,30720,30801,36049,41637,44305,45741,49120,60966,64930,100014,101096,112178,118435,125296,148063,153588,161107,162549,171006,186742,250053
33,3400,618,197205,87237.6,71452.6,3.7352,8.29468,-6.55705,0.167286,-1.09392,1.81982,-5.10465,-1.5156,-1.77761,-6.39791,9.61323,-18.4563,-9.31326,-13.6366,-11.1566,-12.3526,-13.5362,-11.725,-10.9408,-16.6286,-6.52132,-64.452,618,3171,5105,6254,11015,13415,20383,22674,24007,26025,27734,33931,51741,52747,53027,65005,83627,98736,142698,148740,151296,155028,159459,161726,172890,175276,184390,184600,184604,197205
34,3500,1352,204967,69669.3,51612.7,2.49325,9.56089,-8.88053,0.375043,-3.14568,0.000344216,-2.9643,-4.00403,-2.17372,-7.33922,7.72866,-18.8931,-9.26306,-14.6621,-11.691,-12.1017,-12.7697,-12.6662,-11.815,-17.4755,-6.32911,-65.2266,1352,10553,12815,15662,19661,19871,25204,27009,33367,45519,46455,46622,47947,49220,50919,58562,58633,62562,67060,89775,89992,90567,93117,110393,126040,135052,137435,139175,174572,204967
35,3600,1800,265811,72859.5,61840.8,5.15369,10.7138,-10.4712,0.501416,-4.55782,0.744221,-4.68663,-5.29342,0.117667,-7.71498,7.65601,-17.5422,-10.2303,-14.9137,-11.166,-12.3109,-12.2324,-12.1608,-10.6414,-17.026,-7.41275,-65.8914,1800,5439,5635,24440,25982,26258,28077,32017,34190,34621,35145,35319,37205,47007,48454,52223,58693,62695,65956,86277,89747,102940,103722,116832,119528,129826,132722,186326,190899,265811
36,3700,1426,493998,102620,118457,4.76817,9.88144,-10.3925,0.150419,-5.50208,-0.99978,-5.69406,-4.07592,0.797063,-8.95804,7.81846,-17.3511,-9.49141,-14.939,-10.811,-12.7353,-11.959,-12.3807,-10.2021,-16.3476,-7.14935,-67.2925,1426,1817,3818,18693,18934,19901,21528,32880,38296,38987,44398,46240,51057,59390,74434,82169,82613,83046,84420,88959,91926,117289,125456,140598,158359,189375,195127,198224,475231,493998
37,3800,3447,350961,96965.1,83876.7,6.29042,9.23676,-11.0593,-0.100483,-3.19526,-0.754866,-4.99091,-4.2337,-0.966879,-8.83182,8.62743,-17.5319,-8.39364,-14.7313,-11.0173,-13.8325,-11.121,-11.3707,-10.1816,-16.1569,-6.83586,-68.6359,3447,10931,13315,20023,23229,24258,24761,24768,30426,41811,45202,53723,62032,62139,64946,75325,82238,91302,93356,99296,111145,144769,156167,162092,176249,197327,212991,219990,230735,350961
38,3900,565,301826,82082.6,79766.6,5.42714,7.96099,-11.0214,-0.29322,-2.68282,0.475895,-5.05234,-3.28046,-1.35207,-8.09212,8.63277,-18.1416,-8.37012,-14.5137,-9.70701,-13.7603,-11.7639,-12.9432,-10.6189,-16.0379,-7.63765,-68.6952,565,1021,4131,9552,10360,14497,21702,24904,25572,27982,32380,33271,40438,48529,50175,64788,66488,77860,86447,89249,101502,101618,108296,109239,152800,189144,193736,224326,250080,301826
39,4000,1624,265748,67388.9,66402,7.20283,8.43269,-11.4283,-0.301922,-1.88194,-0.74533,-5.19253,-2.04362,-2.28509,-8.9301,8.69374,-17.9553,-9.42721,-14.0364,-11.2248,-14.3098,-11.1435,-13.3321,-9.24714,-15.7701,-7.6916,-68.6941,1624,5372,7281,10229,18086,20034,20426,20612,21994,22905,26069,27632,29017,31707,33460,33638,33664,51244,64062,76681,89724,89867,114774,115566,122793,137140,149309,187933,193076,265748
40,4100,1660,324869,102043,93366.9,5.57436,8.08543,-9.97843,0.807857,-2.04386,-1.02886,-5.45213,-4.35157,-0.841717,-9.16684,10.0383,-18.2732,-8.38372,-14.1932,-11.5293,-14.1096,-13.8164,-14.1059,-8.86806,-16.957,-6.7387,-69.342,1660,8103,13298,18011,20766,22030,25406,25842,37227,48964,58368,59133,62345,66715,69373,69953,78599,83770,93851,98105,118176,124595,135562,166076,167881,208789,220047,314421,319345,324869
41,4200,958,279191,84876.7,74014.6,6.37255,8.54783,-10.0096,0.193431,-2.78298,-1.24206,-4.9087,-3.43989,-0.753479,-10.2443,7.90772,-16.1771,-9.89101,-13.2671,-11.6157,-13.683,-13.9132,-13.6252,-9.36504,-16.4539,-6.99264,-69.2161,958,1086,6824,6886,9501,15029,20775,29104,44453,44889,46098,46952,49410,50551,70494,79855,80340,82691,94279,97057,104385,105328,115834,131343,132231,146029,172609,212746,269374,279191
42,4300,577,523584,81305.5,97081.3,5.12847,8.67931,-8.92861,0.107131,-1.80652,-2.03806,-3.98496,-4.7938,-0.378943,-10.7212,8.87717,-17.2841,-11.6553,-13.2623,-10.1792,-14.2966,-15.9442,-12.3767,-8.49222,-15.5359,-6.99843,-69.758,577,3014,4349,13068,13722,22903,28182,29028,29393,31664,31757,40694,43623,48119,61621,65011,66289,71043,79687,85445,92458,96650,101096,114653,118652,131965,132654,162407,195858,523584
43,4400,1812,443843,75804.6,87820.1,5.34733,7.51356,-8.04092,-0.666434,-0.611062,-2.41735,-4.13488,-3.91227,-0.882899,-10.0788,9.21474,-18.6871,-11.7802,-14.5983,-10.7502,-14.5698,-13.8319,-12.0109,-8.43078,-17.4294,-6.24084,-70.2989,1812,8424,13171,13323,13537,13684,20699,21202,23805,27401,29995,36446,36473,40351,41437,53172,56617,57163,59578,63358,77267,97054,101676,120342,126552,131494,177138,181340,185783,443843
44,4500,5983,537503,86242.8,100139,5.32144,6.45514,-9.30663,0.0185949,-1.38879,-0.236715,-2.82774,-3.75506,0.949348,-9.74638,8.84068,-18.9712,-10.2844,-14.9362,-9.94368,-14.6378,-14.4409,-12.8466,-8.10159,-16.5467,-7.84693,-70.6832,5983,6667,8939,17687,19616,20959,24532,24879,26996,39070,39145,47878,52636,55402,61698,75431,75662,79410,81029,84241,85716,91065,108311,110734,119663,132488,152648,194311,206984,537503
45,4600,3021,364282,97108.2,95428.6,5.89211,8.42747,-7.36672,0.929227,-1.88998,0.849668,-4.4312,-3.51515,0.0375242,-9.16721,9.38895,-17.4402,-9.32707,-16.6623,-11.5195,-16.7556,-15.4175,-14.1049,-7.56414,-15.853,-9.93577,-71.5517,3021,3578,3854,12779,17799,18043,18916,19399,31024,33006,39448,47139,56686,60686,61978,68935,76967,78006,79376,90605,114212,129819,131397,178588,183615,204883,228834,239527,316844,364282
46,4700,1255,275510,83422.1,81292.7,4.04855,9.07384,-7.12865,0.766631,-2.06682,0.342568,-3.42043,-2.15146,0.580288,-8.56035,9.85305,-17.6438,-12.1824,-16.6128,-11.5199,-15.6568,-15.9778,-14.0054,-7.97503,-16.8339,-9.56327,-73.4993,1255,1778,1883,9777,12497,12810,13079,14550,17725,22124,24432,28639,29984,39525,52555,54073,69056,87483,97222,98741,104898,124099,130011,169574,170672,170800,182486,231851,253573,275510
47,4800,11554,204021,91001.3,56630.9,4.1663,9.2189,-8.00595,1.60397,-2.49935,0.687038,-4.05752,-2.10726,1.83458,-9.16612,9.21954,-17.6932,-12.1498,-16.6967,-13.2088,-16.3288,-16.4237,-13.0203,-9.32695,-17.1245,-8.94976,-74.2462,11554,13711,20709,21155,21643,38078,43565,45973,48129,55079,56760,59716,66775,74427,79375,93896,93941,94935,105945,110405,113513,129843,137183,144339,144885,158078,158990,188090,195325,204021
48,4900,834,210647,58799,56079.9,5.07553,8.69701,-10.6485,2.60711,-2.26534,0.563668,-3.9811,-2.46526,1.45075,-8.564,9.82365,-17.6839,-12.6693,-18.6019,-13.3817,-13.9835,-15.2495,-12.7887,-9.92428,-16.7183,-7.92273,-74.2174,834,1599,4421,6807,7325,8940,9121,15356,20895,20963,23504,29620,30980,37212,42659,43372,51750,54611,55500,64953,70049,74825,95263,103393,109351,109590,127991,128533,203907,210647
49,5000,1462,205198,63292.2,54961.6,3.06038,9.77381,-9.62997,0.516126,-3.26846,1.87508,-4.4175,-2.49653,2.26983,-10.2666,9.00861,-18.2843,-13.1418,-18.6778,-14.4194,-13.9774,-14.9285,-14.7256,-9.97404,-16.4776,-6.74207,-74.4647,1462,10415,11699,13751,14874,15872,18856,19300,20297,31749,33310,35331,36310,41794,43832,46555,47969,61596,62529,62535,65172,80282,88106,105284,113544,125265,136885,147765,201228,205198
50,5100,1978,577826,133573,156451,1.65712,10.0875,-8.86377,0.217657,-4.65097,1.02449,-3.86012,-2.33478,1.45558,-9.57174,10.0604,-17.1726,-12.6132,-19.7977,-15.457,-15.6259,-15.3039,-15.2275,-10.218,-17.4483,-5.69127,-74.7744,1978,2480,5346,7534,15890,29325,30498,32862,36609,48172,58859,63706,68364,71810,72940,74855,76141,77280,79464,81865,83847,105697,123596,304643,304829,310803,355583,447021,457377,577826
51,5200,405,608153,117216,125719,0.740184,8.86555,-8.39201,0.29225,-5.21086,0.282942,-2.82409,-3.14328,2.57516,-10.5005,9.08961,-17.9279,-12.3879,-19.5124,-15.4596,-15.381,-15.6047,-14.994,-10.4523,-19.1065,-6.80025,-73.9171,405,4376,16321,17212,24803,29156,32660,32964,40621,42679,43004,58665,62943,67802,73450,80868,92146,93916,95149,110693,113709,147801,161067,201354,211424,212534,251864,275129,313607,608153
52,5300,1066,325789,93029.5,92858.7,0.471218,9.82966,-8.95731,0.923673,-5.88272,-0.574253,-4.70812,-3.06175,1.76418,-11.2394,9.69363,-18.8838,-12.9132,-20.8131,-13.8072,-15.4748,-14.3949,-15.1786,-10.0887,-18.0142,-6.58728,-76.5057,1066,1573,2426,7184,7379,14611,19858,19994,20660,23011,27799,32384,55726,57766,60146,65474,65953,75092,85558,96015,96584,134294,138347,176776,211202,215365,225545,255254,272055,325789
53,5400,3266,357732,75459.8,74427,-1.66043,9.79141,-8.70436,0.225058,-5.27606,-0.289286,-6.15346,-3.01585,0.447524,-10.99,10.7933,-17.6832,-13.8443,-19.8957,-14.5841,-13.8503,-14.8035,-15.5318,-11.0144,-19.3831,-7.55519,-76.7949,3266,12550,15283,15582,18391,29881,30297,31729,35549,37033,39598,40864,44054,46886,50926,61715,62069,64189,73826,74026,82647,90282,92172,98603,106522,114031,126775,141198,266119,357732
54,5500,623,350112,67799.1,80989,-1.70562,10.9653,-7.56904,-1.17148,-4.95988,1.37221,-5.30795,-2.43799,1.16417,-12.1586,10.2364,-17.2116,-13.8182,-20.1626,-14.0178,-15.4657,-14.821,-15.3154,-10.0834,-18.922,-7.83816,-79.1815,623,2774,5143,5316,8297,9392,12534,14434,18513,23698,24449,27983,28489,41059,41257,46597,49155,54292,54303,68236,69048,85561,96844,97816,117173,117330,130494,132846,300204,350112
55,5600,3362,366918,99664.8,93441.6,-2.99555,12.3565,-7.73259,-2.32999,-3.54801,2.13055,-4.55991,-2.82281,-0.334478,-10.7919,9.65896,-18.4732,-13.875,-20.5201,-15.5192,-16.4372,-14.87,-13.7843,-9.40229,-18.5781,-8.63129,-81.7081,3362,7546,10048,11089,13004,16084,17700,23628,40911,54653,60520,61660,62148,63158,65608,66226,67435,74412,77219,107195,118754,118941,167907,174107,179710,195196,195922,257767,311117,366918
56,5700,7354,576525,147285,138776,-4.1458,12.3361,-7.10024,-1.8997,-5.39414,2.63323,-3.84687,-3.14521,0.133117,-9.413,9.68511,-17.8545,-12.8959,-20.6637,-14.497,-16.1079,-15.2891,-14.6288,-10.0685,-19.2283,-9.4825,-81.9976,7354,8942,19257,21775,27154,33807,39945,44631,50281,50580,58574,69507,75092,77053,86149,99994,132759,144945,147538,147833,165439,203902,258943,275492,277101,280338,288161,289003,460471,576525
57,5800,621,331406,88887.1,87404.3,-4.55447,12.194,-7.46957,0.275367,-3.41144,0.934782,-4.33456,-3.31663,1.79077,-9.55222,10.4047,-18.4809,-14.6599,-21.5654,-13.2679,-15.9174,-14.8556,-15.5293,-10.2586,-19.6397,-10.3956,-84.9861,621,4100,7861,10144,10335,10942,16344,21144,26343,26594,26630,36030,47496,61207,64466,65666,68182,70005,70123,87136,117545,119310,149416,158246,163769,168626,222669,240096,264162,331406
58,5900,1582,334828,81329.5,82402.1,-5.78707,11.5586,-6.53745,0.529974,-3.10607,1.37628,-2.41399,-2.29133,1.31724,-8.25618,10.8835,-18.5292,-13.3937,-22.3722,-12.4999,-15.75,-16.4063,-14.5414,-10.711,-20.5529,-10.534,-85.0888,1582,2080,2123,2418,2726,4891,5855,6912,17380,21193,32357,41056,46013,47804,50316,71527,74482,74559,102965,105045,105257,111853,121710,122725,132008,165019,168219,220117,244865,334828
59,6000,2033,197060,51320.1,50042.9,-6.19098,12.8736,-7.86856,0.585594,-3.61058,2.43254,-3.76706,-2.9649,0.594561,-6.89717,12.696,-18.1705,-13.0385,-21.5555,-11.5888,-15.8013,-17.0261,-15.2151,-11.369,-20.7444,-11.9929,-88.4984,2033,2823,4854,7460,9118,9894,11636,11751,16409,19767,24370,27165,28842,35896,36533,41848,43469,45095,45934,49984,56911,63082,73990,79524,88940,94572,106701,112713,191230,197060
60,6100,526,345501,85955.2,82436.1,-5.77115,12.2156,-7.95904,0.4129,-4.89596,2.17583,-2.5283,-3.83262,1.52137,-7.79606,12.5158,-18.5536,-13.1262,-21.8293,-11.5142,-16.8541,-17.2398,-16.2239,-10.2806,-20.4596,-12.1391,-88.1102,526,5923,5927,6347,11661,23174,31289,33584,34929,39779,45894,52085,52959,60928,66568,68430,74443,80199,84284,93076,98105,112190,113043,116728,127665,138496,157044,169032,328847,345501
61,6200,2545,220845,64809.7,60981.5,-3.68776,11.5058,-6.89525,0.213243,-5.75727,1.65653,-3.43948,-2.83008,2.47329,-7.98598,11.6744,-19.1839,-12.6272,-21.7675,-11.8109,-17.0594,-15.6934,-16.4268,-9.9009,-20.3042,-11.6937,-88.5185,2545,4587,6826,7877,9475,11099,12470,13708,17655,19243,21095,24098,29822,34284,34373,38642,50748,57843,71018,87337,93040,93299,101639,112313,130512,151827,154588,158021,173462,220845
62,6300,949,286570,74079,66444,-5.26258,12.1569,-6.31195,-1.33794,-4.88225,2.92624,-4.85369,-2.70557,0.660286,-8.37832,11.5712,-20.4782,-13.0049,-21.4082,-12.9269,-18.2524,-14.5676,-16.2792,-9.45569,-21.6736,-12.9494,-88.6002,949,4328,6727,7045,11943,19113,19393,26571,33842,35284,38360,39721,40125,50216,52941,57728,63230,80647,81043,82542,92991,93940,95297,106422,114333,136706,164538,175813,204013,286570
63,6400,305,555183,92272.4,118752,-7.62391,12.0973,-7.70189,-1.57805,-5.02132,2.32918,-3.84244,-4.55515,1.23994,-7.85884,10.437,-19.6915,-12.3978,-20.1603,-12.1712,-15.6014,-14.6355,-16.088,-8.75854,-20.8877,-12.2579,-88.037,305,1937,4176,4575,4668,4723,10873,20228,24835,33836,33964,35548,38477,41199,42414,44810,56763,63638,70983,75164,102890,113232,119471,124709,176333,191966,199075,255215,316981,555183
64,6500,6596,404074,101537,97243,-7.98077,13.3331,-9.35927,-2.69679,-4.79004,1.48007,-4.01613,-3.04733,-0.140336,-9.06319,10.0961,-20.0596,-14.8144,-20.8992,-14.5639,-16.7285,-12.8304,-15.8347,-10.1203,-21.0543,-10.0218,-88.3189,6596,7589,7609,8547,9777,24412,27349,31511,38985,43369,44352,45821,50238,52146,52594,77642,90095,91684,104977,116416,120174,135207,136469,151309,173823,205300,233422,270582,284037,404074
65,6600,1129,450393,98400.1,113443,-6.74153,12.6427,-9.40369,-2.40462,-4.3998,2.324,-4.28412,-4.54833,-2.29695,-10.3176,10.6727,-20.8523,-14.8138,-21.7224,-15.6419,-19.5133,-13.6838,-15.2399,-11.4351,-20.9625,-9.47345,-87.8947,1129,2628,3799,9222,12637,13045,20212,22435,22595,26585,26739,36676,42496,47181,50920,52596,65107,69222,71347,89564,109896,119461,128201,168104,197839,198321,230577,298707,364370,450393
66,6700,667,249676,70761.9,67267.7,-6.56295,12.1954,-9.16587,-2.76,-3.94062,2.45887,-4.23464,-3.62825,-1.69132,-9.41288,8.84786,-20.6109,-16.5028,-22.3003,-15.1184,-17.7067,-13.2231,-13.685,-12.3044,-22.0629,-7.53905,-88.4506,667,732,1886,2276,4657,13769,15967,20403,23245,27049,33726,34673,46107,51698,59466,60339,62198,66407,68754,72373,75403,93253,96641,103932,111380,137402,158610,193955,236212,249676
67,6800,1018,310384,73690.5,73658.9,-6.27418,12.792,-9.11516,-2.25678,-4.77404,0.755662,-4.03126,-4.9622,0.333883,-8.66155,8.55072,-20.0231,-16.1309,-21.503,-15.4518,-19.2787,-12.7117,-14.1186,-13.3994,-21.8057,-7.68917,-86.1741,1018,8335,8617,8911,9981,11944,21415,22105,26399,31899,32918,38461,43425,51820,53748,57765,63118,66364,68419,75860,86050,87439,92912,97440,103093,145101,147942,164111,273721,310384
68,6900,1936,190879,66271.4,54528.2,-3.97618,12.3882,-8.93679,-2.59393,-5.40706,-0.175493,-3.37086,-3.69505,0.248619,-10.8751,11.2726,-22.1674,-15.588,-21.9502,-17.5558,-20.1022,-11.8437,-13.4454,-13.0159,-21.9428,-7.884,-85.67,1936,5909,6480,8958,10003,10243,13482,14703,17154,19897,27475,32545,42510,61380,61393,61560,63086,72222,75802,79129,85514,92884,103742,105693,126315,134439,135580,155885,171345,190879
69,7000,1310,241425,98312.3,67753.9,-2.74108,13.6745,-10.3962,-3.16186,-4.08877,0.371316,-2.12847,-1.90662,0.0900309,-10.8184,9.76196,-21.4538,-16.0497,-20.6823,-17.9541,-20.5389,-12.7417,-14.3557,-12.6098,-22.8052,-7.3525,-85.8232,1310,2965,15536,24446,27345,29847,31521,33672,41701,66338,70686,72746,76018,76339,79789,81673,93703,105921,122692,127278,131038,141175,146486,152795,155402,169683,187327,218703,223810,241425
70,7100,2170,500258,135695,116115,-0.403911,12.6894,-9.91056,-1.18277,-5.20919,0.253143,-1.4133,-2.01402,0.285757,-10.3237,9.06972,-20.4844,-15.7611,-20.7338,-18.8865,-20.862,-13.7184,-15.5185,-10.2107,-22.3995,-6.41874,-84.7105,2170,5373,8672,18177,18854,35988,43490,57557,70765,75287,78677,79646,81302,85376,90935,109831,116724,117407,117899,147827,175076,198956,199117,222950,244373,252088,265162,314749,336158,500258
71,7200,1072,266847,71980.7,70156.1,-0.918886,13.3677,-10.5705,-1.5155,-3.86781,-2.09027,-0.977288,-2.13861,1.27977,-10.8139,8.27234,-20.2204,-14.5843,-19.4239,-17.6083,-20.2927,-14.3329,-16.7291,-12.3582,-21.9206,-6.62091,-88.9054,1072,4562,9424,9593,13061,15256,17245,18563,20956,23274,24714,26485,36129,38341,45113,45377,50098,50127,56705,92056,104729,116258,119115,126033,133116,145024,147877,157815,244457,266847
72,7300,7404,462638,125298,114585,5.65018,13.0958,-10.1635,-2.46816,-4.53176,-3.10147,-1.08071,-3.23349,2.25507,-11.3353,10.4228,-19.9401,-13.9198,-16.995,-17.6155,-20.512,-14.3584,-17.0379,-13.357,-23.1843,-6.6448,-91.4086,7404,8736,12372,16295,19679,43704,48335,49824,49919,62383,69530,75338,80697,81452,84885,91711,97848,100494,124508,127638,149661,156437,156728,164467,175537,239309,253950,338279,409197,462638
73,7400,6884,358088,87982.2,90763.5,-7.87435,12.0956,-8.75363,-2.55103,-1.27034,-2.96317,-1.28843,-5.30486,2.50279,-11.2688,11.9477,-19.6729,-13.2201,-17.9417,-18.7005,-19.9614,-14.1036,-17.9711,-15.4862,-22.455,-7.43374,-91.0367,6884,11817,12208,13810,14495,15866,18914,19546,22880,24206,26090,33587,46810,55361,65183,66590,81054,81174,81365,84459,86377,94463,104546,111238,149822,179466,208072,275481,289615,358088
74,7500,143,337239,78505.1,84471.3,-14.2196,11.8844,-7.22938,-0.315483,-1.74291,-3.43614,-1.09834,-5.24872,1.97775,-11.1123,12.0499,-21.4919,-13.2028,-18.7007,-19.8342,-20.8933,-14.0789,-19.698,-14.5246,-22.9016,-9.06661,-92.4248,143,858,4932,6356,9998,18407,19925,20770,25848,27959,29305,34908,38760,45964,48289,64463,66569,70972,72331,76131,79992,80438,81633,100492,108558,188826,195813,213737,285538,337239
75,7600,9347,226653,84239.1,57045.2,-37.8716,11.0791,-7.00635,-0.887329,0.70857,-3.26576,0.216064,-4.31636,2.22456,-13.3939,11.4887,-23.1624,-13.1096,-20.0452,-19.3248,-21.0396,-14.3814,-18.434,-15.8419,-23.2536,-8.72174,-94.3657,9347,12369,17397,24114,38442,38887,43212,44611,44675,46198,50891,52120,53403,63611,75406,75473,76203,84625,85866,90835,92664,94303,119277,128546,135175,158331,162363,173179,208998,226653
76,7700,10682,404152,94704.9,86374.7,-49.4945,10.6992,-9.22451,-2.23763,-1.24187,-4.94455,-1.41841,-3.68993,3.24109,-12.7444,10.851,-22.6005,-14.8024,-20.0039,-17.9829,-20.9975,-15.0858,-20.4491,-15.7939,-23.9409,-9.47298,-96.3688,10682,14207,16728,24541,25719,26522,28057,29516,36451,37809,40302,40570,45536,48251,71032,74835,94035,98562,102890,107913,112854,125106,131491,131762,136878,168689,184910,218385,252763,404152
77,7800,701,447484,80091,97541.4,-48.3801,11.0712,-10.286,0.830328,-2.3073,-6.16012,2.12042,-4.23626,2.56185,-13.4746,12.8913,-23.0422,-15.42,-20.483,-17.2169,-20.3655,-15.2404,-20.5465,-14.6548,-23.8295,-8.43787,-96.3751,701,14398,14511,19244,20683,24171,24278,28633,29674,32304,32502,34659,37119,40417,40548,44428,48183,51722,59771,65685,66757,73961,85400,87469,109058,115838,217893,255272,279968,447484
78,7900,1243,778364,123784,155172,-46.3287,11.4119,-9.94747,1.35304,-3.42857,-6.70769,2.57688,-4.47486,1.37349,-12.1441,13.6276,-23.0976,-16.1234,-21.0155,-16.3928,-20.6262,-16.4731,-21.4977,-15.0036,-24.7688,-7.376,-97.5779,1243,4257,7378,8422,8802,10631,11750,28983,29768,35311,42115,43272,43819,45423,59398,75554,82422,84149,114990,146187,156684,173217,204517,219115,240591,240809,250237,273371,292742,778364
79,8000,1352,677242,144696,145361,-51.7272,11.5761,-9.13239,0.364654,-3.70143,-6.24132,2.28663,-3.71998,0.253393,-13.2812,14.2704,-23.5368,-15.7073,-20.9535,-16.7971,-19.7935,-16.17,-23.3283,-14.3563,-24.4449,-8.79323,-97.4384,1352,8973,23218,28247,43003,55343,57110,59351,59537,71116,71786,72324,82842,89156,95244,96630,106351,107703,115994,135185,137809,144436,150694,205450,274310,290040,295036,356381,429018,677242
80,8100,272,292975,78714,74970.6,-59.3715,10.3712,-10.7719,1.10925,-3.76983,-6.53168,1.64908,-4.47556,-2.95809,-13.4114,13.5969,-24.6463,-15.5738,-22.274,-16.1938,-22.1399,-15.7972,-23.6259,-15.8296,-25.3083,-8.68951,-101.219,272,4426,4666,5020,6354,12308,16392,27611,31514,35842,37873,38893,48816,49445,52460,68052,72023,72657,74934,80153,86184,88634,106697,133258,137187,146861,179174,184701,266039,292975
