generation,agents,minScore,maxScore,meanScore,standardDeviation,w0,w1,w2,w3,w4,w5,w6,w7,w8,w9,w10,w11,w12,w13,w14,w15,w16,w17,w18,w19,w20,w21,s0,s1,s2,s3,s4,s5,s6,s7,s8,s9,s10,s11,s12,s13,s14,s15,s16,s17,s18,s19,s20,s21,s22,s23,s24,s25,s26,s27,s28,s29
0,50,2,16,7.13333,4.23233,2.1981,0.489837,-9.1337,1.35889,-4.88374,-0.195358,-0.49315,-4.47481,-0.140461,-1.09396,2.21137,-4.40251,-1.80053,-4.39333,-0.518312,2.56583,-5.47045,-0.287074,-4.66463,-2.15867,-0.6037,-4.97805,2,2,2,2,2,3,3,4,4,5,5,5,6,6,6,6,7,8,8,8,8,9,10,10,11,12,13,15,16,16
1,100,1,21,7.76667,5.75765,0.581925,-4.7017,-3.76629,2.49852,-7.62422,-1.72616,0.39669,-3.77346,1.04308,-3.05009,-0.50051,-6.09644,-1.62133,-6.4275,-0.346303,6.18543,-9.55285,-3.30683,-6.43915,1.88462,0.356563,-8.46853,1,1,2,2,2,3,3,3,3,3,4,4,4,4,6,7,7,8,10,10,11,11,11,12,12,16,17,17,18,21
2,150,3,24,10.1333,4.76144,0.427351,-6.21385,-4.74722,1.29848,-5.07844,0.922953,-2.21266,-4.84296,-3.11056,-7.56144,3.0897,-9.90461,-2.56712,-3.22363,-0.245348,7.7015,-10.5612,-1.5114,-9.62078,-0.299308,1.10717,-7.41875,3,3,4,5,6,6,6,6,7,7,8,9,9,9,9,9,10,10,11,11,12,13,15,15,15,15,15,16,16,24
3,200,6,38,14.6,8.20261,1.92761,-6.45841,-5.31635,0.195137,-4.38579,0.314372,-3.00803,-11.6301,-2.86137,-9.32487,4.3126,-12.6677,-0.729834,-4.39737,-0.402983,3.73379,-14.0156,-1.79535,-7.5364,-1.64068,-0.445866,-11.5203,6,6,7,7,7,8,8,8,8,9,11,11,11,11,11,12,12,14,15,16,17,17,18,20,21,21,28,28,32,38
4,250,9,75,25.7,12.8684,1.18799,-2.43277,-4.29917,-1.74583,-5.32337,0.383772,-3.20732,-10.2635,-4.0042,-14.7907,3.70864,-14.8644,-0.102221,-7.54688,0.00502853,1.61859,-14.4744,-6.09968,-11.5209,-2.37308,-1.54467,-16.6384,9,11,11,12,13,15,16,16,17,18,19,20,21,25,25,27,28,29,29,30,30,31,31,32,32,34,35,38,42,75
5,300,26,151,76.2333,35.9287,2.82861,-7.15277,-3.22178,-3.55323,-4.87595,-0.679413,-4.30287,-11.5353,-4.47616,-12.523,3.82816,-14.685,-2.97042,-4.57359,-1.95184,-4.68353,-14.3309,-11.6142,-11.921,-2.46226,-2.00093,-20.7782,26,27,35,35,37,37,45,45,47,51,52,62,66,68,74,76,80,84,85,88,89,93,99,99,104,120,122,145,145,151
6,350,26,228,111.767,52.0694,2.40469,-9.29426,-8.75304,-6.97912,-4.03946,-1.63254,-6.57004,-10.7372,-5.2579,-10.1331,0.573463,-17.2662,-3.32703,-7.68605,-1.27823,-6.47927,-14.6051,-12.35,-11.8356,-4.23476,-5.13857,-20.7882,26,39,53,55,59,63,65,71,71,81,81,86,88,92,107,113,114,115,123,127,134,138,151,154,162,179,189,194,195,228
7,400,28,194,101.833,40.4936,3.86336,-8.45707,-11.8235,-6.0183,-4.31129,-1.6544,-6.59161,-11.1179,-5.96212,-11.2434,-0.120177,-18.5196,-7.77854,-6.97828,-2.25517,-7.58773,-14.7649,-11.9723,-12.7894,-3.34145,-9.35903,-20.5283,28,40,44,46,63,68,71,72,78,79,81,90,92,95,97,99,100,100,115,117,120,128,136,142,144,146,152,158,160,194
8,450,31,204,104.933,51.73,4.74867,-8.03754,-10.0924,-8.38618,-3.52111,-3.7831,-7.99494,-11.5842,-5.87274,-11.3479,-1.37052,-18.4463,-8.3985,-6.34378,-3.6543,-6.92514,-13.8879,-11.7308,-13.0008,-3.67071,-11.2245,-20.3167,31,32,46,50,58,58,59,60,64,64,71,73,88,90,92,95,97,104,119,125,129,133,145,161,168,170,176,185,201,204
9,500,34,339,120.533,59.5684,4.6057,-8.2982,-10.6397,-7.29275,-5.46235,-4.94089,-5.488,-11.8216,-7.20715,-11.8772,-0.549368,-17.6487,-8.29727,-6.94353,-3.12507,-6.25843,-14.5003,-10.7662,-12.1402,-4.27724,-9.21144,-19.6032,34,56,57,59,66,73,77,82,86,92,97,97,99,105,105,112,118,118,129,132,138,142,147,159,160,161,164,199,213,339
10,550,54,331,146.467,74.6277,4.40087,-7.98604,-9.26678,-6.7903,-7.8191,-7.40281,-5.84173,-11.4363,-8.62838,-12.1869,-0.481736,-17.0059,-8.36429,-4.27529,-2.53837,-6.48442,-13.5791,-12.7476,-10.7874,-4.24885,-12.2128,-21.563,54,61,64,64,75,89,90,93,96,98,100,103,113,115,115,132,145,156,158,166,167,168,170,192,194,247,252,274,312,331
11,600,48,634,159.3,117.451,3.47446,-9.08017,-9.03782,-5.85803,-6.51737,-7.33753,-8.61772,-11.4667,-10.3801,-9.48298,-0.580235,-19.6649,-8.26521,-2.87289,-3.90392,-6.8335,-13.7638,-11.2452,-9.88672,-5.69972,-12.3654,-22.1761,48,53,57,72,81,83,86,92,93,96,99,100,103,118,122,125,126,141,167,178,178,179,183,208,213,220,263,273,388,634
12,650,49,292,125.067,56.1641,3.47388,-10.1342,-9.95959,-6.19276,-6.5035,-7.35069,-7.05668,-12.7024,-10.6062,-11.1331,0.624135,-18.8514,-7.66301,-2.47979,-4.71448,-6.94489,-13.6552,-12.0038,-10.1572,-6.99878,-14.0414,-22.8931,49,51,68,71,72,79,83,83,88,92,95,97,103,106,110,113,123,124,125,126,133,143,168,173,174,180,194,210,227,292
13,700,45,408,143.233,88.3315,3.91309,-9.81684,-10.2042,-7.16588,-6.79806,-5.51893,-6.43418,-12.7819,-11.2755,-10.5556,3.06147,-19.0545,-8.36376,-3.15474,-2.39751,-6.74897,-13.6921,-12.7825,-7.97606,-8.4551,-15.7156,-24.6424,45,48,58,60,68,73,78,83,91,96,102,105,105,107,110,111,121,132,140,145,165,171,171,186,217,237,241,253,370,408
14,750,35,548,156.733,103.121,4.61092,-11.6429,-9.00103,-5.58274,-6.3559,-5.74497,-9.24641,-13.5038,-12.6989,-13.9817,0.973408,-20.8676,-5.91489,-4.54053,-1.84173,-7.21119,-12.8259,-14.5665,-5.69853,-9.32301,-15.9062,-26.1176,35,38,50,75,78,83,85,85,90,92,98,106,110,114,123,124,139,168,168,187,192,197,216,222,227,241,247,252,312,548
15,800,41,386,136.833,76.5205,4.27187,-12.325,-9.01011,-4.52574,-7.56042,-4.78731,-9.26846,-12.2457,-12.6774,-16.6977,0.0904981,-21.3986,-6.46618,-7.0725,-2.41265,-8.11753,-13.8193,-13.6966,-6.85383,-9.22285,-18.1457,-27.7011,41,46,71,73,75,76,77,82,83,93,94,96,99,114,114,118,125,135,148,152,152,165,168,188,191,196,201,229,317,386
16,850,40,599,208.267,124.449,4.77685,-10.6312,-10.6847,-5.65983,-6.64965,-5.49046,-9.17152,-12.2677,-12.7167,-17.9974,-1.04374,-21.2118,-6.10875,-7.57237,-1.46696,-7.61237,-12.3168,-13.0276,-6.38817,-8.71891,-17.9747,-32.2717,40,50,80,83,87,93,93,95,118,140,156,165,166,169,180,198,212,214,228,242,260,282,283,289,303,308,308,339,468,599
17,900,85,870,275.6,173.308,6.5265,-11.3326,-10.7107,-7.03181,-7.57544,-5.42039,-11.139,-12.2904,-12.1241,-17.867,-1.32565,-19.8664,-6.47868,-7.6493,-2.4733,-5.70225,-11.4783,-13.5465,-6.92527,-10.4094,-17.7635,-37.2124,85,103,111,113,120,123,136,141,151,157,171,175,177,201,243,246,255,271,284,305,330,363,374,401,443,443,443,455,578,870
18,950,77,637,243.3,147.033,6.69305,-8.902,-6.37831,-6.85449,-7.87819,-5.25889,-10.7601,-11.4179,-11.7258,-17.8884,-2.30089,-19.8,-6.44829,-8.41954,-3.39857,-5.34697,-12.8156,-13.9246,-6.11016,-10.4153,-18.4478,-39.2086,77,79,87,99,130,135,137,142,156,159,160,161,162,176,182,186,197,227,245,264,278,306,308,342,347,377,456,503,584,637
19,1000,76,1634,351.633,323.742,4.37098,-8.26143,-9.64022,-7.28119,-9.65216,-7.05811,-12.1337,-12.3551,-10.3338,-18.6158,-2.02266,-19.6909,-6.77688,-8.54913,-4.323,-4.53358,-12.5957,-15.9431,-6.24848,-12.5877,-16.5651,-40.7742,76,111,113,129,141,152,166,166,167,181,182,186,190,203,207,217,227,241,330,348,395,406,430,470,483,522,718,830,928,1634
20,1050,61,1324,387.9,284.489,7.55043,-7.54003,-10.3346,-6.60827,-9.63077,-7.82433,-12.1555,-10.9469,-8.95922,-18.3198,-0.929814,-19.2624,-5.28591,-7.88078,-3.30438,-5.49742,-12.0713,-14.2137,-7.19269,-11.3149,-17.8147,-42.0402,61,69,99,100,104,105,122,140,143,238,246,275,297,304,322,341,342,375,408,433,480,545,604,610,665,673,693,711,808,1324
21,1100,52,969,406.667,211.014,6.70158,-6.17266,-13.536,-5.86233,-9.15099,-8.27248,-13.5144,-10.454,-8.31137,-16.883,-1.25443,-20.3207,-5.20694,-9.94122,-4.26816,-6.88337,-13.21,-13.3,-8.83548,-10.0514,-15.3644,-43.9277,52,102,104,137,180,184,218,244,273,311,345,363,371,378,388,417,424,470,472,486,491,504,526,561,568,593,620,635,814,969
22,1150,129,2780,521.233,505.869,5.47598,-6.12475,-11.3289,-3.60833,-10.9801,-9.52887,-11.2784,-10.8555,-9.71644,-15.1923,0.0389901,-20.4615,-6.5519,-9.26242,-6.38632,-7.43099,-9.11204,-13.8214,-10.5179,-10.2921,-15.0975,-45.1749,129,135,154,170,171,188,228,248,263,265,322,342,366,383,388,417,426,428,520,527,543,565,571,590,618,684,847,1046,1323,2780
23,1200,83,1711,686.167,427.609,8.02951,-4.95517,-12.7151,-4.62694,-9.32872,-13.0618,-11.4398,-13.0509,-8.95541,-15.0631,1.99561,-20.6388,-7.70452,-9.97192,-7.8676,-6.5914,-8.80675,-14.6094,-9.50761,-10.524,-14.6538,-47.4615,83,151,253,274,302,331,366,378,386,416,418,487,501,504,507,560,615,698,714,737,853,924,939,1009,1039,1104,1276,1338,1711,1711
24,1250,96,1508,543.3,382.221,5.25231,-6.09467,-13.172,-5.36296,-9.74233,-10.2434,-10.7908,-9.78759,-7.63495,-13.7548,-1.74093,-21.4756,-7.7242,-9.74654,-10.6624,-7.5088,-8.68338,-14.6779,-8.30315,-10.0611,-15.1425,-46.4409,96,143,146,195,220,221,221,231,252,274,290,294,390,412,431,482,484,541,552,600,693,708,739,775,803,812,1125,1172,1489,1508
25,1300,42,1457,609.4,413.341,8.63718,-7.0777,-10.2746,-5.47842,-13.0181,-8.41891,-13.3551,-10.0243,-7.25684,-15.0303,-1.79673,-20.8699,-6.45974,-9.11343,-12.8697,-7.87797,-10.6362,-15.3853,-7.572,-11.1408,-14.2727,-47.1384,42,81,126,160,255,260,271,275,306,349,372,380,392,408,499,559,600,620,681,732,736,768,834,915,1000,1070,1291,1408,1435,1457
26,1350,115,2009,699.567,509.817,6.30217,-7.78652,-10.3686,-4.36507,-12.5072,-7.7201,-13.0939,-9.09926,-4.97624,-16.614,-1.85358,-19.7648,-7.22095,-9.59192,-12.2989,-10.1905,-11.1453,-15.8142,-6.98797,-10.4078,-13.032,-50.1642,115,144,160,176,258,278,350,356,370,375,399,418,430,458,522,538,605,629,649,678,700,905,912,1273,1287,1293,1461,1521,1718,2009
27,1400,100,3952,1120.7,953.302,7.19985,-6.7077,-10.8399,-5.77873,-9.95358,-8.54409,-11.5781,-7.03946,-7.62795,-14.8197,0.0851738,-20.3653,-6.15376,-11.1518,-12.5916,-11.23,-11.7284,-14.5989,-8.97339,-11.9966,-11.7041,-52.2555,100,240,276,279,300,383,418,498,507,514,619,718,741,743,772,861,892,1022,1033,1084,1130,1289,1588,1626,1657,1932,2322,2406,3719,3952
28,1450,50,2585,993.367,710.08,8.25295,-6.28447,-10.5278,-4.73539,-8.09775,-7.38509,-11.2228,-7.8317,-8.92024,-14.1683,0.481647,-21.6399,-6.68453,-11.4856,-11.183,-12.2953,-12.6657,-16.1104,-9.39148,-12.7757,-11.51,-52.7133,50,204,239,311,329,354,361,418,453,476,510,706,711,787,804,877,923,953,979,1070,1109,1236,1421,1638,1722,1821,1833,2420,2501,2585
29,1500,115,5796,1707.4,1462.88,9.72872,-5.12068,-10.1889,-5.53747,-7.11499,-8.87127,-10.3698,-8.11271,-8.60079,-13.8968,0.242913,-22.0312,-5.4535,-12.3424,-12.3288,-12.3952,-12.7196,-14.2916,-9.52506,-12.7471,-9.22752,-53.314,115,198,233,263,436,462,485,488,551,556,1002,1301,1356,1408,1432,1512,1564,1661,1664,1801,1810,1859,2278,2429,3049,3220,3233,3264,5796,5796
30,1550,135,5088,1976.77,1599.57,9.32173,-5.06461,-10.1419,-4.1604,-8.64612,-7.08882,-8.2168,-9.73535,-8.28151,-11.9483,-0.353341,-19.1624,-6.5027,-12.6865,-10.4058,-12.3758,-10.5121,-13.2576,-9.68669,-11.7131,-9.86704,-55.5264,135,199,203,204,234,263,592,721,903,951,981,1184,1187,1190,1352,1497,1548,2145,2173,2195,2911,2944,3047,3426,3572,3859,4765,4824,5010,5088
31,1600,128,9824,1962.23,2010.42,6.86832,-3.26579,-9.81999,-2.33505,-8.72559,-6.33148,-6.82581,-11.0129,-8.38222,-10.8272,-0.786629,-19.834,-5.39553,-11.5561,-10.5756,-12.2956,-9.83533,-14.3224,-12.065,-9.60552,-11.4133,-56.9309,128,131,136,217,302,409,446,496,607,705,836,955,1008,1301,1310,1621,1957,1958,2122,2204,2334,2417,2570,2705,3046,3591,3976,4696,4859,9824
32,1650,92,4498,1261.07,959.455,4.43124,-2.2639,-10.5803,-4.17386,-9.96676,-5.67259,-5.9412,-14.7152,-8.35456,-10.8977,-0.282682,-20.4547,-3.20042,-10.0436,-12.5532,-12.0549,-8.60999,-14.9145,-10.773,-10.3634,-11.8908,-58.7135,92,197,299,402,432,448,505,559,569,614,664,746,847,904,945,983,1190,1285,1349,1500,1615,1805,1810,1822,1848,2204,2296,2499,2905,4498
33,1700,15,5300,1143.6,1149.26,2.99021,-2.50351,-10.5334,-7.08036,-12.7495,-4.35906,-4.69547,-10.6181,-9.21585,-10.8513,-1.23661,-20.018,-3.4894,-11.4132,-11.8997,-10.779,-8.91315,-18.063,-9.20822,-11.0539,-14.3764,-58.8686,15,116,166,224,300,354,466,473,476,530,571,598,654,686,766,829,850,854,1004,1094,1107,1158,1209,1806,1926,2157,2220,2640,3759,5300
34,1750,94,8981,1957.33,1779.8,0.168863,-2.99114,-10.156,-7.76388,-12.531,-6.88819,-6.42022,-8.1234,-9.80985,-11.5063,-0.591456,-18.9272,-3.97027,-14.6284,-10.7484,-11.422,-9.535,-18.1634,-8.48403,-10.611,-13.819,-59.6254,94,190,251,280,291,387,413,782,844,1027,1151,1201,1368,1495,1540,1720,1855,1922,2063,2069,2493,2576,2637,2868,3106,3375,3635,3771,4335,8981
35,1800,170,5940,1748.97,1337.59,1.69375,-1.26638,-12.2851,-6.47967,-12.1012,-11.1811,-7.9958,-10.3561,-10.1124,-12.5898,-1.01794,-20.1219,-5.58938,-14.7209,-9.66449,-12.3471,-9.81654,-17.3069,-8.99837,-11.7167,-14.8361,-61.2388,170,219,231,259,652,701,882,885,886,983,1024,1064,1105,1190,1339,1395,1505,1534,1874,1996,2078,2282,2529,2640,2693,2758,3580,3812,4263,5940
36,1850,146,9505,1994.13,1818.37,1.40231,-0.408562,-12.3023,-6.43115,-10.8061,-9.91339,-7.00276,-10.3205,-8.62496,-12.2305,0.385708,-19.801,-5.7226,-13.9435,-9.96689,-13.2415,-8.47907,-14.7634,-8.39668,-12.3966,-15.1877,-60.2901,146,204,335,544,572,652,790,827,1082,1131,1183,1283,1337,1349,1361,1656,1660,1805,1854,2003,2305,2683,2793,2870,2961,2965,3152,4059,4757,9505
37,1900,122,7450,2736.5,2045.05,2.05085,0.434009,-14.3847,-5.608,-9.33278,-9.54483,-6.57259,-11.6412,-9.74229,-11.1625,-0.846675,-19.2924,-7.05719,-12.2173,-10.4289,-14.0857,-9.37935,-14.9754,-8.84912,-13.0221,-14.3731,-61.1808,122,158,184,241,719,1177,1201,1235,1309,1327,1375,1446,2057,2081,2244,2289,2494,2761,3160,3219,3274,3568,4088,4194,4590,5452,5983,6309,6388,7450
38,1950,75,20365,2602.93,4082.04,1.52516,0.568744,-14.6881,-6.34177,-7.81647,-9.77823,-5.05634,-11.5364,-8.57488,-10.4163,-0.104894,-16.4808,-7.69527,-12.6453,-12.3697,-13.8002,-10.5779,-13.3595,-9.77946,-11.8972,-12.4408,-63.6293,75,88,132,144,164,190,204,524,563,703,815,1000,1149,1203,1373,1576,1578,1956,2027,2047,2466,2502,2689,3062,3749,3964,4054,6139,11587,20365
39,2000,59,13027,4052.4,3818.29,1.30863,2.28802,-15.0901,-7.6049,-10.2064,-8.68635,-5.25718,-11.1416,-8.00186,-10.3976,-1.64491,-17.8058,-9.55029,-11.9802,-12.2092,-14.1594,-10.681,-12.403,-10.332,-12.006,-10.2878,-64.0963,59,362,419,629,931,1008,1036,1195,1211,1291,1585,1588,1935,2236,2344,2480,2574,2871,4163,4788,4999,5000,5766,7656,8540,9205,10340,10408,11926,13027
40,2050,707,32339,5024.57,6235.32,1.23846,3.16108,-14.5503,-7.57517,-11.388,-8.64697,-4.49666,-13.0579,-8.13037,-10.6452,1.19586,-16.4297,-8.6504,-12.7439,-12.3716,-14.0278,-11.1635,-14.5095,-9.87427,-12.7513,-10.7643,-63.1726,707,713,806,844,853,1244,1301,1488,1491,1578,1611,1826,1901,2499,2882,3310,3475,4168,4175,4327,4420,6190,7803,8174,8519,8611,9051,9713,14718,32339
41,2100,160,9725,2334.9,2230.52,2.93517,2.73522,-15.8139,-9.03012,-12.5587,-6.331,-4.75412,-10.8712,-6.10805,-11.4165,0.826887,-16.198,-8.31359,-13.1544,-12.6798,-16.2409,-10.7744,-14.5271,-8.86488,-11.2511,-11.5142,-62.9276,160,190,213,264,271,365,626,648,859,903,1094,1141,1230,1367,1784,1950,2074,2269,2359,2436,2679,2777,3225,3367,4563,4736,4865,4890,7017,9725
42,2150,121,13358,3556.43,3625.55,1.96894,3.5476,-17.879,-6.85934,-12.3898,-6.37638,-5.51825,-11.287,-6.62052,-12.3393,0.619114,-15.5269,-9.3935,-14.0192,-12.4586,-16.0523,-11.448,-14.7272,-9.27155,-10.9603,-9.88107,-64.5702,121,136,160,289,387,556,639,666,949,1010,1105,1444,1884,2253,2356,3008,3048,3178,3333,3804,4129,4456,4639,5073,6504,7123,8839,9613,12633,13358
43,2200,151,20722,3967.83,4733.82,0.604825,5.10265,-18.4323,-7.02941,-12.4737,-7.03667,-6.1564,-11.1207,-6.18934,-13.0125,0.258017,-16.1009,-10.8048,-14.3745,-14.4944,-16.1901,-12.4093,-14.9478,-7.66843,-10.7229,-10.3192,-67.184,151,161,239,367,982,1171,1212,1400,1491,1524,1760,1841,2179,2344,2403,2539,2600,2649,2778,3459,3714,3934,4466,4785,5394,5912,8895,11377,16586,20722
44,2250,783,22578,5328.43,5480.53,-0.63955,6.09863,-17.8991,-7.36904,-13.1164,-6.40179,-7.58051,-12.5956,-7.09592,-13.7425,0.939232,-16.1363,-10.7857,-14.4939,-13.739,-16.5437,-13.0806,-15.2011,-8.27591,-14.6208,-8.36937,-67.984,783,974,1067,1161,1177,1185,1339,1413,1669,1886,1892,2155,2902,3108,3224,3753,4029,4319,4758,4897,4974,4994,5787,7160,10058,11828,12418,13909,18456,22578
45,2300,545,30508,6566.2,6923.94,-1.44076,5.57512,-15.9027,-5.70966,-12.4138,-6.70274,-7.66744,-12.7664,-6.36897,-14.1508,0.940627,-15.6485,-11.4537,-14.3249,-14.0154,-16.963,-13.7822,-15.8301,-8.24294,-13.1669,-7.76262,-70.0543,545,629,702,876,1013,1021,1501,1504,1807,2189,3607,3610,3746,3762,3833,4351,4531,4578,4985,6750,7373,8237,9076,9646,11952,13464,13970,14931,22289,30508
46,2350,369,28665,7860.63,7672.87,-1.78835,4.57071,-15.3892,-6.45598,-11.0004,-7.40723,-7.23167,-12.1837,-6.12537,-14.23,0.0212812,-15.8957,-10.985,-12.2657,-12.9937,-15.0957,-13.1789,-15.4503,-8.89688,-11.5685,-6.45891,-70.056,369,765,963,1135,1337,1370,1491,1958,2111,3200,3325,3692,4029,4934,5467,5547,5754,5808,7493,8519,8903,9774,11557,11634,12170,17026,19533,21515,25775,28665
47,2400,505,21817,5903.6,5879.25,-2.40358,4.10328,-14.3081,-4.5275,-10.0038,-6.65076,-6.64794,-11.9451,-5.83049,-13.9868,0.549637,-16.9277,-11.5863,-12.0815,-14.9371,-14.4455,-12.8431,-14.2524,-9.45691,-12.3132,-6.737,-72.2278,505,980,1235,1606,1690,2033,2106,2115,2140,2286,2565,2599,2728,2817,2842,2921,3040,3333,3390,5459,6414,6608,9621,9638,9660,13214,15772,17963,18011,21817
48,2450,36,39830,10003.7,10304.2,-0.356901,4.59628,-12.8127,-4.04107,-9.97679,-7.33697,-5.40076,-13.069,-4.35761,-11.5045,1.30023,-17.0145,-12.0712,-11.8462,-13.5305,-14.9439,-13.3348,-14.5837,-8.79847,-13.3411,-6.46676,-72.9979,36,281,413,555,1809,2526,2643,2948,3436,3741,3998,5349,5545,5591,5685,6634,7327,7639,8331,8564,9645,10315,12937,18361,18941,21217,25270,27014,33531,39830
49,2500,482,35863,12185.1,11227,0.7835,3.82071,-14.7494,-2.21022,-8.37009,-7.8121,-4.64454,-13.3902,-3.52579,-11.2867,0.921385,-15.7044,-11.7454,-11.7708,-14.4974,-16.4808,-15.1027,-14.7453,-8.5838,-13.2662,-6.16942,-74.2845,482,663,742,869,950,1658,2527,3605,3648,5131,5606,5995,6232,6569,6676,7482,8519,9107,11411,12167,20537,20722,20800,22653,23935,25315,29168,32512,34010,35863
50,2550,943,41515,13946.6,12746.5,1.42894,4.22399,-16.4411,-2.06759,-7.50231,-8.27425,-4.42091,-13.2702,-2.77956,-12.3103,2.61813,-16.6973,-12.6506,-12.2765,-15.1078,-16.0045,-15.4429,-14.9138,-7.76618,-14.2686,-5.42919,-74.7859,943,1251,1414,1621,1983,2303,2491,2678,2705,3761,4461,4792,6990,8248,8898,9921,10404,10419,17129,18818,19142,23148,23490,25107,28829,31900,32424,32486,39126,41515
51,2600,548,25592,8419.53,6792.11,5.05872,3.72512,-14.7546,-2.18826,-7.61185,-8.23808,-5.98647,-14.0218,-2.06877,-12.3707,0.238489,-16.0464,-15.5396,-12.7556,-14.8982,-15.0397,-16.2369,-14.7191,-6.89887,-14.6407,-7.34735,-77.4286,548,990,1259,1454,1685,1700,2258,2352,2654,4383,4635,5529,5884,6140,6435,6552,7623,7868,7877,8316,9824,11900,14401,14423,15522,17485,17704,18279,21314,25592
52,2650,120,70646,14607.2,14794.7,4.80834,5.18163,-14.9247,-2.39421,-4.12304,-8.02193,-4.567,-13.1183,-2.7584,-11.5599,1.69005,-15.0522,-14.3134,-12.8853,-13.1291,-15.5999,-16.4743,-14.0722,-7.34352,-16.5774,-6.1372,-79.4352,120,589,939,2689,3382,3652,3850,4727,5190,5719,9271,9715,9743,9951,10386,12400,13064,13126,13223,13743,14092,15859,16396,16936,24097,26593,28523,37519,42075,70646
53,2700,563,89454,15895.6,17908.7,4.99798,5.53798,-16.4737,-4.02392,-3.26309,-7.89885,-3.57159,-12.4254,-0.806515,-12.5487,2.89125,-16.3627,-13.425,-12.2524,-12.7947,-17.9885,-16.0501,-15.4406,-8.72079,-15.6189,-6.59337,-78.2869,563,1006,1051,1539,2001,2437,3407,3927,6236,7463,7741,8799,9101,9246,11584,11657,12756,13698,15311,15917,17409,17447,19107,19252,19566,33832,34629,40028,40703,89454
54,2750,1099,52619,18239.6,14688.3,4.28296,7.05003,-18.6283,-3.43668,-4.09076,-8.28951,-2.09836,-10.3126,-2.36394,-12.1319,2.90262,-17.4589,-14.2544,-13.1026,-12.107,-18.738,-14.5373,-15.8703,-8.41614,-18.2836,-6.07628,-80.2957,1099,1270,2404,2647,3239,5935,6461,7954,8055,8283,8907,9865,12027,13066,13378,13780,14946,17645,20172,20735,23087,24520,27117,28591,29705,35826,36051,48291,49512,52619
55,2800,492,99377,22596.3,21144.9,5.93099,8.36663,-18.9878,-2.36261,-4.38854,-8.12955,-4.50869,-10.4195,-1.97567,-12.3659,3.59552,-19.3216,-12.4362,-13.245,-14.854,-18.1386,-14.4437,-13.8336,-8.14393,-19.2432,-8.8414,-82.1234,492,1082,1102,1555,2654,3026,3679,5227,5711,6255,12010,14365,15608,18769,20727,22403,22702,23956,24672,26113,27176,28118,29058,35455,38621,40936,46281,49972,50787,99377
56,2850,2123,93191,18921.8,20053.6,7.25464,8.49198,-15.9357,-1.98124,-5.29356,-9.35158,-2.58252,-10.9752,-1.83246,-12.6611,2.40489,-18.9106,-12.3456,-14.7203,-18.1565,-16.753,-14.7282,-15.3977,-7.70289,-19.9548,-8.93889,-82.9615,2123,2307,2593,2785,3633,4174,4959,6280,8782,9168,10698,11486,12304,12434,12789,13356,14288,16348,18311,18414,18909,19470,21486,23577,29646,31233,33915,35792,73203,93191
57,2900,868,115888,27291.8,27422.8,6.6823,7.60562,-15.9835,-1.84885,-6.33161,-9.00128,-2.69461,-11.0898,-2.28,-12.7618,3.81536,-18.353,-11.8,-16.0594,-17.8987,-14.1431,-16.3203,-17.6184,-9.50892,-19.6955,-9.43445,-85.0921,868,2688,3903,6040,6218,6617,6755,9152,11355,12067,12284,14800,16342,16538,18742,21530,21667,22178,23620,24105,24151,26032,34990,39213,44991,46974,56345,84059,88643,115888
58,2950,159,150862,31688.1,33759.3,6.14033,8.74499,-14.0304,-0.704543,-6.87193,-7.08933,-1.92897,-11.7391,-1.65035,-13.099,4.64358,-18.64,-10.2986,-15.3065,-18.1543,-15.1156,-16.2254,-17.471,-9.32936,-19.4549,-7.69329,-81.8118,159,1050,1354,2161,3789,4814,5766,6312,6718,7960,10717,13258,15541,16824,19944,20434,27882,31402,32079,32936,33971,39682,48652,59556,60859,61480,68403,76523,89555,150862
59,3000,145,154517,30001,34647.7,5.44843,8.14312,-13.2021,0.240186,-6.86928,-6.42086,-4.57273,-8.14469,-0.826245,-12.9854,5.41411,-20.4934,-9.98018,-16.4319,-16.5521,-15.7263,-14.855,-16.4049,-10.5201,-19.4075,-8.56526,-84.1661,145,303,3195,3493,4091,4129,5101,5548,9999,15236,15917,17005,17458,18990,20202,20279,21787,22877,24100,24693,26098,26345,28124,45135,51338,52956,72988,76108,111874,154517
60,3050,4862,265674,55302.8,56137.3,4.58503,9.6483,-13.465,0.143047,-6.99953,-5.84068,-3.63009,-6.07814,-0.627437,-12.3274,5.87945,-20.2319,-10.722,-16.8721,-16.0398,-16.539,-12.808,-15.6449,-8.64884,-20.5497,-8.56741,-86.2576,4862,7196,8117,8366,11580,15401,17752,18960,19162,20187,23877,24055,26694,30604,42034,42290,42377,42427,47715,48671,51955,66142,69955,91872,104815,112239,120776,136637,136691,265674
61,3100,1260,187479,60560.2,48558.8,5.60289,9.92914,-12.4738,-0.390699,-7.43635,-5.18818,-3.87561,-6.1146,-1.29732,-12.072,5.94502,-18.9015,-11.6242,-17.4219,-16.2993,-16.1668,-12.291,-14.8632,-8.81805,-18.8563,-8.75683,-85.4674,1260,2987,6181,16711,17044,17309,18727,20942,21155,21948,31319,32567,33716,37628,48307,52823,54653,55458,66068,80744,81343,90121,94071,102708,105673,110211,110717,139440,157497,187479
62,3150,1965,141275,42793.4,32872.8,4.72902,10.266,-9.42242,0.333087,-6.63248,-3.96819,-2.15876,-5.90334,-0.373948,-11.3774,5.35181,-18.589,-12.3698,-16.5911,-15.7659,-14.6132,-12.8293,-12.3364,-9.39463,-18.2903,-8.6399,-85.1936,1965,7483,9010,11028,15130,16284,19309,20051,20335,20512,20993,25066,27369,32493,33186,34774,35952,39345,45987,46192,47280,51933,61292,64040,67882,79809,85144,93570,109113,141275
63,3200,5221,310741,45111.2,58978.3,4.71103,9.74093,-9.1863,0.697143,-6.31556,-4.56632,-2.94114,-5.79632,-0.401722,-10.2812,6.08327,-18.6052,-11.8444,-19.0305,-14.8438,-13.0831,-10.7512,-12.5435,-11.0561,-18.959,-7.03031,-83.8049,5221,6232,7029,9404,9420,10047,10865,11011,11975,12726,19427,22439,23703,26001,33361,34277,35238,35513,40742,44391,45126,48029,49067,55452,56552,60742,73524,93081,151999,310741
64,3250,426,178802,46738.1,43093.5,7.37317,7.99002,-9.46892,0.519609,-5.73682,-4.565,-3.06889,-5.42371,-0.231104,-8.97547,4.09779,-21.9578,-10.9785,-20.2571,-16.0049,-12.5631,-12.4452,-14.0741,-11.6877,-18.3116,-6.1259,-84.6198,426,1120,3201,8974,10522,14596,16774,18703,19710,22576,23036,23697,23899,28360,35171,40307,43180,43426,43836,48982,49291,49463,61905,64788,74654,96746,97375,103736,154887,178802
65,3300,890,93753,33041,26559.5,4.64232,7.44387,-10.0174,-0.6263,-4.69193,-5.50189,-2.25345,-5.03621,-1.79184,-10.6964,5.33554,-20.5609,-10.7746,-19.927,-15.3731,-13.641,-13.6387,-13.5851,-10.9876,-18.3397,-7.42085,-84.6156,890,1714,2402,3536,3708,4192,6154,8746,11749,12291,14723,24390,25169,25231,25799,27902,28196,38946,41482,42968,44962,49371,53947,54460,57454,58636,70255,75070,83135,93753
66,3350,930,135875,33807.8,31129.4,4.12172,8.06867,-9.94485,-1.32116,-2.08005,-5.70766,-1.91634,-5.35716,-0.789448,-10.1158,5.61179,-19.5518,-10.7746,-19.8386,-14.9117,-13.2305,-15.4506,-12.1386,-12.4255,-19.6148,-8.2472,-84.9927,930,1208,2730,3241,4426,4864,6766,7607,13822,15394,17409,19004,20801,23326,24538,27122,32196,34172,36178,36946,43292,48952,49311,50578,55057,58654,61229,84492,94114,135875
67,3400,1880,167891,42577.7,39009.9,3.64065,8.70472,-8.60039,-1.40375,-3.61726,-5.13732,-2.44097,-4.32854,-0.28654,-11.0439,6.17192,-21.575,-12.6757,-19.1399,-15.1057,-13.6866,-15.1486,-13.9814,-11.5431,-20.0567,-7.89461,-86.2673,1880,2006,2150,3907,4515,4895,7489,10339,10852,10992,22743,24883,28277,28338,29564,32541,33350,43072,49639,58102,60267,62221,64722,66868,75272,80445,94481,95175,100455,167891
68,3450,523,108386,35268.1,29068.3,6.39827,7.73451,-9.80023,0.181291,-4.53685,-4.41596,-2.21244,-4.77803,1.81671,-11.4239,7.11236,-20.1155,-11.7297,-19.1631,-15.9858,-12.5457,-16.1879,-14.6501,-12.4853,-19.8905,-7.889,-86.9189,523,847,5236,8643,8681,9001,11699,11822,12670,15963,15967,19673,22648,23928,24139,25077,34716,35641,37090,37553,42977,46585,53179,53272,69134,69942,76668,80071,96312,108386
69,3500,587,222372,49719.8,49147.7,5.94692,7.66349,-10.322,-0.251363,-4.56833,-3.03401,-3.45487,-4.13743,1.23196,-8.81073,7.61049,-20.6892,-11.0897,-19.5544,-14.4375,-11.8033,-16.9684,-14.5136,-12.6702,-16.7387,-7.5038,-85.2925,587,2130,3981,7162,9953,15544,15707,21608,26426,26898,27211,27217,30301,31528,32107,33566,39375,42073,46456,49274,51886,52221,52852,59140,84046,85084,109079,142037,143772,222372
70,3550,2777,204025,50424.2,46956.8,6.38448,7.57582,-10.1542,0.870861,-3.79324,-2.47302,-2.30507,-4.45015,-0.519517,-9.66399,8.3203,-19.8624,-13.0274,-19.8359,-12.6923,-13.5774,-17.8626,-14.2781,-12.4622,-17.7904,-8.07875,-84.4007,2777,3036,3075,12150,12791,12829,15537,15805,17009,20245,26683,31096,32102,35183,36368,36865,37429,39192,39496,41524,54493,60252,80052,84362,96920,99334,100744,117171,144182,204025
71,3600,1057,176705,29978.4,34399.1,4.65851,8.24214,-9.99189,1.0934,-4.53338,-1.49499,-2.8631,-5.74183,-0.662448,-10.2449,8.72257,-18.4778,-12.0981,-20.876,-13.2131,-12.5371,-17.468,-12.501,-13.0623,-17.0164,-8.23141,-84.1408,1057,2808,3995,5904,6951,8343,10828,11438,12371,14885,16043,16161,16797,18285,18485,19042,20604,21700,23008,23258,26350,37261,38118,40793,42738,53291,54159,69781,88192,176705
72,3650,2380,209504,48149.9,42240.2,6.44654,9.28103,-10.9915,0.995694,-4.40691,-1.89817,-1.86618,-4.93081,-0.699646,-10.6948,8.07562,-21.2464,-13.3737,-20.5738,-12.8205,-14.861,-17.5374,-15.0043,-11.2106,-19.4778,-8.00146,-84.4934,2380,5733,7719,9705,11020,12399,12840,13130,16352,23918,30482,32797,35836,36142,40356,40723,47216,47730,49873,56348,61225,63691,67033,69449,69504,74589,84707,89872,122224,209504
73,3700,838,373000,78770.8,92360,6.01753,8.8624,-10.4114,1.12896,-4.16743,-1.84907,-1.16912,-5.83706,-0.492739,-10.722,8.68218,-22.2116,-12.7724,-19.7668,-13.8861,-14.4953,-18.1309,-16.0857,-10.8203,-19.514,-7.95147,-84.4396,838,3121,4479,10201,15851,18946,19671,20495,27052,35127,37121,38145,40800,42941,43701,45898,47705,61805,62824,65131,73448,88462,90736,102313,117666,133154,136249,288786,317458,373000
74,3750,6600,348660,116912,84741.8,4.80157,8.69887,-9.80272,2.93435,-4.94051,-0.949512,-2.54174,-4.8294,0.611622,-9.03182,10.7033,-20.4133,-10.9824,-19.3017,-13.3935,-15.6113,-16.982,-16.1764,-12.0416,-19.4204,-7.06743,-84.6175,6600,14953,15745,23570,23931,29060,34747,39871,49468,52210,53209,56408,102430,103231,106020,106574,120028,137173,145169,148876,158449,179438,186196,195301,198672,199858,211880,227570,232063,348660
75,3800,5268,449706,100932,105877,5.38242,8.93526,-9.53212,3.42836,-4.23064,-0.745222,-1.70697,-6.34316,0.952878,-8.28082,10.6622,-20.5349,-10.6634,-19.7942,-13.651,-15.5486,-16.0272,-17.3193,-12.3279,-18.8445,-8.15263,-84.9533,5268,7417,8289,12138,12923,24964,29709,30355,32672,35100,35678,35696,42222,42315,51260,65084,73212,73687,110885,111759,115194,128502,134255,169138,180678,220431,221947,225447,342029,449706
76,3850,1564,320855,89499.2,83231.1,4.46958,8.05296,-8.10388,4.99165,-4.58986,0.0335698,-0.365795,-6.54934,-2.07709,-7.99142,11.5491,-20.4065,-9.17991,-20.5957,-14.2124,-15.3825,-16.1448,-17.2074,-12.2812,-19.8607,-7.68409,-86.395,1564,2982,4156,11347,12061,22248,26687,28678,28722,28904,32036,41741,42085,57371,58639,78723,78994,84203,85441,102838,106097,108953,109470,155692,162938,198979,219438,234224,238910,320855
77,3900,7057,400079,93031.6,94765.6,3.51874,7.4661,-7.45755,5.02615,-6.62487,-1.57958,0.765071,-6.93501,-1.29255,-9.15112,11.1946,-19.0502,-10.0209,-21.2758,-16.7512,-15.5405,-18.0675,-16.3356,-13.0116,-19.7973,-8.95064,-85.5259,7057,8646,12328,17361,22247,22970,25961,33205,37925,40435,40943,41728,46155,51430,51804,53430,55277,58041,60036,69800,104753,123434,137868,162204,184621,193991,210882,213909,302429,400079
78,3950,582,251587,74801.2,68417.5,3.5412,8.05683,-8.20723,3.47002,-5.61086,-1.78005,-0.208985,-6.38994,-1.27977,-9.18364,10.16,-19.9037,-8.78863,-20.4376,-17.6631,-15.4763,-17.2477,-16.1088,-12.5594,-21.2189,-8.0273,-87.717,582,1918,2252,3389,6869,12928,17577,18535,24467,35970,38596,38952,39480,48125,49497,58694,63407,68680,77593,80639,98721,107828,112391,118862,136245,162815,165773,168124,233539,251587
79,4000,4972,155910,43161,35289.8,4.01144,8.8151,-8.12996,3.49113,-5.69218,-2.79284,-1.90254,-4.36118,-1.3664,-10.3482,9.31734,-21.8839,-8.80199,-21.1853,-19.0533,-15.1498,-16.4504,-15.9411,-13.2657,-21.6819,-11.1082,-87.9919,4972,5835,6943,9364,9400,12775,13088,13397,14910,16775,18362,18965,20504,35895,40648,41020,43647,50216,50757,54977,55601,59173,60428,61933,62464,69552,82031,100740,104547,155910
80,4050,291,393614,67221.1,86363.4,3.55205,10.1606,-8.1348,3.68628,-6.70072,-3.97271,-1.79631,-5.36782,-1.05607,-10.1883,9.39025,-19.7924,-10.2615,-19.4757,-18.8859,-14.8489,-15.3509,-16.925,-12.2064,-23.906,-9.44583,-89.4224,291,6955,10625,13301,14173,16332,18037,18611,19566,20790,24673,25166,25669,34694,35367,37145,41769,43056,43433,50273,51450,65205,66805,93890,106288,125768,160641,175700,277346,393614
81,4100,1776,379845,102616,94310.4,5.08001,10.9888,-9.5826,6.27296,-6.68409,-3.22727,-0.136137,-3.00369,-1.76835,-9.08625,11.9844,-21.4699,-11.5663,-19.2031,-18.7424,-16.2348,-15.4168,-17.0027,-13.2603,-23.2704,-10.1819,-89.9604,1776,4774,5533,12022,13376,21743,23396,27757,28012,30874,34536,38158,61820,70342,75312,79974,87485,108616,117399,118828,121512,140995,157339,185776,199153,201649,211738,234894,283835,379845
82,4150,813,210311,65730.5,61622.9,6.13787,11.6861,-8.31929,5.83223,-5.4147,-5.15965,-0.40545,-1.99169,-2.3373,-8.68423,11.743,-21.4934,-12.268,-19.2396,-19.503,-17.2534,-16.1181,-16.3846,-13.4566,-20.6227,-10.077,-91.3845,813,4160,4242,7137,10451,11722,11755,11864,15046,19902,30553,31502,38296,39391,46590,48890,54886,63349,63575,65914,74105,77262,109368,118869,121280,140240,175932,177666,186845,210311
83,4200,4747,317520,88941.6,83338.4,6.95934,10.5253,-8.88892,5.78724,-4.41386,-4.58862,-2.07244,-1.25406,-2.34413,-9.62601,10.6868,-23.1254,-11.2576,-20.8858,-21.862,-17.1188,-15.454,-16.2021,-13.8795,-19.0401,-9.89151,-92.4548,4747,8802,8885,9026,12586,14351,20287,24986,35495,38772,57376,61756,64419,65464,68564,70678,70713,72876,79479,81792,90413,91849,117206,136111,137229,141766,233706,239998,291397,317520
84,4250,1037,278396,56370.4,61018.5,10.4192,9.79221,-8.61751,6.87027,-1.34067,-6.11296,-1.50608,-1.98791,-1.16918,-8.64768,9.45236,-23.9552,-13.9635,-19.0845,-20.6595,-16.3523,-12.131,-16.3343,-12.637,-18.8449,-8.7116,-93.0083,1037,1401,3585,11464,12055,12413,14611,16599,18364,18459,19283,21550,27536,34328,37845,39198,49837,50106,58935,62878,68905,69696,74728,79378,84755,95195,99117,118956,210503,278396
85,4300,6619,194361,62435.1,52110.8,10.5265,10.9077,-9.19726,4.92904,-1.58683,-7.85445,-1.8224,-1.44622,-1.1227,-11.3529,9.154,-22.1642,-12.0499,-19.4558,-20.7377,-18.4577,-12.4127,-15.7943,-13.7829,-20.1849,-8.42491,-94.7502,6619,11257,11515,15967,16961,18113,22379,24280,26250,27399,30049,30427,34088,39394,49226,49971,54770,65847,67594,78504,79657,84763,86788,86838,87417,95253,99086,188563,189717,194361
86,4350,895,242458,74424,64363.3,9.16785,11.4277,-10.2679,5.67479,-1.06472,-8.04694,-1.41476,-3.29164,-0.751269,-9.16805,9.65768,-22.5832,-13.6782,-20.2741,-21.0781,-18.1336,-12.8846,-16.9087,-14.6209,-19.233,-9.12469,-94.5606,895,6708,11828,11969,25319,26281,27135,35188,36645,37514,37719,38128,39223,50878,51259,52474,54642,54929,57585,74719,90874,93866,104423,119941,128029,129093,169348,209294,214356,242458
87,4400,636,409457,68872,82412,7.459,11.0406,-9.76949,4.91283,-1.59419,-9.03063,-0.574277,-0.970688,-0.517128,-8.16174,10.5087,-22.1453,-13.801,-18.0734,-20.6331,-18.9572,-13.2348,-16.7149,-14.6681,-20.3011,-8.93346,-95.9743,636,4388,6489,7147,11215,12195,16350,16848,19902,20013,23098,28243,31373,32370,33884,34607,42958,59780,68171,71892,73582,76619,103626,107566,125878,130852,163164,164386,169471,409457
88,4450,2568,260758,89405.5,75164.6,6.72652,12.248,-9.74434,3.19391,-4.60334,-7.67983,-1.51639,-1.54242,0.0529819,-8.24758,10.8234,-22.1693,-14.2163,-18.1445,-20.1888,-19.0791,-13.0135,-17.8707,-12.5667,-22.1385,-10.1653,-98.2366,2568,5584,7677,8443,16857,20378,21844,22416,38724,39106,43170,52253,52612,54726,68785,78067,78141,93566,102770,109612,111973,113766,117152,146203,161032,169645,216847,216955,250536,260758
89,4500,5714,338976,121225,84145.7,4.23598,13.5795,-11.4777,2.38388,-2.78664,-6.52643,-3.01189,-1.59876,-0.733763,-9.59942,12.3722,-20.9884,-13.4188,-19.4723,-20.3593,-20.4305,-15.2667,-17.124,-13.4697,-23.937,-8.02316,-96.4969,5714,12359,16148,20350,40965,44341,47943,59827,60139,63522,91890,93821,96654,98019,111408,113762,120907,122803,142699,144186,153800,157522,161850,177207,186144,188494,210918,220389,334006,338976
90,4550,2910,277099,87683.6,76415.9,0.811732,13.076,-12.7981,2.75241,-3.58254,-5.38918,-3.4421,-2.41179,-0.648268,-11.4355,12.0133,-21.3989,-13.9598,-18.0182,-17.9559,-21.3159,-14.2735,-17.9474,-12.3301,-23.7881,-8.73673,-95.7289,2910,6733,14773,16593,27155,27910,28175,32651,35333,35585,35665,42834,51719,53203,55348,63254,72504,84318,87245,90917,97513,106692,118641,131625,167653,174069,209094,212985,270312,277099
91,4600,5182,272178,71273.2,69464.4,3.1088,12.621,-13.4462,3.07465,-4.38477,-5.54343,-4.08441,-1.50088,0.977376,-10.9519,10.1409,-22.5246,-14.4763,-17.9308,-17.5311,-19.2367,-15.2448,-19.0473,-12.7845,-25.4611,-10.1082,-95.4886,5182,5389,13912,16777,18846,20105,24279,26646,29091,32517,35153,37240,39476,39985,40999,47696,54930,57982,64466,68119,70875,78050,86754,93683,107025,122381,162726,227337,238398,272178
92,4650,203,227719,62051,60452.2,3.75283,12.4413,-14.0752,1.47831,-2.81644,-5.9813,-5.22497,0.00176451,2.91449,-10.8648,9.44752,-22.6204,-15.1143,-18.3323,-17.6547,-20.1361,-14.7327,-20.4575,-13.2358,-24.2659,-10.9206,-96.842,203,2396,3494,5846,7278,11763,15978,20205,23068,25625,30562,34751,35566,40218,40690,41170,42048,55207,66008,72454,76267,78696,80354,89228,96152,97561,161010,163363,216650,227719
93,4700,890,420681,78373.8,76678.6,4.82546,13.5261,-12.8804,0.705143,-3.97112,-5.11987,-3.80532,-0.978362,2.4586,-10.6856,8.84671,-23.1832,-14.933,-18.5705,-17.0885,-21.1107,-14.3408,-20.1596,-14.2089,-23.6773,-10.4176,-97.4272,890,2082,10045,21555,21695,30888,40819,43419,45667,48477,48534,60422,60980,61692,64409,66328,66583,67626,69540,73467,76962,78754,83107,97737,109550,120022,130916,148917,179451,420681
94,4750,1709,334106,71566.2,71848.2,4.1628,14.5716,-12.4017,-2.22776,-3.21706,-4.90284,-5.09939,-5.69032,2.66105,-9.76906,8.58067,-23.1876,-14.1945,-18.666,-17.5123,-20.4926,-15.1117,-20.4884,-12.9053,-24.3292,-9.96077,-95.5572,1709,9433,10640,13017,16085,23523,24991,25135,27097,28321,28383,30528,34001,38495,38956,48959,54861,59524,65426,78627,83625,97100,97206,98879,103148,129257,174867,182631,188456,334106
95,4800,1060,277936,73280.4,62516.3,4.90136,14.0244,-13.5504,-3.20336,-1.6621,-3.95488,-3.87132,-4.71608,0.57662,-9.29531,8.06836,-23.0622,-13.2733,-18.5896,-17.2379,-20.1801,-14.4951,-19.0588,-13.6488,-24.4641,-10.8484,-92.3046,1060,3189,7549,11920,14245,15379,16363,23181,26496,26586,28373,29739,29817,50313,62191,82678,91767,92236,94124,96688,100625,101590,104702,109386,125845,127008,129684,139641,178100,277936
96,4850,2459,345424,83383.2,81668.7,4.20012,12.7473,-12.5756,-2.95795,-1.00621,-3.28924,-2.84368,-3.27352,0.170364,-9.45635,8.46732,-24.0012,-13.1429,-18.0358,-14.8124,-19.3497,-14.2163,-18.046,-13.2494,-23.7272,-10.3559,-92.2458,2459,4058,13087,14733,21044,28502,28837,34682,41603,53052,53885,54104,56292,58090,59121,59454,60002,65945,68101,71322,82205,86212,100820,107488,124986,128559,143053,212125,322252,345424
97,4900,3091,519763,109293,116912,1.56618,12.4624,-11.1763,-2.6316,-1.0822,-3.5408,-2.85814,-3.09249,-0.505843,-9.97201,9.46675,-24.1345,-13.5942,-18.2108,-15.4017,-19.7623,-14.6323,-18.2932,-13.1477,-23.5154,-8.24135,-94.0651,3091,11361,12642,16442,16587,28537,30388,38534,38611,41698,43105,44748,50852,54408,75471,76738,79425,86100,89585,108703,131177,133912,141310,141765,170241,200128,213452,310616,369386,519763
98,4950,464,678409,123823,133638,1.13995,11.8471,-12.5134,-1.76096,-1.08918,-2.95504,-2.13913,-2.02485,0.201682,-10.4104,11.0151,-24.6864,-12.9691,-19.2175,-17.4169,-18.4217,-14.1758,-18.0464,-12.0644,-23,-8.42799,-95.0828,464,2665,11965,13751,25527,25947,35578,37629,40052,43794,53254,62465,68111,74014,83262,100244,103714,106349,108450,140154,144081,158250,174241,183048,207225,210846,255573,275250,290370,678409
99,5000,2582,531965,113965,120345,2.8921,13.2441,-11.4567,-4.25431,-0.617896,-3.00345,2.07872,-3.29644,-0.00961717,-10.987,11.2941,-23.869,-13.3475,-20.0378,-16.5442,-18.1257,-12.7621,-18.4544,-10.8495,-21.7657,-9.1799,-95.5018,2582,5792,11291,17813,21806,29003,29552,35354,37359,49760,57056,63594,67265,71758,78834,91725,94416,95113,98511,108992,128729,136939,141231,159506,169062,193183,196314,243688,450755,531965
100,5050,3118,349464,87974.3,88813.1,4.52228,11.7059,-10.5197,-5.41503,0.302194,-3.16228,1.14831,-4.8649,-0.493918,-9.8592,11.2161,-21.8199,-13.0921,-20.2315,-14.5682,-19.8211,-12.3282,-18.1,-11.6587,-23.2414,-8.6693,-96.2706,3118,3643,4468,4733,9339,11576,16492,19556,23339,25810,28293,33716,41639,43675,48835,58781,65047,84700,87365,100620,100985,117328,123061,163413,185100,213827,217479,226773,227053,349464
101,5100,237,237147,74138.9,68938,2.90095,10.7408,-9.80143,-4.94858,-0.669218,-6.11414,1.73175,-5.55159,0.912488,-10.0478,11.7849,-21.8833,-12.8733,-22.8739,-14.2074,-19.8535,-14.6847,-18.0608,-11.0265,-23.5705,-9.54743,-96.6832,237,1681,9299,11017,13390,14650,17550,24431,29238,31130,31800,36636,38939,46812,49682,49794,62416,65086,72752,73950,80222,87720,104521,116345,134875,156746,180177,221523,224401,237147
102,5150,3228,199229,65791,57248.5,3.88517,11.7656,-9.04783,-4.91485,-1.20998,-5.11218,-0.303899,-6.30348,1.14209,-8.85048,10.3759,-20.805,-11.9735,-22.9261,-14.1054,-18.5827,-15.0582,-16.6595,-10.2721,-23.4443,-10.2675,-95.6342,3228,4328,4925,6030,8722,20061,20212,22102,24169,25247,33330,34181,40774,45151,55472,58291,59416,70072,70198,74609,75253,75818,83017,97147,97225,128042,150639,189854,196987,199229
103,5200,3130,181967,60946.1,51586.8,4.25505,12.9442,-10.9083,-3.11408,-1.36887,-2.677,0.115536,-5.78344,0.932066,-8.8399,9.75452,-19.1313,-11.7105,-21.9558,-14.4937,-18.5035,-15.7889,-17.168,-11.0482,-22.364,-12.5503,-94.6379,3130,6115,8126,9317,13119,13379,14446,19001,21366,23938,24960,33927,35871,37394,37971,40318,43875,59652,60623,76619,83374,92447,105497,117270,117697,117915,126389,130462,172219,181967
104,5250,4182,409328,72758.5,85299.1,6.31185,11.8229,-9.48677,-3.31752,-0.259894,-2.47639,-1.482,-5.72771,2.12272,-9.81744,11.0588,-20.3094,-12.9437,-22.5152,-14.9542,-17.6809,-14.4733,-16.4553,-11.8392,-21.9914,-13.0084,-94.6344,4182,8815,9929,13675,22268,23999,24417,27905,32408,37340,38860,41652,41950,42246,42285,42307,42949,43307,56295,56468,60331,73573,74818,76948,80670,132958,160111,228606,232156,409328
105,5300,1295,192833,53458.3,51291.8,5.72377,12.487,-7.69855,-2.50864,-0.652367,-1.83856,-0.814521,-4.47588,2.78781,-11.0422,13.7511,-21.6329,-12.8433,-22.6539,-15.5785,-18.8975,-15.4579,-18.3326,-11.876,-21.3845,-12.1121,-95.9543,1295,1739,3556,6476,8908,11142,11203,11506,13745,14188,19322,30279,35690,39278,40140,41902,44959,46593,49828,53363,58321,63712,63885,93176,96825,103207,141442,145704,159533,192833
106,5350,6114,435761,92266.2,98099.3,5.89131,11.2403,-6.17049,-2.55921,-1.49673,-1.61115,-1.13197,-3.90872,4.35418,-11.332,13.1024,-22.0658,-11.9192,-20.1449,-14.8212,-19.2573,-16.2542,-20.1834,-11.8976,-22.3104,-13.9135,-96.4671,6114,7215,9268,11842,15043,18509,24536,30030,31268,32217,32940,34468,37709,40652,42854,70660,74574,82511,86009,88947,119360,120162,138326,138899,151367,171661,180747,215180,319157,435761
107,5400,2973,204344,64717.1,56623.4,0.848023,12.1176,-7.51787,-3.158,-1.20961,-0.626026,0.646564,-5.75493,2.95088,-11.5986,12.1745,-20.6119,-13.0298,-16.5457,-14.2684,-19.0336,-14.9236,-19.2853,-11,-23.8729,-14.1693,-93.5803,2973,4028,5941,6941,11807,13842,15688,15905,19114,24148,31877,32096,35280,37187,38527,51729,54671,66665,73922,76588,85871,88696,96263,115021,119657,141932,141992,142386,186422,204344
108,5450,1242,193917,40983.8,42680.1,0.0567553,13.5401,-12.1588,-3.61407,-2.21728,-0.892266,0.459795,-6.28869,2.20382,-9.30939,10.8637,-23.729,-12.5362,-17.4152,-15.2116,-19.3544,-16.9262,-17.904,-11.2122,-23.8417,-14.4213,-94.0229,1242,2548,2780,2974,6423,7064,8634,13156,14158,14356,20716,20978,21250,25045,27583,30168,31033,32798,48903,49711,49771,50006,50500,50921,65023,72025,83818,95447,136565,193917
109,5500,492,356659,82864,77629.3,-2.20553,13.5721,-12.6789,-2.61309,-3.12887,-0.867517,0.787181,-7.41525,3.8828,-10.3237,12.1202,-23.4066,-12.7609,-19.1309,-15.5767,-18.4276,-17.6834,-17.82,-11.2247,-22.9137,-13.7055,-96.2202,492,1734,7466,12537,14222,15655,21360,22800,29085,35003,46866,52679,55104,60013,62504,64198,74259,85374,87107,91408,97686,99894,105064,105544,127467,161822,180699,197868,213351,356659
110,5550,1148,161230,58571.4,47184.1,-0.115885,13.827,-11.7786,-2.67285,-2.19419,-0.690255,1.33186,-8.17596,3.26574,-11.9025,12.6076,-23.6922,-12.1975,-18.5163,-16.28,-20.05,-17.6558,-18.7321,-9.8407,-25.528,-14.285,-99.3464,1148,1249,5303,7547,12148,12244,17683,19564,19906,23927,24864,29795,39770,44737,47338,62272,63815,67121,74062,74702,74845,76228,77028,81837,94259,97931,137337,152104,155149,161230
111,5600,501,207279,58371.1,49511.9,-0.72326,15.4603,-11.4984,-4.22454,-2.33465,-0.423954,0.935273,-8.3237,4.27536,-11.2183,13.8985,-24.4178,-13.4917,-19.1611,-19.0099,-20.9684,-16.4241,-18.7842,-10.5952,-24.896,-13.1421,-100.148,501,4085,4867,11179,12500,13238,17042,19831,21359,22870,24731,26926,30892,33079,45805,46652,47104,57992,64797,83796,84004,89074,95397,95980,101996,105139,121461,130114,131442,207279
112,5650,2272,223832,56993.8,54754.6,-0.389415,15.9254,-11.2334,-2.93818,-3.11976,0.758827,2.01344,-8.48119,3.57793,-12.3249,14.6035,-24.4724,-13.8924,-20.3152,-19.927,-20.2739,-17.5329,-18.3428,-12.4653,-21.3254,-13.7134,-100.66,2272,3064,4316,7269,7334,8733,8906,12172,13070,17766,17863,22714,22718,34909,35056,35164,35610,69257,72546,74878,80906,91218,92741,99138,103443,107878,117304,126520,161218,223832
113,5700,354,448610,78045.1,105549,-1.29073,15.7281,-12.7975,-2.7024,-3.11327,0.359018,1.34295,-8.63902,4.59401,-12.3727,14.5738,-23.7208,-13.7999,-19.4153,-17.1433,-21.3545,-18.485,-18.0054,-12.1188,-23.2855,-12.9285,-101.742,354,1235,2334,9696,12949,15677,19193,23732,26860,30503,30893,36502,38211,41492,41622,45225,45308,47209,53176,63553,71062,71861,80995,81552,99503,110329,141167,280372,370179,448610
114,5750,3166,253030,64982.2,61704.2,-1.91183,16.7556,-12.9961,-1.95495,-5.49592,-1.76648,4.61045,-8.5875,2.54877,-12.5719,13.8672,-22.3006,-14.1456,-19.6362,-18.3597,-22.7344,-16.9905,-19.5649,-12.9536,-23.4943,-12.824,-102.115,3166,7105,9594,10460,16786,17429,19436,21756,22730,27763,29301,30378,34379,40302,43329,44212,48113,53834,67838,68169,72286,72424,74346,111761,119810,122255,127767,167474,212232,253030
115,5800,11020,530826,100623,106704,-4.84592,15.5407,-12.3301,-1.36987,-4.63681,-2.25914,3.46631,-9.56721,3.15843,-13.236,12.9954,-22.6619,-15.1081,-19.8684,-19.327,-23.409,-19.0977,-21.0008,-12.6332,-23.4022,-13.5909,-104.147,11020,16086,22263,22564,26321,31185,35693,36289,36921,42131,46859,55904,58609,60873,62139,62300,73635,86507,92204,98291,98524,101971,105518,110831,164359,191585,201728,248255,287308,530826
116,5850,2333,234699,46980.2,52007.9,-3.48741,16.9601,-10.8672,-3.11822,-4.02978,-2.62668,2.42909,-9.7312,3.00032,-12.6928,11.7367,-25.9563,-14.926,-20.189,-18.2527,-24.5198,-20.871,-20.8628,-12.9845,-22.7044,-14.5024,-105.015,2333,5010,7635,10656,11933,14136,14453,16598,18613,24053,27218,27417,27450,34268,35583,36577,37408,37804,44580,47155,47555,48318,50838,56155,62578,67406,74438,75573,210966,234699
117,5900,1489,221046,57090.7,63856.7,-1.87568,15.7069,-10.1883,-3.20822,-5.46013,-1.87933,2.50164,-11.3662,3.3078,-11.4131,12.8778,-25.1048,-15.6119,-19.7462,-18.309,-23.7117,-21.6474,-21.2981,-13.1523,-22.871,-14.4215,-105.277,1489,2533,3915,5435,6349,6641,7810,8418,10079,10466,16467,17960,18044,21017,22228,23706,28554,31360,49418,55544,78496,96159,96533,106717,118715,137364,144985,174349,190925,221046
118,5950,346,251149,64005.1,59169.5,-7.60759,14.4685,-8.96572,-3.96661,-5.04278,-2.99659,3.41212,-9.01713,2.89649,-11.9362,13.3076,-24.8162,-14.3915,-20.189,-18.1946,-23.0507,-21.2148,-21.3234,-14.0619,-21.188,-13.1894,-105.402,346,2814,2815,3381,6829,10006,12525,13077,15699,16981,19993,37148,46094,47796,48761,53251,63577,67400,70228,75516,76251,88980,100615,107467,118133,121470,130710,148816,162325,251149
119,6000,185,322508,85682.3,75601,-12.2735,12.852,-8.74517,-2.2135,-5.67324,-0.358844,2.32667,-8.43352,3.40269,-13.8648,13.9676,-25.4267,-14.9513,-20.5356,-19.7126,-23.1508,-19.6385,-21.2036,-11.976,-20.3425,-13.1061,-105.113,185,8779,10482,11453,14551,18313,19359,20854,32088,34287,36835,47236,52109,58156,61192,62393,63990,74429,84765,124293,126563,132391,132541,146115,146686,146794,181550,189927,209644,322508
120,6050,3117,197986,70056.8,53140.3,-18.3618,13.8285,-9.41692,-1.36269,-4.47386,0.274094,1.36459,-7.13545,3.81303,-13.3519,14.4793,-25.5525,-14.6021,-21.4629,-19.6074,-24.5154,-18.3998,-20.9811,-12.7081,-20.4673,-12.3106,-107.449,3117,5590,7710,24168,24357,25828,26404,29573,32721,34143,40517,44775,51661,51780,56483,58102,61706,63937,77711,86177,86313,86571,87530,94020,102457,126728,141646,185715,186278,197986
121,6100,2308,395372,102338,96041.1,-19.6942,12.8224,-11.8488,-0.426239,-4.4787,-0.212472,1.97732,-6.02208,0.366331,-13.2729,14.3513,-24.747,-15.3519,-21.4926,-19.5048,-22.8233,-19.2622,-20.7805,-11.8705,-21.5957,-12.0842,-108.462,2308,4204,11794,12101,12208,14252,23477,26167,29479,40400,50456,53488,70483,72009,78532,85849,99808,102613,108366,108860,126547,132314,140636,147662,160517,191824,206819,211321,350269,395372
122,6150,423,183314,39594.8,49801.2,-13.0647,14.8581,-11.9446,-1.01451,-4.42948,-1.62223,3.16701,-8.63994,-0.222703,-11.6171,14.2763,-25.1759,-15.2067,-23.64,-19.1495,-22.7917,-20.1454,-20.2902,-12.9463,-20.311,-13.0857,-108.844,423,1245,2130,3730,4561,6140,6264,7535,8658,9291,9347,10289,12854,17260,17286,20787,22164,25288,25844,29682,32213,40244,60457,66977,76964,81747,107984,119160,178006,183314
123,6200,5166,344398,91388.8,74352.2,-10.2268,15.7368,-13.1049,-0.793966,-4.41319,-3.88632,2.22238,-8.37695,2.37554,-12.6968,15.3721,-25.108,-13.6286,-24.1464,-21.4703,-21.8361,-20.3049,-22.0764,-13.4542,-21.7752,-11.9767,-110.651,5166,8975,9637,16119,17517,17795,24999,26370,33732,35004,41935,46713,55594,79639,82062,90369,94427,99657,101245,116439,135302,147276,150670,153354,158124,161167,162050,162943,162985,344398
124,6250,3380,241918,68341,70969.1,-12.4148,16.0095,-12.2618,-0.251606,-4.61988,-4.05865,0.916442,-7.22461,2.11413,-13.1563,15.6947,-25.3343,-14.3889,-25.77,-21.5382,-21.9927,-19.436,-20.9956,-14.2079,-22.0533,-12.5757,-109.933,3380,4315,5606,8667,8885,18662,19292,21571,22351,24351,28083,30321,31951,33962,36047,40266,43745,45044,46578,50117,72893,76850,88550,116109,155323,172370,173498,192343,237183,241918
125,6300,1125,304621,85934.3,74093.7,-15.2564,16.1472,-11.7119,-0.586617,-5.29949,-1.05704,2.249,-7.19859,1.44801,-13.9889,16.1057,-24.7855,-15.4746,-26.3068,-19.9163,-21.9086,-19.5705,-20.6064,-16.1673,-22.2823,-14.5498,-110.376,1125,3124,7352,9943,10068,20998,34429,41084,44112,49350,54339,55911,56183,64543,64732,65025,71059,79149,79640,90409,97947,100763,112337,120480,135330,137816,210518,223883,231759,304621
126,6350,3155,328480,85322.6,70633.4,-20.4876,15.5094,-10.5407,-1.56616,-4.57007,-0.660943,1.84857,-4.92131,1.7408,-14.8743,16.5669,-24.3075,-16.7708,-25.0159,-19.3353,-21.9914,-18.4464,-20.582,-16.7593,-22.3992,-14.4567,-111.224,3155,3247,6906,19938,22641,32961,38512,41469,42383,44984,47109,47153,53154,57380,58048,77368,78945,79622,84076,85168,100708,102032,115684,146600,146839,149405,167049,175614,203048,328480
127,6400,3478,509760,96381.9,112727,-20.797,15.2661,-11.407,-1.94113,-4.10655,-1.36942,1.60697,-4.0874,0.60866,-13.5247,17.6609,-25.1609,-15.9843,-26.1648,-20.7831,-21.8548,-19.7211,-22.7857,-16.782,-23.0127,-13.6548,-108.746,3478,9071,11430,13682,15172,16738,21962,22696,23937,25803,31284,34243,34950,54650,55865,59922,70035,85108,87880,96599,104914,117213,118267,118893,159360,178426,217009,230125,362984,509760
128,6450,260,345198,88419.3,82260.7,-18.1934,14.7305,-11.3428,-1.54579,-4.54461,-2.26275,1.99486,-6.14954,0.16443,-15.8721,16.5616,-25.5901,-16.3797,-25.8568,-21.565,-20.2092,-19.3186,-20.661,-16.0577,-23.5707,-13.6995,-108.858,260,2503,4053,10526,10940,11886,24342,26431,26707,26799,33944,37786,55036,63309,66543,67016,74201,77046,88728,101334,114074,138097,143019,153479,155639,171760,180769,203637,237518,345198
129,6500,886,315822,62493.5,65943.7,-16.6537,15.3089,-11.0454,0.612389,-4.93922,-2.22665,2.8752,-4.79333,-0.92591,-14.4155,17.5031,-26.0671,-18.0957,-24.1245,-22.4119,-20.0694,-21.2722,-20.5771,-16.7934,-25.3984,-13.5191,-110.51,886,1935,5228,5580,7105,7913,8272,15484,17750,21644,33321,36670,37148,43371,43379,53557,57930,59169,66978,67610,70121,77426,86911,87946,91172,100663,111413,161118,181282,315822
130,6550,818,232047,55188.1,59925.4,-13.6736,14.1876,-11.1905,2.54636,-3.23771,-1.59157,1.84713,-3.68431,-0.20421,-14.3941,16.2369,-25.2156,-16.9476,-23.95,-22.4185,-20.7916,-20.5452,-21.3408,-18.2678,-23.3925,-13.7182,-112.334,818,2169,4886,5909,6889,12621,14449,14633,23470,25268,26890,28557,30367,30788,34666,37634,40709,42720,44271,47669,52840,54964,55086,69244,76432,124119,131869,182720,200939,232047
131,6600,6773,390479,136130,106622,-13.0428,15.1993,-12.2215,3.3711,-3.4938,-2.68537,1.66872,-4.59576,-0.26956,-12.7088,15.4618,-27.2239,-17.3623,-25.921,-23.2663,-22.7826,-20.1788,-21.9783,-16.1758,-24.8957,-11.7479,-113.359,6773,16890,19377,28528,33492,34233,36937,45127,53596,74008,76771,79309,82853,84282,86446,104873,119290,130962,140300,160197,188370,214183,220607,232215,253553,255431,260628,306682,347522,390479
132,6650,16268,314437,111372,81301.5,-6.31534,15.3954,-11.7219,1.97577,-2.31494,-3.0251,0.314315,-3.63774,-0.0178786,-12.2496,15.0071,-27.6477,-17.4491,-26.1356,-23.5218,-23.9273,-20.169,-22.2434,-16.044,-25.7234,-12.3009,-113.351,16268,17471,19403,22417,32654,43218,43982,46745,69805,80020,80587,82954,88155,91982,96559,97153,102150,102520,103469,119724,126897,128197,139800,139988,148656,164002,217665,293095,311194,314437
133,6700,1166,629591,102374,142369,-10.9751,14.7017,-12.8455,-0.508218,-1.62297,-3.24843,1.08954,-4.1198,0.812023,-11.46,13.7029,-28.2528,-17.0036,-25.2602,-21.8391,-23.411,-20.1062,-23.0804,-16.9697,-27.043,-11.9982,-114.444,1166,3208,3503,8514,19515,20217,22140,24433,25522,41223,41843,43291,55779,63612,69708,70421,71285,74342,84531,85632,85775,88605,91922,102724,104457,106580,213072,312180,506439,629591
134,6750,3671,357763,77058.4,72301.9,-14.9858,14.3523,-12.0458,-2.65837,-0.741601,-1.00703,0.626898,-4.58047,-0.226451,-11.117,14.991,-25.4828,-17.9972,-26.2613,-25.8323,-23.094,-20.6169,-22.3862,-15.6636,-28.6406,-12.6399,-116.64,3671,5502,14264,22096,23037,25116,27041,31708,31842,36561,37179,38016,45296,50179,51553,53440,63473,69321,71143,78707,92961,96692,99626,100155,131849,149899,154959,165707,182995,357763
135,6800,526,198747,84583.8,59819.6,-12.739,15.6882,-13.516,-2.36802,-2.5976,-2.27539,-0.517203,-6.71469,-0.096648,-10.8114,15.1798,-27.8224,-18.0983,-24.6118,-25.3835,-22.44,-21.5234,-20.9254,-15.2425,-28.7545,-11.1178,-117.768,526,1541,2578,3120,4633,5836,8327,39001,46240,46461,56454,59498,62931,69551,89168,97799,108627,115070,117502,118107,121543,123057,128362,129611,135062,143264,160085,166353,178461,198747
136,6850,1284,311490,91256,70640.4,-13.6041,16.0475,-13.6986,-2.95949,-3.58947,-3.12328,-1.00226,-8.59352,2.7841,-10.6551,14.8942,-30.5299,-18.544,-24.8432,-25.7177,-23.8077,-22.5849,-22.7029,-14.1082,-28.8828,-10.7573,-118.255,1284,6796,11068,12151,13887,28741,39487,40099,42692,50735,55019,60875,64268,77403,89248,90101,91463,97161,100723,101417,108193,117134,117548,138962,140982,157200,157933,163131,250488,311490
137,6900,7384,784794,127031,161013,-14.4676,15.1691,-11.6044,-4.11448,-2.80432,-2.18756,-0.282973,-7.94126,3.80494,-13.5721,14.1083,-30.6499,-20.4241,-23.6828,-23.5981,-26.1398,-23.7113,-21.8815,-14.2001,-28.1373,-10.0733,-118.021,7384,10135,10191,17072,32283,33066,36301,36631,38977,39747,39929,44585,45550,47799,62483,66547,74341,89755,92349,100145,101102,125709,167369,217347,248543,249642,251172,348384,391587,784794
138,6950,7148,404082,95743.4,87946.3,-15.5789,15.1111,-10.4466,-4.33134,-2.90189,-2.08654,-0.657974,-7.41069,5.47914,-14.7075,12.9475,-30.0807,-20.9461,-22.1429,-23.1662,-24.7102,-23.6272,-23.7773,-14.8735,-27.8904,-8.52054,-117.559,7148,10737,11138,15356,21670,21858,28803,32257,34052,35364,36413,40111,56515,58074,65840,66768,84419,94825,99567,109218,116817,150840,150901,152111,165841,171498,176707,206767,246606,404082
139,7000,3835,523655,103755,104567,-15.804,15.1149,-9.70805,-5.1082,-1.56842,-1.84669,-2.2414,-7.90933,5.47123,-14.3142,13.2288,-31.4446,-21.2705,-24.1237,-22.2919,-26.4707,-24.7721,-24.9338,-13.8524,-27.7679,-8.05029,-117.549,3835,7007,9157,10993,11537,12011,16061,24021,37146,37859,52581,59763,68905,72321,78918,85357,105723,106027,114938,131911,133304,137548,141979,146152,147449,162796,206369,217128,250186,523655
140,7050,15943,424540,108754,90570.8,-15.1268,14.191,-10.3261,-3.16435,-2.45929,0.686744,-4.4172,-8.62311,5.55552,-15.6446,14.3169,-32.7016,-20.5832,-24.7655,-22.1684,-26.1107,-24.8037,-26.4142,-13.0829,-28.2775,-7.17906,-119.209,15943,20826,28926,30257,34677,36127,36486,42260,45069,54666,59317,65800,76268,76429,81724,82275,95151,95710,115869,123959,125801,126326,129267,129551,182845,191219,208793,232089,294445,424540
141,7100,1082,449964,138737,121930,-15.3418,14.4662,-10.1343,-3.18932,-4.33493,0.381573,-3.65584,-8.91576,4.26444,-15.1838,13.3784,-33.1385,-20.1857,-24.0885,-21.1041,-25.6727,-24.0275,-26.6438,-13.8726,-27.6341,-7.176,-118.623,1082,16893,17969,19737,28075,30392,35460,40990,44693,56459,64096,67575,72647,74139,97266,106009,127432,131919,154236,164830,181458,196417,197515,236520,242787,254841,285947,327661,437100,449964
142,7150,995,327595,88566.1,79552.1,-14.1498,14.8,-9.45006,-4.05157,-3.66248,-0.129779,-4.93059,-7.87451,3.97718,-13.4581,11.7095,-32.1445,-21.9309,-24.0478,-20.1252,-24.306,-26.1208,-27.608,-16.3898,-27.9018,-7.98821,-117.16,995,2383,9467,11866,20484,21848,24101,27100,37147,37169,45905,50258,55342,57950,69352,69476,79203,92735,96844,103300,106128,114228,130028,133025,134146,141999,162465,197230,297214,327595
143,7200,4684,406545,122420,107283,-13.2203,14.4426,-10.6909,-5.73002,-4.40819,-0.0344712,-5.60036,-7.48821,2.75422,-15.0475,13.5104,-30.6182,-21.7153,-23.2219,-21.9339,-24.973,-25.0007,-27.2013,-17.0207,-28.5852,-7.34544,-119.017,4684,6470,11213,20182,25997,26726,29455,36259,45754,49937,50574,65802,79404,86879,96617,106097,110570,113022,113820,124501,149117,163128,183659,201664,218615,223460,226952,337350,358153,406545
144,7250,3892,431159,153014,118639,-11.702,15.1388,-11.6174,-3.78474,-4.05092,0.587365,-5.57483,-7.32789,3.8895,-16.2129,15.3819,-29.8637,-21.4399,-25.191,-19.7139,-23.5295,-24.1501,-28.2308,-18.1293,-30.0255,-7.90117,-119.009,3892,33275,33576,39087,51735,53337,53998,54522,67493,68919,73818,84830,84989,93323,120441,130115,134564,140732,161148,165768,176988,209570,224756,227134,248236,325553,328111,373609,395755,431159
145,7300,6625,616367,122862,144541,-11.0469,15.8078,-11.6113,-3.19277,-5.19295,1.81188,-3.03825,-7.42977,3.06032,-16.6521,17.0135,-29.4298,-21.2847,-26.0221,-22.0925,-24.0705,-22.8298,-30.2069,-16.1189,-31.5269,-8.86974,-120.405,6625,10253,19534,20414,20656,25654,26029,31791,34331,37166,38705,40514,57116,59318,60757,65868,67363,85517,88717,96323,108086,118209,142891,221401,239381,250824,290757,375316,429966,616367
146,7350,2227,410132,115529,111693,-10.0885,16.7821,-11.3766,-4.01552,-6.4762,-1.05036,-0.212369,-6.91667,0.462819,-16.1877,17.3065,-28.8617,-20.3929,-26.0128,-19.6755,-23.6979,-22.3466,-29.8051,-16.5063,-31.6421,-9.21401,-120.801,2227,2682,11045,15118,19597,26227,26426,35696,36107,40256,44191,63497,65957,66301,69201,82482,84234,99408,109498,120753,147715,164203,171843,197665,200288,200847,208912,371464,371907,410132
147,7400,340,692290,129861,143334,-10.9379,15.4128,-10.7695,-3.55638,-5.73146,-1.46891,-0.942987,-6.60646,0.793697,-16.6211,16.8679,-29.5263,-20.3097,-28.0524,-19.4472,-21.9011,-22.4367,-30.0281,-15.2384,-30.432,-9.01106,-122.084,340,11744,18319,20391,21489,23072,28167,36043,46704,60712,69406,77006,77654,86837,94373,97492,105948,110040,114261,119303,140086,141792,142025,154389,163902,180325,338507,358059,365156,692290
148,7450,4064,444422,114449,96305,-11.2136,15.5623,-11.4863,-2.91588,-7.221,-1.67589,-1.82214,-4.97618,0.545692,-18.5737,16.2201,-27.1691,-19.5641,-28.5385,-20.0905,-22.5379,-21.7319,-29.9913,-14.8577,-30.1915,-7.69668,-121.301,4064,8294,32487,43001,47266,50622,58196,60195,62566,63292,64300,66882,70677,75306,80033,85985,91097,102665,110632,118083,119714,122349,146065,154271,171037,178910,193789,249032,358231,444422
149,7500,1323,655998,116498,142830,-9.69306,14.7718,-11.9063,-2.34525,-6.75623,-0.744945,-1.77058,-4.99998,0.827544,-16.4002,17.0394,-28.8331,-20.5204,-26.3579,-20.7148,-22.2316,-20.6372,-30.0023,-17.4091,-30.2742,-8.56,-120.669,1323,2824,4161,7427,8710,13912,21477,24919,25683,27934,30765,32829,38468,39283,54898,71837,80322,90779,91114,105005,128795,151831,162495,181259,247482,263530,292609,314192,323083,655998
150,7550,4915,1149360,137108,205567,-9.7343,15.4547,-12.7142,-2.43347,-6.92645,1.53293,-1.19551,-6.31681,1.50111,-15.4167,17.1624,-28.6019,-19.7952,-24.9196,-20.0093,-22.422,-20.8414,-29.156,-19.7451,-31.2839,-9.47739,-119.785,4915,14773,20242,27448,32876,41572,44959,47824,58360,61489,62167,69599,72390,73565,78371,86767,89354,92305,98710,102861,127333,144517,154995,158610,167751,214952,250165,280344,284667,1149360
151,7600,9333,579378,155337,150875,-10.3678,16.0291,-11.2406,-3.11223,-5.69438,-0.147494,-1.63877,-5.55588,2.1488,-15.0747,16.7466,-29.5707,-20.3894,-23.9047,-19.687,-21.0832,-19.4275,-27.8502,-16.9769,-31.0087,-7.88315,-120.199,9333,9431,40905,43229,44840,45832,50530,50810,58192,59286,81695,94216,98913,103274,105164,115475,116913,126475,128591,142727,147582,147908,171851,195567,204072,344685,347561,416771,578896,579378
152,7650,245,346883,122268,94661.7,-7.44089,15.6701,-12.5272,-3.39586,-6.11824,0.33402,1.35936,-6.29723,2.08153,-15.6039,15.9836,-28.7463,-20.0765,-23.248,-23.5504,-22.7647,-19.8986,-28.6277,-17.5101,-29.4114,-7.97937,-121.096,245,448,3997,5213,14424,23258,30098,53805,54008,63292,66554,94217,96670,98549,102588,113195,132693,134620,140954,141601,154022,155835,190191,199360,204874,234174,237423,249845,325004,346883
153,7700,24,513568,135328,132762,-6.7374,14.9898,-13.5288,-2.48312,-6.83418,-1.04017,0.74884,-5.4365,2.22078,-16.535,15.1857,-28.3876,-19.5125,-22.6371,-25.6308,-23.4621,-19.8143,-28.3834,-17.4642,-30.8691,-6.9303,-121.796,24,3127,3734,5483,10580,17605,23778,27117,28537,39206,58284,72536,87833,88722,106668,112764,118255,122207,140215,158879,163217,168533,203515,212275,239138,247189,271536,359673,455643,513568
154,7750,510,709415,164247,180786,-7.6433,14.7797,-13.4519,-3.09133,-7.19619,-1.55135,0.0865058,-5.38606,2.60356,-18.2339,15.6316,-29.3808,-17.6583,-23.3022,-20.7845,-23.6363,-20.779,-28.0617,-17.464,-30.6168,-6.31625,-120.958,510,1768,1887,3743,12365,12423,14713,25073,36302,40132,61508,68228,69263,69998,91469,106718,117945,151037,163061,192419,232192,245225,250923,287139,303041,333278,334382,343845,647404,709415
155,7800,7319,404324,118943,100958,-5.13306,14.1472,-14.092,-3.83997,-5.42456,-2.01422,-0.0253392,-7.35067,3.33053,-18.2311,14.7677,-29.2973,-17.266,-24.4008,-22.8934,-23.1007,-21.2493,-26.1359,-17.2873,-30.568,-4.61375,-121.34,7319,7434,13315,15970,16345,32149,38594,43162,46102,48824,50918,57805,76495,84206,91562,91729,105909,107802,125120,134316,146211,150869,181701,200183,225979,228934,258835,266599,309581,404324
156,7850,6937,1033126,151905,218832,-3.63327,13.6116,-13.3824,-3.22736,-4.00317,-3.30131,0.155246,-6.12856,2.64859,-17.0839,14.4512,-30.0146,-18.7752,-24.7965,-21.2684,-23.6398,-21.0935,-27.0461,-17.4956,-28.0213,-6.06574,-120.117,6937,14192,17513,21164,22791,23722,27464,31641,46207,52541,60482,63579,68292,71133,74097,77046,79799,92963,108632,120615,126002,137180,153329,178139,178584,225498,294323,491590,658581,1033126
157,7900,863,455196,175843,128857,-4.13725,14.0284,-11.584,-2.16907,-4.99297,-3.05889,1.24259,-6.61886,2.69665,-15.4133,14.7107,-30.3033,-16.6659,-26.6184,-21.6843,-25.7677,-21.9474,-29.382,-15.4092,-29.8541,-6.11897,-120.921,863,11639,13425,28168,30520,48628,73260,76554,89651,90694,109979,119220,126568,131953,134185,142905,156572,177703,203860,209804,255913,263232,264561,281329,285371,329135,333551,407978,422869,455196
158,7950,834,345445,137105,98995.4,-2.6513,13.0108,-12.6027,-1.17157,-7.31494,-3.97042,1.8485,-5.97469,4.04359,-11.628,13.8604,-29.0008,-15.9805,-26.4488,-21.7146,-26.4123,-21.041,-28.5931,-16.264,-30.0836,-5.37633,-121.094,834,12751,20224,28792,40098,48332,54554,62658,65352,68051,82256,85960,94920,100110,115500,135160,136688,137961,140891,142968,151654,185648,201679,205791,247956,274049,292543,294644,339678,345445
159,8000,3431,346508,108308,81453.4,-3.42561,14.2446,-14.1682,-1.29472,-8.13232,-4.89886,1.60709,-6.70365,2.46146,-13.9038,13.3025,-29.4218,-14.9062,-27.9788,-21.6629,-25.2287,-21.3994,-24.9565,-15.5561,-29.6842,-5.73046,-119.499,3431,13431,16597,28787,38350,42280,44160,44177,44589,48352,57792,64209,75595,84596,88661,90606,102362,108847,116836,125936,138198,152246,161138,165227,166519,178321,181364,258041,262075,346508
160,8050,6626,680534,119533,134574,-2.84458,13.7555,-15.1452,-1.71657,-6.51945,-4.86664,2.01519,-6.7007,1.3147,-13.8838,13.9489,-30.3988,-15.7954,-29.0019,-21.3493,-26.3779,-23.0017,-24.0927,-17.4486,-32.0311,-6.09349,-120.691,6626,16698,19736,23217,23627,24820,25066,25374,26644,28447,34757,36588,46361,46746,86839,87092,93861,99637,129898,138241,154835,167553,180343,188830,207255,219288,232925,250049,284107,680534
