generation,agents,minScore,maxScore,meanScore,standardDeviation,w0,w1,w2,w3,w4,w5,w6,w7,w8,w9,w10,w11,w12,w13,w14,w15,w16,w17,w18,w19,w20,w21,s0,s1,s2,s3,s4,s5,s6,s7,s8,s9,s10,s11,s12,s13,s14,s15,s16,s17,s18,s19,s20,s21,s22,s23,s24,s25,s26,s27,s28,s29
0,50,0,22,8.66667,5.99041,3.3778,1.77785,-2.75232,-3.90131,-6.46054,-1.07228,0.479959,-4.17712,-0.322311,-3.80367,4.4552,-7.17656,0.371208,-0.0430097,-1.87997,1.01497,-1.90535,-2.17502,-0.30095,-1.59478,-0.449199,-5.96331,0,1,1,2,3,3,3,3,4,4,5,5,6,8,8,9,9,10,10,11,12,12,12,13,13,16,17,18,20,22
1,100,3,27,9.9,5.84483,2.61344,0.258809,-8.39318,-1.65452,-6.74533,-4.84465,-2.07896,-11.4892,-1.36356,-4.05532,7.08326,-7.66054,1.0449,-3.46784,-0.524261,-4.83947,-1.55564,1.62219,6.64792,-2.48057,2.34672,-11.1795,3,3,4,4,4,4,5,6,6,7,7,7,8,8,8,9,10,10,10,12,12,12,12,13,14,15,16,16,25,27
2,150,0,26,10.7,5.89652,1.88125,0.898637,-10.781,-7.96582,-9.34175,-3.21833,-3.14853,-12.8711,-3.10835,-4.48229,3.99659,-9.30192,-1.70673,-4.2352,-4.70699,-2.57965,-0.82867,2.44907,4.43629,-1.28674,0.732772,-12.2142,0,2,3,4,4,5,6,6,7,8,8,8,9,10,10,11,11,11,12,13,14,14,15,16,16,17,18,18,19,26
3,200,1,38,13.3,9.15065,2.84389,2.02724,-14.4158,-7.77602,-13.2157,-2.82111,-3.78978,-12.2563,-1.25841,-4.12475,1.36796,-9.38751,-5.35971,-7.14976,-5.26438,-2.19521,0.166664,1.1885,1.71258,-3.24334,-2.04679,-12.8038,1,3,4,4,4,5,5,7,7,8,8,8,11,11,11,12,12,14,14,14,16,16,18,18,20,21,27,30,32,38
4,250,7,100,44.5667,21.6328,5.01339,-3.5726,-12.0103,-7.6279,-14.2415,-4.38552,-4.56705,-11.8411,-1.69237,-5.54654,2.69388,-10.8114,-5.06223,-9.6688,-7.39901,-2.97663,-1.46098,1.7527,4.37186,-5.68172,-19.5869,-19.3046,7,14,14,16,22,26,28,29,30,36,36,38,40,41,46,46,47,47,49,50,51,51,54,57,63,64,75,75,85,100
5,300,34,198,80.2,35.0403,6.07083,-5.03429,-11.0211,-6.42549,-11.8433,-6.04414,-4.51692,-11.3771,-2.11943,-10.6896,2.83749,-13.3249,-6.82895,-9.1248,-9.10976,-1.07508,-1.49815,0.693495,3.45639,-7.8863,-24.1678,-20.0351,34,34,35,41,47,53,54,57,57,63,65,67,71,73,73,73,75,78,82,91,93,97,100,103,104,114,116,123,135,198
6,350,43,128,80.0667,21.2586,8.57572,-4.04029,-11.0974,-8.38587,-12.043,-7.12874,-5.15573,-9.60852,-1.85418,-10.3496,2.41615,-13.475,-6.39469,-8.68875,-11.576,-3.97992,-6.62416,-3.43489,4.23996,-8.1928,-31.756,-22.0614,43,44,48,58,61,62,63,64,65,68,70,78,79,80,80,83,84,84,85,87,87,88,89,90,92,93,105,117,127,128
7,400,23,265,117.1,63.5894,6.894,-3.81526,-9.27665,-10.4457,-9.54781,-7.87361,-6.29192,-7.25019,-4.15302,-8.59833,-2.1614,-12.3406,-6.63853,-9.27418,-9.93545,-4.7842,-7.08121,-3.81339,2.82672,-8.775,-32.615,-24.9564,23,24,43,45,51,53,62,65,65,73,79,83,93,98,101,112,127,134,142,148,153,160,165,172,179,179,183,189,247,265
8,450,51,462,157.067,87.8914,9.19563,-4.38847,-9.78173,-10.902,-9.3911,-7.75,-7.42496,-7.44641,-3.92713,-9.40553,-5.71392,-11.4514,-4.38984,-9.57265,-9.74762,-5.4111,-7.64183,-6.59209,0.9972,-8.56245,-31.8189,-28.92,51,51,62,65,72,78,86,103,111,118,131,132,133,135,141,147,149,156,157,160,174,196,201,210,211,217,217,224,362,462
9,500,38,412,135,81.6198,10.0931,-3.97461,-9.11394,-11.3221,-11.7443,-6.96954,-4.1113,-8.22624,-4.53397,-7.61405,-5.83017,-10.3038,-4.81565,-8.97017,-11.4865,-5.35412,-7.54716,-8.20592,0.826192,-8.73647,-28.3607,-31.293,38,49,51,59,62,66,66,71,76,78,81,85,94,97,111,140,141,144,154,157,163,180,183,184,184,192,206,257,269,412
10,550,48,331,135.4,74.2584,14.2393,-2.80983,-9.35409,-9.42228,-10.7477,-7.59342,-6.06582,-8.39367,-5.73534,-8.23176,-6.05681,-7.55578,-4.83405,-11.1835,-12.254,-6.8233,-6.8132,-7.46537,-1.29257,-6.67873,-28.6032,-30.5227,48,58,58,72,72,87,89,90,92,92,93,94,95,101,111,112,112,121,122,131,139,143,151,179,228,231,248,270,292,331
11,600,42,509,217.7,126.909,16.8091,-0.462132,-10.305,-8.85674,-12.3337,-7.87322,-2.99834,-10.6634,-7.53357,-10.1333,-5.78648,-9.06552,-3.88203,-9.89606,-12.9849,-6.75321,-8.48084,-8.1346,-1.81677,-6.89898,-27.3409,-35.6067,42,49,50,51,97,103,112,115,127,134,139,149,170,187,192,203,227,230,242,255,272,278,319,329,332,372,383,421,442,509
12,650,72,1194,465.733,313.855,17.985,0.110717,-10.1315,-7.8972,-12.2839,-8.40798,-4.38279,-9.87826,-7.76348,-11.5683,-4.19781,-9.04747,-4.51121,-7.83942,-12.937,-7.02671,-9.73613,-7.564,-0.238332,-7.54069,-23.1231,-41.8968,72,87,126,127,144,152,156,187,235,239,241,289,299,303,372,411,421,507,558,609,618,668,743,809,819,836,856,929,965,1194
13,700,90,1219,387.6,323.423,16.8597,0.867357,-10.9074,-8.64675,-11.4673,-8.16029,-5.48872,-12.5073,-8.96424,-12.6289,-3.2876,-9.25184,-3.48141,-8.49876,-13.4506,-6.41191,-10.4817,-8.22441,-0.967749,-8.04297,-23.991,-42.9582,90,113,114,126,130,158,160,166,181,185,199,208,221,225,244,250,285,287,292,308,327,431,505,605,777,885,892,962,1083,1219
14,750,39,1244,395,283.649,21.3021,-1.5178,-11.2512,-8.1902,-9.90463,-8.36437,-4.6841,-12.5175,-10.3436,-12.1394,-3.34393,-10.9508,-2.99323,-9.12106,-12.2708,-6.30282,-10.8952,-7.74297,-3.10478,-8.2802,-22.6765,-44.8787,39,70,93,96,113,160,186,200,222,240,277,299,300,301,316,323,328,391,410,418,422,462,504,602,635,643,709,791,1056,1244
15,800,108,2400,737.2,639.818,20.5159,0.0834029,-10.2336,-7.89222,-11.8677,-7.72243,-4.82702,-12.9183,-10.4527,-12.0602,-1.72376,-10.6624,-3.67095,-10.3301,-11.854,-6.7928,-11.2514,-8.31742,-3.79042,-9.8081,-22.4802,-46.1407,108,120,177,179,211,217,228,252,350,361,377,506,574,598,647,688,691,703,705,761,781,797,801,815,824,904,1603,2364,2374,2400
16,850,106,2021,548.267,479.225,20.4625,0.387794,-11.8002,-8.86398,-12.8061,-8.29004,-5.02958,-12.9816,-11.9224,-12.2078,-0.821459,-11.9431,-4.99621,-9.11147,-11.782,-6.21474,-9.97078,-8.22509,-4.34057,-9.9443,-21.4151,-48.1359,106,115,118,139,147,154,180,206,213,244,246,247,249,256,277,388,469,498,550,590,632,723,729,912,1023,1121,1174,1207,1514,2021
17,900,61,2526,748.233,667.527,12.2412,0.210149,-12.0496,-11.5199,-12.4108,-7.19886,-7.17095,-12.4708,-12.5444,-13.5111,-1.57518,-8.53566,-7.27053,-6.44502,-13.7563,-11.2805,-9.10586,-8.33662,-8.65813,-11.0101,-20.6432,-48.7544,61,173,185,232,259,324,337,342,359,382,387,405,409,430,496,515,516,520,549,607,692,932,938,943,981,1659,1799,2170,2319,2526
18,950,61,2197,694.5,526.487,14.9758,0.458884,-11.8095,-11.5648,-12.1032,-5.99437,-6.20478,-12.1078,-10.8352,-13.3198,0.0431864,-10.8604,-6.9805,-5.46082,-13.3017,-11.0671,-10.6009,-9.56911,-8.51878,-10.9617,-18.727,-49.82,61,137,145,184,190,225,266,295,299,359,362,365,466,486,571,624,665,679,743,760,923,946,978,1019,1131,1148,1264,1411,1936,2197
19,1000,82,1596,506.867,387.187,15.3915,-0.569322,-12.0296,-11.2416,-11.5356,-8.87808,-6.96067,-12.7155,-12.1892,-14.8461,1.36255,-9.76482,-8.70964,-4.7722,-13.3107,-12.8784,-9.86849,-10.986,-7.44475,-11.2166,-18.5138,-49.3105,82,108,122,135,188,213,218,229,236,349,358,359,364,373,403,404,442,480,486,500,571,580,586,593,600,912,956,1221,1542,1596
20,1050,131,5660,915.133,1042.76,9.40031,-0.206266,-11.7196,-10.5678,-11.6578,-8.16776,-7.62584,-11.7078,-11.2854,-14.807,2.35952,-13.3733,-7.4523,-5.00528,-14.4565,-13.3251,-9.99699,-11.8343,-7.47741,-11.8363,-17.6551,-48.6051,131,179,192,216,254,280,339,377,418,428,441,454,489,514,573,686,764,780,849,893,907,991,1179,1180,1183,1331,1431,1927,2408,5660
21,1100,71,1906,796.567,601.115,9.16241,0.21073,-12.4496,-10.4328,-11.2003,-6.67387,-7.55817,-10.4916,-9.97989,-14.0257,3.2421,-13.5269,-7.74455,-4.07632,-12.645,-12.8533,-10.612,-11.8706,-9.00275,-11.7071,-18.4538,-49.3748,71,74,143,205,215,232,254,358,359,375,404,493,521,537,550,571,594,643,877,916,1024,1193,1331,1401,1450,1745,1769,1822,1864,1906
22,1150,92,3599,986.6,872.236,9.24945,2.17263,-11.7803,-8.6477,-11.3954,-5.32018,-7.1247,-10.292,-9.76955,-14.1083,2.74945,-15.6436,-6.83364,-5.12321,-14.2411,-14.5998,-8.29533,-13.899,-8.43107,-11.9342,-18.1139,-52.1041,92,117,145,200,221,275,356,403,410,413,419,421,472,516,556,606,621,925,962,971,1244,1306,1784,1909,1987,2044,2104,2250,2270,3599
23,1200,85,7706,1751.27,1981.79,10.571,3.46645,-14.048,-8.21788,-11.6878,-5.95521,-9.98853,-10.9764,-9.39292,-14.2252,3.75617,-14.6545,-8.88686,-6.94388,-14.0476,-15.1916,-10.2801,-10.6635,-11.2289,-12.1481,-15.335,-52.4818,85,90,181,196,234,278,297,379,548,687,747,794,879,979,1070,1083,1169,1557,1637,1637,1671,1744,2067,2269,2389,3405,4428,5002,7330,7706
24,1250,141,6548,1973.4,1636,7.55673,4.33612,-15.9669,-9.68367,-11.3711,-4.98452,-11.0552,-11.8725,-9.73057,-14.596,3.21843,-16.0268,-9.39004,-7.48992,-11.4077,-12.8277,-11.892,-10.6572,-11.9086,-11.1014,-13.951,-54.4505,141,212,221,348,459,466,500,501,639,683,934,1033,1112,1443,1460,1831,1998,2030,2214,2332,2342,2624,3015,3196,3770,3915,4051,4073,5111,6548
25,1300,371,6960,1973.2,1591.75,7.84189,3.86054,-17.897,-9.2242,-8.59177,-5.92695,-11.882,-10.0869,-9.52503,-17.6481,4.32318,-15.2184,-8.49488,-7.31318,-11.2169,-13.2547,-11.9788,-11.5344,-10.431,-11.479,-15.3713,-56.6968,371,507,538,572,612,615,664,759,767,825,877,998,1040,1413,1546,1572,1600,1616,1754,2092,2147,2442,3196,3276,3778,3802,4147,4151,4559,6960
26,1350,157,4612,1336.53,1201.61,9.08728,4.03165,-18.0908,-7.17222,-7.61299,-5.82032,-11.8454,-11.3312,-7.86409,-17.4215,5.05578,-15.6808,-11.314,-7.04029,-11.7932,-13.9171,-11.1711,-11.7514,-9.24489,-11.4348,-15.1336,-55.4528,157,195,244,249,276,374,435,483,526,581,597,791,809,885,906,963,967,1140,1151,1302,1395,1655,1687,2163,2343,2344,3094,3460,4312,4612
27,1400,127,5826,1742.6,1666.87,12.5198,3.43864,-20.3552,-5.77218,-7.95835,-6.1231,-9.82558,-13.0127,-4.95521,-17.1093,3.80771,-16.1379,-11.1962,-7.77644,-11.269,-14.3767,-9.95734,-11.451,-9.4034,-9.16848,-14.9359,-56.5118,127,128,167,172,192,196,221,325,465,569,663,670,758,917,960,1375,1376,1595,1691,1752,2349,2541,2938,3242,3327,3887,4287,4759,4803,5826
28,1450,107,7166,2071.83,1839.2,12.7623,3.46624,-19.172,-6.21837,-6.53383,-5.35228,-9.6372,-11.5645,-6.04983,-16.1479,5.22958,-12.2197,-10.9038,-7.38285,-12.3699,-14.0013,-9.39472,-12.3384,-8.82147,-10.9301,-16.3823,-57.7789,107,132,181,194,278,311,311,393,610,635,884,913,1089,1367,1370,1954,2255,2481,2550,2712,2837,2844,3228,3352,3472,3632,4042,4945,5910,7166
29,1500,212,8482,2437.83,2107,15.6906,4.8208,-18.1553,-4.73547,-5.69666,-6.64908,-9.69203,-9.87214,-6.51525,-15.8542,5.59256,-15.8178,-10.4652,-8.03641,-10.7827,-14.3217,-11.1005,-12.4131,-8.38033,-10.8558,-16.7026,-58.7393,212,226,280,319,691,774,829,848,1066,1076,1142,1297,1359,1417,1488,1919,2234,2312,2490,2775,3057,3068,3145,3851,4014,4550,5051,6023,7140,8482
30,1550,197,6887,1696.63,1614.84,7.26802,5.13392,-18.8271,-3.86722,-5.04259,-8.86138,-8.57919,-10.4455,-6.17552,-14.791,5.61565,-17.0687,-9.85993,-9.27447,-12.7301,-15.4436,-11.3984,-12.1539,-8.38033,-12.3957,-16.3438,-58.7686,197,243,264,407,411,428,465,487,510,547,568,873,880,897,1292,1335,1496,1503,1527,1719,1730,2092,2146,3103,3191,3254,3255,3664,5528,6887
31,1600,102,6888,1936.07,1722.67,2.0055,4.73014,-19.2728,-4.42141,-3.22258,-9.59744,-7.07932,-10.574,-6.68215,-13.1266,4.85078,-17.2412,-10.1758,-9.24441,-11.882,-14.3052,-12.6679,-12.6742,-10.8656,-12.3792,-15.4213,-58.8043,102,233,356,543,552,570,586,616,707,708,885,1197,1237,1279,1357,1471,1487,1609,1783,1863,1908,1934,2794,3329,3507,3770,3999,5118,5694,6888
32,1650,181,9776,2300.83,2475.86,-5.59664,5.6331,-18.7103,-5.42574,-2.09166,-8.81746,-6.60099,-9.17142,-3.91549,-13.9986,5.7082,-17.0468,-8.57898,-9.48619,-12.3989,-14.8012,-12.0136,-11.5977,-10.3,-13.7252,-14.483,-60.1114,181,207,217,232,314,470,522,583,831,921,959,960,1009,1078,1103,1351,1435,1461,1519,1633,2082,3415,4026,4383,4523,4719,5333,5378,8404,9776
33,1700,149,17104,4853.23,4560.58,-0.906639,7.15883,-18.2051,-5.77949,-3.57682,-8.46582,-5.83326,-9.52163,0.0774371,-13.5702,5.25311,-14.6205,-9.617,-9.56059,-12.4247,-15.392,-11.5946,-12.5481,-8.36173,-14.9703,-13.782,-61.6891,149,242,616,908,1016,1026,1087,1269,1389,1440,1540,2040,2636,2665,3361,3618,3893,3958,5097,5613,5732,7312,7738,7880,8356,9435,10134,13099,15244,17104
34,1750,369,17299,6616,5264.61,1.12609,7.12381,-16.9545,-5.08,-5.5402,-9.52681,-4.55445,-8.80659,-2.22325,-15.4007,5.19497,-15.3762,-10.798,-8.69695,-12.4261,-13.9962,-8.60642,-11.0044,-8.06513,-14.7544,-12.9113,-65.3544,369,571,593,1067,1267,1589,2108,2134,2679,2852,3011,3110,3796,4225,4716,5779,5893,7256,7310,8062,9147,9233,9703,11868,12354,14143,14229,15909,16208,17299
35,1800,827,43776,9609.9,9331.86,4.31093,6.74047,-15.0177,-2.15776,-5.56136,-8.36039,-2.59455,-6.62551,-1.15803,-13.893,5.52235,-15.6265,-10.3864,-9.24937,-11.1627,-13.6532,-10.9917,-10.372,-6.61755,-14.2515,-12.0454,-64.9986,827,1871,1888,2040,2397,3203,3248,3531,4119,4291,5275,5303,5380,6093,6422,7398,7711,9585,10082,10575,10784,11096,11245,11718,11799,12469,17635,26953,29583,43776
36,1850,266,37000,8121.1,8276.14,3.51808,6.79129,-14.2735,-2.26791,-3.76309,-9.14552,-3.65106,-7.01527,-2.3127,-14.0466,5.29898,-17.4556,-8.58075,-12.1295,-10.499,-13.2611,-13.6912,-11.5239,-6.50312,-14.0659,-13.6538,-67.7247,266,652,1298,1305,2956,3005,3112,3142,3381,3477,3631,3668,4073,4166,4868,4871,5294,5367,7763,8935,9414,9854,10274,11864,12063,13144,14482,24541,25767,37000
37,1900,551,28512,8207.93,6759.81,2.62531,5.86398,-12.9519,-2.61245,-2.49872,-7.25657,-2.77937,-7.18878,-3.75095,-14.7678,6.46552,-16.058,-10.7016,-11.7458,-10.3569,-12.7971,-12.8184,-9.39709,-7.2485,-14.3364,-13.6228,-68.0682,551,621,801,1341,2227,2550,2560,2611,2916,3075,3513,3914,4559,5813,5835,6707,7581,9886,10303,10583,10729,11263,11447,11800,15089,15260,17347,18011,18833,28512
38,1950,926,34753,9968.07,9788.13,7.16091,5.99039,-12.7205,-2.53547,-1.87209,-6.54783,-3.83145,-7.9914,-0.230355,-15.5855,5.38008,-16.2125,-10.6192,-12.2708,-12.0715,-10.6372,-13.6981,-10.6005,-8.07987,-13.5657,-12.5634,-69.3293,926,1057,1447,1545,1738,2275,2450,2719,3258,3897,4028,4051,4116,5921,7465,7942,8608,8871,9091,9128,9455,9833,12112,16599,18307,19098,23068,31202,34082,34753
39,2000,971,33495,12277.5,10911.5,10.5706,7.72846,-14.8795,-2.34062,-0.166886,-6.8934,-3.60063,-6.68122,-0.905451,-14.2838,6.28295,-18.0223,-10.9873,-11.6269,-11.1182,-10.4597,-13.7096,-9.28856,-6.71297,-14.5932,-12.161,-68.0688,971,1341,1603,2140,2294,2664,2673,3345,3537,3634,4760,4918,5294,6822,7006,8295,10107,12694,13103,13347,15496,16653,18736,23938,26016,29338,29941,31751,32413,33495
40,2050,566,50483,14952.3,13962.5,13.1928,7.00223,-12.8665,-3.14252,-2.47049,-4.76357,-5.46397,-6.88939,-0.136893,-14.739,7.10413,-18.3989,-10.3163,-10.6627,-10.1969,-9.52749,-13.4049,-10.3346,-7.72235,-15.9421,-13.5732,-68.1434,566,903,1094,2636,2909,3329,3429,3635,3910,4403,4914,5122,5954,7532,8346,11691,11959,16372,17258,17464,18220,21841,24615,24992,25295,33207,33299,39403,43789,50483
41,2100,119,69464,12653.2,15788.8,21.0175,8.94974,-13.2324,-2.83124,-1.71864,-3.09954,-3.51398,-5.19538,-0.739023,-13.6798,8.48075,-17.9227,-9.40638,-9.709,-12.0406,-9.54431,-9.87684,-11.1782,-7.41259,-15.0422,-14.5871,-68.8466,119,218,358,833,873,1356,1489,1810,1888,3025,3123,3240,3806,5548,6006,8200,9104,11214,11847,11910,12184,12957,19380,19767,20554,26816,31030,37626,43852,69464
42,2150,545,52854,21568.5,16676.8,18.7597,9.74781,-13.1367,-0.329584,-0.59039,-2.45427,-3.56608,-6.82405,0.0612,-11.6937,9.46483,-15.8051,-11.5734,-9.25239,-10.8061,-11.339,-9.99313,-11.2391,-8.69937,-15.6413,-15.0441,-71.8192,545,746,1049,1422,1505,1623,2520,4507,6938,10784,12338,12615,17633,17736,17750,23343,23947,24639,28701,30759,32146,33453,33678,34071,34141,43514,43610,45905,52582,52854
43,2200,41,94854,24306.9,21809.7,13.3705,9.03847,-13.5574,-0.824315,-3.30028,-4.26363,-3.60019,-7.18993,-0.058845,-11.4271,8.45201,-15.006,-8.79841,-10.2176,-11.3891,-12.08,-10.201,-10.8639,-10.1048,-15.2416,-13.5411,-70.2103,41,368,978,1019,2060,3665,4014,9437,10259,10356,10716,14041,15637,16789,18547,23110,23179,28480,28704,28797,29532,30331,32416,34166,46425,46932,50007,51704,62642,94854
44,2250,354,66325,20067.7,18398.6,14.6146,8.69012,-11.3787,-3.08025,-2.78309,-4.12888,-4.42022,-5.21726,-1.13815,-10.7938,10.7187,-14.0247,-11.293,-10.7495,-11.9144,-11.6189,-9.50742,-10.299,-9.71521,-16.3362,-13.8153,-71.0357,354,1269,1414,1771,4636,5463,5814,6205,6360,7156,7797,8344,8687,9035,9332,9373,11899,17678,25845,27867,29029,31051,33089,36060,41525,41955,42830,51392,52476,66325
45,2300,282,54511,20506,15951.6,15.3699,9.25121,-7.2863,-2.59199,-2.89397,-4.65519,-5.53736,-5.36847,-1.38972,-9.4997,10.2735,-14.0763,-10.6988,-10.1084,-11.6567,-11.8067,-10.3139,-10.1912,-11.0139,-16.1194,-13.2414,-73.9245,282,1109,1472,3518,5340,8405,8743,9757,10023,11408,11702,12094,14032,14122,14800,15407,16399,16458,17649,22478,29010,29967,30520,31643,33299,40328,45479,51957,53268,54511
46,2350,523,52538,11799.9,12776.5,16.6505,8.10367,-7.4364,-2.85536,-0.9137,-4.41642,-6.37278,-4.81653,-1.38534,-10.7452,11.0993,-12.8501,-9.92115,-10.2737,-11.8351,-11.6446,-10.4818,-11.2686,-11.1799,-15.5757,-14.4991,-77.0821,523,1133,1445,1519,2162,2183,2196,2642,3288,4447,4893,5046,5734,5791,8254,8457,8792,9067,10131,10154,10655,12360,15160,15829,17866,30369,30467,30818,40077,52538
47,2400,396,72082,16725.8,16371.3,14.0657,8.9554,-7.17424,-2.00007,-1.4018,-3.98407,-6.43286,-4.1368,-0.762573,-11.1446,11.4259,-13.3616,-11.1225,-10.6156,-12.8502,-10.5992,-12.4379,-13.416,-11.1153,-17.2651,-13.6557,-75.6396,396,1322,1342,1676,1918,2610,4044,5655,7802,8228,9210,9924,10241,10582,10907,11355,11607,17288,17441,21072,21143,21258,22468,23029,24955,28304,29220,36161,58533,72082
48,2450,153,97806,27384.5,28298.6,12.2817,9.06012,-8.07526,-2.87184,-1.17177,-3.33717,-6.61397,-3.16319,-0.56889,-10.6721,10.6647,-14.3751,-12.7273,-12.0525,-12.3696,-10.8754,-11.562,-13.4594,-11.2369,-17.2069,-12.668,-77.2539,153,259,757,828,1864,2274,3017,4025,4556,5136,6294,14626,15231,19816,21586,23584,25381,25993,29434,32545,36722,36982,39087,40044,41228,50023,51211,95330,95743,97806
49,2500,127,122307,21273.8,26547.4,9.91273,8.6271,-6.20241,-3.58757,-2.01307,-4.88379,-5.5551,-1.89011,-2.14079,-11.0191,8.87226,-14.6623,-11.1867,-12.2213,-12.8601,-12.5305,-9.40844,-14.0538,-10.1103,-15.6072,-11.7495,-76.6504,127,396,414,1071,2049,2748,4530,4759,5394,5551,5799,6364,6454,6860,9804,10819,11467,17489,18417,20630,20740,25650,36371,41317,42571,42908,44467,47643,73098,122307
50,2550,269,99676,28655.7,29665.4,15.3814,9.7584,-7.2698,-4.49751,-4.08043,-5.04035,-4.57294,-2.5241,-1.95858,-10.0977,7.34751,-16.2072,-11.6172,-11.3619,-12.0097,-13.2783,-11.4603,-14.2488,-11.7983,-16.6334,-11.5422,-75.906,269,486,1660,2283,3320,4263,4890,5915,6877,9038,10642,11493,12648,14762,15154,17049,18662,20832,23743,27583,36344,42097,46746,48725,55341,62493,76285,86111,94285,99676
51,2600,903,199719,38416.6,40530.6,15.7617,7.28538,-7.98,-2.02094,-3.27675,-5.4656,-4.29008,-2.00426,-3.05532,-9.37953,10.2405,-16.7775,-11.4497,-13.5259,-13.4098,-14.5495,-11.8512,-12.0483,-12.7965,-15.8692,-11.2476,-74.7728,903,6546,6646,7630,9550,9825,10339,14585,14637,14979,15228,16507,17346,22003,26891,29517,30684,36824,39246,39685,40678,46249,46409,51503,65355,66882,70411,73547,122175,199719
52,2650,1277,145135,50200.6,39301.7,18.366,7.66287,-9.8872,-2.65777,-1.17953,-5.92695,-3.50263,-1.98802,-3.43104,-10.1063,12.8424,-19.0965,-11.2442,-13.9277,-13.0263,-15.4709,-13.0743,-14.0087,-11.5921,-16.116,-11.5922,-75.816,1277,1409,2284,10868,12877,14003,16615,19249,26567,26765,26786,28032,31828,33269,42043,44157,46019,49800,53218,57111,62111,70310,72443,80904,86145,87859,107391,111741,137802,145135
53,2700,407,118414,26912.5,24589.2,16.8843,8.20092,-9.68015,-1.93654,1.1598,-6.12099,-1.51872,-1.6304,-3.10814,-10.1195,13.4764,-22.0386,-10.6261,-13.4003,-14.06,-15.6687,-12.6672,-14.6994,-12.7098,-14.7168,-12.0277,-75.371,407,1001,4338,4503,4959,5247,9123,9427,10548,12586,14631,15180,19091,21490,21675,23698,25539,29391,30036,30466,30731,31696,34625,35751,39803,40020,49507,60215,73276,118414
54,2750,438,180274,32377.3,38967.3,16.7393,6.7712,-8.7704,-1.95046,1.39872,-6.01136,-1.49226,-3.35153,-5.77491,-9.57372,14.8425,-20.825,-10.9524,-14.9424,-12.8842,-14.2169,-13.4673,-15.6965,-12.095,-15.6687,-12.5608,-75.4034,438,630,1268,2086,2160,2239,2513,5042,5068,7492,10272,10416,13348,15717,17321,20191,20341,26446,27381,33825,46761,46763,53638,54447,55836,57700,67119,80081,104506,180274
55,2800,91,141187,37209.8,36993.5,17.0667,6.90861,-8.87939,-1.27318,1.1296,-5.13884,-0.990924,-2.16002,-5.21414,-10.6677,13.9442,-20.397,-10.7505,-15.3816,-13.9357,-13.2654,-12.1652,-15.5555,-12.5456,-16.6732,-12.767,-76.1683,91,1928,4040,4485,12172,12269,12699,14251,15680,17927,18389,20877,21470,21602,21948,23661,24736,27880,32084,37279,38285,42308,42909,43442,55717,72492,88313,119559,126615,141187
56,2850,409,213577,50444.9,56284.9,14.7319,6.38762,-10.3578,-0.507846,1.66347,-4.31799,0.0332002,-2.90272,-4.37227,-11.002,12.5664,-19.9826,-11.8093,-15.2992,-14.2175,-13.8285,-11.984,-14.1242,-12.501,-17.0153,-10.7615,-76.5288,409,976,1101,2541,3359,3788,8302,14294,20748,23517,26218,26323,27099,29859,30474,35423,39403,39796,41837,45945,46762,52269,54720,65078,77119,80295,156499,159415,186201,213577
57,2900,95,152535,27517,34440.7,14.7375,5.58546,-10.1235,-2.29336,1.7389,-4.13728,-0.254518,-2.37322,-4.19317,-9.59081,11.3534,-17.9596,-11.2757,-12.9419,-13.4461,-14.4709,-12.8069,-15.1967,-14.0018,-18.1079,-10.9171,-77.0378,95,427,1148,1965,3264,3297,6014,6304,6841,7362,8254,10148,11826,12528,12707,14238,14651,16685,17338,19788,24572,26866,44751,49855,50983,58298,70867,83027,88876,152535
58,2950,2822,106608,47488.5,32837.9,13.9291,5.59723,-10.0551,-1.82772,0.123708,-4.3716,-0.521953,-3.29561,-2.93672,-8.6081,10.2079,-18.5446,-10.8752,-11.8521,-12.0282,-14.762,-13.2961,-15.0222,-13.3779,-18.1948,-9.44541,-78.8071,2822,4882,7114,8340,12699,13253,13920,19495,23096,26085,27341,28165,28788,32439,43863,48743,49122,52269,55353,61673,63425,67499,76565,78172,83454,89448,97678,97996,104348,106608
59,3000,3466,193436,44513,41166.4,14.3732,7.6452,-9.36099,-0.994399,1.62986,-5.82694,-1.75605,-4.32734,-2.03203,-8.82355,11.561,-17.7601,-11.2468,-11.6167,-12.9677,-14.2635,-14.5065,-14.994,-12.4149,-18.8864,-10.4552,-76.8867,3466,3674,7252,7876,8991,11801,13794,17728,19360,19879,20260,22333,27254,28498,29674,34275,35848,43554,47179,55627,57184,57590,60547,67313,70625,71398,80056,84227,134690,193436
60,3050,837,177185,30806.7,35821.1,12.8953,8.55175,-8.59795,-1.95791,0.154026,-5.77167,-0.988685,-3.85445,-1.3927,-10.7159,10.8121,-17.5783,-12.8915,-9.65549,-13.4855,-15.395,-13.947,-14.6014,-13.3101,-18.806,-9.88339,-77.1002,837,2913,3957,4321,6076,8198,9046,9444,9975,12327,13992,14770,15259,15431,15992,17103,21778,22899,23647,23979,33072,35769,38940,48435,51043,54577,66224,82851,84160,177185
61,3100,6387,227279,61328,55186.9,11.9031,8.74995,-8.02148,-1.36202,0.49217,-6.11806,-1.3099,-4.27955,-1.71204,-12.3648,11.7846,-18.1569,-12.1192,-11.7184,-13.3209,-16.5006,-14.2299,-14.1238,-13.1898,-18.1235,-10.1146,-78.3066,6387,8061,8131,8522,14887,16344,20816,21207,22523,25234,33614,34018,38654,45024,45454,49019,51855,59418,59900,60571,62113,65464,68731,95805,106377,109099,133324,143977,198032,227279
62,3150,512,320960,78204.3,79427.9,10.7716,10.1302,-8.69865,-2.15534,-0.753859,-4.47442,-1.19041,-2.51623,0.131482,-11.2405,11.6463,-18.6949,-13.959,-11.2223,-12.5119,-16.7587,-13.4801,-15.6693,-14.073,-19.3902,-10.2832,-79.3568,512,4818,6540,8979,11151,11330,12640,20744,22262,28368,31357,32845,33158,38478,45724,53555,64960,65342,76955,85215,86899,102512,107556,135231,146164,157039,183831,211076,239927,320960
63,3200,7317,167022,44729.7,40067,11.9493,9.08918,-9.34958,-1.90016,-0.829848,-2.49219,-1.53196,-1.46586,-0.164613,-11.3681,12.0614,-20.2534,-14.2851,-12.3594,-14.1545,-16.4174,-14.07,-15.9153,-12.8338,-17.8615,-11.4848,-81.027,7317,8224,10996,11065,12007,12809,14099,15046,15935,16502,18658,20565,22011,27076,30203,32231,33890,39901,40029,43679,52285,58970,67646,70371,79902,84666,90183,97203,141399,167022
64,3250,131,155930,37698.7,37948.7,12.6196,9.48662,-8.75494,-2.63172,-1.46831,-2.89659,-1.62019,-1.56018,-0.688349,-11.2572,11.4139,-20.585,-12.0959,-12.9687,-15.8087,-15.8699,-13.6152,-16.8862,-11.866,-19.7937,-11.6698,-81.317,131,304,1544,4606,6708,7223,7774,9793,12289,12488,15609,16317,21137,21702,21811,26831,29969,29995,30363,32612,40658,53839,58189,61329,77849,83324,86114,96736,107787,155930
65,3300,916,278388,55016.7,64778.7,12.0141,8.30865,-11.403,-2.08474,1.13775,-3.57349,-3.53584,-0.108426,-3.60878,-10.572,11.4762,-20.3088,-11.5975,-13.4561,-15.5678,-14.8498,-14.5338,-16.6363,-12.2282,-19.7692,-10.5986,-80.6028,916,4898,6656,7013,8347,9415,9634,11949,13656,26149,27386,29537,30630,33821,34684,34721,35895,36626,40331,45473,54040,56285,56768,63463,99376,107705,121508,133109,232123,278388
66,3350,464,231642,51795.2,47337.1,11.9098,8.10584,-11.4272,-1.17873,0.518809,-2.24406,-5.1891,0.0420309,-2.94102,-11.2719,11.5414,-20.9307,-12.0525,-13.6263,-15.524,-14.6861,-12.6869,-18.5414,-12.3681,-18.9234,-10.5322,-82.4586,464,1120,4723,7559,8817,9905,11903,17008,17360,19993,29331,38263,40626,40918,41885,44374,47746,51752,56659,60056,61469,65429,67147,75557,85416,96017,97699,105785,117232,231642
67,3400,410,174813,37536.4,45055,16.0792,8.05512,-10.9521,-0.779191,1.15294,-2.72266,-5.77623,0.406702,-2.08042,-11.3363,11.5585,-21.5347,-13.9073,-14.8277,-14.0846,-14.7616,-14.2807,-18.5246,-12.2769,-20.3664,-9.12922,-83.7627,410,1158,1452,2473,3267,3838,6007,8735,10096,11655,12906,12985,13785,18250,18826,19759,20708,29355,33355,36236,38244,47697,49725,51833,69852,71492,89898,100585,166696,174813
68,3450,2180,141520,45028.1,38704,18.3677,8.0892,-10.0734,0.0386436,0.220459,-3.60561,-6.19825,0.927934,-2.62414,-11.9861,12.7227,-23.1745,-12.3271,-13.9056,-12.5997,-14.8339,-13.0247,-16.2289,-11.261,-21.422,-8.93572,-84.5273,2180,2536,4770,5686,6641,7915,11237,13513,16350,22241,26096,26979,27385,30923,31408,34116,36068,37600,37998,42727,56538,69815,79381,80284,82245,87098,97801,107234,124557,141520
69,3500,1293,215103,58524.2,60714.2,19.6279,8.94314,-10.2823,-1.11739,0.124819,-3.25411,-5.79725,-0.158836,-2.59279,-11.258,12.655,-23.0285,-12.9408,-13.7118,-11.2312,-17.3621,-13.0422,-18.1051,-11.4622,-21.5308,-9.86335,-83.8049,1293,1438,4645,8638,9183,9569,12606,15128,18055,19357,21032,23245,25550,28246,30583,31585,40819,45253,52033,52970,56929,66476,90385,110408,125248,126342,147738,182456,183412,215103
70,3550,226,198724,51018.1,49476.7,20.0347,8.00816,-9.58005,-1.89485,0.515257,-3.86392,-6.09632,0.643994,-3.24704,-11.6468,12.9003,-24.3482,-12.058,-14.2591,-12.0409,-16.7674,-12.22,-18.5105,-13.5361,-20.8182,-9.48079,-83.1216,226,1955,3288,4004,12279,16129,16297,17058,17697,19600,23862,28753,31362,36214,37596,38186,39259,42395,43269,50694,51172,55082,60329,60935,83755,116635,137154,139371,147262,198724
71,3600,2098,207141,43757.4,42285.8,16.7704,8.60204,-9.98997,-0.612954,-0.435064,-3.91504,-4.95152,1.83364,-2.27469,-11.4906,12.811,-25.579,-14.1361,-13.5251,-12.3525,-17.5876,-12.9537,-18.5109,-15.3866,-20.4645,-10.1291,-85.7967,2098,2583,2949,8644,8668,9908,10092,14814,18609,21063,24266,26486,27102,28713,30173,34593,38216,40146,41269,42521,43657,54765,65694,66847,67002,84903,88953,100142,100706,207141
72,3650,92,408619,89783.4,100513,15.5507,9.90305,-10.1065,-1.49435,0.494685,-2.47874,-4.47683,1.96786,-3.79146,-11.9921,12.1943,-24.9557,-14.1757,-14.1963,-12.4187,-18.3187,-12.529,-17.318,-16.0051,-20.941,-9.33603,-85.3308,92,2919,4517,6598,10125,11365,11902,15805,19631,20770,29919,32666,33945,38761,50680,58299,59226,64257,75733,103364,119873,132127,144670,148014,158150,177808,184062,238437,331168,408619
73,3700,347,417874,91301.6,105272,16.7543,11.287,-10.5918,-1.41761,0.995984,-2.07554,-5.11322,0.583053,-3.79962,-11.7885,12.7365,-24.7448,-13.5169,-17.2327,-12.5597,-17.6617,-12.6103,-18.3484,-16.7958,-20.976,-9.58683,-86.0883,347,7011,7547,9243,9489,10405,12618,12827,16292,20320,24643,34104,35723,36326,43446,49845,62017,64035,87694,103759,105296,123510,123738,132865,161234,205383,225643,250929,344885,417874
74,3750,2194,161640,65223.7,51607.4,16.9181,12.2159,-9.69994,-1.29027,0.180386,-2.1879,-2.96827,1.24401,-1.7526,-12.125,14.4584,-27.2727,-13.7178,-16.3492,-13.5392,-17.4131,-13.6629,-17.9417,-17.4608,-19.9496,-9.90278,-85.921,2194,2513,9467,11737,16525,17483,19532,19656,25528,25641,27636,31443,32536,34416,36571,42693,50432,79837,86847,96724,98179,106840,118019,122357,124299,129903,135481,142572,148011,161640
75,3800,850,266516,89482.1,68291.5,16.3634,12.8332,-9.26503,-1.80642,1.7351,-1.8109,-4.24964,1.17835,-2.5112,-11.6163,15.5276,-27.96,-14.2318,-17.5375,-15.2752,-17.7085,-13.3695,-17.2368,-15.6467,-19.8919,-10.7234,-86.7984,850,2108,3129,5599,8261,23948,30198,38255,45625,52824,52834,58074,64868,67268,75574,81340,88342,95623,97185,111368,121161,126597,131780,138777,147537,161577,181347,201608,204290,266516
76,3850,2979,336224,75946,77031.3,15.128,13.987,-9.33083,-3.16902,0.760076,-1.16377,-3.93843,-0.344063,-2.37391,-12.8637,15.4808,-28.5081,-13.6832,-18.3858,-14.4831,-18.2777,-14.2208,-16.1076,-14.4933,-20.7526,-11.2542,-90.4809,2979,5861,6120,7717,11050,12760,14845,18178,20034,20545,24830,30129,42963,49585,50926,54601,65378,67535,88477,88570,90947,91205,119744,120579,122874,138093,147445,188495,239690,336224
77,3900,812,138775,52860.1,41464.1,16.925,15.2102,-10.208,-3.28332,0.0360671,-0.9982,-2.427,0.671952,-3.82136,-12.0306,15.629,-27.8926,-13.8396,-16.0905,-13.6771,-18.3979,-13.4024,-17.1823,-16.8813,-21.8781,-13.079,-91.6763,812,4699,5743,7261,7439,8258,10158,14085,21679,23910,24718,26170,26865,37492,38016,41841,45939,60002,68269,84538,86513,87990,88612,96702,98125,100927,102750,109887,117627,138775
78,3950,3545,167852,52372,42542.9,18.0614,15.3894,-9.4719,-3.00464,0.759545,-1.93191,-3.02618,0.966317,-3.77577,-10.6461,15.3348,-26.2225,-13.3866,-15.9542,-12.9287,-18.5935,-12.5452,-16.5186,-16.957,-20.9121,-14.9058,-92.7699,3545,9044,11468,11800,13446,13515,16088,20854,22315,22785,23175,25628,29563,34174,36443,38152,40304,47298,55176,61658,64958,77133,79814,88136,92803,98334,109243,124813,131642,167852
79,4000,38,252050,58166.6,61705.5,19.2114,14.5571,-9.78898,-4.04383,-0.36126,-0.0663828,-3.38406,1.71224,-2.20068,-10.8551,15.3562,-24.6537,-12.4216,-18.6767,-13.4356,-17.3792,-13.9158,-16.1904,-16.9276,-20.447,-13.8174,-93.4706,38,3197,3472,4370,5051,7730,8715,11828,13651,26136,26697,26884,27090,32500,35674,42819,45156,46066,62879,64822,66085,74162,74243,78387,108033,118053,129858,132768,216584,252050
80,4050,698,201136,64726.2,54354.5,20.3262,15.7983,-11.5911,-4.2574,0.365205,0.881487,-1.694,-0.118224,-1.52596,-11.5878,15.3176,-24.5272,-13.9407,-20.8368,-13.1415,-17.8321,-12.8991,-15.2751,-16.2749,-18.164,-13.3685,-95.621,698,7016,7549,10474,14287,18839,19946,25480,26992,29540,30366,33784,35682,45365,48168,49992,51665,52882,57519,62696,71307,100806,109347,116770,119101,124553,139329,164707,165789,201136
81,4100,1374,300308,52466.6,58342.4,21.8378,14.7146,-12.0186,-6.21241,1.12206,-0.119204,-1.79113,-0.480846,0.0524336,-10.1521,15.2959,-24.7691,-16.0944,-20.6463,-12.773,-17.8976,-13.8845,-16.9812,-14.4863,-21.0446,-13.5483,-98.4481,1374,3351,3555,3759,4262,4280,9094,11416,21956,24929,34961,35948,37233,38092,39775,42730,48624,49370,54305,55564,59172,60172,64216,64299,67491,68927,97108,124840,142888,300308
82,4150,646,204281,64939.9,57468.5,23.4601,16.1912,-10.9374,-4.95412,0.613297,-0.135422,-1.14715,0.298282,-1.85078,-9.398,15.357,-25.912,-16.2096,-20.4416,-14.2046,-18.2098,-14.7274,-17.0338,-15.5139,-19.6753,-12.938,-98.415,646,3603,4453,7444,8644,9141,11133,14222,17245,21125,22408,25917,29654,44905,52469,54769,65211,79867,81798,82563,88510,97135,98348,98562,118711,130567,135724,141666,197477,204281
83,4200,2903,345721,60568.2,62978.9,25.1875,16.2481,-11.7357,-4.87015,0.218036,-0.663059,-1.67316,0.748213,-1.54737,-7.7531,15.4789,-24.8162,-14.2392,-21.9221,-13.2571,-19.0656,-17.1599,-16.8161,-16.4812,-20.5717,-13.6332,-98.3455,2903,5495,10460,13266,14403,14964,18451,18553,28192,32426,36416,37181,37986,38641,45706,46160,58617,59890,61157,71209,73314,75103,76339,86477,86881,94228,99282,108345,119281,345721
84,4250,2269,290480,64680,67547.7,24.9705,16.488,-11.4694,-4.3511,1.05018,-1.67742,-2.9296,1.11822,-1.77289,-7.04653,15.1033,-24.8581,-13.5537,-21.2832,-12.61,-19.4903,-17.3016,-19.5654,-16.6875,-20.8374,-15.4035,-99.3665,2269,2304,3092,4802,10439,11337,13190,13279,15099,17948,20502,21222,36903,37273,38778,48209,49094,55738,65390,78497,88980,88983,95649,103944,111528,115576,131080,152159,216657,290480
85,4300,426,233158,59826.6,58411.2,25.7273,16.7562,-9.85786,-4.92397,-0.303118,-2.59423,-3.22333,-0.301653,-2.42643,-8.3529,15.4798,-23.4733,-13.2043,-20.1661,-12.0882,-20.2472,-15.5704,-20.6703,-13.6214,-21.7559,-16.0946,-99.2226,426,2530,3905,5300,6052,8663,12890,16786,16977,20212,23090,25039,30321,31258,39851,49470,54477,57046,59497,60565,60576,67625,108089,113042,114465,121274,121753,155485,174977,233158
86,4350,853,391712,66160.7,74820.4,26.6299,15.7698,-10.9,-5.53832,0.211924,-0.451781,-4.8117,-0.607622,-1.4657,-9.83118,16.4302,-22.1015,-14.4544,-18.4781,-13.0917,-21.9325,-18.5945,-21.7625,-13.4428,-21.6941,-17.3144,-101.981,853,3157,3216,9253,9340,12364,16057,16389,17073,35256,39239,47755,48372,50231,50514,51185,53957,53984,55412,62479,62628,73619,85122,94116,102106,110760,114887,139680,174106,391712
87,4400,101,281582,49950.8,62942.9,24.9173,14.796,-10.9922,-3.68697,-2.79355,-0.801095,-4.19902,-2.8863,0.0995457,-11.0965,14.3364,-22.8362,-13.3308,-18.3642,-13.4544,-23.729,-17.8445,-21.4266,-11.9722,-23.539,-18.9852,-100.185,101,847,987,2584,5652,5833,7394,8076,8349,9598,11493,14045,19092,19556,21126,26802,27598,38588,41353,45706,57182,68661,76615,89901,98457,103441,108559,111654,187691,281582
88,4450,530,194370,69388.4,59738.8,25.0244,15.3205,-12.5925,-1.81096,-0.16664,0.629236,-4.76925,-0.447784,2.25393,-11.7075,14.344,-22.6614,-12.9181,-18.6091,-12.9781,-21.7834,-18.455,-21.0356,-11.4085,-22.5185,-18.4715,-102.149,530,2876,7157,8303,9851,11363,14498,17982,18369,19888,22474,29391,31937,42397,46714,48243,79275,81162,81610,98497,108884,110904,111408,116280,116943,138115,158520,170502,183210,194370
89,4500,246,263091,57206.4,61844.5,22.6206,16.4278,-14.9375,-0.89352,1.75465,0.379458,-4.60813,-0.0629764,1.51669,-12.1431,14.6809,-24.4214,-13.2198,-19.7617,-14.0153,-19.1272,-17.6715,-20.0819,-10.6904,-23.2043,-16.0754,-101.988,246,1405,4188,7703,12302,14049,15246,16133,19033,19303,21074,22608,23713,25675,26075,28331,42562,55030,64706,65602,68019,78090,85518,85751,89335,101529,115908,122175,221791,263091
90,4550,2008,449109,63439.1,89403.3,23.2873,15.4299,-15.8547,-0.462807,0.749938,0.826332,-5.11656,-0.310183,0.953711,-11.3339,14.2576,-25.4339,-14.7488,-18.2759,-14.2008,-19.5018,-16.3344,-22.3099,-10.7491,-23.9777,-13.8127,-102.522,2008,3028,4397,4930,8221,9524,13500,13571,14825,21349,23147,26939,29922,30488,30638,31414,32321,35672,36707,36933,63050,78977,84792,87348,98826,119580,127741,179704,204513,449109
91,4600,4247,382801,108460,105740,24.5595,17.7705,-13.8675,-1.35512,0.389268,0.166418,-4.18867,-1.56752,1.61293,-11.1836,13.4981,-24.7182,-14.8713,-20.1049,-13.5728,-20.4375,-15.2713,-20.8554,-12.9024,-25.2448,-12.5755,-103.578,4247,4363,6342,6672,7344,13722,17466,31675,32866,35794,42469,44231,53734,55608,76067,85604,92837,102534,111937,116518,119444,122340,160938,191452,201775,242441,257212,301098,332254,382801
92,4650,67,290614,92066.9,79650.7,24.6207,18.1801,-13.8819,-2.29907,-2.3043,0.425421,-2.62329,-1.33791,3.24442,-11.8569,12.0854,-25.6976,-17.1414,-21.4306,-14.8796,-21.0849,-15.7842,-19.8796,-12.6794,-26.0525,-13.4329,-102.459,67,11694,12402,15854,18991,19625,21025,21204,28394,29890,30842,33266,34157,50157,67982,92644,97092,97889,116255,125602,128230,136796,142795,144446,154942,156878,201324,213314,267635,290614
93,4700,7378,456316,134319,126410,25.5681,17.3195,-12.6336,-4.43946,-5.23513,-0.488252,-0.632999,-2.53549,3.77239,-12.1533,14.7891,-26.5822,-16.05,-21.6823,-13.7501,-18.8233,-18.313,-20.0159,-13.0863,-25.8401,-12.2436,-103.494,7378,12886,20340,21251,22635,22834,36682,49632,56589,57990,58010,73418,76106,81103,92173,94478,106606,121152,123830,126948,127181,151166,162474,199899,224016,326007,326842,350473,443158,456316
94,4750,1906,440940,145672,122475,28.5751,17.0721,-11.2274,-4.80148,-4.05472,-1.03226,-0.332239,-5.377,4.15671,-11.6773,15.7319,-26.8247,-15.2037,-22.5773,-14.972,-18.7049,-17.8508,-20.1142,-13.7467,-25.3489,-13.6019,-105.935,1906,12663,13134,32830,48402,49068,57938,60929,62824,78244,83977,89676,91242,96771,102459,105019,119425,127766,135844,137295,148149,148387,184296,255923,264858,271230,349514,362188,437260,440940
95,4800,401,282927,69460.3,61931.7,21.1873,15.5629,-11.7038,-4.11021,-5.21615,-0.640759,-0.451218,-6.00456,3.6757,-13.845,13.515,-24.3674,-15.4735,-21.963,-14.1497,-18.743,-20.9266,-21.9943,-13.0118,-25.3166,-12.8839,-106.726,401,7881,8552,10515,12034,12135,20193,20502,32281,40108,42590,44451,44731,52997,55149,56474,56806,59076,69201,75623,79885,82948,94196,106659,106970,130551,138643,146619,192710,282927
96,4850,733,280384,84871.8,81001.9,17.927,14.3083,-12.3324,-3.77558,-3.58194,-0.826169,0.658074,-6.16076,3.58562,-13.9341,14.2085,-24.0449,-16.9912,-20.7058,-16.9293,-19.9962,-20.0427,-21.8834,-14.8162,-25.0031,-13.6303,-107.483,733,3103,3351,6069,11149,13137,13869,16354,18636,23888,33261,38799,43682,46520,58190,61116,67685,82984,86343,98624,117214,118448,122072,152055,168379,177887,192534,224606,265081,280384
97,4900,805,290228,73517.3,64223.5,25.2147,14.4659,-12.3503,-2.34387,-3.63361,-0.387667,-0.161299,-5.49245,0.634372,-14.1246,12.5814,-26.006,-15.8664,-19.8984,-16.4326,-19.6388,-22.1146,-23.2728,-12.8762,-25.0339,-14.4552,-107.938,805,1898,2541,7876,11177,13031,16061,17288,20856,23398,36738,37524,44839,49422,51567,74345,80815,98951,100086,103876,106059,106275,109339,111597,128016,128749,128909,134627,168626,290228
98,4950,2189,312057,73929.5,66561.8,31.5242,14.8889,-13.1156,-3.0973,-3.48564,-0.430478,0.680771,-5.52625,0.799471,-12.8337,14.6415,-25.1743,-15.101,-21.7167,-16.8618,-19.8502,-22.6276,-23.1941,-12.8772,-24.206,-15.7057,-108.306,2189,4315,8008,9719,13759,13854,18759,19829,28428,32318,34897,37774,39861,40491,64356,74345,75056,79969,82311,86737,100544,101221,108575,110843,110853,125963,144985,163917,171952,312057
99,5000,55,389671,68329.9,84035,32.3457,14.8489,-12.7494,-3.25387,-2.24338,-0.596779,1.63951,-4.23809,-1.34898,-12.82,14.6581,-25.8154,-15.236,-22.6751,-17.8237,-23.3406,-23.1021,-23.1771,-14.6902,-23.7559,-16.9187,-109.723,55,995,1950,3719,4041,7784,9395,16859,20930,21376,23678,26912,27394,27488,38483,43599,59646,61895,70198,72467,73564,74037,82076,102421,105522,127725,144210,147767,264039,389671
100,5050,4748,178421,47555.7,44867.8,37.4774,16.5446,-13.2503,-2.62286,-3.2429,0.115392,0.424862,-2.92989,-0.686801,-14.0601,13.1893,-26.288,-14.0763,-21.9671,-19.0641,-20.9925,-24.1616,-22.4661,-16.4708,-23.0324,-17.7551,-110.233,4748,5484,6736,7951,8271,8459,10612,13161,17413,19039,22977,23014,28950,32933,34941,39509,42037,42499,47687,51289,52252,53547,56373,60004,76688,98841,105065,113816,163954,178421
101,5100,7894,314577,77960.3,69413.3,36.8843,16.4025,-14.3596,-2.35801,-5.28854,0.0422917,0.4423,-2.53155,-0.562721,-13.3608,13.7895,-26.1853,-14.0592,-23.3628,-18.8651,-20.9898,-21.6275,-24.2889,-16.9846,-23.8687,-14.3753,-110.205,7894,8971,11840,14893,16257,21361,25017,25532,28455,30775,42212,46914,48962,50323,51728,52188,61918,63487,68267,97642,103248,103681,106327,118182,145586,148034,159502,164982,200053,314577
102,5150,2388,362002,90269.6,84581.5,42.7072,17.8855,-13.8876,-1.39466,-4.73359,0.194377,-0.0528503,-3.07911,-2.25524,-13.3303,13.5805,-26.7272,-15.5571,-24.3916,-19.2568,-22.8579,-20.53,-24.0435,-17.4275,-22.487,-14.9881,-110.871,2388,8120,11672,12388,12710,13398,18861,29345,29839,36941,40660,52535,54053,54707,63321,67129,78213,83026,89441,90053,93924,110146,124229,169482,171049,172470,192689,222268,241030,362002
103,5200,5815,280471,72610.4,71225.1,42.8849,17.8167,-13.5219,-2.07283,-4.07184,1.84054,-0.379357,-4.36936,-2.48076,-13.2946,14.02,-27.6864,-14.2145,-25.4437,-19.6841,-23.8137,-20.9852,-22.8545,-19.2554,-25.0595,-14.5507,-113.775,5815,9475,11069,11944,16204,19820,24045,28456,29230,29345,35028,35040,38165,44446,44801,49866,53274,55149,58811,67980,69792,81689,90876,104364,119137,155393,168275,176430,263922,280471
104,5250,1936,293344,78531.9,65577.6,39.3382,17.0094,-13.7204,-1.41737,-4.89654,0.133836,-1.66254,-5.61662,-0.962487,-13.0938,14.7815,-26.7411,-14.5612,-26.5523,-19.0899,-23.4393,-23.093,-21.1472,-19.5598,-25.2919,-16.7152,-114.498,1936,5205,5860,8727,9280,15846,16189,25518,29381,34290,41343,52569,58168,58823,60070,63046,80301,83639,92475,106334,106434,109817,114300,120596,140594,142280,146457,159459,173677,293344
105,5300,5865,260740,95239.7,65833,49.2393,16.6516,-14.5285,-0.944704,-2.88782,-3.03282,-3.4828,-5.53431,-0.342594,-13.1537,16.7116,-27.6015,-13.1753,-26.172,-18.1372,-22.6533,-20.6038,-22.1881,-19.9526,-26.0534,-14.7127,-114.648,5865,9122,20967,21439,24703,29421,32323,45781,48947,53193,54942,61296,71521,74558,82572,85607,100395,102065,108646,111558,117530,123716,134624,147801,169349,172222,182589,188337,215361,260740
106,5350,9277,361887,141534,103352,51.3725,17.2182,-13.4243,-2.25318,-2.61551,-5.28754,-3.16089,-4.80338,-0.376635,-11.6815,16.557,-27.3966,-13.6911,-26.8705,-18.7337,-23.9289,-20.9451,-21.346,-18.3409,-27.6333,-14.5538,-114.117,9277,17181,19653,21218,21872,22910,41111,42333,48872,70677,81599,94383,115651,123292,136330,137730,140198,160616,171021,178341,184353,195276,204786,224602,228571,250789,271186,317394,352909,361887
107,5400,531,443893,80810.3,105362,51.7065,16.5265,-11.8759,0.412265,-2.56998,-4.26,-3.72283,-4.36325,-1.18755,-11.6062,17.2511,-25.6105,-12.9167,-26.1403,-17.4218,-23.1942,-20.1313,-19.7818,-18.545,-28.496,-13.6712,-115.537,531,588,4243,6167,6692,10115,11773,14020,16693,17587,18465,18632,18791,21928,23334,38684,58981,63087,72673,86343,87908,91073,94916,132015,132552,136480,208791,269423,317930,443893
108,5450,1749,358470,95722.7,81092.9,49.3598,15.6584,-12.9662,-0.624543,-3.13036,-3.86807,-3.12295,-3.83433,-2.3958,-13.815,18.3037,-25.9779,-13.7612,-26.4277,-18.9841,-23.8609,-19.7419,-20.7735,-16.9165,-29.3385,-13.9925,-116.464,1749,8859,11038,20776,23551,35449,37269,47449,55696,62856,63366,68826,69436,74205,75235,76586,76595,82601,86653,87408,97857,120887,121541,124082,140567,166113,169778,196136,310646,358470
109,5500,4940,525505,120183,123446,49.0321,14.6515,-12.5076,1.13469,-5.43665,-2.963,-2.49104,-2.99591,-3.37596,-14.1434,18.5647,-27.3048,-14.0221,-26.9979,-17.5985,-23.7455,-20.9072,-22.4528,-18.4237,-30.069,-13.687,-115.81,4940,5895,15341,18051,18745,26187,37186,40919,43353,47828,57046,60425,70828,71433,71507,76833,77894,89067,91232,94168,110036,157980,165402,179646,200730,253360,318899,326470,348597,525505
110,5550,523,378779,109291,98124.5,49.4565,15.1757,-12.2638,2.77271,-8.36351,-1.23019,-1.89842,-2.87691,-3.35224,-13.5209,17.2346,-24.6974,-12.5296,-26.3307,-18.7248,-24.9065,-21.1634,-21.0339,-18.6033,-27.8921,-13.6462,-116.283,523,1255,8890,24725,25127,28665,32178,33838,43990,50823,51770,56763,56980,68406,70308,82545,82668,103690,114387,120563,122729,132049,151124,191180,206797,209471,209653,293995,324860,378779
111,5600,885,378120,107109,113184,45.3495,13.9674,-13.3562,2.4808,-8.25569,-0.683869,-3.02442,-3.64613,-1.22521,-15.0576,16.8452,-24.8555,-11.5084,-27.6929,-17.5278,-24.93,-22.7082,-22.8187,-19.6529,-27.7046,-12.468,-117.435,885,1551,7842,9259,9689,12832,13289,15767,18221,24296,28152,38135,48377,51684,52423,59381,86994,107954,111402,118968,129248,135586,140219,183040,215703,256749,259758,345723,352036,378120
112,5650,3588,598063,125830,142322,43.2523,15.7804,-13.8519,1.48118,-8.06607,0.282903,-4.26756,-6.72563,-1.05834,-15.22,19.3251,-24.9296,-13.0732,-27.101,-17.5097,-24.578,-22.2185,-23.2588,-19.2696,-28.1309,-11.4268,-118.54,3588,6164,8369,15096,40485,42518,42705,45569,46880,47627,48115,52963,55655,55873,68379,71119,88123,89611,103680,107886,118065,144298,153896,177768,198873,204765,269326,359598,509839,598063
113,5700,638,218636,54364.4,53747.1,41.47,15.063,-13.2566,-1.21217,-8.17008,-0.201913,-4.00498,-9.69922,-1.32935,-15.3114,21.4951,-26.6309,-11.215,-26.9626,-17.8528,-26.2997,-22.3077,-22.3941,-19.2996,-26.3898,-13.9749,-119.687,638,1943,2255,3061,5047,11461,13784,16359,22593,23673,25640,26759,29052,35639,36032,40372,41122,51410,52731,57330,57640,64074,69798,74949,80053,126092,134539,142269,165982,218636
114,5750,6760,359853,118788,95564.4,44.3512,15.3111,-11.2426,-1.8832,-6.3893,0.105263,-3.39329,-8.97803,-0.483374,-15.4941,21.8515,-25.9,-12.5529,-26.3374,-17.1846,-24.8895,-21.1749,-23.1678,-19.5531,-25.4856,-13.0363,-117.075,6760,13494,16521,18549,19051,22295,34978,35134,38958,40378,62598,65059,77018,78004,97029,101969,106011,114548,146453,159185,163191,175404,176137,199655,222248,228761,229623,234973,319818,359853
115,5800,6364,435219,85760.1,90192.4,42.412,15,-10.7682,-1.69388,-8.52374,-0.0130569,-3.77213,-7.54438,-0.312512,-14.3241,21.0557,-26.7295,-11.2708,-28.4426,-17.4298,-24.8249,-21.9591,-23.856,-19.5459,-26.9089,-13.5209,-116.281,6364,8942,10316,12269,19776,23928,24089,25372,31035,36607,40746,48945,49775,49934,53060,61634,62991,63160,69868,71068,75930,112460,120476,122677,126658,177522,204059,212785,215138,435219
116,5850,2404,418062,132831,111764,44.2898,14.8706,-11.2285,-3.25384,-7.93694,0.263519,-1.3791,-7.44827,-0.303989,-15.3838,18.9598,-25.2463,-13.4832,-27.4335,-16.9589,-25.0054,-24.9834,-23.525,-22.8147,-27.9914,-11.2997,-118.686,2404,5336,8184,8642,18533,37634,49473,51110,52524,69116,69260,74888,76387,80423,87907,95606,102892,119534,144330,161617,185670,192651,204815,211104,237205,254140,307009,308511,349951,418062
117,5900,2645,389698,105242,118919,43.3262,14.4411,-9.93575,-1.41535,-9.1044,-1.54221,-1.28805,-8.83896,-0.42309,-15.8158,19.4023,-27.5595,-13.5949,-27.7045,-15.3194,-25.4716,-24.8899,-24.3404,-24.4008,-28.6283,-12.247,-120.359,2645,6530,6747,13188,15240,18566,18949,19915,25510,33033,33662,35697,36544,43546,46671,50900,52157,55781,65024,65874,67705,153254,219443,226921,247150,255037,281370,287457,383040,389698
118,5950,2933,522398,76407.8,100681,45.1307,14.806,-9.88147,-1.70545,-7.59181,-1.63515,-2.06958,-8.94212,-1.33209,-15.044,19.0266,-27.4073,-12.3691,-28.7901,-16.3551,-24.5466,-23.7104,-26.1993,-24.0964,-27.8245,-11.6975,-120.525,2933,9048,9932,10782,13597,15112,16603,24152,28421,30682,34232,35793,38795,39989,49342,50320,51379,53549,55237,63152,87695,89964,92179,102488,106012,108752,134828,145281,269587,522398
119,6000,80,525550,122407,128468,46.0777,12.7531,-9.14507,-1.69677,-7.16241,-2.48958,-2.34538,-6.83119,0.688413,-15.8285,18.3762,-28.4188,-12.1198,-29.4507,-16.2479,-24.7994,-22.7955,-25.2663,-21.4796,-27.3418,-12.6332,-121.415,80,302,4765,7357,12577,13575,25269,27025,40297,47068,64894,68194,68919,72652,75146,75922,82505,106081,110311,114800,115421,139914,196151,197009,217054,227991,282074,376551,376754,525550
120,6050,540,697140,171686,169653,46.3266,13.3836,-8.69539,-1.62271,-5.8146,-3.32346,-1.73687,-8.0247,2.68275,-16.2392,18.6872,-29.2986,-12.6636,-28.6588,-15.4169,-25.2593,-22.1045,-25.459,-19.0107,-27.7081,-13.1621,-122.148,540,7693,13129,17581,18349,27230,48834,61147,63183,95368,96375,99790,100208,107601,110337,113438,122122,127681,135627,159573,167891,181725,279939,289592,316540,368667,370286,375512,577472,697140
121,6100,8199,443451,104636,83681.6,45.9186,13.495,-10.6771,-1.6189,-5.48884,-3.14821,-2.42798,-8.25717,3.68369,-15.3963,19.1157,-27.2322,-11.5431,-27.249,-15.9289,-23.4662,-25.0609,-25.3203,-19.6574,-27.2468,-12.875,-123.106,8199,21466,21847,26543,29460,35915,43344,49049,66330,68247,75222,78032,79279,79394,88858,92234,97683,103713,109102,110811,114085,123631,127550,140796,147433,161021,176113,186951,233309,443451
122,6150,6499,226392,73073.6,58436.5,46.7653,13.68,-11.0559,-1.11883,-3.34521,-3.54717,-2.36589,-7.84614,3.58761,-14.2993,17.7586,-26.6548,-12.1111,-26.9375,-16.5682,-23.4513,-25.5799,-24.7462,-18.1499,-30.2926,-15.0274,-124.743,6499,7119,8133,10323,17133,24133,26359,26930,28435,28937,32096,38441,38863,49123,57859,71565,72759,77861,86110,95152,99450,102637,108611,109980,110908,117864,139776,158858,213901,226392
123,6200,3413,286145,98352,87389,46.1014,14.7169,-11.1812,-2.04167,-5.32256,-3.71297,-3.09513,-8.58579,2.62209,-12.8493,16.6548,-25.8698,-11.1571,-26.6611,-15.2458,-21.0891,-23.8228,-24.9314,-21.6611,-30.6895,-12.999,-122.851,3413,7731,9086,14065,20652,22419,23289,29314,29358,31085,31666,33970,41404,46696,57075,85342,100167,104082,104182,107437,118897,152296,170193,177713,187955,191851,229552,252878,280648,286145
124,6250,589,130100,43405.9,35074.4,49.795,14.3401,-9.76103,-2.22509,-6.67186,-4.355,-1.09614,-7.1321,3.24399,-17.3481,16.928,-24.1167,-12.54,-26.8476,-13.2343,-19.945,-21.0711,-26.7575,-21.5208,-32.8424,-12.9915,-124.678,589,2268,2626,4264,6007,6511,9743,13701,17411,23352,24865,31900,32890,36151,39467,42490,42748,44489,50906,50961,51008,52082,53311,63506,66565,86140,94308,103383,118436,130100
125,6300,1904,274051,83867.2,73902.5,52.7069,14.1055,-12.132,-2.81672,-6.96184,-3.32238,0.640701,-7.27991,2.36689,-16.2801,15.9593,-24.435,-11.8686,-28.0689,-14.4165,-19.0524,-21.1208,-25.4957,-18.6379,-32.6036,-13.0793,-123.167,1904,5932,10094,11248,12163,12252,13390,15630,16155,22770,35772,46299,51280,57677,64740,66421,67777,85741,89049,109079,123039,128393,131351,132944,153328,162057,195740,205309,214431,274051
126,6350,3697,262920,90579.6,76513.4,53.9857,14.8647,-13.5224,-2.32389,-7.81369,-2.61903,-0.631997,-8.17552,2.87453,-14.8602,17,-23.2362,-13.5055,-25.798,-15.5522,-22.4222,-21.4633,-24.6842,-18.6162,-33.6859,-12.3881,-123.056,3697,5570,16885,17892,25287,25899,27760,36097,37118,43549,43653,47361,48355,53094,56729,62996,66396,88179,91902,93050,108494,110070,136905,162648,171009,178454,193338,243873,258209,262920
127,6400,2496,489668,118700,112880,56.5652,14.9925,-13.1531,-5.23692,-7.9575,-2.70731,-0.71126,-9.49644,2.50488,-16.0503,16.8979,-26.4328,-14.8212,-24.6521,-16.4648,-21.675,-20.4652,-26.0404,-18.3222,-32.1454,-12.5376,-125.138,2496,5302,10572,18195,18270,31425,34403,34413,37198,54951,55145,56637,59792,72572,86523,94201,96728,104372,111021,123675,124961,163760,176344,201238,220914,230954,231511,250210,363554,489668
128,6450,3058,231539,81717.4,59567.4,59.39,14.7549,-14.3445,-5.80766,-7.27291,-5.45575,-1.31764,-8.18935,3.20042,-15.6734,17.7099,-27.9307,-14.0494,-26.5403,-17.4712,-21.0196,-18.8863,-28.8988,-16.5148,-30.3803,-12.7976,-125.386,3058,6753,8410,8692,16946,22735,25340,39224,40106,42387,46286,53193,60707,68981,69852,73733,74135,88399,88659,101717,106881,120300,127036,131894,136637,141027,152204,174345,190347,231539
129,6500,1050,354771,82916.6,85587.6,59.3443,14.7976,-13.9739,-3.24907,-7.02281,-3.28926,-1.27047,-7.82989,2.2746,-14.8989,17.2721,-29.9606,-13.6698,-25.7165,-18.3887,-19.719,-19.8376,-28.8725,-17.7223,-30.0365,-12.7649,-125.747,1050,2731,11222,17400,21383,25163,25462,30015,32788,34101,34419,34456,43563,44329,44825,46337,69328,69671,71112,84778,100009,108710,113026,113028,115256,132541,155041,251363,299619,354771
130,6550,4215,292506,101787,92302.8,57.224,15.7939,-13.6452,-2.05276,-7.12323,-3.59544,-1.53418,-8.63794,1.52134,-15.1798,17.8505,-29.553,-13.6037,-24.1266,-18.878,-22.2478,-20.9666,-30.4459,-15.9853,-29.0962,-11.9009,-124.415,4215,4828,7272,9318,11706,20671,23019,24761,28593,30225,33320,38656,44920,50242,79548,80968,85649,88533,102965,115411,131156,144984,201163,204386,208791,210148,236391,263110,276155,292506
131,6600,858,260827,95114.7,78711.7,50.6082,15.7336,-13.3735,-1.19259,-6.61952,-1.79297,-1.22234,-8.82312,1.21939,-14.0291,17.4336,-29.7467,-13.8463,-24.1193,-18.7756,-21.3257,-22.8858,-28.7015,-16.9468,-28.3232,-12.8831,-124.363,858,3080,6462,8081,19846,21965,26196,30870,35817,37780,40964,44680,47090,65066,76053,93065,95432,95769,100027,108707,139133,143774,148109,158372,159869,165770,228379,240702,250699,260827
132,6650,4505,590052,139871,128186,52.437,16.8492,-13.2469,0.799734,-6.71279,-2.97033,-0.900228,-9.12882,1.91336,-13.006,17.6609,-30.9118,-14.3258,-24.6057,-19.7532,-21.0763,-25.7718,-29.6016,-18.4136,-29.4917,-13.759,-124.079,4505,10166,12152,12864,13218,15001,36219,36748,50691,63130,72166,81120,94226,98601,125336,131620,142222,150907,155905,171797,174860,182695,187980,191737,205319,218669,283360,288982,393895,590052
133,6700,7437,493843,133582,128953,44.8773,17.1543,-13.2262,1.26644,-6.55621,-3.64878,-1.15337,-8.05272,1.71858,-13.77,16.2739,-32.2615,-14.6783,-25.1726,-20.2742,-23.5876,-24.1738,-29.7003,-15.9594,-30.6837,-12.7833,-122.198,7437,9453,18499,21877,25710,27165,28552,29351,35806,38285,51075,73177,73793,81001,83758,87814,89454,104122,133671,141969,160586,170079,188267,246080,259304,263515,274429,371748,417648,493843
134,6750,30,432548,118777,117007,45.7686,16.5813,-12.7485,2.3397,-8.48569,-4.04401,-0.784703,-7.85706,2.12696,-12.9834,16.6426,-31.1031,-15.2689,-24.8641,-19.2371,-22.3585,-21.9328,-29.2339,-16.5585,-30.9695,-14.8818,-123.216,30,123,10070,14236,14989,20173,23075,31491,34717,37231,44538,48497,51102,55349,74165,84132,98367,110549,123197,123460,130915,133884,187050,191540,263520,272023,304742,308387,339218,432548
135,6800,3356,333192,117554,84142.2,49.6904,16.3485,-14.055,2.25538,-7.16022,-3.78478,-0.998871,-6.43646,1.3083,-12.6422,17.8895,-31.439,-16.574,-25.3867,-18.191,-21.926,-21.6455,-29.136,-15.8291,-32.0119,-15.0873,-123.062,3356,4264,5432,7880,33473,34971,47613,48907,57387,71184,73217,82872,86729,87921,120150,125423,136929,142209,142672,144278,148219,151865,153129,158044,190802,201422,208200,217383,307501,333192
136,6850,5071,529670,77933.6,106179,55.9977,15.9814,-12.7657,2.29593,-7.44933,-1.84102,-1.98264,-7.97927,1.65922,-12.4773,17.358,-30.3167,-16.5245,-24.9395,-18.3444,-22.4787,-21.2013,-29.3223,-14.9971,-31.5075,-16.4826,-123.814,5071,5338,6164,11625,12118,17629,18930,22612,23723,24356,30720,31387,31589,32445,34040,42517,43999,46736,52976,61066,66433,78402,101569,105045,107848,156392,159202,223216,255191,529670
137,6900,2304,247889,83843.3,77083.4,48.4636,15.9378,-10.4679,1.70734,-7.46693,-1.69141,-0.497713,-8.61512,2.13613,-13.2966,17.4911,-31.4022,-15.8567,-25.5531,-17.7828,-24.1503,-22.38,-28.2147,-15.5686,-30.4263,-16.8116,-123.141,2304,2459,2777,4905,6875,15056,20500,20823,21779,22560,29100,29301,44835,54536,65323,69988,79273,80872,81037,90265,107676,115437,129531,146819,156303,201781,209121,224353,231821,247889
138,6950,185,222039,69048.4,67021.9,58.2853,15.9618,-10.4984,3.30664,-7.71385,-2.4928,-1.04402,-6.9801,2.63797,-11.7012,17.2305,-31.841,-16.4396,-24.8927,-17.2857,-22.2495,-22.6374,-29.2287,-14.6441,-29.9826,-16.0081,-125.401,185,3584,4983,11484,12346,14546,16447,18075,22843,25596,26246,28147,30385,32929,38498,42083,50506,54499,62015,71567,77677,80823,110404,122840,141505,177361,182497,190605,198737,222039
139,7000,2224,426032,93135.6,103462,59.0778,15.4136,-10.7851,2.96939,-7.84597,-2.08344,0.577671,-7.91835,3.89808,-13.1403,17.0683,-32.8526,-16.4926,-24.668,-17.9783,-21.861,-23.0568,-29.5995,-15.1134,-30.2827,-16.4533,-127.425,2224,3552,3937,11049,18810,19240,19513,21178,27232,27731,33860,43523,46827,50890,69204,72176,80866,84918,84971,85276,86279,88861,91063,109347,165907,181380,228459,251230,358532,426032
140,7050,1293,259298,82061.5,75803.7,61.8262,15.6952,-11.7638,2.39641,-6.45334,-3.61601,-0.450489,-7.75115,4.0599,-13.4238,17.9006,-31.4173,-16.109,-24.2058,-16.6105,-23.2301,-23.7833,-29.7012,-13.1515,-30.2177,-15.19,-127.54,1293,1451,1975,5966,9537,11916,15567,17758,20064,32549,32886,34254,34718,37687,40929,44912,82813,95658,97062,113049,118275,124538,130707,145906,153790,163327,204216,207602,222143,259298
141,7100,1755,444599,118750,110664,65.381,15.2336,-10.1319,2.5266,-6.75599,-4.13267,0.626742,-8.12854,3.25797,-16.1071,20.4057,-35.3705,-15.9339,-23.2746,-16.9272,-22.4356,-22.9771,-27.5213,-13.3349,-30.7455,-14.3109,-126.264,1755,10884,16242,18369,33298,33682,33750,38049,38946,50280,60320,65132,70074,75743,85798,91578,94885,97041,105262,117490,122320,142312,182330,189405,204749,214951,230681,283674,408907,444599
142,7150,3084,444293,141735,115960,69.3426,15.1352,-11.0198,1.81515,-5.66706,-2.91432,-0.653738,-7.80768,2.19445,-15.664,20.0415,-31.8137,-15.2554,-24.1883,-18.1376,-24.3,-22.2637,-27.5519,-12.5279,-30.03,-13.4099,-126.056,3084,18188,27801,30182,30949,38656,40228,42585,43079,49895,55058,73862,77752,77883,80600,126568,130141,142158,187824,189581,192903,197802,213801,235186,278029,278785,285372,329519,330289,444293
143,7200,2262,529956,127143,119284,68.5676,15.141,-12.8128,1.61029,-5.0329,-1.98454,-0.592251,-7.84527,1.62925,-16.6573,20.9898,-31.6414,-14.8834,-25.6112,-18.0445,-24.6439,-22.2404,-25.9806,-13.4069,-30.7232,-15.1787,-126.47,2262,9578,11130,20596,22193,30980,37198,48817,54125,58415,60313,60845,64813,70012,78349,84477,103789,109231,115377,157037,176827,185494,203717,206808,211424,219132,220739,282801,377855,529956
144,7250,8164,347725,89841.7,86861.6,69.7679,15.2806,-10.4509,1.07203,-5.29835,-1.58724,-0.246032,-8.786,1.8459,-15.9993,22.9622,-30.2024,-14.1296,-24.3464,-19.1479,-23.3396,-21.0175,-24.3314,-15.0758,-28.2761,-14.9906,-127.37,8164,9827,10907,14145,18898,21277,22810,22956,28266,29836,33357,34547,51582,62516,71798,73351,73620,75138,75866,87805,92684,102206,106599,135675,169360,180944,203949,258184,271258,347725
145,7300,2846,184463,60879.2,48974.7,69.8238,16.277,-11.7186,0.722706,-3.75835,-2.87956,-1.33164,-10.2924,2.28074,-15.7385,24.0465,-31.2849,-15.4721,-24.5119,-19.6468,-24.336,-20.6279,-23.4689,-14.423,-26.5683,-16.8905,-126.929,2846,5895,9812,11278,13749,16000,16158,17766,23079,24255,27150,36008,36211,45273,45906,48165,50530,56763,62300,69526,74028,99963,100985,104393,113267,122965,128341,138400,140901,184463
146,7350,638,161764,62856.9,50304.2,69.5062,16.9031,-10.2722,2.15667,-2.92647,-3.15455,-0.358672,-9.57663,4.9363,-13.6988,22.3476,-30.6919,-16.2307,-24.1442,-19.5915,-24.878,-19.5651,-23.2477,-15.6481,-26.1543,-18.2549,-127.988,638,1946,7296,7820,15273,16058,16783,19229,19559,29395,34507,36155,38245,40272,47225,47929,54978,59627,64385,68245,78388,100932,115675,120779,126119,130854,137554,142556,145521,161764
147,7400,1578,247536,59298,64435.6,68.7171,15.4309,-11.8379,3.42899,-4.18439,-2.35819,0.426582,-9.81736,3.96444,-12.7578,20.57,-31.0245,-15.469,-24.3598,-18.3908,-22.3262,-19.4229,-24.5782,-15.4584,-26.8483,-18.7138,-128,1578,1712,3322,7776,7882,8725,10204,12126,18284,21561,24270,24425,26032,29536,31956,38375,40288,40821,41658,49587,62071,70086,89349,92911,132984,133320,133672,167127,209767,247536
148,7450,520,288412,72766,74690.2,67.8284,17.6024,-10.7948,3.31901,-2.14449,-1.60301,1.26568,-9.57967,4.21597,-12.5746,21.4904,-32.5673,-16.3472,-25.2862,-19.6418,-20.3775,-19.7573,-25.3018,-15.2968,-27.1688,-19.23,-127.228,520,3092,3296,8498,8702,9536,13143,13659,15633,19486,19573,23928,32077,38215,46391,48237,54734,75043,78305,78443,83557,87458,116917,138399,141963,148740,153835,208118,225069,288412
149,7500,399,329685,91024.4,74399.5,68.7799,17.0604,-11.4375,4.47446,-3.21973,-0.80253,2.8007,-9.02246,3.52418,-13.1626,20.3682,-32.4928,-14.8359,-25.5871,-20.7558,-21.5155,-20.0769,-26.3713,-15.7699,-27.6801,-21.1848,-127.818,399,1264,9181,23968,27230,27241,29072,29180,32716,34812,50142,54958,64805,83608,83797,88815,89024,92846,92932,96252,111214,118754,123322,144043,144986,151044,168523,178841,248079,329685
150,7550,659,333137,70506.6,82485.7,68.4334,18.6596,-11.1265,6.24207,-2.80822,-2.68887,2.32407,-8.50997,2.97206,-13.2149,19.5889,-32.7353,-13.8224,-26.9446,-21.7148,-22.4448,-21.5972,-25.461,-17.7982,-27.4344,-21.4115,-128.24,659,2898,5931,8103,8308,9657,10245,14534,19730,21280,21738,26780,27617,30683,30984,37921,48939,56065,60237,61257,62408,73709,74963,133556,140323,165388,181928,182214,264005,333137
151,7600,5035,250562,80016.2,77818,69.7373,19.4534,-13.0975,5.34087,-4.70019,-3.90537,0.361853,-7.42486,3.21236,-13.3102,20.7252,-32.4355,-14.7581,-23.4906,-21.512,-23.0662,-21.3935,-25.3931,-16.9809,-27.5186,-21.0541,-126.492,5035,6099,9025,16004,16423,16919,18353,19504,22791,27985,31493,34198,39289,41897,46623,51265,59402,65605,66778,69227,74970,75860,140484,141166,181175,209143,212122,214432,236658,250562
152,7650,2690,273002,70377,64708.9,71.819,19.2527,-11.9792,5.52684,-5.05693,-4.00972,1.34248,-10.326,2.45538,-13.6258,20.7422,-34.3257,-13.7518,-24.2469,-21.7066,-23.6631,-22.3035,-29.1212,-16.5351,-28.1224,-19.4898,-126.011,2690,2762,5602,6682,10427,15632,22432,25655,27050,29460,31619,50087,51719,52200,56264,57637,65618,67717,70642,83091,84206,85662,87159,87257,88445,115617,148470,185859,220648,273002
153,7700,6225,261414,86557.3,64963.8,69.8645,19.1009,-12.2205,5.59655,-3.45233,-4.52886,2.03186,-9.71865,0.309965,-12.7566,21.5762,-34.6745,-13.3935,-24.4164,-21.3621,-25.4053,-21.8243,-30.2359,-15.506,-27.7591,-19.1328,-125.422,6225,7130,9398,10893,19067,22602,25263,35683,36955,48815,52096,54645,56326,70098,70849,86593,87586,94354,103665,105005,109749,119686,122977,126042,140699,151057,157004,183164,221678,261414
154,7750,7312,402527,111358,89898.1,75.0985,19.2352,-12.4158,5.76434,-5.1929,-4.19346,2.57868,-9.48879,1.2382,-12.0468,21.3184,-34.4732,-15.0687,-25.4237,-21.7663,-27.5429,-22.0824,-29.3462,-15.5931,-28.8308,-18.2375,-124.76,7312,17461,22640,22982,23623,40065,44670,45921,47289,49610,65486,70674,78162,83754,90956,98489,99753,109361,112046,114618,122183,122276,125501,155123,214019,224215,226029,243492,260512,402527
155,7800,976,340024,97348.4,90870.5,73.5317,18.5438,-13.2524,6.25141,-5.47771,-5.81016,1.08349,-7.82796,0.775119,-11.4437,21.6942,-33.5472,-14.4751,-25.7585,-24.2354,-27.128,-21.6304,-28.0466,-15.9457,-28.762,-17.4895,-124.854,976,4827,12832,20812,29919,32431,34906,36926,38261,39154,39494,54141,56697,56731,62295,88540,92613,94301,96471,101026,102342,104051,121493,125258,143946,159614,186048,311242,333082,340024
156,7850,2596,306569,82615.8,79262,75.4471,19.4283,-11.7907,5.08448,-6.16187,-5.15163,1.04901,-10.2393,1.21053,-11.8388,23.4951,-33.8399,-16.3371,-25.511,-22.4673,-26.8148,-23.1327,-28.4006,-17.1662,-28.3842,-17.7141,-125.955,2596,4261,5337,17187,20341,20943,30496,31032,31195,31893,32003,43068,48878,48985,50115,50767,58963,59119,61853,65455,76637,102489,137494,151807,164528,168547,177850,226059,252006,306569
157,7900,12042,529914,127307,131815,75.2037,19.6801,-11.1542,3.17828,-7.15214,-3.88625,1.47168,-10.0846,0.560489,-14.1017,22.465,-33.2166,-16.8786,-27.5743,-22.785,-24.5751,-23.8305,-27.1121,-17.7837,-29.0746,-16.6415,-126.349,12042,12334,12639,16490,23671,23679,30337,35940,43229,44633,52068,56151,78695,84837,88203,90201,93736,102143,113267,114322,119249,143632,171353,174655,199306,232674,276732,405448,437636,529914
158,7950,1562,873016,165779,184077,78.6641,18.2856,-10.3981,4.29444,-5.65107,-2.75436,0.916667,-7.60248,0.873363,-13.6856,23.0982,-33.2509,-17.5648,-25.9853,-22.4041,-25.9613,-23.372,-26.3651,-17.8946,-28.3658,-14.4563,-128.621,1562,13013,16785,21108,26124,26937,46999,47030,49330,52034,52576,76646,81729,97694,109289,116575,135226,136764,139883,153561,170738,193877,209472,240253,273517,354665,356492,426601,473866,873016
159,8000,966,515873,105470,114229,77.4063,17.1669,-11.0298,2.1292,-5.47312,-2.82074,3.30092,-7.77531,1.52187,-14.3469,22.9385,-34.1975,-16.3052,-25.6735,-23.4662,-24.2643,-23.6502,-26.8739,-17.8911,-30.6382,-15.5621,-127.732,966,3286,5177,7832,9766,16250,19292,23805,24800,32921,40900,45482,47132,53911,66771,70723,85306,97124,97879,106406,120798,129382,152838,163800,211531,224660,227325,264875,297289,515873
160,8050,1573,342701,102678,99390.7,75.6734,18.4737,-12.2506,4.03123,-6.47925,-3.23852,3.34324,-8.30935,-0.159729,-16.2322,23.7467,-33.5734,-14.8717,-26.7155,-23.7166,-23.2387,-23.3354,-27.5634,-18.6668,-30.6084,-16.2628,-126.276,1573,3485,7025,8518,11210,20069,21143,21202,29920,37047,38277,38504,55894,59238,60357,69194,77333,84322,112206,116417,117315,122530,139413,176000,241229,241777,254446,280041,291961,342701
