agents,meanScore,clow,chigh,Q1,Q2,Q3,means
350,4.0644420333333331,6.3293824573538551,2.9933024927960008,1.390001,2.6666650000000001,3.5033309999999984,"[0.266667, 0.433333, 0.666667, 0.766667, 0.866667, 0.9, 1.2, 1.33333, 1.36667, 1.4, 1.5, 1.6, 1.76667, 2.5, 2.63333, 2.7, 2.7, 3.0, 3.1, 3.23333, 3.33333, 3.9, 4.0, 4.13333, 5.3, 5.96667, 8.4, 12.5, 13.2333, 27.2333]"
700,8.7022206666666673,13.551597581144534,6.4088449535670691,5.0866689999999997,6.2333350000000003,9.6200099999999971,"[0.8, 2.13333, 3.2, 3.66667, 3.93333, 3.93333, 4.1, 4.66667, 4.9, 5.16667, 5.3, 5.53333, 5.63333, 6.03333, 6.16667, 6.3, 6.33333, 6.7, 7.93333, 8.4, 9.3, 10.3667, 12.1, 12.6667, 12.8, 13.8667, 14.2333, 18.2333, 18.4333, 38.2333]"
1050,24.569996,38.261808234503235,18.094840490189412,10.290010000000001,18.433349999999997,28.903299999999994,"[2.03333, 2.83333, 3.5, 5.13333, 5.93333, 8.23333, 9.33333, 10.1667, 10.2667, 10.3, 11.2667, 11.6333, 11.6333, 13.9, 17.9667, 18.9, 23.0, 24.1, 25.3333, 25.8667, 28.6333, 29.5333, 30.1, 38.1667, 38.9, 40.5333, 42.6333, 43.5333, 51.3333, 142.4]"
1400,40.266669999999998,62.705570069365258,29.654826590980932,23.21332,40.233350000000002,50.996700000000004,"[4.1, 6.5, 9.5, 15.0667, 16.5, 18.3, 19.3667, 20.7333, 21.7667, 23.8333, 27.0667, 31.4333, 32.7333, 36.9333, 38.7, 41.7667, 45.4, 45.8, 45.9667, 48.7667, 50.9667, 51.0667, 51.4333, 53.0333, 53.0667, 57.8333, 58.6667, 59.1333, 63.0667, 159.5]"
1750,58.908866666666668,91.736268891208596,43.384074860702832,41.89669,57.25,66.983310000000003,"[10.3333, 12.2, 23.2667, 24.9667, 26.0667, 33.1, 33.1333, 34.1333, 40.8, 42.3667, 44.1333, 49.5333, 53.2667, 53.6333, 56.1333, 58.3667, 60.0667, 60.2, 64.2333, 66.5667, 66.6333, 67.8, 68.9667, 69.2333, 71.5, 72.2333, 72.3667, 85.8667, 126.833, 219.333]"
2100,84.162219999999991,131.06224039393706,61.9821812832297,56.633309999999994,64.583349999999996,86.526699999999991,"[18.9333, 20.4333, 31.9333, 38.0333, 45.1, 45.6, 51.1667, 56.1667, 56.4, 56.7333, 56.9333, 57.4667, 58.5667, 60.8667, 63.3, 65.8667, 76.0333, 81.5333, 83.8667, 84.9333, 85.5667, 88.7667, 88.8667, 90.7333, 91.1333, 97.9333, 109.7, 145.267, 145.433, 471.6]"
2450,105.36668333333334,164.08304795839723,77.598438676870998,68.583299999999994,78.666699999999992,96.266689999999983,"[32.6, 38.3, 42.7, 46.7, 49.4667, 53.5667, 57.0667, 57.3667, 66.8333, 69.3333, 69.5333, 70.9333, 75.0667, 77.2333, 77.7667, 79.5667, 81.8667, 87.7667, 88.0, 90.9, 95.2667, 98.6, 102.3, 115.633, 125.333, 131.967, 146.7, 152.7, 200.567, 679.367]"
2800,128.47447666666667,200.06783026127314,94.616424127374486,77.63000000000001,97.333300000000008,114.70699999999999,"[38.7667, 45.1, 59.4, 60.4333, 66.5333, 69.6667, 71.1333, 75.0667, 77.0, 77.9, 87.2, 93.8333, 93.8667, 94.0667, 96.9333, 97.7333, 101.7, 102.067, 102.233, 111.567, 113.867, 116.667, 129.9, 136.4, 142.833, 143.767, 199.1, 221.267, 233.9, 794.333]"
3150,140.19779333333332,218.3240519624226,103.25018805225717,91.423310000000015,113.983,146.37700000000001,"[47.6667, 53.4667, 67.4667, 74.6, 78.0333, 80.5667, 84.4, 89.2667, 91.4, 91.4333, 93.9, 97.7667, 100.2, 108.267, 109.533, 118.433, 132.0, 137.633, 138.767, 144.5, 146.167, 146.867, 148.9, 159.2, 162.133, 167.233, 169.167, 177.767, 182.133, 807.067]"
3500,161.21329666666668,251.05060016745949,118.72728380097895,104.43680000000001,118.6165,163.58699999999999,"[57.0, 72.6333, 74.7, 76.5333, 82.8333, 100.3, 100.533, 102.233, 102.733, 105.167, 105.333, 106.767, 107.533, 114.267, 115.7, 121.533, 151.167, 153.067, 159.4, 161.1, 163.167, 164.567, 172.433, 174.633, 185.1, 190.033, 209.933, 227.7, 228.333, 949.967]"
3850,206.14793666666668,321.02540108995203,151.81988761272092,118.81699999999998,152.35000000000002,198.31309999999996,"[72.3667, 86.3667, 99.8667, 104.1, 106.467, 107.667, 112.833, 117.767, 117.767, 119.267, 119.733, 122.2, 130.567, 133.733, 141.8, 162.9, 164.0, 177.267, 177.967, 190.567, 196.433, 202.7, 225.0, 225.367, 239.433, 247.933, 250.9, 263.5, 427.8, 1340.17]"
4200,234.74682333333334,365.56122915277678,172.88184840548368,129.8201,168.15000000000001,220.49299999999988,"[75.5667, 85.2, 99.5, 102.833, 107.467, 114.967, 116.667, 122.867, 129.167, 130.1, 131.433, 135.267, 161.433, 164.367, 166.833, 169.467, 176.267, 178.867, 181.2, 206.133, 209.633, 245.833, 295.367, 324.233, 346.867, 349.533, 361.167, 392.633, 402.167, 1359.37]"
4550,250.57015666666666,390.20223217250145,184.53511414837445,139.06299999999999,183.76650000000001,256.00319999999999,"[86.7667, 99.4, 103.1, 115.567, 116.2, 125.033, 128.3, 130.467, 130.733, 142.633, 147.667, 150.7, 160.633, 178.867, 182.1, 185.433, 191.267, 199.167, 201.667, 230.267, 255.333, 257.567, 257.767, 259.533, 288.6, 296.0, 327.167, 516.4, 662.8, 1389.97]"
4900,302.44776666666672,470.98902454659662,222.74094364717681,161.42689999999999,200.26650000000001,256.32309999999995,"[104.567, 119.6, 126.1, 132.333, 132.967, 135.333, 149.767, 155.3, 159.7, 162.167, 163.6, 176.5, 181.1, 184.133, 197.5, 203.033, 214.9, 216.767, 234.9, 246.633, 248.233, 275.2, 314.733, 331.133, 357.567, 402.0, 473.2, 496.7, 807.367, 1970.4]"
5250,301.95446666666669,470.22082946825475,222.37764750281397,189.41680000000002,207.06650000000002,266.4599,"[111.533, 130.067, 141.667, 144.633, 157.967, 169.067, 172.367, 176.733, 186.733, 190.567, 191.433, 192.333, 198.167, 202.633, 203.633, 210.5, 217.4, 227.433, 248.6, 253.533, 266.3, 266.833, 291.733, 316.1, 389.8, 409.933, 588.433, 601.733, 760.0, 1440.77]"
5600,386.32226666666668,601.60321083970143,284.51123041052796,219.66309999999999,242.38300000000001,264.40690000000001,"[123.633, 139.267, 152.367, 158.8, 183.133, 183.933, 208.867, 217.733, 218.1, 220.333, 222.167, 227.7, 228.3, 230.167, 238.133, 246.633, 249.767, 253.967, 256.533, 260.367, 262.567, 268.7, 309.367, 376.067, 407.067, 452.4, 688.233, 731.867, 1310.27, 2563.23]"
5950,379.44316666666668,590.89068141861515,279.4450424788709,216.76310000000001,250.44999999999999,289.79699999999991,"[124.733, 141.1, 141.933, 179.567, 183.667, 188.133, 196.5, 204.8, 216.6, 216.833, 233.2, 238.533, 240.533, 245.333, 250.3, 250.6, 255.867, 269.167, 276.1, 277.433, 281.667, 308.767, 335.733, 364.633, 440.967, 487.633, 949.833, 996.4, 1097.93, 1788.8]"
6300,401.08536666666663,624.59315764908604,295.38367579638458,235.29989999999998,255.0,348.65679999999998,"[158.2, 171.833, 186.133, 196.533, 200.367, 223.667, 227.8, 230.6, 231.333, 237.0, 242.833, 244.067, 245.967, 250.467, 252.067, 257.933, 267.667, 274.433, 289.767, 310.767, 348.367, 349.333, 356.367, 383.567, 494.8, 522.033, 1011.43, 1017.13, 1187.17, 1662.93]"
6650,439.32346666666666,684.13972206251788,323.54453997185749,249.78999999999999,280.33350000000002,322.30700000000002,"[145.633, 192.033, 207.533, 218.067, 219.233, 221.3, 239.4, 245.8, 247.2, 250.9, 258.3, 262.5, 272.033, 276.033, 277.567, 283.1, 285.8, 291.767, 298.7, 317.033, 320.267, 327.067, 327.5, 447.367, 495.267, 642.867, 826.067, 1037.3, 1609.47, 2136.6]"
7000,393.77676666666667,613.21178617215583,290.0011779235075,241.7432,276.14999999999998,314.36989999999997,"[137.4, 193.167, 213.4, 219.067, 220.833, 224.467, 226.667, 227.867, 234.067, 245.033, 258.133, 261.9, 268.367, 270.467, 273.433, 278.867, 281.1, 282.5, 283.5, 292.233, 308.6, 327.833, 355.033, 408.3, 647.633, 661.433, 785.2, 926.733, 1137.4, 1362.67]"
7350,529.48886666666669,824.55045897054481,389.94782838648007,242.7901,273.43299999999999,495.55999999999972,"[157.767, 187.567, 188.033, 211.067, 213.367, 214.433, 228.333, 233.867, 242.067, 243.1, 243.733, 260.2, 262.967, 269.533, 272.933, 273.933, 282.6, 291.933, 308.9, 448.1, 463.4, 570.6, 578.067, 753.433, 775.133, 778.9, 1208.17, 1411.6, 1888.63, 2422.3]"
7700,526.22360000000003,819.46559827156409,387.54308727495265,273.48309999999998,309.56700000000001,532.37989999999979,"[193.5, 205.867, 226.8, 247.067, 249.767, 252.667, 254.867, 258.9, 272.9, 273.733, 274.567, 274.8, 287.7, 304.633, 305.867, 313.267, 327.9, 334.2, 360.7, 449.033, 518.9, 563.833, 574.833, 586.7, 937.967, 1075.3, 1162.6, 1217.27, 1405.0, 2075.57]"
8050,582.48073333333332,907.07243579090596,428.97426431307605,272.17000000000002,345.23349999999999,624.95299999999963,"[163.8, 200.5, 220.533, 224.1, 224.5, 241.9, 256.533, 266.433, 267.9, 274.0, 276.833, 286.567, 301.467, 309.867, 328.767, 361.7, 381.433, 396.433, 439.867, 472.9, 584.633, 719.033, 928.633, 973.0, 1017.5, 1108.23, 1362.03, 1454.0, 1620.8, 1810.53]"
8400,607.87329999999997,946.61519828797088,447.67489590739262,276.01990000000001,366.4665,669.74679999999933,"[204.667, 222.133, 223.333, 231.867, 255.333, 256.2, 257.9, 265.267, 273.733, 277.0, 278.2, 292.1, 309.433, 340.867, 352.0, 380.933, 435.333, 451.967, 532.067, 593.933, 602.467, 826.733, 985.433, 1063.57, 1106.23, 1267.6, 1276.03, 1301.07, 1550.33, 1822.47]"
8750,629.21539999999993,979.85034157092412,463.3925173195276,297.32299999999998,418.44999999999999,712.2530999999999,"[229.233, 229.3, 242.933, 247.0, 259.7, 263.867, 281.367, 290.733, 291.933, 299.633, 307.667, 312.0, 322.867, 349.633, 388.0, 448.9, 476.433, 531.933, 628.9, 674.6, 699.033, 743.1, 766.667, 1062.0, 1110.93, 1248.0, 1276.5, 1389.07, 1686.73, 1817.8]"
9100,649.04676666666671,1010.7328841821693,477.997542755258,310.88,440.83350000000002,659.38679999999977,"[207.133, 208.867, 233.8, 260.6, 271.367, 288.933, 292.1, 296.7, 307.8, 312.2, 320.833, 340.033, 352.8, 352.867, 436.567, 445.1, 495.567, 531.133, 534.133, 602.567, 632.067, 723.133, 726.233, 1128.73, 1144.4, 1308.57, 1333.57, 1460.93, 1899.7, 2022.97]"
9450,815.22313333333329,1269.512261863244,600.37993337805506,360.24009999999998,484.89999999999998,870.29700000000003,"[226.133, 232.7, 238.367, 255.6, 267.767, 290.833, 314.167, 340.2, 351.467, 364.0, 378.1, 400.967, 412.2, 465.033, 482.533, 487.267, 548.867, 619.833, 690.633, 816.033, 867.567, 876.667, 944.2, 1259.0, 1563.93, 1692.77, 2007.73, 2044.9, 2243.2, 2774.03]"
9800,714.82433333333336,1113.1654870174425,526.44014635462918,365.37299999999999,606.0335,911.94309999999996,"[200.533, 248.2, 271.467, 294.0, 295.133, 334.267, 350.533, 352.567, 354.733, 369.933, 382.967, 394.9, 407.2, 462.3, 553.3, 658.767, 665.5, 688.2, 705.033, 825.467, 902.233, 934.6, 971.867, 990.0, 1170.63, 1206.67, 1210.93, 1618.57, 1672.1, 1952.13]"
10150,726.6248333333333,1131.5419030360392,535.13075278388862,356.38300000000004,639.5,1027.3889999999999,"[194.0, 265.4, 275.833, 293.5, 310.833, 316.133, 325.967, 332.2, 337.833, 364.333, 387.8, 390.933, 478.567, 606.2, 620.133, 658.867, 665.1, 677.767, 735.933, 762.833, 1009.5, 1069.13, 1081.07, 1103.17, 1200.47, 1227.83, 1293.97, 1444.77, 1639.4, 1729.27]"
10500,800.80683333333343,1247.0623719222338,589.76289261994043,341.2201,694.35000000000002,1178.5989999999999,"[176.833, 243.233, 249.867, 264.733, 265.233, 284.6, 294.767, 299.833, 325.167, 348.1, 392.533, 436.633, 469.967, 659.667, 686.067, 702.633, 766.133, 828.433, 925.033, 1067.9, 1178.17, 1179.6, 1319.5, 1333.07, 1335.53, 1409.47, 1527.27, 1558.33, 1687.6, 1808.3]"
10850,791.78146666666669,1233.0075528393945,583.11606328391576,322.36989999999997,610.84999999999991,1065.271,"[206.8, 233.733, 255.167, 285.0, 286.733, 288.5, 302.933, 316.333, 320.433, 323.2, 331.833, 392.467, 438.033, 498.733, 534.867, 686.833, 768.433, 774.333, 962.9, 1033.77, 1060.9, 1075.47, 1098.1, 1114.17, 1210.17, 1278.2, 1453.87, 1892.03, 2018.9, 2310.6]"
11200,873.24396666666667,1359.8656342694128,643.11000644255751,407.79009999999994,828.38300000000004,1163.8119999999997,"[240.333, 269.733, 271.067, 271.9, 288.533, 291.1, 329.433, 336.2, 390.267, 415.3, 434.867, 449.333, 471.4, 572.567, 715.833, 940.933, 950.1, 1012.83, 1048.63, 1113.2, 1127.53, 1248.47, 1272.87, 1285.93, 1350.6, 1523.13, 1581.3, 1707.43, 1831.17, 2455.33]"
11550,924.3683666666667,1439.4794847927924,680.76112625375481,353.42689999999999,987.76650000000006,1361.49,"[234.067, 269.667, 278.433, 285.967, 286.2, 286.967, 291.633, 323.333, 337.0, 360.467, 422.367, 424.1, 479.167, 743.8, 926.133, 1049.4, 1185.97, 1210.37, 1221.0, 1225.2, 1360.47, 1363.87, 1426.47, 1506.67, 1553.13, 1557.4, 1589.83, 1641.8, 1866.27, 2023.9]"
11900,964.91303333333337,1502.6179672301466,710.62068651014374,382.23990000000003,861.03300000000002,1442.2309999999998,"[268.033, 268.433, 268.867, 280.333, 288.133, 336.7, 340.667, 347.967, 380.233, 383.1, 438.233, 612.0, 642.633, 736.433, 853.033, 869.033, 1041.0, 1223.33, 1284.23, 1388.67, 1419.2, 1495.97, 1514.23, 1568.17, 1626.1, 1627.2, 1703.63, 1834.03, 1851.57, 2056.23]"
12250,907.41803333333337,1413.0834526765923,668.27786911678959,333.1431,904.16699999999992,1303.8589999999995,"[211.6, 227.733, 250.067, 285.9, 310.9, 311.8, 313.967, 331.0, 331.3, 333.933, 354.467, 517.133, 617.667, 685.333, 850.367, 957.967, 988.567, 1038.8, 1145.97, 1201.97, 1237.4, 1458.93, 1490.27, 1509.13, 1605.87, 1612.6, 1670.67, 1744.5, 1759.2, 1867.53]"
12600,1014.4508333333334,1579.7610731532884,747.10333751403095,444.62989999999996,1072.4650000000001,1369.442,"[242.767, 261.333, 267.9, 281.7, 288.967, 293.0, 318.267, 364.767, 378.433, 473.0, 500.767, 803.8, 803.867, 893.767, 1071.43, 1073.5, 1098.2, 1224.27, 1231.23, 1319.63, 1355.63, 1401.67, 1425.73, 1492.87, 1645.97, 1676.73, 1802.73, 1843.8, 2211.4, 2386.4]"
12950,1065.7432333333334,1659.6365429208631,784.87818275043185,508.08699999999993,1296.3499999999999,1488.1500000000001,"[263.767, 270.8, 275.0, 277.167, 323.433, 335.333, 360.167, 372.133, 453.767, 531.367, 595.8, 610.7, 825.933, 1068.17, 1254.7, 1338.0, 1394.27, 1472.03, 1480.5, 1482.1, 1483.23, 1499.63, 1504.93, 1584.67, 1615.73, 1624.47, 1824.1, 1876.13, 1984.57, 1989.7]"
13300,1189.1546666666666,1851.8199114547926,875.76587360851363,603.13299999999992,1113.4000000000001,1440.9299999999996,"[268.1, 286.067, 291.533, 297.933, 323.267, 327.0, 402.6, 445.967, 514.933, 640.933, 684.267, 816.467, 937.433, 1025.67, 1073.6, 1153.2, 1170.5, 1182.73, 1372.6, 1388.2, 1405.5, 1523.6, 1552.0, 1574.67, 2011.9, 2090.17, 2432.07, 2573.4, 2793.2, 3115.13]"
13650,1118.3914333333335,1741.6233422793887,823.65152162666084,628.05309999999986,1148.335,1441.171,"[272.633, 280.967, 289.533, 309.133, 338.133, 345.9, 352.067, 402.067, 514.0, 676.933, 723.367, 732.067, 872.133, 1048.23, 1132.4, 1164.27, 1211.0, 1250.23, 1315.97, 1336.17, 1438.6, 1447.17, 1669.9, 1813.87, 1848.63, 1903.8, 1909.23, 1982.2, 2021.77, 2949.37]"
14000,1259.6875333333335,1961.6577404324528,927.71056955592599,680.92309999999975,1336.7849999999999,1662.0389999999995,"[213.967, 241.733, 249.8, 293.3, 341.4, 347.433, 424.6, 429.933, 468.8, 771.833, 873.767, 1169.27, 1218.03, 1252.67, 1315.97, 1357.6, 1454.8, 1492.93, 1578.83, 1612.47, 1621.5, 1756.63, 1778.63, 1875.4, 1955.13, 2106.07, 2129.43, 2162.47, 2199.2, 3097.03]"
14350,1216.7968000000001,1894.8658283036425,896.12322301448103,708.20299999999975,1321.4000000000001,1725.971,"[242.9, 267.267, 280.967, 304.167, 308.433, 310.6, 332.067, 474.567, 500.233, 797.333, 1054.6, 1111.83, 1153.57, 1237.47, 1286.97, 1355.83, 1356.53, 1410.13, 1433.47, 1592.47, 1715.93, 1749.4, 1765.13, 1796.9, 1926.83, 1952.37, 1984.27, 2046.7, 2202.9, 2552.07]"
14700,1219.7193666666667,1899.4170168896135,898.27557898781026,714.77989999999988,1343.0,1601.0899999999997,"[255.167, 313.967, 320.5, 342.7, 349.867, 360.6, 445.2, 455.0, 539.033, 790.1, 885.867, 1190.97, 1235.37, 1276.97, 1335.1, 1350.9, 1491.47, 1492.4, 1549.3, 1589.13, 1598.87, 1606.27, 1634.73, 1662.2, 1736.97, 1828.57, 1880.63, 2227.67, 2407.93, 2438.13]"
15050,1255.3275666666666,1954.8681500512075,924.49962473624112,792.02319999999986,1312.6500000000001,1693.961,"[272.267, 272.733, 290.667, 321.3, 343.4, 354.767, 384.6, 407.133, 571.967, 886.333, 1094.63, 1172.77, 1173.43, 1229.6, 1296.0, 1329.3, 1348.0, 1378.03, 1580.13, 1580.7, 1689.53, 1704.3, 1809.4, 1828.97, 1935.07, 1966.27, 2050.33, 2175.43, 2454.27, 2758.5]"
15400,1162.451,1810.2354287728219,856.09966817500379,882.15989999999988,1282.835,1503.999,"[279.767, 299.6, 332.733, 354.133, 381.0, 406.267, 461.467, 540.633, 706.133, 957.6, 995.967, 1039.87, 1082.8, 1101.53, 1277.4, 1288.27, 1324.13, 1328.8, 1433.6, 1498.87, 1501.8, 1509.13, 1545.77, 1548.9, 1554.83, 1652.5, 1984.43, 2092.43, 2102.57, 2290.6]"
15750,1273.2011333333332,1982.7018941131362,937.66280709183036,873.82999999999993,1472.3150000000001,1672.5,"[261.9, 272.367, 295.667, 298.033, 317.067, 331.367, 406.333, 498.8, 808.8, 901.7, 1105.3, 1265.43, 1266.53, 1297.43, 1433.93, 1510.7, 1544.2, 1552.47, 1571.4, 1589.97, 1660.8, 1699.8, 1767.8, 1785.1, 1799.17, 1919.77, 2028.07, 2160.1, 2204.53, 2641.5]"
16100,1169.4678666666666,1821.1624963558638,861.26731586506685,1075.1190000000001,1263.3499999999999,1404.74,"[208.767, 273.0, 358.6, 360.5, 368.833, 400.7, 425.533, 487.033, 1044.13, 1088.4, 1095.97, 1152.57, 1172.27, 1180.1, 1261.7, 1265.0, 1338.7, 1351.87, 1376.57, 1395.03, 1399.7, 1416.5, 1536.0, 1580.13, 1642.53, 1787.97, 1788.63, 1827.2, 2167.27, 2332.83]"
16450,1275.6362666666666,1986.4940235308798,939.45618749120081,960.23109999999997,1343.585,1755.5409999999999,"[242.333, 264.567, 297.767, 336.467, 337.1, 464.567, 504.267, 649.533, 840.067, 1011.73, 1030.87, 1157.27, 1171.57, 1309.07, 1335.17, 1352.0, 1499.63, 1537.77, 1559.93, 1614.87, 1746.13, 1777.5, 1875.07, 1883.77, 1904.37, 1958.83, 2073.77, 2092.6, 2102.23, 2338.27]"
16800,1444.9850666666669,2250.2136965150858,1064.1749511086223,1070.8390999999997,1458.73,1989.5119999999999,"[204.333, 245.7, 332.233, 338.333, 408.533, 510.233, 654.433, 682.467, 855.167, 1163.27, 1233.17, 1338.07, 1398.93, 1404.57, 1442.33, 1475.13, 1633.47, 1637.4, 1764.03, 1809.67, 1988.33, 1992.27, 2082.77, 2093.73, 2129.07, 2199.87, 2263.87, 2381.7, 2642.5, 3043.97]"
17150,1478.7474,2302.7903401396666,1089.0395882963235,1044.1800999999998,1445.25,1863.23,"[212.867, 255.167, 348.467, 384.867, 518.467, 532.967, 700.033, 703.9, 967.367, 1077.1, 1195.57, 1252.47, 1292.27, 1330.83, 1392.93, 1497.57, 1733.0, 1739.27, 1762.5, 1815.8, 1841.9, 1913.0, 2033.7, 2177.93, 2325.47, 2382.47, 2444.17, 2657.0, 2902.27, 2971.1]"
17500,1356.5141333333333,2112.4416803728154,999.019571079873,1161.1399999999999,1513.6300000000001,1738.3389999999997,"[235.8, 293.267, 318.467, 319.733, 472.9, 521.7, 588.067, 607.0, 1056.63, 1205.93, 1243.03, 1307.8, 1326.4, 1470.27, 1486.93, 1540.33, 1541.23, 1543.9, 1610.87, 1654.67, 1723.57, 1772.8, 1833.03, 1852.33, 1939.7, 1989.93, 2012.37, 2240.67, 2318.9, 2667.2]"
17850,1536.3271333333332,2392.456806304082,1131.4448084735798,1135.1589999999999,1724.1199999999999,1948.4509999999998,"[246.667, 271.467, 343.367, 446.3, 561.9, 983.233, 1061.77, 1071.53, 1079.6, 1158.97, 1291.63, 1416.63, 1452.93, 1557.7, 1696.87, 1751.37, 1805.83, 1855.2, 1882.17, 1939.73, 1943.33, 1960.4, 2013.23, 2018.63, 2051.2, 2112.47, 2152.93, 2543.5, 2608.53, 2810.73]"
18200,1526.6192333333333,2377.3391071331207,1124.2953200489701,1079.51,1731.5500000000002,2043.7909999999999,"[256.967, 283.4, 306.167, 314.533, 687.9, 992.1, 1000.4, 1012.13, 1057.53, 1088.93, 1170.7, 1354.7, 1419.33, 1699.87, 1712.9, 1750.2, 1752.4, 1757.77, 1771.33, 1773.5, 2020.4, 2098.37, 2099.23, 2114.07, 2135.37, 2136.77, 2225.07, 2381.97, 2621.27, 2803.3]"
18550,1551.1043333333332,2415.4687104428904,1142.3276379576232,1145.1510000000001,1691.55,1918.6799999999998,"[209.633, 271.7, 306.133, 409.233, 473.567, 834.4, 861.767, 966.667, 1101.87, 1163.7, 1426.0, 1486.33, 1580.37, 1644.53, 1645.5, 1737.6, 1788.33, 1887.57, 1896.57, 1913.5, 1918.2, 1919.8, 2046.67, 2242.73, 2284.6, 2311.7, 2425.47, 2520.33, 2590.13, 2668.53]"
18900,1516.1312333333333,2361.0065914597981,1116.5713185041141,1240.761,1551.5699999999999,1942.3099999999999,"[236.067, 251.3, 345.867, 481.7, 659.3, 936.233, 968.9, 1026.2, 1113.27, 1295.4, 1301.1, 1490.8, 1529.77, 1533.07, 1541.07, 1562.07, 1580.73, 1772.47, 1788.63, 1874.77, 1922.93, 1987.53, 2014.07, 2072.63, 2086.27, 2098.7, 2215.43, 2229.53, 2746.3, 2821.83]"
19250,1522.9693333333335,2371.6552733272415,1121.6073115403344,1333.6480000000001,1508.9000000000001,1850.4289999999996,"[249.367, 272.6, 300.167, 313.933, 521.233, 1223.07, 1233.6, 1242.73, 1265.93, 1362.67, 1386.23, 1394.3, 1407.5, 1410.33, 1492.23, 1525.57, 1531.27, 1733.8, 1802.07, 1817.37, 1819.67, 1922.2, 1972.67, 2164.4, 2188.5, 2220.87, 2230.57, 2253.87, 2714.63, 2715.73]"
19600,1575.5416666666667,2453.5239287572376,1160.324777585658,1295.46,1757.1500000000001,1978.7309999999993,"[294.4, 306.133, 319.6, 364.567, 515.867, 957.133, 1128.13, 1128.53, 1272.43, 1305.33, 1345.17, 1356.67, 1502.53, 1704.23, 1718.57, 1795.73, 1844.2, 1848.73, 1849.57, 1876.83, 1938.33, 2073.0, 2119.97, 2199.0, 2201.93, 2207.5, 2218.5, 2331.5, 2644.67, 2897.5]"
19950,1708.9829666666667,2661.3263814382562,1258.5990727179612,1588.451,1862.6500000000001,2213.0509999999999,"[265.933, 342.433, 357.467, 415.233, 706.433, 1056.63, 1324.3, 1468.73, 1498.9, 1626.83, 1678.43, 1703.07, 1820.83, 1823.57, 1857.43, 1867.87, 1931.9, 1977.27, 2031.17, 2149.03, 2211.8, 2215.97, 2221.43, 2282.5, 2288.37, 2295.8, 2307.5, 2440.5, 2461.93, 2640.23]"
20300,1626.0255666666667,2532.1403559121231,1197.5041942132664,1499.5619999999999,1657.1500000000001,1973.6699999999998,"[270.767, 325.467, 361.233, 435.3, 914.1, 1204.5, 1358.07, 1454.6, 1470.47, 1512.03, 1514.0, 1520.5, 1586.43, 1603.87, 1638.63, 1675.67, 1724.83, 1810.07, 1877.07, 1963.2, 1965.27, 1993.27, 1998.5, 2081.0, 2176.83, 2219.53, 2417.23, 2471.0, 2582.4, 2654.93]"
20650,1667.0469000000001,2596.021131046301,1227.7148008149752,1495.5599999999999,1823.3150000000001,2064.1799999999998,"[327.267, 351.433, 359.167, 413.8, 1101.27, 1230.13, 1239.33, 1252.4, 1464.83, 1508.73, 1588.33, 1644.83, 1747.97, 1790.17, 1804.1, 1842.53, 1940.2, 1961.67, 2018.87, 2055.5, 2063.97, 2064.67, 2093.47, 2213.63, 2215.67, 2216.67, 2279.0, 2281.3, 2452.77, 2487.73]"
21000,1688.6309000000001,2629.6329748957473,1243.6105721101862,1511.6709999999998,1862.4650000000001,2177.982,"[282.667, 292.2, 351.5, 390.9, 990.8, 1287.0, 1346.8, 1356.57, 1472.17, 1528.6, 1531.8, 1552.5, 1597.43, 1724.17, 1814.23, 1910.7, 1925.9, 2000.77, 2093.67, 2167.5, 2177.73, 2178.57, 2195.57, 2202.8, 2251.77, 2281.97, 2287.77, 2371.97, 2517.47, 2575.43]"
21350,1649.5728000000001,2568.8094594094582,1214.8458100259811,1496.5519999999999,1740.55,1844.5279999999998,"[320.2, 358.667, 363.6, 370.367, 1142.5, 1199.37, 1415.63, 1489.07, 1496.37, 1496.63, 1560.23, 1622.63, 1683.4, 1735.4, 1738.07, 1743.03, 1772.13, 1777.47, 1805.93, 1832.73, 1843.67, 1846.53, 1907.33, 2058.53, 2174.2, 2232.53, 2253.17, 2494.9, 2865.6, 2887.3]"
21700,1694.3636666666666,2638.5603682438432,1247.8325304043919,1571.471,1755.05,2044.8699999999999,"[305.667, 312.4, 326.333, 345.467, 914.833, 1186.1, 1315.1, 1403.07, 1560.6, 1576.13, 1609.8, 1704.83, 1726.57, 1735.67, 1749.0, 1761.1, 1826.13, 1867.17, 1925.7, 1942.73, 2030.77, 2077.77, 2152.1, 2179.07, 2187.63, 2199.33, 2310.47, 2701.4, 2759.47, 3138.5]"
22050,1706.9360999999999,2658.1388831626523,1257.0916355235058,1445.23,1744.0999999999999,2087.422,"[277.633, 294.7, 306.767, 317.733, 1150.6, 1348.87, 1379.53, 1424.67, 1437.53, 1448.53, 1470.27, 1541.67, 1636.63, 1706.27, 1717.9, 1770.3, 1829.9, 1873.47, 1937.37, 2028.97, 2083.63, 2096.27, 2099.1, 2242.7, 2279.47, 2312.63, 2315.53, 2755.6, 2775.17, 3348.67]"
22400,1665.0523333333333,2592.9150773330266,1226.2458805237231,1576.3890000000001,1711.6700000000001,1960.4110000000001,"[315.867, 323.733, 333.5, 348.5, 1140.73, 1208.33, 1361.07, 1373.5, 1560.03, 1583.4, 1606.87, 1649.9, 1671.47, 1673.07, 1709.07, 1714.27, 1766.83, 1781.17, 1809.8, 1903.77, 1959.43, 1962.7, 1975.73, 2077.03, 2104.4, 2170.73, 2287.27, 2469.5, 2850.77, 3259.13]"
22750,1785.6349,2780.6931722999207,1315.0502217914616,1487.99,1917.885,2205.5899999999997,"[321.467, 364.3, 411.533, 427.367, 1070.63, 1269.2, 1287.0, 1397.17, 1477.07, 1492.67, 1547.87, 1551.6, 1631.1, 1765.9, 1906.5, 1929.27, 2037.0, 2101.97, 2132.83, 2158.03, 2177.6, 2270.9, 2304.0, 2309.93, 2345.93, 2499.37, 2646.93, 2798.77, 2955.77, 2979.37]"
23100,1672.9968666666668,2605.2867607029639,1232.0967184089088,1483.55,1828.885,1993.0509999999999,"[294.533, 309.033, 404.633, 431.667, 1063.23, 1258.7, 1336.33, 1353.13, 1427.13, 1507.73, 1565.47, 1576.43, 1586.63, 1599.13, 1751.07, 1906.7, 1910.33, 1933.37, 1942.73, 1955.17, 1966.63, 2054.7, 2058.6, 2082.43, 2170.03, 2218.3, 2527.9, 2545.83, 2674.77, 2777.57]"
23450,1726.8717666666666,2689.183847721335,1271.7734738273837,1555.509,1768.9849999999999,1949.48,"[331.5, 420.433, 424.167, 457.633, 1322.5, 1344.4, 1444.43, 1495.43, 1497.5, 1580.37, 1674.6, 1719.23, 1727.4, 1751.7, 1764.37, 1773.6, 1822.1, 1857.57, 1859.8, 1888.7, 1913.63, 2033.13, 2169.17, 2372.67, 2394.63, 2418.7, 2432.93, 2474.6, 2661.93, 2777.33]"
23800,1668.9938666666667,2599.0530593070525,1229.148665569086,1312.8720000000001,1673.885,2125.3399999999997,"[349.5, 384.233, 385.0, 484.333, 813.467, 900.833, 1024.17, 1243.37, 1279.37, 1327.23, 1384.97, 1421.63, 1546.53, 1549.43, 1670.27, 1677.5, 1861.7, 1894.9, 1935.5, 1994.8, 2101.4, 2181.2, 2261.73, 2336.87, 2487.47, 2527.9, 2530.4, 2665.17, 2868.87, 2980.07]"
24150,1771.4602333333335,2758.6195676567613,1304.6111345268589,1526.548,1830.75,2092.4699999999993,"[271.4, 357.567, 398.6, 410.7, 1352.4, 1399.67, 1408.4, 1431.77, 1463.73, 1553.47, 1581.77, 1691.83, 1762.2, 1782.97, 1810.63, 1850.87, 1873.73, 1873.77, 1945.77, 2037.57, 2042.7, 2208.6, 2310.47, 2401.33, 2449.23, 2451.13, 2570.43, 2686.57, 2815.2, 2949.33]"
24500,1713.8677666666667,2668.9332724147102,1262.1965367479302,1619.8520000000001,1790.22,2070.0709999999999,"[338.633, 376.467, 449.233, 540.0, 1062.2, 1229.47, 1515.57, 1542.5, 1591.67, 1631.93, 1634.73, 1683.5, 1698.43, 1764.67, 1782.27, 1798.17, 1843.23, 1884.2, 1967.83, 2015.57, 2060.3, 2092.87, 2152.77, 2234.53, 2261.63, 2320.53, 2367.13, 2376.57, 2432.93, 2766.5]"
24850,1764.9338666666667,2748.4563348313245,1299.8047208907383,1516.9290000000001,1830.55,2199.1420000000003,"[341.1, 394.233, 463.7, 563.633, 1058.3, 1139.27, 1373.2, 1405.6, 1448.63, 1546.2, 1561.63, 1582.63, 1613.43, 1660.73, 1743.5, 1917.6, 2022.97, 2063.67, 2093.8, 2179.83, 2198.53, 2200.57, 2234.37, 2402.67, 2404.73, 2472.53, 2580.63, 2669.17, 2737.73, 2873.43]"
25200,1666.5656666666666,2595.2717268739902,1227.3603912983749,1451.1299999999999,1686.5,1959.1099999999997,"[291.033, 351.067, 412.933, 530.767, 1212.6, 1319.87, 1384.23, 1389.73, 1449.1, 1452.0, 1464.0, 1608.7, 1635.67, 1666.17, 1675.1, 1697.9, 1735.9, 1848.3, 1904.43, 1934.0, 1935.77, 2013.57, 2050.2, 2177.97, 2217.47, 2334.73, 2454.93, 2479.7, 2662.2, 2706.93]"
25550,1690.8182000000002,2633.0391640197231,1245.2214329586859,1617.3620000000001,1849.2849999999999,2048.8189999999995,"[372.233, 390.3, 460.333, 560.5, 836.0, 1320.47, 1433.97, 1504.73, 1593.87, 1627.43, 1648.53, 1686.97, 1691.7, 1790.67, 1846.87, 1851.7, 1861.97, 1911.97, 1964.17, 1984.4, 2023.1, 2108.83, 2141.4, 2141.93, 2196.13, 2204.7, 2206.8, 2304.0, 2481.07, 2577.8]"
25900,1742.2081000000001,2713.066466384375,1283.0680831293566,1557.002,1824.4499999999998,2073.942,"[322.733, 435.8, 525.9, 832.8, 980.4, 1325.47, 1335.47, 1369.53, 1504.67, 1579.43, 1605.13, 1608.07, 1705.0, 1734.7, 1804.33, 1844.57, 1920.33, 1930.13, 1936.13, 2004.83, 2068.83, 2085.87, 2132.23, 2266.67, 2452.13, 2496.33, 2554.0, 2619.63, 2623.33, 2661.8]"
26250,1858.3544333333334,2893.9362041385325,1368.605312162159,1665.9089999999999,1991.9499999999998,2262.3180000000002,"[281.9, 320.9, 679.8, 892.2, 971.633, 1187.93, 1406.47, 1641.4, 1644.3, 1675.17, 1684.07, 1796.33, 1856.13, 1886.2, 1984.37, 1999.53, 2074.0, 2176.0, 2184.63, 2187.37, 2256.57, 2275.73, 2326.2, 2383.17, 2430.23, 2510.47, 2685.3, 2687.63, 2825.9, 2839.1]"
26600,1915.9994000000002,2983.7042553943943,1411.0585741364637,1711.729,1942.9650000000001,2281.0509999999999,"[321.033, 367.033, 696.033, 814.433, 1049.63, 1381.53, 1547.13, 1578.33, 1686.2, 1722.67, 1730.2, 1865.4, 1920.13, 1939.33, 1939.5, 1946.43, 2147.93, 2185.03, 2232.03, 2239.43, 2271.7, 2302.87, 2337.6, 2344.77, 2419.57, 2612.8, 2838.47, 2936.6, 2956.6, 3149.57]"
26950,2102.2946666666667,3273.8139390994975,1548.2577472421749,1801.6089999999999,2146.2200000000003,2551.3220000000001,"[300.867, 305.733, 710.733, 984.467, 1155.73, 1383.0, 1694.87, 1702.6, 1747.8, 1824.67, 1888.43, 1894.63, 1959.1, 2112.07, 2134.07, 2158.37, 2207.37, 2294.87, 2464.87, 2482.67, 2539.73, 2578.37, 2712.1, 2745.2, 2912.2, 2985.1, 3034.13, 3038.23, 3096.73, 4020.13]"
27300,1909.6588666666669,2973.8304129035587,1406.3890194776272,1696.8779999999999,2026.25,2253.4690000000001,"[378.233, 418.233, 1195.37, 1285.27, 1322.23, 1385.1, 1430.13, 1573.07, 1633.43, 1724.07, 1747.57, 1851.4, 1956.33, 1979.33, 2023.73, 2028.77, 2124.5, 2130.4, 2149.87, 2182.1, 2236.9, 2292.13, 2347.67, 2380.1, 2535.93, 2544.5, 2550.6, 2610.1, 2619.3, 2653.4]"
27650,1870.3444333333332,2912.6077204355506,1377.4354779252046,1645.8899999999999,1811.0650000000001,2169.7389999999996,"[313.7, 418.033, 1312.0, 1391.07, 1489.57, 1524.97, 1549.77, 1612.73, 1614.53, 1659.33, 1665.43, 1687.57, 1776.8, 1794.4, 1810.5, 1811.63, 2028.93, 2040.57, 2095.8, 2117.3, 2134.3, 2252.43, 2319.03, 2409.67, 2410.57, 2523.13, 2542.83, 2546.47, 2602.07, 2655.2]"
28000,2014.0007666666668,3136.317609426656,1483.2327453351038,1692.3109999999999,2058.02,2417.788,"[383.8, 408.633, 1133.27, 1214.43, 1335.87, 1543.9, 1547.7, 1570.77, 1677.17, 1698.8, 1773.13, 1810.9, 1892.0, 2017.17, 2041.47, 2074.57, 2128.07, 2183.33, 2227.13, 2319.47, 2415.07, 2424.13, 2457.0, 2499.13, 2596.87, 2628.17, 2636.57, 2875.13, 3420.6, 3485.77]"
28350,2115.7757666666666,3294.8074819144881,1558.1860497999894,1786.9189999999999,2072.3200000000002,2423.4809999999998,"[313.4, 387.333, 1253.9, 1368.1, 1432.17, 1447.8, 1637.03, 1670.83, 1674.73, 1835.0, 1882.4, 1903.57, 1908.83, 1993.07, 2045.57, 2099.07, 2100.8, 2154.87, 2164.9, 2345.17, 2364.63, 2560.8, 2779.23, 2855.5, 2862.07, 2869.57, 2973.47, 3088.43, 3142.1, 4358.93]"
28700,2021.6539,3148.235507988506,1488.8689785244298,1751.8999999999999,1903.4000000000001,2361.3799999999997,"[443.067, 449.1, 1234.03, 1270.33, 1354.43, 1479.5, 1558.47, 1626.07, 1688.2, 1779.2, 1795.57, 1825.3, 1826.63, 1855.03, 1856.77, 1950.03, 2007.77, 2151.0, 2170.47, 2201.13, 2339.0, 2413.6, 2478.23, 2559.17, 2671.93, 2729.03, 2762.33, 3176.73, 3326.27, 3671.23]"
29050,2070.1007666666669,3223.6797498989467,1524.548199822749,1929.181,2092.915,2318.25,"[402.2, 430.733, 1596.03, 1642.6, 1739.2, 1790.33, 1843.47, 1859.57, 1911.17, 1936.9, 1943.37, 2042.13, 2057.53, 2059.97, 2068.5, 2117.33, 2149.0, 2156.17, 2278.87, 2304.23, 2311.77, 2333.37, 2349.87, 2384.97, 2523.0, 2595.8, 2662.8, 2780.17, 2866.4, 2965.57]"
29400,2022.4144333333331,3149.4198541542914,1489.4290815604313,1934.0680000000002,2073.1350000000002,2348.038,"[339.5, 480.633, 1056.53, 1371.3, 1466.43, 1482.03, 1593.4, 1736.8, 1904.43, 1946.77, 1948.43, 1986.73, 2006.73, 2038.2, 2065.87, 2080.4, 2144.77, 2147.7, 2285.87, 2289.8, 2343.67, 2358.23, 2408.97, 2560.17, 2601.0, 2632.5, 2741.17, 2745.23, 2860.3, 3048.87]"
29750,1985.3309000000002,3091.6712472331587,1462.1185105501925,1670.3399999999999,1877.915,2325.2289999999998,"[316.467, 425.9, 1232.07, 1438.03, 1462.03, 1620.73, 1643.6, 1645.93, 1657.6, 1675.8, 1712.17, 1768.63, 1817.93, 1831.13, 1866.1, 1889.73, 1998.67, 2110.93, 2267.0, 2290.83, 2310.37, 2359.9, 2498.57, 2511.77, 2557.1, 2586.57, 2800.4, 2824.43, 2842.37, 3597.17]"
30100,2077.0189999999998,3234.4532199931846,1529.6432079228957,2001.0809999999999,2102.5500000000002,2243.6390000000001,"[342.533, 475.267, 1491.0, 1513.43, 1579.63, 1583.73, 1663.1, 1841.0, 1897.6, 2045.43, 2046.7, 2059.6, 2059.9, 2098.7, 2098.7, 2106.4, 2170.47, 2191.73, 2202.63, 2216.7, 2239.4, 2253.53, 2350.83, 2584.43, 2607.57, 2757.3, 2776.03, 2800.0, 2854.5, 3402.73]"
30450,2033.335,3166.4259874728355,1497.4716515264911,1838.99,2002.75,2404.7599999999998,"[321.0, 572.7, 1418.2, 1448.03, 1630.87, 1672.17, 1724.93, 1760.63, 1821.7, 1846.4, 1851.63, 1904.7, 1910.57, 1917.8, 1996.67, 2008.83, 2070.33, 2077.2, 2132.83, 2233.83, 2390.63, 2437.73, 2481.07, 2503.87, 2558.27, 2655.07, 2661.03, 2779.23, 2870.93, 3341.2]"
30800,1892.0838666666668,2946.4616139944583,1393.4457197874247,1667.529,1812.7649999999999,2170.8019999999997,"[313.533, 488.133, 1274.53, 1459.67, 1486.3, 1505.1, 1514.33, 1630.87, 1649.63, 1675.2, 1684.83, 1703.83, 1710.77, 1741.6, 1783.7, 1841.83, 1884.17, 1892.43, 2021.2, 2125.33, 2140.43, 2241.67, 2321.03, 2358.5, 2363.1, 2507.37, 2621.17, 2743.83, 2751.3, 3327.13]"
31150,1996.1279999999999,3108.4851111706516,1470.0701521482056,1795.3599999999997,2020.1300000000001,2295.0709999999999,"[399.4, 725.1, 981.7, 1180.4, 1216.87, 1248.2, 1652.37, 1702.57, 1780.87, 1801.57, 1822.77, 1831.6, 1847.0, 1991.33, 2012.93, 2027.33, 2134.73, 2152.23, 2188.77, 2204.67, 2266.13, 2362.6, 2504.87, 2518.8, 2639.33, 2643.57, 2780.3, 2996.93, 3058.1, 3210.8]"
31500,2042.0325666666665,3179.9703375780127,1503.8770689911958,1860.5309999999999,2064.5999999999999,2321.5999999999999,"[330.7, 516.267, 1148.43, 1490.13, 1517.5, 1622.47, 1671.97, 1797.73, 1820.47, 1877.7, 1916.87, 1928.67, 2004.63, 2046.13, 2046.93, 2082.27, 2087.3, 2285.07, 2309.6, 2313.9, 2318.9, 2327.9, 2350.27, 2458.67, 2517.97, 2585.73, 2854.2, 2872.5, 2980.6, 3179.5]"
31850,2050.7275666666665,3193.5106907225149,1510.2805962063485,1950.452,2033.2849999999999,2199.7789999999995,"[400.567, 1055.6, 1301.07, 1408.8, 1522.93, 1602.2, 1909.2, 1911.4, 1912.47, 1966.73, 1968.03, 1976.13, 1995.2, 1999.4, 1999.97, 2066.6, 2122.63, 2123.8, 2130.27, 2147.7, 2178.2, 2250.13, 2332.27, 2448.97, 2462.63, 2464.2, 2697.47, 2873.03, 3095.93, 3198.3]"
32200,1947.3365666666666,3032.5042902667101,1434.1371709847419,1691.3919999999998,1848.9650000000001,2198.989,"[324.267, 1098.47, 1390.13, 1451.27, 1517.4, 1545.87, 1566.87, 1573.63, 1676.37, 1697.83, 1704.23, 1759.63, 1797.37, 1813.47, 1830.2, 1867.73, 2027.3, 2095.77, 2135.2, 2140.93, 2193.67, 2211.4, 2312.1, 2316.07, 2387.13, 2532.53, 2631.23, 2694.2, 2857.8, 3270.03]"
32550,2131.2466666666669,3318.899655515786,1569.5797621856032,1875.2809999999999,2125.0799999999999,2364.02,"[394.8, 1180.73, 1361.33, 1571.83, 1675.0, 1709.73, 1757.47, 1785.33, 1811.77, 1902.5, 1908.7, 1973.97, 2066.07, 2074.0, 2076.13, 2174.03, 2254.5, 2294.97, 2309.27, 2339.97, 2361.77, 2369.27, 2370.23, 2424.97, 2448.6, 2713.23, 2839.43, 2842.03, 3345.67, 3600.1]"
32900,2111.0667666666664,3287.4743567899955,1554.7180555899656,1762.1779999999999,2132.4300000000003,2293.0909999999999,"[303.033, 1579.93, 1599.2, 1602.97, 1648.17, 1679.5, 1715.77, 1719.03, 1728.13, 1776.77, 1844.47, 1869.17, 1870.73, 2026.67, 2101.23, 2163.63, 2189.47, 2246.3, 2247.13, 2272.83, 2278.73, 2326.6, 2359.33, 2466.37, 2501.67, 2580.97, 2676.7, 2810.27, 3358.53, 3788.7]"
33250,2146.1316666666667,3342.0794320029527,1580.5419821508185,1987.0299999999997,2137.1500000000001,2455.6900000000001,"[322.7, 1525.83, 1573.4, 1620.03, 1716.23, 1797.0, 1865.53, 1872.43, 1922.07, 2014.87, 2027.93, 2042.43, 2063.5, 2125.5, 2130.4, 2143.9, 2172.93, 2273.03, 2288.97, 2339.57, 2450.83, 2467.03, 2473.37, 2486.3, 2529.2, 2538.97, 2753.3, 2757.03, 3040.9, 3048.77]"
33600,2017.2589999999998,3141.3915174152139,1485.6323066718853,1718.3809999999999,2052.23,2219.0719999999992,"[335.4, 1396.37, 1470.17, 1506.43, 1539.97, 1573.77, 1602.47, 1644.57, 1714.37, 1720.1, 1791.73, 1883.43, 1931.97, 1970.07, 2002.63, 2101.83, 2115.13, 2116.93, 2137.0, 2148.53, 2166.83, 2340.97, 2368.17, 2552.0, 2553.33, 2615.77, 2654.97, 2689.73, 2884.53, 2988.6]"
33950,2176.8242333333333,3389.8756587514104,1603.1458563259644,2061.5,2195.2150000000001,2295.3200000000002,"[335.367, 1521.73, 1555.17, 1561.83, 1564.43, 1668.4, 1790.5, 1846.43, 1947.47, 2110.37, 2110.93, 2112.27, 2138.6, 2167.4, 2183.2, 2207.23, 2222.6, 2259.7, 2268.13, 2276.1, 2288.57, 2311.07, 2398.77, 2425.33, 2466.2, 2669.13, 2856.17, 3038.4, 3283.63, 3719.6]"
34300,2113.9593333333332,3291.9788276537897,1556.848317737366,1938.569,2086.0,2292.3499999999999,"[310.1, 1430.5, 1538.67, 1642.0, 1646.87, 1750.17, 1752.4, 1756.57, 1914.3, 1948.97, 1952.27, 1984.4, 1995.53, 2034.2, 2069.8, 2102.2, 2129.27, 2174.83, 2191.17, 2257.87, 2288.0, 2302.5, 2310.17, 2467.2, 2548.37, 2640.27, 2851.27, 2991.07, 3200.17, 3237.67]"
34650,2010.0505666666666,3130.166131221778,1480.3235776289166,1768.4720000000002,2033.335,2369.1010000000001,"[372.767, 1251.63, 1297.0, 1498.37, 1577.77, 1668.07, 1728.43, 1746.6, 1748.27, 1777.13, 1839.97, 1875.3, 1910.83, 1957.5, 2027.87, 2038.8, 2074.97, 2190.7, 2194.13, 2352.67, 2367.4, 2373.07, 2389.2, 2442.93, 2515.43, 2534.53, 2571.17, 2624.27, 2655.77, 2698.97]"
35000,2060.0282333333334,3207.9942227692054,1517.1301732183172,1888.8679999999999,2023.865,2428.5520000000001,"[339.867, 1230.77, 1244.8, 1413.1, 1418.33, 1425.0, 1600.0, 1763.0, 1865.53, 1898.87, 1924.5, 1924.73, 1928.13, 1978.2, 2003.9, 2043.83, 2054.83, 2219.6, 2229.8, 2235.13, 2423.83, 2439.57, 2472.9, 2534.3, 2549.93, 2607.87, 2733.5, 2961.43, 2975.3, 3360.3]"
35350,2094.9464333333335,3262.3708483207129,1542.8460609703759,1844.1590000000001,2054.915,2390.009,"[305.033, 1346.57, 1359.73, 1576.27, 1646.97, 1728.27, 1734.77, 1779.17, 1841.73, 1845.2, 1881.5, 1884.8, 1915.27, 1940.0, 2013.9, 2095.93, 2144.63, 2167.5, 2242.83, 2309.9, 2384.0, 2404.03, 2442.43, 2600.67, 2643.03, 2726.0, 2733.87, 2834.33, 2978.33, 3341.73]"
35700,2054.4833333333331,3199.359386179101,1513.0465713718186,1817.3609999999999,1915.615,2209.768,"[349.3, 995.8, 1378.57, 1478.13, 1478.23, 1542.97, 1771.53, 1787.13, 1801.17, 1824.3, 1856.0, 1862.47, 1864.5, 1871.6, 1887.93, 1943.3, 2001.17, 2001.23, 2004.33, 2133.4, 2186.17, 2264.83, 2671.9, 2696.27, 2771.63, 2888.67, 2905.73, 2979.07, 3187.3, 3249.87]"
36050,1994.9627666666668,3106.6705429326898,1469.2120034004192,1647.9780000000001,1913.23,2281.2599999999998,"[349.633, 1148.63, 1204.4, 1224.5, 1397.63, 1421.13, 1452.77, 1591.47, 1644.03, 1649.67, 1661.6, 1713.83, 1793.37, 1852.13, 1901.43, 1925.03, 1937.77, 1991.13, 2123.77, 2258.03, 2259.27, 2332.57, 2539.87, 2566.87, 2593.1, 2648.03, 2898.53, 2954.23, 3373.33, 3441.13]"
36400,2101.8370999999997,3273.1013900191265,1547.920767299363,1810.6300000000001,2020.98,2323.3709999999996,"[399.733, 1391.87, 1466.17, 1501.07, 1634.5, 1679.7, 1681.37, 1751.27, 1790.47, 1819.27, 1871.77, 1885.87, 1964.33, 2003.87, 2018.73, 2023.23, 2069.6, 2102.67, 2196.3, 2201.6, 2268.3, 2451.87, 2463.3, 2667.47, 2758.17, 2817.8, 2932.17, 2966.87, 3061.6, 3214.17]"
36750,2164.5647666666669,3370.7845134920753,1594.1172389086835,1881.4419999999998,2025.8150000000001,2440.8219999999992,"[407.533, 1358.6, 1481.13, 1703.9, 1764.23, 1781.7, 1799.47, 1834.2, 1834.57, 1901.53, 1910.4, 1979.7, 1986.0, 2002.0, 2018.03, 2033.6, 2081.97, 2085.17, 2141.4, 2342.27, 2365.93, 2615.57, 2624.77, 2633.97, 2645.53, 2920.57, 2944.33, 3049.8, 3182.37, 3506.7]"
37100,2096.5731000000001,3264.9039870343477,1544.0440373096492,1917.991,2047.1500000000001,2408.5879999999997,"[378.933, 1360.73, 1633.3, 1662.8, 1695.83, 1742.3, 1858.4, 1892.87, 1913.0, 1920.13, 1973.4, 1975.73, 2017.67, 2019.37, 2046.7, 2047.6, 2098.4, 2234.97, 2289.6, 2295.9, 2360.57, 2520.63, 2526.7, 2530.5, 2550.13, 2591.0, 2614.2, 2652.5, 2723.83, 2769.5]"
37450,2203.1332333333335,3430.8455438438441,1622.521405205028,1975.201,2199.915,2564.732,"[383.167, 1389.07, 1510.63, 1531.2, 1581.47, 1720.2, 1827.0, 1898.3, 1962.37, 1980.7, 2007.73, 2010.93, 2068.27, 2142.03, 2188.93, 2210.9, 2293.73, 2358.87, 2456.3, 2513.6, 2564.33, 2565.67, 2587.43, 2595.23, 2621.6, 2646.87, 2865.57, 3048.07, 3160.93, 3402.9]"
37800,2353.1970000000001,3664.53345584624,1733.0374965055853,2119.1480000000001,2315.2200000000003,2677.8179999999993,"[442.7, 1408.67, 1612.67, 1737.7, 1829.23, 1879.3, 1924.63, 2038.27, 2107.43, 2124.17, 2138.53, 2139.2, 2164.3, 2200.33, 2274.37, 2356.07, 2398.87, 2436.03, 2440.07, 2489.97, 2613.57, 2827.73, 2868.27, 2941.67, 2962.63, 3012.9, 3059.47, 3139.83, 3205.3, 3822.03]"
38150,2175.4953333333333,3387.8062193846786,1602.1671734833863,1974.8209999999999,2216.2200000000003,2416.4199999999992,"[348.4, 986.8, 1429.07, 1639.27, 1721.77, 1770.8, 1797.17, 1906.8, 1914.67, 2000.6, 2006.1, 2099.6, 2177.07, 2191.73, 2204.57, 2227.87, 2255.4, 2268.13, 2324.87, 2364.57, 2367.1, 2531.5, 2565.0, 2626.3, 2626.77, 2694.43, 2790.53, 2831.1, 2835.47, 3761.4]"
38500,2097.0882333333334,3265.7061822327187,1544.4234128495493,1802.7279999999998,2030.9849999999999,2362.3419999999996,"[392.667, 1214.33, 1321.87, 1603.17, 1638.43, 1662.17, 1675.43, 1693.2, 1747.33, 1826.47, 1888.73, 1905.4, 1956.07, 1977.53, 2013.77, 2048.2, 2116.27, 2199.03, 2220.27, 2225.87, 2344.33, 2404.37, 2410.47, 2434.2, 2466.7, 2467.77, 2755.47, 2794.73, 3191.67, 4316.73]"
38850,2304.6623333333332,3588.9524867355599,1697.2936139433805,2044.268,2386.6350000000002,2665.6009999999997,"[295.6, 1281.73, 1359.27, 1538.9, 1713.83, 1738.3, 1918.77, 1949.47, 2023.03, 2053.37, 2076.43, 2106.03, 2269.03, 2294.6, 2363.17, 2410.1, 2535.4, 2545.7, 2575.77, 2631.97, 2662.43, 2673.0, 2734.17, 2747.17, 2775.6, 2900.77, 2916.63, 3060.6, 3435.1, 3553.93]"
39200,2139.8464333333336,3332.2917058466646,1575.9131537777785,1769.2719999999999,2158.23,2507.4220000000005,"[276.433, 1191.73, 1411.4, 1502.3, 1527.7, 1601.43, 1731.27, 1739.3, 1765.87, 1770.73, 1780.63, 1808.33, 1812.97, 1951.5, 2005.33, 2311.13, 2314.77, 2358.23, 2497.97, 2500.37, 2504.53, 2514.17, 2604.23, 2778.2, 2801.27, 2805.67, 2875.0, 2897.5, 3160.13, 3395.3]"
39550,2206.8646666666668,3436.6563460368857,1625.2694598227999,1868.4180000000001,2221.4650000000001,2429.8299999999999,"[393.6, 1336.13, 1599.13, 1651.97, 1735.3, 1753.0, 1756.77, 1771.1, 1790.83, 1901.67, 2078.67, 2082.3, 2106.73, 2179.7, 2213.3, 2229.63, 2259.87, 2342.27, 2364.83, 2384.1, 2426.2, 2438.3, 2556.17, 2647.0, 2651.27, 2742.47, 2838.4, 3068.93, 3140.5, 3765.8]"
39900,2155.8122333333331,3357.1545661381519,1587.671340645137,1949.4190000000001,2202.2150000000001,2442.54,"[469.067, 1477.3, 1512.4, 1551.93, 1590.27, 1624.03, 1631.97, 1812.43, 1879.93, 1979.2, 2015.5, 2044.2, 2044.37, 2120.97, 2178.93, 2225.5, 2292.83, 2312.23, 2357.5, 2373.93, 2435.67, 2458.57, 2582.67, 2612.27, 2628.67, 2697.5, 2716.13, 2802.37, 2934.0, 3312.03]"
40250,2144.1781000000001,3339.0372258433213,1579.103256755003,1927.5599999999999,2166.1849999999999,2438.6079999999997,"[332.633, 1265.13, 1393.27, 1442.8, 1586.73, 1690.77, 1844.3, 1852.27, 1902.5, 1938.3, 2064.93, 2076.1, 2096.67, 2121.87, 2160.9, 2171.47, 2172.33, 2237.2, 2243.6, 2419.2, 2436.97, 2442.43, 2446.47, 2507.0, 2519.57, 2715.4, 2735.73, 3102.03, 3132.4, 3274.37]"
40600,2261.136,3521.1707817995452,1665.2381728765818,2032.7310000000002,2308.8000000000002,2525.0189999999998,"[381.8, 1414.77, 1532.97, 1593.6, 1728.7, 1741.4, 1928.1, 2002.7, 2017.8, 2039.13, 2085.77, 2195.77, 2200.13, 2214.03, 2286.43, 2331.17, 2334.17, 2387.43, 2432.57, 2478.97, 2523.87, 2527.7, 2547.47, 2627.87, 2696.53, 2725.63, 2791.67, 3251.93, 3301.17, 3512.83]"
40950,2180.8343333333332,3396.120416674903,1606.0991380379237,1945.73,2177.1849999999999,2385.8209999999999,"[493.5, 1426.13, 1651.73, 1690.73, 1774.7, 1830.63, 1848.1, 1870.6, 1931.17, 1951.97, 1983.9, 2135.0, 2148.93, 2150.1, 2152.27, 2202.1, 2214.7, 2257.07, 2333.13, 2342.47, 2375.9, 2408.97, 2411.33, 2420.0, 2479.43, 2731.73, 2835.83, 2966.57, 3135.47, 3270.87]"
41300,2270.6206666666667,3535.9408492089246,1672.2232586875825,1937.2020000000002,2241.4000000000001,2493.5099999999993,"[323.1, 1356.07, 1704.43, 1790.2, 1811.33, 1868.2, 1894.13, 1911.63, 1935.97, 1937.73, 1971.2, 2013.47, 2091.17, 2138.73, 2217.03, 2265.77, 2297.43, 2315.27, 2331.47, 2366.83, 2422.2, 2659.9, 2660.6, 2727.67, 2748.13, 2800.9, 2849.3, 3152.9, 3670.63, 3885.23]"
41650,2154.0086666666666,3354.3459485894091,1586.3430843789679,1991.8609999999999,2235.665,2396.4400000000001,"[333.8, 1446.7, 1636.7, 1640.73, 1716.97, 1801.33, 1844.97, 1869.17, 1930.87, 2018.0, 2028.93, 2089.73, 2138.37, 2163.43, 2234.5, 2236.83, 2237.83, 2286.1, 2309.4, 2331.57, 2388.4, 2415.2, 2434.67, 2437.57, 2457.9, 2549.17, 2587.33, 2765.33, 2864.13, 3424.63]"
42000,2286.4632333333334,3560.6118034794231,1683.8906890277635,1951.5709999999999,2292.3299999999999,2689.759,"[374.867, 1366.47, 1618.6, 1788.9, 1817.93, 1819.2, 1832.07, 1906.43, 1916.27, 1966.7, 1986.63, 2058.83, 2118.47, 2192.27, 2201.73, 2382.93, 2384.6, 2463.37, 2478.8, 2488.37, 2687.8, 2694.33, 2701.43, 2734.07, 2775.03, 3081.47, 3089.13, 3128.23, 3179.17, 3359.8]"
42350,2215.1330000000003,3449.532269354861,1631.3587637358485,1962.9189999999999,2290.0349999999999,2480.6719999999996,"[316.7, 1244.63, 1578.23, 1652.33, 1791.43, 1850.23, 1877.8, 1895.3, 1958.53, 1964.8, 2011.63, 2091.73, 2124.37, 2182.93, 2253.57, 2326.5, 2412.93, 2416.33, 2429.0, 2448.03, 2474.93, 2494.07, 2576.5, 2579.03, 2665.8, 2705.6, 2716.63, 2722.33, 2845.7, 3846.4]"
42700,2238.7759999999998,3486.3505062031022,1648.7709079506681,1986.8,2308.2650000000003,2565.98,"[331.3, 1485.13, 1497.33, 1631.0, 1677.63, 1745.1, 1908.8, 1916.37, 1949.7, 2002.7, 2129.67, 2172.2, 2200.93, 2248.37, 2262.63, 2353.9, 2359.4, 2383.13, 2416.57, 2505.63, 2549.57, 2604.27, 2631.13, 2673.3, 2673.93, 2739.4, 2898.23, 3014.63, 3030.9, 3170.43]"
43050,2252.3516666666669,3507.4913136601144,1658.7688551575509,2078.8690000000001,2296.6350000000002,2411.8099999999999,"[454.5, 1507.0, 1722.13, 1778.67, 1825.93, 1918.23, 2016.53, 2023.5, 2046.13, 2092.9, 2201.2, 2240.6, 2250.3, 2271.63, 2291.4, 2301.87, 2316.43, 2328.3, 2384.1, 2386.27, 2387.3, 2469.0, 2582.67, 2597.53, 2656.9, 2719.6, 2729.3, 2840.83, 2848.5, 3381.3]"
43400,2365.0035666666668,3682.9193192264329,1741.7325707974217,2087.3409999999999,2337.98,2671.8980000000001,"[448.467, 1921.27, 1935.33, 1951.43, 1987.7, 2003.23, 2042.13, 2071.23, 2079.2, 2090.83, 2091.77, 2096.7, 2142.0, 2258.67, 2278.83, 2397.13, 2402.93, 2488.97, 2502.37, 2520.67, 2664.77, 2688.53, 2724.97, 2816.13, 2868.6, 2893.43, 3014.73, 3074.03, 3082.73, 3411.33]"
43750,2161.3420000000001,3365.7658362328466,1591.7437973838892,1956.3820000000001,2230.3649999999998,2434.1509999999998,"[366.8, 1440.63, 1484.33, 1527.33, 1667.13, 1725.93, 1791.33, 1883.27, 1904.47, 1978.63, 2075.47, 2094.17, 2135.77, 2221.93, 2226.33, 2234.4, 2291.9, 2303.87, 2315.53, 2342.77, 2431.1, 2441.27, 2455.83, 2549.13, 2587.1, 2594.4, 2835.67, 2925.27, 2998.23, 3010.27]"
44100,2232.0107666666668,3475.8152964919714,1643.7885783627605,2087.3090000000002,2180.8299999999999,2506.549,"[355.533, 1540.27, 1657.43, 1683.7, 1698.73, 1758.93, 1854.47, 2039.87, 2053.73, 2101.7, 2102.2, 2120.87, 2123.0, 2134.73, 2166.43, 2195.23, 2289.77, 2290.33, 2294.73, 2395.57, 2496.97, 2528.9, 2649.57, 2720.6, 2769.53, 2903.8, 2965.4, 2971.33, 3016.33, 3080.67]"
44450,2176.5160999999998,3389.3958158360647,1602.9189281849758,1974.2310000000002,2225.8000000000002,2424.6179999999999,"[416.633, 1701.47, 1735.37, 1788.5, 1808.4, 1820.9, 1842.2, 1942.0, 1962.8, 1979.13, 1983.57, 1995.27, 2005.53, 2085.17, 2203.73, 2247.87, 2272.07, 2370.77, 2370.8, 2383.53, 2411.97, 2454.13, 2558.5, 2559.9, 2566.17, 2583.7, 2597.87, 2638.2, 2911.93, 3097.4]"
44800,2289.4045666666666,3565.1922165960455,1686.0568659166465,2060.3510000000001,2328.0799999999999,2602.1509999999998,"[432.767, 1194.87, 1691.37, 1880.23, 1887.67, 1928.73, 1941.7, 1974.13, 1998.1, 2087.03, 2098.27, 2133.87, 2191.57, 2205.57, 2312.83, 2343.33, 2350.53, 2414.2, 2425.9, 2450.43, 2594.3, 2620.47, 2676.43, 2711.27, 2714.7, 2765.37, 2797.77, 2872.5, 3253.3, 3732.93]"
45150,2170.2537666666667,3379.6437508743725,1598.306964765728,2044.96,2169.165,2415.5719999999997,"[362.533, 1202.27, 1539.77, 1619.67, 1723.93, 1814.1, 1909.77, 1942.33, 2033.27, 2049.97, 2057.0, 2142.57, 2142.6, 2152.7, 2165.13, 2173.2, 2199.73, 2206.2, 2239.53, 2284.83, 2399.33, 2453.47, 2541.37, 2567.23, 2615.9, 2682.3, 2737.8, 2840.17, 3019.67, 3289.27]"
45500,2224.3687666666665,3463.9147353959052,1638.160544437723,2009.51,2181.0150000000003,2363.6680000000001,"[360.033, 1341.77, 1471.57, 1752.33, 1803.83, 1884.43, 1893.9, 1959.67, 2007.9, 2010.2, 2037.2, 2046.37, 2064.93, 2092.53, 2108.5, 2253.53, 2279.43, 2314.97, 2322.1, 2355.17, 2359.57, 2373.23, 2648.5, 2762.13, 2874.97, 2923.37, 2937.23, 2964.0, 3181.43, 3346.27]"
45850,2220.0742333333333,3457.2270415575881,1634.9977887072591,2045.692,2218.1849999999999,2366.3710000000001,"[358.267, 1483.9, 1609.63, 1790.77, 1792.93, 1873.2, 1880.9, 1902.17, 2043.97, 2046.43, 2102.93, 2155.43, 2184.07, 2201.83, 2208.27, 2228.1, 2276.0, 2276.43, 2316.77, 2358.5, 2365.3, 2368.87, 2399.9, 2713.27, 2750.97, 2846.5, 2892.73, 2956.63, 3089.13, 3128.43]"
46200,2124.9922333333334,3309.1598928875997,1564.9736168071831,2026.6299999999999,2216.0500000000002,2380.6009999999997,"[356.067, 1183.33, 1627.2, 1634.3, 1673.53, 1764.6, 1772.67, 1974.6, 1999.33, 2038.33, 2083.87, 2102.8, 2132.13, 2159.73, 2171.93, 2260.17, 2267.27, 2286.17, 2296.67, 2302.13, 2379.2, 2383.87, 2408.77, 2447.97, 2474.0, 2535.4, 2618.57, 2667.73, 2823.53, 2923.9]"
46550,1996.492,3109.0519528664081,1470.3382239028135,1823.779,1907.415,2239.1509999999998,"[344.6, 1453.17, 1587.33, 1697.03, 1698.77, 1739.57, 1792.93, 1793.83, 1823.1, 1824.07, 1843.3, 1849.67, 1885.93, 1893.83, 1896.3, 1918.53, 1968.53, 1995.3, 2055.73, 2175.03, 2234.0, 2251.17, 2305.5, 2327.57, 2408.07, 2408.1, 2445.2, 2617.73, 2828.1, 2832.77]"
46900,2244.5805666666665,3495.3897106329437,1653.0457441349311,1920.05,2192.3500000000004,2589.848,"[317.067, 1288.27, 1704.07, 1807.57, 1819.0, 1853.1, 1880.77, 1889.57, 1917.6, 1921.1, 1925.0, 2079.9, 2130.2, 2159.4, 2188.9, 2195.8, 2228.9, 2504.7, 2517.5, 2572.2, 2580.17, 2612.43, 2634.63, 2698.87, 2725.03, 2792.0, 2895.8, 2973.6, 3211.87, 3312.4]"
47250,2264.6178999999997,3526.5929963612289,1667.8024559600135,2094.96,2316.9000000000001,2554.0999999999999,"[341.067, 1388.77, 1500.6, 1678.9, 1775.7, 1777.23, 1878.93, 2045.83, 2081.03, 2100.93, 2113.0, 2136.43, 2164.03, 2220.07, 2239.3, 2394.5, 2472.83, 2475.6, 2509.27, 2538.83, 2553.23, 2556.13, 2682.43, 2784.5, 2793.47, 2808.1, 2852.93, 2880.03, 2911.17, 3283.7]"
47600,2167.107,3374.7434251779932,1595.989494266621,1943.7310000000002,2187.25,2411.3519999999994,"[282.6, 1572.77, 1589.77, 1612.87, 1747.9, 1766.47, 1824.27, 1849.9, 1938.6, 1945.93, 2008.43, 2031.2, 2096.27, 2141.57, 2160.9, 2213.6, 2265.13, 2302.3, 2314.3, 2354.73, 2366.13, 2516.87, 2518.17, 2522.27, 2567.13, 2638.6, 2758.47, 2926.7, 3070.13, 3109.23]"
47950,2108.3845666666666,3283.2974809758289,1552.7427202597205,1853.2809999999999,2091.1150000000002,2318.451,"[375.567, 1399.63, 1518.17, 1591.57, 1605.4, 1715.93, 1753.1, 1812.6, 1822.6, 1866.43, 1867.17, 1895.27, 1947.23, 2008.6, 2047.2, 2135.03, 2146.53, 2202.07, 2280.77, 2291.97, 2317.53, 2320.6, 2378.4, 2440.07, 2588.67, 2617.5, 2692.53, 2782.73, 3189.27, 3641.4]"
48300,2125.9119000000001,3310.592050615247,1565.6509153153911,2003.8689999999999,2073.8800000000001,2176.0100000000002,"[446.967, 1311.13, 1615.33, 1671.33, 1718.3, 1789.8, 1931.67, 1940.33, 1986.6, 2011.27, 2014.9, 2038.97, 2059.5, 2062.43, 2069.43, 2078.33, 2082.47, 2083.17, 2119.77, 2150.13, 2160.53, 2212.13, 2268.63, 2426.93, 2454.17, 2474.1, 2564.9, 3229.17, 3337.3, 3467.67]"
48650,2286.7156666666665,3561.004907157258,1684.07659629861,1997.1989999999998,2210.1849999999999,2481.6309999999994,"[413.7, 1362.6, 1565.67, 1753.63, 1822.33, 1879.87, 1882.47, 1912.23, 1966.7, 2010.27, 2037.97, 2072.57, 2085.0, 2138.1, 2181.7, 2238.67, 2241.67, 2300.63, 2322.03, 2431.6, 2436.73, 2586.4, 2598.1, 2608.43, 2821.23, 2971.97, 3053.17, 3330.33, 3527.67, 4048.03]"
49000,2400.5518999999999,3738.2772245779925,1767.9125270887762,2132.54,2411.5999999999999,2654.3380000000002,"[461.467, 1609.57, 1858.67, 1889.43, 1891.4, 1906.57, 1911.63, 2034.03, 2114.83, 2140.13, 2159.1, 2250.03, 2327.93, 2354.13, 2372.23, 2450.97, 2468.9, 2511.87, 2516.03, 2544.97, 2652.07, 2659.63, 2802.03, 2900.37, 2907.87, 2971.87, 2987.93, 3122.43, 3507.67, 3730.8]"
49350,2121.1215666666667,3303.1322685550726,1562.1230222884039,1984.3910000000001,2169.75,2345.0700000000002,"[395.767, 1411.57, 1468.4, 1576.7, 1609.63, 1641.9, 1753.8, 1784.6, 1978.7, 1986.83, 2024.27, 2045.33, 2103.5, 2125.27, 2134.43, 2205.07, 2236.6, 2294.9, 2297.67, 2330.57, 2342.67, 2350.67, 2414.03, 2418.2, 2444.37, 2687.6, 2739.73, 2838.0, 2869.07, 3123.8]"
49700,2265.5175666666669,3527.9940089407582,1668.4650252509357,2016.3099999999999,2297.8500000000004,2551.98,"[453.367, 1583.07, 1616.17, 1653.1, 1683.63, 1814.87, 1842.4, 1964.23, 1968.43, 2036.83, 2064.1, 2167.07, 2262.13, 2267.4, 2288.17, 2307.53, 2314.87, 2359.97, 2482.67, 2492.9, 2541.9, 2575.5, 2579.03, 2608.6, 2738.4, 2979.2, 3015.9, 3053.93, 3108.33, 3141.83]"
50050,2166.3875666666668,3373.6230822915918,1595.4596597721429,2001.25,2134.3500000000004,2426.3600000000001,"[367.967, 1377.63, 1390.27, 1529.57, 1610.0, 1610.73, 1891.77, 1947.9, 1995.23, 2003.83, 2099.93, 2109.63, 2110.23, 2112.2, 2126.3, 2142.4, 2183.37, 2189.67, 2216.67, 2333.23, 2425.7, 2427.9, 2438.47, 2646.67, 2654.37, 2706.93, 2851.23, 3108.43, 3126.47, 3256.93]"
50400,2278.4475666666667,3548.1293471993449,1677.9874642264303,2135.6700000000001,2349.3649999999998,2529.8600000000001,"[383.567, 1454.7, 1786.33, 1827.47, 1949.1, 1959.47, 2005.63, 2041.2, 2128.53, 2138.73, 2159.3, 2177.53, 2202.1, 2224.4, 2327.6, 2371.13, 2406.57, 2424.7, 2437.4, 2494.97, 2525.93, 2539.03, 2623.73, 2634.2, 2645.2, 2645.87, 2803.5, 2889.27, 3061.0, 3085.27]"
50750,2263.1884333333337,3524.3669488080432,1666.7497097031819,2074.6599999999999,2352.335,2537.299,"[364.633, 1310.73, 1629.7, 1818.13, 1820.2, 1843.97, 1974.3, 2006.3, 2052.47, 2084.17, 2110.8, 2113.37, 2217.13, 2254.5, 2326.77, 2377.9, 2403.47, 2430.9, 2484.67, 2499.07, 2532.07, 2549.5, 2608.33, 2664.27, 2670.67, 2727.4, 2788.63, 2958.97, 3111.83, 3160.8]"
51100,2323.7596666666668,3618.6919505022779,1711.3580525560137,2108.2710000000002,2284.165,2615.3209999999999,"[486.3, 1229.63, 1560.4, 1770.27, 1952.33, 1988.2, 2025.1, 2072.0, 2082.0, 2119.53, 2132.57, 2172.4, 2183.33, 2219.23, 2266.33, 2302.0, 2306.8, 2417.03, 2540.5, 2548.07, 2608.1, 2632.17, 2776.53, 2794.8, 2885.87, 2935.8, 2956.7, 3133.0, 3243.27, 3372.53]"
51450,2413.7056666666667,3758.7610251354449,1777.5997614570074,2226.5679999999998,2428.6149999999998,2600.79,"[306.7, 1662.13, 1759.97, 1897.4, 2057.07, 2071.97, 2077.43, 2147.3, 2157.03, 2256.37, 2272.67, 2357.03, 2385.47, 2397.8, 2419.43, 2437.8, 2523.63, 2545.13, 2550.6, 2568.87, 2600.4, 2601.7, 2624.6, 2667.3, 2725.4, 3031.23, 3202.83, 3240.77, 3322.77, 3542.37]"
51800,2256.0500000000002,3513.2505706330203,1661.4925329207144,2036.3390000000002,2272.2349999999997,2581.6309999999999,"[411.3, 1705.6, 1725.4, 1749.17, 1773.83, 1786.27, 1951.2, 2017.93, 2033.63, 2037.5, 2114.43, 2141.17, 2154.67, 2223.5, 2260.47, 2284.0, 2290.47, 2371.13, 2387.57, 2477.0, 2561.3, 2629.07, 2629.9, 2653.9, 2669.93, 2759.57, 2889.0, 2903.13, 3027.23, 3062.23]"
52150,2175.7243333333336,3388.162831330636,1602.335823021313,1981.9690000000001,2155.9850000000001,2394.1099999999997,"[383.1, 1631.8, 1676.53, 1685.13, 1811.4, 1923.17, 1938.7, 1968.6, 1981.43, 1982.2, 1982.8, 2025.03, 2093.67, 2120.37, 2136.07, 2175.9, 2209.27, 2257.13, 2263.4, 2353.3, 2354.63, 2486.23, 2491.57, 2539.27, 2579.37, 2679.93, 2753.9, 2858.27, 2955.73, 2973.83]"
52500,2355.936666666667,3668.7998220526683,1735.0551537868332,2144.3180000000002,2399.4349999999999,2573.0799999999999,"[366.5, 1541.03, 1617.87, 1847.7, 1992.63, 2068.9, 2072.2, 2072.43, 2108.73, 2159.57, 2193.7, 2341.13, 2344.3, 2344.43, 2398.77, 2400.1, 2505.77, 2506.2, 2510.5, 2544.13, 2559.07, 2605.77, 2673.37, 2700.17, 2759.63, 2798.57, 2813.43, 3064.93, 3146.77, 3619.8]"
52850,2331.4919,3630.7330281249365,1717.0525397997067,2016.018,2331.585,2660.1289999999999,"[419.267, 1487.93, 1661.5, 1719.7, 1766.17, 1850.2, 1887.93, 1994.6, 1997.23, 2024.07, 2032.87, 2087.3, 2126.03, 2178.57, 2313.67, 2349.5, 2453.47, 2469.5, 2496.97, 2553.23, 2637.17, 2713.7, 2845.63, 2925.4, 2951.23, 3016.43, 3032.83, 3159.2, 3244.23, 3549.23]"
53200,2311.8622333333333,3600.1645843324668,1702.5960585203072,2113.8209999999999,2386.4300000000003,2648.3179999999998,"[386.967, 1505.1, 1593.37, 1601.9, 1754.37, 1766.23, 1923.13, 2042.47, 2098.4, 2120.43, 2136.63, 2148.67, 2320.83, 2343.6, 2377.73, 2395.13, 2407.87, 2424.57, 2529.9, 2610.57, 2640.77, 2665.93, 2727.87, 2765.33, 2789.0, 2853.33, 2897.93, 2909.5, 2928.47, 3689.87]"
53550,2253.9433333333336,3509.9699483645422,1659.9410553665739,2054.8389999999999,2275.75,2441.6079999999997,"[520.7, 1337.2, 1431.93, 1614.2, 1693.33, 1933.2, 1992.43, 2029.47, 2031.2, 2064.97, 2090.57, 2112.43, 2205.43, 2216.23, 2269.1, 2282.4, 2296.33, 2301.9, 2343.1, 2358.87, 2438.47, 2448.93, 2560.37, 2596.73, 2612.1, 2691.0, 2709.47, 3106.3, 3502.07, 3827.87]"
53900,2323.7491,3618.6754954823546,1711.3502706195477,2028.712,2174.6849999999999,2739.799,"[387.833, 1522.97, 1570.9, 1765.6, 1815.17, 1906.87, 1950.23, 2007.8, 2015.37, 2034.43, 2060.53, 2104.37, 2105.0, 2118.93, 2173.5, 2175.87, 2234.63, 2352.37, 2528.73, 2700.53, 2731.3, 2759.63, 2794.0, 2796.0, 2834.93, 2858.67, 2992.27, 3040.77, 3309.9, 4063.37]"
54250,2234.8919999999998,3480.302118438497,1645.9104939536981,2092.6019999999999,2314.7349999999997,2513.75,"[461.4, 1380.33, 1537.1, 1560.93, 1761.0, 1830.3, 1919.8, 1949.9, 2009.47, 2128.23, 2128.9, 2247.0, 2280.3, 2297.27, 2309.7, 2319.77, 2336.8, 2340.77, 2438.37, 2499.33, 2505.8, 2532.3, 2539.93, 2553.33, 2676.8, 2684.7, 2760.97, 2878.93, 2991.43, 3185.9]"
54600,2292.6177666666667,3570.1959960927575,1688.4232619658392,2164.0300000000002,2318.9499999999998,2545.4290000000001,"[288.333, 1474.13, 1790.87, 1829.1, 1838.8, 2003.67, 2021.53, 2093.97, 2141.77, 2173.57, 2186.13, 2220.23, 2244.97, 2286.6, 2311.13, 2326.77, 2340.57, 2388.87, 2408.7, 2504.17, 2537.5, 2563.93, 2703.9, 2729.03, 2730.1, 2762.93, 2860.53, 2899.6, 3002.3, 3114.83]"
54950,2245.1448999999998,3496.2685228956866,1653.4613535493554,1990.46,2306.6700000000001,2473.5590000000002,"[498.767, 1604.4, 1697.2, 1705.3, 1856.07, 1881.27, 1958.17, 1967.87, 1970.3, 1999.1, 2089.47, 2092.3, 2164.1, 2201.07, 2281.27, 2332.07, 2354.43, 2410.73, 2461.83, 2469.3, 2471.0, 2479.53, 2506.97, 2597.17, 2625.1, 2722.63, 2744.4, 2783.93, 2858.47, 3570.13]"
55300,2324.1580000000004,3619.3122580356367,1711.6514094669628,2194.8809999999999,2360.8999999999996,2525.201,"[532.9, 1539.53, 1647.6, 1693.93, 1869.27, 1970.4, 2016.87, 2179.77, 2186.6, 2198.43, 2199.33, 2203.1, 2296.7, 2299.6, 2357.37, 2364.43, 2376.73, 2403.07, 2475.07, 2517.4, 2519.33, 2538.9, 2592.7, 2699.27, 2728.27, 2841.1, 2889.0, 2947.27, 3242.1, 3398.7]"
55650,2185.8301000000001,3403.9001113148338,1609.7783246751351,1852.95,2080.585,2492.3019999999997,"[430.133, 1542.63, 1582.2, 1597.3, 1645.6, 1670.13, 1712.4, 1788.77, 1845.67, 1856.07, 1890.07, 1890.7, 1948.33, 2016.07, 2031.77, 2129.4, 2265.43, 2275.77, 2358.13, 2412.4, 2477.23, 2527.47, 2554.3, 2746.6, 2751.37, 2870.3, 2903.93, 3185.9, 3212.2, 3456.63]"
56000,2250.6259,3504.8038507375518,1657.4978955466245,1974.692,2236.085,2603.1119999999996,"[562.867, 1078.8, 1306.0, 1435.8, 1580.53, 1720.07, 1806.57, 1909.0, 1933.77, 1992.23, 2013.87, 2055.53, 2125.17, 2148.17, 2220.27, 2251.9, 2288.17, 2310.53, 2447.53, 2527.53, 2559.63, 2704.57, 2721.53, 2823.77, 2851.87, 3051.5, 3095.47, 3125.13, 3194.37, 3676.63]"
56350,2210.0890999999997,3441.6776187251239,1627.6441287823679,1851.2020000000002,2198.2849999999999,2539.9879999999994,"[536.733, 1168.0, 1483.77, 1488.97, 1537.5, 1787.87, 1796.1, 1829.03, 1829.67, 1860.43, 1902.27, 1966.0, 2009.57, 2162.5, 2166.37, 2230.2, 2273.77, 2306.6, 2326.37, 2406.13, 2500.97, 2631.03, 2787.93, 2896.93, 2900.83, 2941.1, 2984.03, 3092.33, 3128.57, 3371.1]"
56700,2243.4752333333331,3493.668422113597,1652.2317093929169,1968.1190000000001,2208.9499999999998,2582.0879999999997,"[546.267, 1427.13, 1523.1, 1537.9, 1679.33, 1833.83, 1947.73, 1950.77, 1959.6, 1971.77, 2081.6, 2101.23, 2152.43, 2196.17, 2207.7, 2210.2, 2225.67, 2253.57, 2283.5, 2330.7, 2550.27, 2656.33, 2735.93, 2804.73, 2879.97, 2881.47, 2896.2, 3002.33, 3234.63, 3242.2]"
57050,2295.9490999999998,3575.3837395976898,1690.8766585918015,2193.5,2337.8299999999999,2574.9110000000001,"[597.133, 1663.87, 1684.53, 1694.97, 1726.3, 1793.93, 1840.77, 1867.0, 2141.0, 2216.0, 2227.83, 2227.83, 2229.4, 2266.63, 2332.63, 2343.03, 2360.93, 2427.37, 2506.77, 2545.7, 2574.83, 2575.1, 2580.33, 2715.6, 2719.3, 2767.6, 2975.63, 2983.03, 3135.03, 3158.4]"
57400,2262.9380000000001,3523.9769596450192,1666.5652753540637,1926.1010000000001,2186.6500000000001,2488.9889999999996,"[587.0, 1705.13, 1732.93, 1812.9, 1818.13, 1839.83, 1841.43, 1875.83, 1884.5, 1943.93, 1992.33, 2003.13, 2097.7, 2105.43, 2127.63, 2245.67, 2295.67, 2297.5, 2355.03, 2429.1, 2478.0, 2514.63, 2683.17, 2831.1, 2861.5, 2892.77, 2997.2, 3046.27, 3288.1, 3304.6]"
57750,2264.6242333333334,3526.6028589914672,1667.8071202121544,2022.3620000000001,2281.27,2431.7309999999998,"[842.567, 1388.1, 1630.33, 1631.53, 1705.57, 1820.7, 1822.93, 1930.23, 1995.37, 2033.93, 2110.9, 2112.5, 2170.2, 2172.63, 2256.47, 2306.07, 2345.67, 2360.33, 2366.3, 2368.93, 2427.6, 2441.37, 2573.5, 2583.1, 2592.27, 2744.3, 2760.2, 2765.87, 3740.43, 3938.83]"
58100,2134.2685666666666,3323.6055316707448,1571.8052732714534,1922.1280000000002,2160.1999999999998,2350.6189999999997,"[754.767, 1467.0, 1600.9, 1650.77, 1812.03, 1818.4, 1826.4, 1844.43, 1868.13, 1945.27, 1990.1, 1991.43, 2072.97, 2105.53, 2136.33, 2184.07, 2200.43, 2213.1, 2233.23, 2316.0, 2345.87, 2361.7, 2405.83, 2405.97, 2474.37, 2551.1, 2679.37, 2785.83, 2970.13, 3016.6]"
58450,2275.9749000000002,3544.278768720299,1676.1664419959529,2080.4989999999998,2211.2199999999998,2652.0219999999999,"[706.567, 1284.53, 1433.17, 1754.63, 1786.27, 1823.07, 1856.37, 1985.23, 2024.8, 2104.37, 2141.47, 2153.0, 2187.97, 2188.5, 2210.47, 2211.97, 2212.57, 2350.43, 2409.43, 2568.83, 2644.93, 2668.57, 2686.17, 2711.4, 2839.6, 2871.77, 2957.3, 3060.8, 3163.23, 3281.83]"
58800,2191.4818999999998,3412.7014187216305,1613.9406541880273,1842.5699999999999,2167.1849999999999,2428.1199999999999,"[943.967, 1342.53, 1572.6, 1662.83, 1679.5, 1747.9, 1787.0, 1798.3, 1833.47, 1846.47, 1972.83, 1980.23, 1999.47, 2052.13, 2145.2, 2189.17, 2300.63, 2306.33, 2362.47, 2384.8, 2393.17, 2509.67, 2579.73, 2686.0, 2700.83, 2790.13, 2843.43, 3004.0, 3078.57, 3251.1]"
59150,2385.0051000000003,3714.0668551395861,1756.4629173235619,2109.5589999999997,2357.1149999999998,2587.3319999999999,"[662.833, 1548.07, 1597.87, 1856.2, 1920.0, 1998.9, 2043.7, 2084.0, 2096.63, 2115.1, 2141.27, 2162.23, 2236.83, 2261.73, 2336.13, 2378.1, 2453.37, 2463.4, 2463.73, 2548.53, 2568.93, 2630.27, 2705.93, 2749.9, 3134.07, 3175.8, 3178.93, 3264.6, 3324.1, 3449.0]"
59500,2283.9668999999999,3556.7243699084365,1682.0522372234975,2102.25,2339.1499999999996,2634.3999999999996,"[884.867, 1558.2, 1648.47, 1689.67, 1736.03, 1852.97, 1964.37, 2089.07, 2089.37, 2107.77, 2134.13, 2173.87, 2291.5, 2302.87, 2337.93, 2340.37, 2343.73, 2362.5, 2416.93, 2523.03, 2628.97, 2647.07, 2680.83, 2693.53, 2735.5, 2753.73, 2800.73, 2808.0, 2951.13, 2971.87]"
59850,2320.3492333333334,3613.3810279365371,1708.8464018756845,1986.25,2353.2650000000003,2639.3609999999999,"[754.067, 1182.1, 1584.3, 1639.33, 1733.0, 1864.7, 1876.2, 1924.13, 1976.73, 1990.33, 2068.63, 2188.83, 2240.4, 2314.8, 2336.53, 2370.0, 2418.93, 2430.0, 2499.87, 2537.87, 2620.83, 2682.6, 2705.67, 2730.93, 2812.7, 2962.63, 2992.7, 3011.07, 3491.57, 3669.03]"
60200,2410.9866666666667,3754.5268422487397,1775.5973243669553,2148.4580000000001,2329.0999999999999,2731.5919999999996,"[1243.57, 1577.03, 1594.03, 1650.2, 1896.97, 1956.77, 2047.53, 2138.83, 2144.23, 2150.27, 2161.4, 2179.9, 2182.43, 2217.17, 2290.5, 2367.7, 2433.2, 2455.53, 2498.53, 2527.1, 2702.03, 2800.57, 2825.7, 2832.6, 3010.37, 3153.57, 3186.5, 3263.3, 3350.4, 3491.67]"
60550,2303.9740000000002,3587.8805745544832,1696.7866833817823,2146.2079999999996,2285.7650000000003,2518.5,"[1117.87, 1539.87, 1738.87, 1764.27, 1789.5, 1914.2, 1942.47, 2083.03, 2144.43, 2146.97, 2149.6, 2193.83, 2199.23, 2215.47, 2238.03, 2333.5, 2348.0, 2448.07, 2466.77, 2487.0, 2512.17, 2533.27, 2607.2, 2669.1, 2739.9, 2750.27, 2804.73, 2898.4, 3099.73, 3243.47]"
60900,2489.6789999999996,3877.071061121449,1833.551148187988,2151.4389999999999,2435.2150000000001,2709.6309999999999,"[1571.37, 1637.7, 1816.47, 1920.3, 2032.6, 2033.4, 2046.97, 2109.4, 2146.7, 2153.47, 2171.4, 2213.53, 2220.73, 2230.73, 2403.23, 2467.2, 2513.0, 2570.17, 2583.87, 2626.47, 2696.8, 2739.57, 2770.23, 2912.2, 2959.13, 3270.07, 3286.13, 3401.17, 3484.93, 3701.43]"
61250,2429.7936666666665,3783.8141822819371,1789.4479438419846,2255.3400000000001,2408.5500000000002,2573.0389999999998,"[1213.03, 1486.0, 1983.53, 2041.8, 2215.57, 2218.0, 2247.27, 2250.93, 2251.0, 2257.2, 2327.6, 2328.37, 2333.93, 2363.87, 2401.47, 2415.63, 2439.5, 2501.67, 2554.3, 2563.23, 2572.37, 2574.6, 2580.67, 2655.33, 2703.17, 2827.9, 2995.93, 3058.07, 3204.3, 3327.57]"
61600,2416.1059999999998,3762.4989619954617,1779.3675130182999,2129.9290000000001,2328.0999999999999,2750.1880000000001,"[1334.47, 1406.73, 1599.87, 1620.5, 1808.57, 2050.93, 2093.93, 2094.2, 2117.7, 2135.17, 2142.73, 2165.37, 2216.47, 2266.87, 2287.93, 2368.27, 2571.6, 2577.93, 2675.13, 2711.0, 2733.97, 2788.03, 2795.2, 2880.27, 2951.47, 3174.87, 3192.5, 3206.47, 3212.13, 3302.9]"
61950,2291.0926666666664,3567.8210228229837,1687.3000855016835,2013.999,2278.8850000000002,2584.1999999999998,"[1582.03, 1592.37, 1631.93, 1678.97, 1702.1, 1813.13, 1907.73, 1995.9, 1998.13, 2020.8, 2022.17, 2046.17, 2054.73, 2187.87, 2261.4, 2296.37, 2408.27, 2445.17, 2468.6, 2482.27, 2577.0, 2601.0, 2711.23, 2752.97, 2799.07, 2825.7, 2860.2, 2938.47, 2979.33, 3091.7]"
62300,2375.8530000000001,3699.8146796348365,1749.7227538473342,2157.2820000000002,2358.2349999999997,2671.7980000000002,"[1074.87, 1318.13, 1388.63, 1409.9, 1463.0, 1652.93, 1923.57, 2093.1, 2115.17, 2175.33, 2225.57, 2263.67, 2320.93, 2322.07, 2325.0, 2391.47, 2465.33, 2477.63, 2652.43, 2657.53, 2667.07, 2682.83, 2699.8, 2836.37, 2853.47, 2994.73, 3263.2, 3283.53, 3360.1, 3918.23]"
62650,2312.0789999999997,3600.5021458294896,1702.7556986869934,2130.5299999999997,2254.1499999999996,2526.1399999999999,"[1174.8, 1530.47, 1670.43, 1765.0, 1874.03, 1897.67, 1910.93, 1949.67, 2011.53, 2181.53, 2198.27, 2211.6, 2219.2, 2252.37, 2252.6, 2255.7, 2277.27, 2335.47, 2446.03, 2498.93, 2522.27, 2535.17, 2609.07, 2696.53, 2701.53, 2728.23, 2828.87, 3073.27, 3300.03, 3453.9]"
63000,2455.6446666666666,3824.0708434824578,1808.4861936451953,2175.3319999999999,2311.0650000000001,2585.8999999999996,"[1541.9, 1599.5, 1788.7, 1838.23, 2041.37, 2058.83, 2123.57, 2147.93, 2158.77, 2182.43, 2195.7, 2208.1, 2232.7, 2245.27, 2310.1, 2312.03, 2328.37, 2393.8, 2407.77, 2456.87, 2579.27, 2601.37, 2613.5, 2747.53, 2806.8, 2909.1, 3158.13, 3192.2, 3663.83, 4825.67]"
63350,2556.451333333333,3981.0527717155546,1882.7263585064768,2269.6419999999998,2529.5799999999999,2840.8000000000002,"[1243.2, 1567.47, 1714.2, 1783.57, 1924.3, 2232.27, 2233.6, 2243.57, 2261.97, 2272.93, 2379.5, 2469.67, 2474.4, 2479.47, 2527.53, 2531.63, 2637.2, 2638.6, 2668.4, 2752.97, 2812.03, 2907.93, 2940.97, 2991.2, 3137.33, 3193.67, 3237.23, 3414.93, 3504.77, 3517.03]"
63700,2392.2799999999997,3725.3957470419364,1761.8205964653116,2086.1890000000003,2456.6000000000004,2642.8509999999997,"[1572.53, 1658.13, 1661.6, 1681.17, 1794.73, 1854.63, 1865.1, 1923.07, 2041.13, 2105.5, 2155.13, 2246.9, 2305.5, 2341.17, 2391.03, 2522.17, 2522.77, 2530.53, 2539.0, 2595.27, 2619.73, 2696.8, 2748.47, 2778.83, 2784.97, 2796.2, 3113.0, 3115.47, 3116.27, 3691.6]"
64050,2291.9863333333333,3569.2126918580771,1687.9582360274198,2023.5900000000001,2260.5299999999997,2558.3589999999999,"[1560.87, 1586.4, 1677.13, 1804.53, 1811.1, 1862.7, 1894.97, 1920.5, 2012.67, 2028.27, 2050.47, 2126.13, 2172.17, 2181.13, 2244.33, 2276.73, 2283.4, 2331.83, 2459.1, 2509.4, 2541.4, 2597.93, 2652.93, 2660.57, 2752.47, 2766.6, 2786.43, 2929.03, 2942.37, 3336.03]"
64400,2289.6006666666667,3565.4975947733474,1686.2012858921371,2006.932,2262.5500000000002,2529.8590000000004,"[1338.93, 1498.8, 1698.07, 1791.1, 1817.33, 1879.1, 1884.63, 1934.43, 1989.67, 2014.33, 2045.07, 2047.1, 2068.13, 2122.43, 2245.8, 2279.3, 2293.93, 2426.57, 2455.8, 2499.83, 2522.5, 2547.03, 2620.5, 2720.07, 2760.13, 2771.67, 2893.47, 3050.9, 3213.57, 3257.83]"
64750,2577.0833333333335,4013.1821065145618,1897.9210190588674,2142.1210000000001,2589.085,2874.2799999999997,"[1547.1, 1605.77, 1678.8, 1943.3, 2017.7, 2024.27, 2093.6, 2093.8, 2105.7, 2157.73, 2228.13, 2290.93, 2340.7, 2371.4, 2571.0, 2607.17, 2675.87, 2685.77, 2705.37, 2713.63, 2868.73, 2887.23, 2907.8, 2988.9, 3088.43, 3116.87, 3157.83, 3160.03, 4114.87, 4564.07]"
65100,2404.3343333333332,3744.1674468987367,1770.6981412106277,2229.2620000000002,2394.5650000000001,2613.4299999999998,"[1474.1, 1536.67, 1758.7, 1895.23, 1939.87, 1946.33, 1964.67, 2127.37, 2219.07, 2233.63, 2252.87, 2286.6, 2349.0, 2350.1, 2379.4, 2409.73, 2417.2, 2521.37, 2597.43, 2599.63, 2606.83, 2628.83, 2747.23, 2875.7, 2887.57, 2907.2, 2945.23, 3005.5, 3096.3, 3170.67]"
65450,2310.5973333333332,3598.1948094397139,1701.6645091730447,2072.1910000000003,2303.8299999999999,2472.5499999999997,"[1466.8, 1546.5, 1553.2, 1695.17, 1767.27, 1829.1, 2012.7, 2035.8, 2071.4, 2072.53, 2099.0, 2164.93, 2184.13, 2217.67, 2262.53, 2345.13, 2351.23, 2387.2, 2435.8, 2444.63, 2458.87, 2504.47, 2662.6, 2683.43, 2746.27, 2779.83, 2835.77, 3057.43, 3178.13, 3468.4]"
65800,2477.8343333333332,3858.6258662340911,1824.8280147372218,2204.0989999999997,2427.1999999999998,2673.1399999999999,"[1673.97, 1777.1, 1854.5, 1995.43, 2028.6, 2094.87, 2129.8, 2131.87, 2140.7, 2231.27, 2253.67, 2322.4, 2366.53, 2407.47, 2410.63, 2443.77, 2482.2, 2493.73, 2531.17, 2597.87, 2665.67, 2690.57, 2777.0, 2825.03, 2858.37, 2862.37, 3018.07, 3131.83, 3145.07, 3993.5]"
66150,2372.4789999999998,3694.5604931472512,1747.2379348911606,2173.299,2392.8299999999999,2617.2589999999996,"[1238.17, 1534.3, 1694.9, 1745.7, 1756.23, 1857.03, 2092.73, 2128.4, 2132.23, 2190.9, 2208.6, 2210.27, 2310.67, 2320.07, 2377.43, 2408.23, 2447.87, 2465.43, 2490.37, 2493.7, 2599.37, 2659.0, 2669.37, 2769.77, 2804.57, 2901.93, 2907.33, 2997.47, 3271.43, 3490.9]"
66500,2449.5166666666669,3814.5279700989604,1803.9731614687198,2201.52,2337.6849999999999,2798.078,"[1334.3, 1338.07, 1701.77, 1837.07, 1913.57, 2018.23, 2069.0, 2087.93, 2175.27, 2212.77, 2259.03, 2272.93, 2278.2, 2290.1, 2301.5, 2373.87, 2478.63, 2523.23, 2727.3, 2776.63, 2789.57, 2817.93, 2857.73, 2871.93, 2916.17, 3144.03, 3175.17, 3254.47, 3325.87, 3363.23]"
66850,2388.6763333333333,3719.7839104367913,1759.1666369973025,2200.3879999999999,2380.2649999999999,2507.4219999999996,"[1650.8, 1821.6, 1832.2, 1865.43, 2013.57, 2051.57, 2094.7, 2154.23, 2184.33, 2207.27, 2237.0, 2265.33, 2302.0, 2350.53, 2373.33, 2387.2, 2408.0, 2415.2, 2446.37, 2453.7, 2454.73, 2630.37, 2670.83, 2749.7, 2768.93, 2788.83, 2804.1, 2953.77, 2995.1, 3329.57]"
67200,2332.1306666666665,3631.72775224726,1717.5229664511307,2108.239,2325.0650000000001,2534.9599999999996,"[1391.2, 1528.5, 1647.57, 1864.53, 1881.37, 1930.53, 1972.07, 2044.9, 2106.93, 2108.8, 2135.4, 2174.03, 2235.77, 2252.27, 2267.83, 2382.3, 2383.53, 2403.53, 2444.77, 2479.1, 2500.43, 2615.53, 2638.1, 2685.5, 2736.1, 2803.93, 2820.47, 3005.03, 3149.93, 3373.97]"
67550,2355.7399999999998,3668.4935614295027,1734.9103164835192,2126.299,2335.4849999999997,2525.6399999999999,"[1668.93, 1694.6, 1700.4, 1751.73, 1942.5, 2011.23, 2036.67, 2096.13, 2121.63, 2128.3, 2140.4, 2192.3, 2222.23, 2308.27, 2335.47, 2335.5, 2346.2, 2412.9, 2414.13, 2476.47, 2521.77, 2534.67, 2538.2, 2540.03, 2574.23, 2768.6, 3009.57, 3037.2, 3229.67, 3582.27]"
67900,2388.3190000000004,3719.2274504570755,1758.9034749817904,2078.0919999999996,2302.415,2679.5689999999995,"[1672.97, 1737.47, 1743.17, 1860.53, 1895.8, 1910.63, 1943.17, 1999.1, 2043.47, 2092.93, 2106.33, 2162.47, 2182.9, 2193.37, 2286.43, 2318.4, 2364.2, 2552.4, 2578.5, 2613.4, 2659.97, 2725.3, 2758.87, 2763.57, 2836.83, 2882.8, 2889.43, 3197.63, 3208.3, 3469.23]"
68250,2489.047,3876.0868744409067,1833.0857049217461,2299.8299999999999,2439.085,2650.3299999999999,"[1481.37, 1946.7, 1958.07, 2035.23, 2093.83, 2099.9, 2129.33, 2134.6, 2207.57, 2339.37, 2371.23, 2373.2, 2378.23, 2419.57, 2429.1, 2449.07, 2472.73, 2494.2, 2512.0, 2572.5, 2637.37, 2680.57, 2918.57, 2950.13, 2986.9, 2991.7, 3030.87, 3074.83, 3078.07, 3424.6]"
68600,2458.2636666666667,3828.1493006285705,1810.4149846488165,2276.0599999999999,2420.2799999999997,2713.21,"[1661.67, 1776.47, 1792.17, 1858.1, 1875.47, 1968.17, 2040.5, 2172.47, 2192.9, 2311.7, 2383.03, 2384.4, 2401.57, 2404.73, 2418.73, 2421.83, 2474.37, 2521.6, 2571.4, 2692.73, 2711.8, 2716.5, 2784.2, 2799.43, 2827.87, 2913.67, 2951.83, 3091.8, 3126.4, 3500.4]"
68950,2530.1576666666665,3940.1067645700123,1863.3621020273329,2379.9610000000002,2559.9349999999999,2769.9709999999995,"[1635.53, 1710.13, 1853.1, 2003.1, 2008.33, 2069.67, 2122.63, 2289.7, 2372.1, 2383.33, 2425.93, 2505.57, 2528.5, 2536.6, 2537.37, 2582.5, 2612.1, 2626.13, 2659.27, 2744.67, 2757.2, 2799.77, 2841.67, 2897.83, 2898.97, 2983.13, 3069.93, 3100.37, 3105.57, 3244.03]"
69300,2580.3863333333334,4018.3257277263265,1900.3535492936746,2339.3010000000004,2536.085,2761.8009999999999,"[1372.77, 1802.4, 1824.6, 2059.2, 2106.73, 2130.8, 2218.7, 2302.33, 2330.6, 2343.03, 2397.13, 2418.7, 2449.53, 2457.97, 2525.97, 2546.2, 2596.53, 2598.3, 2649.33, 2683.6, 2746.0, 2798.67, 2810.07, 2892.03, 3056.17, 3125.53, 3165.6, 3567.6, 3698.13, 3737.37]"
69650,2468.7153333333335,3844.4252359494781,1818.1122281156031,2232.2479999999996,2448.7200000000003,2618.2179999999998,"[1663.8, 1769.8, 1847.37, 1884.33, 1990.6, 2070.5, 2197.4, 2199.57, 2205.13, 2243.87, 2324.67, 2349.7, 2375.33, 2413.33, 2436.87, 2460.57, 2522.43, 2572.8, 2592.1, 2602.73, 2606.77, 2644.93, 2647.87, 2673.13, 2762.6, 2945.33, 2978.0, 3061.8, 3463.3, 3554.83]"
70000,2458.885666666667,3829.1179147350549,1810.8730633064158,2216.8319999999999,2476.9499999999998,2777.5410000000002,"[1463.2, 1602.63, 1608.8, 1677.87, 1949.53, 2007.8, 2132.9, 2179.17, 2215.67, 2217.33, 2228.97, 2235.57, 2264.2, 2342.27, 2472.07, 2481.83, 2585.77, 2591.5, 2705.07, 2736.6, 2760.63, 2817.0, 2878.2, 2928.23, 2949.13, 2969.23, 3024.2, 3156.9, 3242.5, 3341.8]"
70350,2384.9676666666664,3714.0085618040239,1756.4353491385411,1987.0,2271.3800000000001,2828.8090000000002,"[1459.47, 1641.73, 1703.33, 1728.73, 1824.27, 1874.77, 1890.43, 1915.97, 1974.4, 1992.4, 2067.93, 2169.1, 2232.2, 2254.57, 2257.53, 2285.23, 2356.97, 2423.67, 2441.43, 2655.37, 2819.8, 2849.83, 2894.63, 2922.97, 2940.57, 2974.83, 2990.47, 3085.1, 3187.1, 3734.23]"
70700,2474.4526666666666,3853.3597407730613,1822.337549581089,2164.2579999999998,2383.5500000000002,2717.4489999999996,"[1773.9, 1830.07, 1848.67, 1899.87, 1930.17, 1956.83, 2048.6, 2051.43, 2054.33, 2211.37, 2217.33, 2352.43, 2357.57, 2372.6, 2376.77, 2390.33, 2473.8, 2602.43, 2627.83, 2708.83, 2715.1, 2722.93, 2742.83, 2796.8, 2823.0, 2850.43, 3139.23, 3159.2, 3588.2, 3610.7]"
71050,2506.4236666666666,3903.1468172978311,1845.882939873861,2210.0199999999995,2384.8699999999999,2671.0619999999999,"[1522.43, 1565.3, 1790.6, 1911.0, 1941.77, 2045.1, 2075.47, 2091.93, 2163.47, 2229.97, 2256.5, 2268.87, 2281.03, 2370.33, 2374.87, 2394.87, 2574.87, 2587.57, 2602.1, 2604.2, 2643.63, 2735.07, 2772.67, 3057.23, 3119.83, 3141.03, 3329.13, 3398.37, 3659.67, 3683.83]"
71400,2447.3816666666667,3811.2032255373147,1802.4008175234235,2192.9200000000001,2474.6500000000001,2618.6799999999998,"[1517.03, 1690.93, 1792.23, 1882.13, 1945.63, 1955.13, 1998.9, 2065.97, 2169.4, 2203.0, 2321.5, 2337.4, 2421.03, 2456.5, 2459.53, 2489.77, 2503.3, 2509.93, 2553.23, 2599.5, 2605.27, 2649.97, 2726.97, 2859.47, 2988.8, 2998.33, 3131.4, 3135.27, 3225.33, 3228.6]"
71750,2439.6103333333331,3799.1012591500826,1796.6775346599354,2173.8800000000001,2364.5,2712.6209999999996,"[1623.13, 1655.2, 1683.73, 1804.0, 1965.6, 2035.73, 2081.1, 2122.07, 2166.6, 2177.0, 2195.17, 2206.77, 2210.93, 2277.17, 2333.37, 2395.63, 2443.63, 2594.3, 2635.0, 2669.2, 2680.23, 2788.2, 2824.13, 2851.83, 2988.6, 3056.73, 3065.5, 3106.83, 3231.9, 3319.03]"
72100,2436.2416666666668,3793.85537803533,1794.1966434950391,2155.9610000000002,2429.1350000000002,2764.0100000000002,"[1547.8, 1698.2, 1823.83, 1862.2, 1963.43, 1980.87, 2048.73, 2093.03, 2104.77, 2177.9, 2218.13, 2222.33, 2227.8, 2391.57, 2406.67, 2451.6, 2494.33, 2505.1, 2537.27, 2738.0, 2761.73, 2769.33, 2786.2, 2788.0, 2802.1, 2879.33, 2916.1, 2948.73, 2966.7, 3975.47]"
72450,2306.1113333333333,3591.2089527167427,1698.3607457357621,2021.5590000000002,2329.3699999999999,2554.8699999999999,"[1268.33, 1664.17, 1851.53, 1910.97, 1911.57, 1934.0, 1935.83, 1985.47, 2010.1, 2026.47, 2192.87, 2267.43, 2285.07, 2293.6, 2326.87, 2331.87, 2346.77, 2428.73, 2438.4, 2472.83, 2553.73, 2557.53, 2627.97, 2648.7, 2706.83, 2708.9, 2749.87, 2893.63, 2926.17, 2927.13]"
72800,2415.2083333333335,3761.101063930746,1778.7064166491064,2041.3209999999999,2304.75,2662.5589999999993,"[1526.1, 1613.67, 1648.3, 1718.73, 1797.63, 1919.63, 1921.27, 1934.53, 1967.87, 2072.8, 2098.17, 2142.37, 2238.87, 2280.07, 2294.5, 2315.0, 2388.87, 2464.63, 2503.6, 2506.2, 2594.27, 2821.9, 2831.23, 2993.97, 3050.73, 3135.87, 3306.8, 3318.57, 3429.0, 3621.1]"
73150,2483.6823333333332,3867.7327075439298,1829.1348378716914,2256.2809999999999,2459.585,2617.7999999999997,"[1727.07, 1783.9, 1883.47, 1972.5, 2081.87, 2088.0, 2100.57, 2215.13, 2251.5, 2258.33, 2266.1, 2270.4, 2360.93, 2444.47, 2448.57, 2470.6, 2494.53, 2517.73, 2569.53, 2577.3, 2599.23, 2661.13, 2661.87, 2767.03, 2838.47, 2857.07, 2973.4, 3319.7, 3396.4, 3653.67]"
73500,2462.1773333333335,3834.2438870295518,1813.2972469847609,2284.319,2528.6700000000001,2735.4279999999999,"[1416.17, 1510.9, 1544.0, 1718.2, 1917.17, 1968.4, 2152.4, 2187.27, 2208.53, 2316.8, 2411.5, 2469.07, 2510.53, 2512.8, 2518.57, 2538.77, 2559.37, 2564.87, 2580.83, 2670.77, 2729.77, 2748.63, 2837.17, 2857.37, 2896.27, 2972.43, 3028.17, 3152.33, 3171.03, 3195.23]"
73850,2376.7423333333336,3701.1996005545043,1750.3777130426583,1980.8400000000001,2339.5150000000003,2757.1399999999999,"[1468.73, 1616.83, 1693.07, 1785.7, 1812.77, 1845.67, 1885.97, 1917.3, 1964.53, 1987.83, 2043.93, 2145.93, 2213.53, 2215.57, 2306.53, 2372.5, 2416.6, 2417.53, 2489.13, 2576.43, 2751.83, 2769.53, 2813.13, 2914.33, 3032.53, 3058.67, 3097.6, 3109.67, 3191.7, 3387.2]"
74200,2592.3806666666665,4037.0039921387711,1909.186906387132,2238.6210000000001,2418.0299999999997,2846.6489999999999,"[1778.17, 1835.73, 1842.7, 1899.07, 1968.8, 2061.13, 2075.4, 2099.4, 2223.97, 2244.9, 2312.57, 2367.77, 2383.27, 2384.63, 2399.83, 2436.23, 2438.23, 2479.07, 2504.1, 2567.13, 2839.77, 2862.7, 3034.4, 3036.77, 3155.07, 3234.77, 3560.1, 3572.17, 3731.97, 4441.6]"
74550,2482.5039999999999,3865.8977392339502,1828.2670414865827,2130.7179999999998,2379.7849999999999,2794.9699999999998,"[1327.7, 1527.93, 1967.97, 1984.1, 2084.1, 2097.37, 2108.67, 2113.97, 2123.83, 2133.67, 2164.3, 2190.93, 2194.33, 2218.1, 2369.5, 2390.07, 2580.5, 2597.4, 2722.97, 2737.77, 2789.63, 2807.43, 2951.37, 2990.17, 3012.4, 3029.07, 3029.53, 3160.7, 3485.37, 3584.27]"
74900,2355.012666666667,3667.3609162095954,1734.3746639482133,1996.2089999999998,2188.2150000000001,2543.6899999999996,"[1475.23, 1807.3, 1868.67, 1878.17, 1914.17, 1916.2, 1944.77, 1969.7, 1974.53, 2005.5, 2056.17, 2061.0, 2103.33, 2120.4, 2155.53, 2220.9, 2307.23, 2399.2, 2445.13, 2457.1, 2531.87, 2571.27, 2759.5, 2799.1, 2833.87, 2989.37, 3051.17, 3237.4, 3278.6, 3518.0]"
75250,2464.0073333333335,3837.0936680823916,1814.6449703664437,2173.1300000000001,2428.02,2688.7079999999996,"[1802.0, 1802.63, 1832.67, 1841.4, 1978.93, 2076.83, 2111.5, 2140.03, 2147.93, 2183.93, 2224.77, 2266.37, 2286.67, 2368.5, 2404.07, 2451.97, 2549.93, 2590.83, 2639.6, 2664.73, 2673.87, 2723.33, 2767.73, 2837.63, 2886.3, 2978.6, 3022.57, 3048.87, 3096.13, 3519.9]"
75600,2369.4313333333334,3689.8144916597994,1744.9934476637065,2079.6990000000001,2418.665,2556.4609999999998,"[1672.5, 1707.9, 1767.87, 1789.43, 1962.47, 1979.03, 2025.27, 2046.67, 2057.6, 2089.17, 2156.9, 2356.87, 2363.53, 2401.1, 2412.5, 2424.83, 2437.8, 2466.8, 2470.07, 2476.83, 2547.23, 2578.0, 2656.0, 2716.0, 2731.93, 2752.17, 2856.57, 2887.03, 2946.3, 3346.57]"
75950,2485.9676666666664,3871.2915598022664,1830.8178964335887,2161.3710000000001,2406.4849999999997,2882.069,"[1289.8, 1637.27, 1697.93, 1834.7, 1991.53, 2006.6, 2033.5, 2100.87, 2108.5, 2184.03, 2206.57, 2207.37, 2221.2, 2255.07, 2350.37, 2462.6, 2538.63, 2715.97, 2838.47, 2860.17, 2872.07, 2905.4, 2979.4, 3086.9, 3088.6, 3131.67, 3176.07, 3187.67, 3261.0, 3349.1]"
76300,2337.4656666666665,3640.0357205078603,1721.4519851622108,2150.1000000000004,2368.4200000000001,2510.8300000000004,"[1551.1, 1588.1, 1822.73, 1849.83, 1893.67, 1899.17, 1977.43, 2005.57, 2128.4, 2159.4, 2240.37, 2287.67, 2313.63, 2323.5, 2362.97, 2373.87, 2444.0, 2452.97, 2502.27, 2504.73, 2510.53, 2511.53, 2523.87, 2588.33, 2590.5, 2668.93, 2672.67, 2882.8, 3093.2, 3400.23]"
76650,2473.2176666666664,3851.4365278767459,1821.4280204136694,2202.8209999999999,2347.4200000000001,2566.6989999999996,"[1402.1, 1572.73, 1616.53, 1631.63, 1940.37, 1978.0, 2009.77, 2013.53, 2159.4, 2221.43, 2305.27, 2326.2, 2327.73, 2329.33, 2332.97, 2361.87, 2378.87, 2386.33, 2390.03, 2510.6, 2529.37, 2653.8, 2859.97, 2867.5, 3350.4, 3466.6, 3467.33, 3472.07, 3501.43, 3833.37]"
77000,2419.6396666666669,3768.0017905821933,1781.9699202258075,2061.931,2457.9499999999998,2660.0010000000002,"[1410.87, 1727.9, 1774.1, 1780.63, 1812.63, 1814.73, 1902.7, 1959.8, 1971.4, 2100.73, 2169.9, 2253.1, 2322.2, 2350.1, 2456.2, 2459.7, 2470.2, 2600.7, 2615.7, 2616.4, 2652.9, 2676.57, 2691.37, 2903.17, 2953.03, 3045.93, 3226.33, 3246.03, 3295.17, 3329.0]"
77350,2502.5009999999997,3897.0382155801963,1842.9940493901379,2148.558,2374.3850000000002,2782.4400000000001,"[1564.13, 1610.33, 1652.33, 1679.93, 1936.63, 2001.87, 2095.67, 2105.23, 2138.03, 2153.07, 2226.1, 2244.97, 2308.97, 2312.67, 2343.9, 2404.87, 2521.67, 2562.6, 2609.03, 2683.1, 2781.6, 2784.4, 2809.2, 2827.7, 2829.97, 2999.13, 3560.13, 3738.17, 3740.13, 3849.5]"
77700,2530.085,3939.9936038651817,1863.3085858711931,2211.4290000000001,2455.0,2674.3299999999995,"[1710.73, 1878.1, 1960.4, 2001.0, 2070.0, 2081.63, 2100.3, 2161.2, 2162.73, 2232.3, 2245.23, 2270.67, 2282.63, 2407.27, 2413.1, 2496.9, 2528.63, 2561.8, 2572.6, 2606.37, 2631.43, 2774.43, 2863.6, 2875.1, 2902.73, 3058.4, 3063.83, 3119.97, 3686.27, 4183.2]"
78050,2296.7263333333331,3576.5940919621535,1691.4490605242368,1842.2099999999998,2207.8000000000002,2718.5909999999999,"[1344.23, 1614.77, 1646.4, 1646.4, 1649.43, 1736.33, 1761.83, 1762.93, 1795.17, 1862.37, 1941.8, 2028.53, 2039.43, 2081.43, 2164.23, 2251.37, 2262.37, 2338.3, 2406.07, 2484.3, 2709.93, 2738.8, 2778.73, 2784.0, 2812.73, 3113.77, 3125.83, 3174.87, 3257.37, 3588.07]"
78400,2522.2776666666668,3927.8355762113383,1857.5587904165909,2108.0799999999999,2390.0500000000002,2889.5309999999999,"[1601.6, 1951.33, 2003.8, 2012.57, 2018.57, 2021.63, 2030.5, 2070.7, 2076.23, 2121.73, 2182.6, 2188.3, 2264.37, 2314.77, 2363.33, 2416.77, 2513.1, 2763.17, 2766.9, 2870.77, 2871.63, 2931.3, 2959.3, 3018.9, 3039.63, 3068.63, 3072.83, 3332.3, 3339.1, 3481.97]"
78750,2429.9863333333333,3784.1142138754781,1789.5898353018413,2116.6790000000001,2406.25,2692.8699999999999,"[1396.87, 1618.2, 1771.77, 1788.7, 1814.63, 1828.17, 1979.2, 2014.57, 2103.4, 2122.37, 2203.73, 2318.97, 2325.37, 2345.1, 2404.37, 2408.13, 2467.57, 2603.1, 2604.0, 2679.47, 2686.57, 2707.57, 2772.33, 2889.13, 2969.47, 2997.77, 3008.2, 3039.63, 3137.83, 3893.4]"
79100,2501.913333333333,3896.1230673113155,1842.5612558888797,2215.0389999999998,2492.915,2748.1479999999997,"[1540.2, 1759.53, 1787.43, 1792.2, 2002.2, 2022.4, 2060.13, 2070.03, 2206.73, 2218.6, 2314.27, 2379.6, 2383.57, 2398.13, 2470.1, 2515.73, 2533.47, 2539.27, 2604.17, 2655.53, 2739.67, 2767.93, 2772.47, 2844.17, 2915.17, 3123.1, 3188.13, 3201.47, 3549.5, 3702.5]"
79450,2415.362333333333,3761.3408815712573,1778.8198316222099,2113.5889999999999,2353.8000000000002,2574.7699999999995,"[1630.77, 1768.9, 1778.57, 1805.07, 1830.93, 1870.4, 1987.4, 2053.83, 2101.43, 2118.8, 2190.0, 2245.1, 2282.4, 2287.53, 2327.17, 2380.43, 2432.73, 2464.93, 2514.47, 2549.23, 2550.5, 2631.4, 2727.1, 2751.57, 2895.3, 2913.9, 3164.4, 3199.67, 3502.67, 3504.27]"
79800,2433.6146666666668,3789.7644628299704,1792.2619608045036,2145.7179999999998,2356.8000000000002,2734.6110000000003,"[1649.97, 1666.1, 1882.77, 1961.0, 2045.0, 2049.5, 2082.9, 2105.53, 2134.63, 2150.47, 2192.4, 2205.43, 2211.43, 2290.57, 2316.73, 2396.87, 2533.0, 2566.9, 2636.43, 2683.53, 2732.13, 2740.4, 2792.27, 2805.27, 2916.17, 2934.83, 2991.97, 3017.4, 3120.57, 3196.27]"
