agents,meanScore,clow,chigh,Q1,Q2,Q3,means
500,2.9433320233333333,4.5835255914267305,2.167648845847721,1.323331,1.883335,4.0066689999999996,"[0.0333333, 0.0666667, 0.0666667, 0.1, 0.366667, 0.466667, 1.13333, 1.26667, 1.3, 1.33333, 1.5, 1.6, 1.7, 1.73333, 1.86667, 1.9, 2.1, 3.0, 3.13333, 3.26667, 3.96667, 4.1, 4.2, 4.4, 5.1, 6.23333, 7.03333, 7.4, 7.5, 10.4333]"
1000,7.3588875333333332,11.459682110639191,5.4195326731396323,2.3033299999999999,4.1833349999999996,8.3066689999999994,"[0.133333, 0.333333, 0.6, 1.16667, 1.46667, 1.66667, 1.73333, 1.83333, 2.23333, 2.33333, 2.33333, 2.7, 2.73333, 3.3, 3.8, 4.56667, 4.73333, 5.46667, 6.1, 6.43333, 8.26667, 8.4, 8.73333, 9.1, 9.66667, 10.0333, 12.6667, 13.6, 21.7333, 62.9]"
1500,10.201117099999999,15.885765152664728,7.5127235163670179,4.2733299999999996,6.7833299999999994,13.066699999999988,"[0.2, 0.533333, 2.1, 2.1, 2.13333, 2.43333, 2.56667, 3.33333, 4.13333, 4.33333, 4.9, 5.3, 5.6, 6.23333, 6.63333, 6.93333, 9.46667, 9.5, 11.3667, 11.6, 11.8667, 15.8667, 16.1, 17.0, 18.9, 19.7667, 22.8, 25.4, 26.7667, 30.1667]"
2000,18.509999000000001,28.824833026380897,13.631889861869146,6.1366680000000002,9.4333349999999996,24.289989999999996,"[1.46667, 1.7, 3.1, 3.13333, 5.16667, 5.23333, 5.36667, 5.73333, 5.83333, 6.26667, 6.5, 6.7, 7.6, 8.7, 9.2, 9.66667, 11.9667, 16.0333, 16.5667, 18.3, 23.8, 25.4333, 28.5, 29.5, 31.4, 34.0, 36.2, 47.9333, 53.9667, 90.3333]"
2500,25.605557666666666,39.874444309210062,18.857491130266354,11.756689999999999,15.783300000000001,30.146699999999996,"[2.56667, 4.96667, 5.9, 6.13333, 8.1, 8.23333, 8.63333, 10.4667, 11.5, 11.8667, 12.2, 12.5, 12.8333, 13.3, 13.6333, 17.9333, 24.0, 24.6, 25.7333, 29.1, 29.9667, 30.5667, 33.9, 48.6333, 50.1667, 52.0667, 57.0667, 61.6, 63.4333, 76.5667]"
3000,31.264445000000002,48.686788518328349,23.025040186791237,15.876689999999998,21.666650000000001,39.3767,"[1.86667, 6.56667, 9.16667, 9.36667, 9.46667, 11.9667, 13.1333, 13.5333, 14.5, 16.4667, 16.9667, 18.0, 18.0333, 18.1333, 20.5333, 22.8, 23.7333, 29.1667, 34.8667, 35.3333, 38.8667, 40.5667, 44.3333, 45.7667, 46.1333, 57.1667, 67.3, 75.3333, 83.5, 95.3667]"
3500,37.780004333333331,58.833191543893662,27.823494644864056,22.700009999999999,33.4833,49.136689999999994,"[2.33333, 11.0, 14.4, 15.4667, 16.1667, 17.5333, 21.2667, 21.6667, 22.4667, 22.8, 23.1333, 26.2, 26.8, 29.0667, 32.2333, 34.7333, 36.2, 36.2333, 42.2333, 47.4667, 48.7667, 50.0, 54.0667, 59.1333, 59.4, 64.7667, 65.7, 66.9667, 69.5667, 95.6333]"
4000,46.442223333333331,72.322496233372249,34.202879936424061,29.476689999999998,43.600000000000001,58.086679999999994,"[10.6, 11.2, 19.8, 20.8, 23.6333, 23.8333, 25.3, 27.0, 28.8, 29.7667, 31.6, 41.7333, 41.9667, 42.5333, 42.8333, 44.3667, 45.4667, 50.6, 51.3333, 57.3667, 57.7667, 58.8333, 59.0667, 60.7, 63.3667, 69.0333, 71.8, 75.3, 78.7667, 128.1]"
4500,52.203319999999998,81.294006683778335,38.445702166915879,37.529989999999998,56.483350000000002,61.759990000000002,"[16.3, 22.0667, 25.2333, 26.2667, 27.3667, 30.2667, 32.7, 34.0667, 37.1333, 37.7, 43.0, 49.1333, 52.5333, 54.0333, 55.8, 57.1667, 57.3333, 59.4333, 59.5333, 59.8333, 61.6, 62.1333, 62.9, 63.1, 64.1667, 65.5, 66.2333, 79.0667, 82.7667, 121.733]"
5000,61.422226666666667,95.650217364959701,45.235066138618485,56.523319999999998,60.583349999999996,65.476690000000005,"[23.8333, 29.2333, 34.2, 37.2, 37.8333, 44.8333, 49.3, 52.0, 56.2667, 56.6333, 56.7333, 57.5667, 58.3, 59.9, 60.5667, 60.6, 60.7, 60.7, 62.4667, 65.1333, 65.4667, 65.5, 66.2667, 68.7667, 73.4667, 74.1, 80.6667, 85.0667, 98.0667, 141.3]"
5500,63.342179999999999,98.640078912319964,46.649036629915024,52.523319999999998,58.649999999999999,65.536690000000007,"[29.4667, 38.6333, 40.3333, 42.0, 42.9667, 43.7333, 46.4333, 46.7333, 52.2667, 52.6333, 55.8333, 56.3, 57.3333, 57.9333, 58.2333, 59.0667, 60.8, 62.0333, 62.1, 63.9333, 65.1667, 66.4, 73.1, 75.3, 79.6333, 80.2, 98.3, 102.833, 114.033, 116.533]"
6000,70.236666666666665,109.37656933402535,51.726556239404225,57.369990000000001,63.233350000000002,74.523319999999998,"[36.1667, 42.3333, 42.9667, 44.2, 49.7333, 52.2333, 52.9667, 55.4333, 56.8333, 57.6, 58.9333, 59.5, 60.1, 61.0667, 62.0, 64.4667, 67.7667, 68.8, 71.5667, 73.8, 74.3333, 74.9667, 80.5667, 86.2333, 86.3333, 90.0667, 90.4333, 114.767, 124.9, 146.033]"
6500,74.971090000000004,116.74928513263426,55.213273739468022,61.990000000000002,72.933300000000003,82.633299999999977,"[48.9, 52.7333, 54.1667, 54.9, 56.8667, 57.2, 58.9333, 59.7, 61.5, 62.2, 63.7333, 65.1, 65.2, 68.3333, 72.2333, 73.6333, 74.2333, 76.4667, 77.3, 80.7667, 80.8333, 86.8333, 87.5, 90.8333, 92.9333, 93.2333, 93.2333, 111.867, 113.733, 114.033]"
7000,80.819983333333326,125.85751759242237,59.520754778976482,67.179990000000004,78.683350000000004,85.173309999999987,"[45.7, 53.5333, 57.5333, 57.9333, 58.8333, 60.6667, 63.8667, 65.8333, 67.1333, 67.2, 67.6333, 73.0667, 74.2, 75.0333, 78.2, 79.1667, 80.5, 81.4667, 83.0667, 83.7333, 85.0333, 85.5, 86.3, 90.2333, 96.3, 102.433, 112.133, 117.067, 125.167, 150.133]"
7500,82.715560000000011,128.80941839508426,60.916772809270782,70.760009999999994,74.633300000000006,86.683319999999995,"[41.7333, 52.1667, 53.0, 55.5, 56.5667, 60.4667, 66.4, 66.5667, 70.6667, 70.8, 71.0333, 72.8333, 73.6667, 73.8667, 74.6333, 74.6333, 77.9333, 81.7667, 84.6, 85.2667, 86.4333, 87.2667, 98.4, 99.0667, 106.867, 112.533, 113.867, 114.833, 118.467, 179.633]"
8000,90.534373333333335,140.98532336394857,66.675022834595666,75.643320000000003,81.050000000000011,97.093310000000002,"[48.2, 54.6333, 60.0333, 65.9667, 66.1, 67.7667, 69.7, 71.2333, 74.2667, 76.2333, 76.5, 76.8667, 78.8333, 80.5333, 80.7, 81.4, 85.7, 92.1, 95.7333, 96.2, 96.5333, 98.4, 102.833, 103.733, 103.933, 116.233, 126.333, 134.1, 155.333, 179.9]"
8500,94.028856666666655,146.42713341465705,69.248573050570144,84.226699999999994,87.616649999999993,96.466679999999997,"[54.3, 62.2667, 65.5, 72.9333, 72.9667, 75.6, 79.7333, 81.8333, 83.6667, 84.4667, 84.5333, 85.0667, 85.1667, 86.7333, 87.2333, 88.0, 89.7333, 91.5667, 92.8667, 93.1, 95.9667, 97.6333, 102.0, 104.6, 107.5, 112.233, 120.9, 122.833, 150.833, 189.1]"
9000,101.02773333333333,157.32618593696677,74.402971809684388,82.560000000000002,97.716650000000001,109.8768,"[63.9667, 64.0667, 67.5333, 68.6667, 72.0667, 72.9333, 76.1333, 78.2, 82.0, 82.8, 82.9333, 84.1, 96.8667, 97.4333, 97.7, 97.7333, 99.2667, 100.0, 104.6, 106.2, 109.767, 110.133, 110.533, 111.433, 120.667, 122.667, 129.833, 130.633, 194.333, 195.633]"
9500,107.73108333333333,167.76502736896202,79.339726744439417,92.893320000000003,100.21665,109.77000000000001,"[71.1333, 73.7667, 76.0, 77.4667, 78.4, 78.8667, 81.8667, 85.7667, 89.7667, 94.2333, 95.8, 97.9667, 98.7, 99.0667, 99.5333, 100.9, 101.4, 105.867, 108.433, 109.433, 109.5, 110.4, 115.267, 120.1, 128.8, 130.233, 138.7, 148.433, 173.533, 232.6]"
10000,116.85446666666667,181.97248363187157,86.058741519513816,93.96999000000001,107.09999999999999,122.67999999999998,"[69.2, 73.8667, 77.3667, 80.4, 82.6333, 87.6667, 89.4333, 92.1, 93.4333, 94.2, 95.7667, 99.8333, 102.133, 105.067, 106.333, 107.867, 108.2, 109.4, 112.067, 115.4, 121.3, 125.9, 133.567, 136.233, 153.5, 154.2, 160.9, 185.267, 212.9, 219.5]"
10500,124.55891333333332,193.97029026207849,91.732764970657442,104.0432,116.15000000000001,136.40689999999998,"[77.1, 84.5667, 86.8667, 90.3667, 96.6333, 97.6, 101.8, 101.967, 103.367, 104.333, 105.267, 106.4, 108.467, 112.8, 113.9, 118.4, 119.167, 120.733, 126.0, 131.4, 136.367, 136.5, 142.433, 146.7, 153.833, 155.433, 161.9, 167.867, 201.733, 226.867]"
11000,130.44553333333334,203.1372728529341,96.0680302237067,109.86319999999999,122.833,134.37299999999999,"[90.4667, 90.5333, 96.8333, 99.0, 99.3667, 99.7, 107.9, 107.967, 108.067, 110.633, 115.867, 116.133, 117.433, 117.767, 120.333, 125.333, 127.2, 129.367, 131.6, 132.8, 132.933, 137.733, 140.267, 140.933, 144.6, 145.967, 160.3, 175.833, 226.733, 263.767]"
11500,140.66,219.04382671715635,103.59058517347917,121.79679999999999,135.667,153.47319999999999,"[76.3667, 82.9333, 104.033, 107.7, 109.933, 111.867, 114.3, 117.8, 118.133, 123.367, 126.467, 128.433, 129.133, 129.433, 135.467, 135.867, 137.267, 142.667, 144.767, 146.8, 152.233, 156.367, 157.5, 165.467, 165.933, 171.433, 182.733, 189.567, 208.733, 247.1]"
12000,149.28776666666667,232.47948025540026,109.94459766985509,121.46319999999999,139.38350000000003,156.80309999999997,"[94.5, 105.233, 106.033, 114.733, 115.9, 118.4, 118.867, 119.067, 121.067, 121.633, 126.4, 126.933, 127.433, 133.167, 138.3, 140.467, 143.167, 144.667, 148.2, 154.1, 156.333, 157.9, 168.6, 188.833, 191.067, 198.2, 215.133, 219.1, 224.933, 240.267]"
12500,162.70552333333336,253.37438119544225,119.82625034165484,140.64700000000002,161.7835,169.22309999999999,"[91.3667, 97.6, 121.833, 123.3, 126.167, 128.267, 132.833, 134.733, 139.667, 141.067, 142.633, 144.2, 146.933, 157.5, 157.6, 165.967, 166.533, 167.633, 167.667, 168.1, 168.933, 169.9, 171.333, 195.3, 198.467, 204.067, 208.0, 218.8, 259.833, 264.933]"
13000,174.3622,271.52682726306102,128.41093651454008,147.78299999999999,175.5335,185.75700000000001,"[95.0, 104.867, 126.6, 128.8, 130.0, 141.567, 142.833, 142.967, 143.233, 149.733, 157.433, 160.233, 172.1, 172.9, 174.8, 176.267, 178.7, 180.133, 180.733, 183.933, 185.067, 187.367, 190.0, 202.533, 210.233, 211.867, 212.467, 241.533, 260.9, 286.067]"
13500,180.35006666666669,280.85147697540833,132.82076597523093,153.81,175.83350000000002,189.35320000000002,"[114.7, 117.3, 120.8, 123.3, 139.367, 139.8, 147.4, 150.0, 152.2, 154.5, 158.667, 163.633, 169.567, 173.967, 173.967, 177.7, 178.067, 183.867, 187.5, 188.067, 189.133, 189.867, 193.6, 197.933, 208.033, 236.633, 244.967, 266.5, 281.5, 287.967]"
14000,191.9555,298.92412398268954,141.36771343855952,172.57990000000001,177.19999999999999,202.357,"[102.633, 124.933, 147.533, 150.7, 151.2, 152.533, 162.067, 163.8, 171.833, 172.9, 172.933, 173.3, 176.267, 176.4, 177.0, 177.4, 178.133, 179.8, 190.667, 199.633, 202.267, 202.567, 210.233, 224.733, 228.267, 249.8, 255.033, 264.367, 302.2, 317.533]"
14500,197.84886666666668,308.10161287017706,145.70794734757328,170.93990000000002,181.0335,219.053,"[134.767, 137.3, 139.8, 140.2, 144.533, 149.367, 160.3, 166.467, 169.633, 171.5, 173.6, 174.067, 176.133, 179.8, 180.367, 181.7, 182.3, 183.333, 197.267, 213.9, 218.633, 220.033, 220.6, 228.6, 228.667, 252.533, 255.333, 264.433, 325.967, 364.333]"
15000,213.90000000000001,333.09735912697107,157.52897887535332,180.3999,201.267,240.65689999999995,"[142.4, 143.033, 144.633, 154.7, 156.533, 162.267, 167.2, 177.067, 177.833, 181.5, 188.5, 191.067, 191.8, 196.9, 199.167, 203.367, 206.233, 207.267, 218.333, 233.133, 233.567, 257.2, 258.6, 260.3, 264.5, 267.667, 268.6, 275.3, 337.633, 350.7]"
15500,224.22886666666668,349.18206323843094,165.13578494800254,186.03299999999999,217.733,249.51999999999998,"[137.433, 143.1, 149.633, 155.0, 159.9, 161.033, 173.8, 179.1, 182.533, 187.533, 201.367, 211.233, 212.5, 213.9, 215.033, 220.433, 222.267, 223.567, 226.9, 243.133, 247.9, 253.3, 256.233, 257.167, 275.867, 283.633, 291.967, 314.067, 318.467, 408.867]"
16000,232.47773333333333,362.02767194557055,171.2107524228924,197.30689999999998,228.63299999999998,252.69679999999997,"[148.833, 152.4, 157.1, 170.5, 178.4, 179.0, 180.033, 185.733, 191.8, 199.667, 203.333, 207.8, 214.767, 226.933, 227.233, 230.033, 232.867, 233.533, 235.933, 241.0, 249.767, 259.533, 269.0, 274.667, 283.3, 286.4, 287.1, 287.367, 326.8, 453.5]"
16500,236.19886666666667,367.8224343873315,173.95122149376215,183.36009999999999,237.267,248.40999999999997,"[139.6, 153.9, 156.533, 163.367, 165.633, 166.267, 177.433, 180.6, 182.567, 183.7, 185.867, 202.4, 215.067, 225.933, 235.267, 239.267, 242.633, 243.5, 243.567, 245.533, 246.4, 253.1, 264.067, 266.933, 268.933, 283.333, 306.833, 356.0, 397.233, 494.5]"
17000,250.11553333333333,389.49426661976264,184.20030185537348,222.09309999999999,230.333,249.9631,"[155.067, 165.3, 176.2, 189.067, 210.1, 213.2, 217.867, 220.533, 221.3, 222.433, 225.5, 226.433, 226.967, 227.267, 228.933, 231.733, 232.633, 233.5, 238.333, 248.4, 249.733, 250.5, 273.333, 283.067, 284.133, 308.967, 318.7, 371.767, 396.767, 455.733]"
17500,264.93549999999999,412.57276946696413,195.11462731571368,213.93299999999999,253.18349999999998,298.85000000000002,"[166.067, 168.4, 192.133, 198.4, 199.7, 200.933, 201.433, 203.4, 213.233, 214.233, 215.6, 230.067, 238.633, 248.2, 249.667, 256.7, 258.767, 278.233, 293.567, 293.7, 298.1, 300.6, 303.033, 324.833, 331.7, 335.5, 342.4, 345.733, 349.0, 496.1]"
18000,259.16783333333331,403.59102783540106,190.86696653734336,222.37,254.66649999999998,279.80009999999999,"[175.767, 177.033, 195.7, 196.367, 196.9, 200.4, 201.667, 203.967, 218.8, 223.9, 224.767, 228.3, 228.9, 247.733, 252.7, 256.633, 265.9, 269.833, 272.067, 277.167, 277.2, 285.867, 285.9, 287.9, 289.167, 297.8, 322.9, 328.667, 440.3, 444.833]"
18500,263.84446666666668,410.87374972852177,194.31112396405888,216.35320000000002,236.6335,276.59989999999999,"[185.433, 191.167, 192.4, 193.467, 197.767, 200.467, 200.7, 213.8, 214.067, 217.333, 224.2, 224.6, 225.233, 231.467, 234.367, 238.9, 241.767, 247.467, 247.733, 269.033, 273.5, 283.833, 285.133, 290.3, 296.567, 374.0, 398.333, 398.633, 423.667, 500.0]"
19000,289.13,450.24983377457278,212.93292969719911,233.42009999999999,273.88350000000003,311.67999999999995,"[147.767, 179.0, 184.133, 202.433, 204.2, 206.267, 211.767, 220.033, 224.367, 237.3, 238.6, 241.4, 252.633, 265.867, 267.567, 280.2, 299.3, 301.0, 305.4, 310.533, 310.9, 313.5, 322.933, 323.8, 343.767, 343.8, 385.0, 455.4, 539.2, 555.833]"
19500,288.23110000000003,448.85001509238856,212.27092502627326,239.577,262.267,304.42989999999998,"[173.067, 203.067, 211.133, 226.867, 226.933, 229.433, 233.5, 235.867, 237.267, 240.567, 246.433, 250.367, 251.133, 253.8, 259.267, 265.267, 272.1, 281.333, 299.0, 300.2, 303.7, 306.133, 307.033, 307.567, 328.0, 373.833, 395.6, 397.433, 398.1, 632.933]"
20000,300.16996666666665,467.4419036273847,221.06343309045738,225.8569,264.733,329.65989999999999,"[189.733, 193.567, 194.233, 196.033, 200.267, 204.333, 210.6, 212.733, 222.8, 227.167, 240.6, 242.467, 253.433, 254.1, 256.533, 272.933, 285.0, 290.633, 297.9, 314.4, 328.0, 333.533, 339.5, 343.0, 350.567, 384.067, 385.133, 476.267, 650.2, 655.367]"
20500,315.33443333333332,491.05688165092681,232.23146931855149,266.47680000000003,299.88350000000003,324.19319999999993,"[192.6, 222.033, 227.533, 231.667, 233.633, 246.967, 253.067, 261.733, 266.033, 266.667, 269.967, 277.5, 296.067, 297.133, 299.7, 300.067, 301.633, 309.633, 311.8, 313.133, 321.633, 330.167, 331.9, 359.167, 362.967, 364.833, 380.733, 393.2, 535.0, 701.867]"
21000,319.08333333333331,496.89488393999221,234.99238745275352,250.25319999999999,289.5335,343.57009999999991,"[184.467, 190.7, 203.833, 214.267, 216.467, 232.833, 236.467, 245.7, 249.367, 250.633, 252.133, 256.833, 261.767, 282.567, 285.767, 293.3, 297.033, 298.233, 301.0, 333.0, 338.9, 354.467, 375.6, 394.533, 408.167, 411.5, 447.033, 473.4, 530.633, 751.9]"
21500,331.12676666666664,515.64960969106778,243.86190477464876,269.11009999999999,305.28300000000002,342.74700000000001,"[199.367, 216.533, 223.533, 232.5, 232.867, 243.033, 245.367, 245.833, 264.467, 271.1, 281.5, 287.867, 290.9, 292.733, 302.433, 308.133, 310.267, 313.567, 326.267, 330.267, 341.367, 345.967, 378.333, 383.067, 406.667, 408.8, 432.867, 494.467, 589.467, 734.267]"
22000,354.41329999999999,551.91273618267849,261.01152524003857,278.06309999999996,295.06650000000002,352.11999999999989,"[216.9, 216.9, 225.233, 227.3, 232.6, 250.867, 265.967, 267.4, 270.2, 281.433, 281.733, 282.033, 282.633, 292.2, 293.9, 296.233, 308.333, 313.567, 336.633, 337.233, 345.4, 367.8, 376.133, 382.767, 429.667, 475.267, 513.2, 530.3, 767.867, 964.7]"
22500,370.80779999999999,577.44319272408632,273.08543287992626,292.00679999999994,346.16650000000004,395.62989999999991,"[184.467, 203.8, 229.3, 232.567, 242.967, 249.033, 267.7, 279.6, 284.633, 295.167, 297.767, 309.267, 317.6, 332.767, 336.6, 355.733, 357.933, 367.6, 381.0, 381.533, 389.8, 409.233, 416.867, 419.067, 425.867, 537.4, 541.9, 578.733, 580.933, 917.4]"
23000,369.50006666666667,575.40671530578027,272.122338458976,283.97679999999997,326.46699999999998,371.01689999999985,"[199.467, 217.933, 229.3, 232.133, 235.033, 250.2, 263.667, 271.767, 275.833, 287.467, 289.967, 291.967, 299.033, 319.4, 323.267, 329.667, 334.533, 341.467, 343.4, 345.4, 356.667, 404.5, 425.4, 425.433, 436.067, 501.367, 510.067, 705.167, 803.8, 835.633]"
23500,366.91546666666665,571.38182781443118,270.2188817090871,281.81299999999999,316.66700000000003,379.6968,"[233.433, 251.233, 254.767, 255.133, 256.5, 264.333, 276.3, 277.2, 279.433, 282.833, 283.533, 287.567, 303.533, 305.5, 316.567, 316.767, 344.467, 358.633, 363.233, 365.1, 375.567, 389.333, 406.133, 431.333, 436.033, 480.767, 568.767, 575.6, 661.633, 806.233]"
24000,390.4188666666667,607.98267152880635,287.52821598724972,305.42989999999998,347.18299999999999,391.09300000000002,"[232.133, 235.5, 252.367, 252.933, 268.4, 281.267, 281.267, 290.667, 297.333, 308.9, 314.867, 318.833, 321.467, 325.2, 343.633, 350.733, 357.233, 366.367, 379.167, 380.933, 391.033, 391.233, 459.067, 485.167, 498.033, 502.233, 543.133, 549.7, 797.4, 936.367]"
24500,416.39670000000001,648.43684487697817,306.65987357674999,321.64689999999996,367.25,422.57009999999991,"[250.767, 251.8, 279.5, 283.833, 289.067, 289.133, 299.967, 314.2, 318.1, 323.167, 326.067, 329.5, 339.7, 350.833, 366.067, 368.433, 369.867, 373.033, 394.867, 401.167, 419.4, 429.967, 471.7, 480.933, 534.0, 586.7, 647.0, 722.2, 810.4, 870.533]"
25000,425.63236666666666,662.81915519228266,313.46158063253836,293.16989999999998,356.29999999999995,483.09989999999993,"[200.667, 240.733, 260.567, 268.967, 276.867, 280.467, 281.767, 289.5, 292.633, 293.4, 298.333, 303.233, 307.367, 331.9, 333.467, 379.133, 413.1, 418.267, 444.6, 456.2, 475.8, 500.133, 538.633, 542.5, 594.767, 598.733, 625.833, 658.367, 754.767, 1108.27]"
25500,442.86106666666666,689.64867586171158,326.1498439254313,322.83999999999997,379.44999999999999,452.44689999999997,"[240.833, 252.367, 252.7, 275.467, 295.433, 297.767, 309.067, 313.567, 319.2, 324.4, 337.167, 343.933, 351.467, 353.7, 356.7, 402.2, 409.267, 415.4, 416.0, 442.167, 445.867, 467.8, 483.2, 499.933, 533.8, 536.4, 749.133, 864.467, 988.8, 1007.63]"
26000,459.77446666666668,715.987193271053,338.60590110780811,312.9332,398.0,496.76309999999995,"[236.933, 259.633, 286.967, 288.733, 293.333, 299.667, 302.133, 304.0, 311.767, 313.433, 315.1, 321.3, 330.333, 371.433, 385.467, 410.533, 416.867, 425.733, 444.967, 488.0, 494.733, 501.5, 507.4, 517.2, 565.533, 574.7, 808.033, 889.8, 960.733, 1167.27]"
26500,450.55673333333328,701.63280977189436,331.81740125018621,319.68690000000004,384.66700000000003,509.55689999999998,"[227.333, 254.733, 267.233, 268.967, 272.567, 273.567, 280.2, 298.467, 314.6, 321.867, 329.733, 352.167, 363.267, 374.0, 383.767, 385.567, 390.233, 422.033, 497.467, 500.067, 504.567, 521.2, 567.4, 588.767, 606.1, 620.333, 710.033, 739.1, 940.0, 941.367]"
27000,498.04003333333333,775.57653035456724,366.78699340835391,352.15679999999998,407.89999999999998,579.58679999999981,"[235.5, 247.5, 287.4, 290.4, 304.967, 318.067, 320.433, 328.933, 352.133, 352.167, 354.533, 363.9, 368.567, 377.333, 395.167, 420.633, 425.633, 432.733, 509.633, 529.233, 565.467, 612.533, 614.9, 622.533, 658.2, 713.0, 731.233, 740.1, 1044.77, 1423.6]"
27500,527.6112333333333,821.62650055660322,388.56502491896094,346.25299999999999,392.38300000000004,546.35989999999993,"[220.267, 248.267, 292.767, 305.967, 307.833, 313.0, 316.767, 331.7, 336.033, 350.633, 355.533, 372.8, 375.867, 379.967, 382.833, 401.933, 457.0, 467.067, 475.1, 531.3, 535.4, 571.933, 577.533, 668.733, 681.067, 803.967, 912.0, 1229.27, 1273.47, 1352.33]"
28000,493.70766666666663,768.82992027772571,363.59637490852401,333.02700000000004,418.80000000000001,558.81700000000001,"[190.267, 248.733, 278.1, 282.9, 292.9, 298.533, 311.267, 315.933, 324.067, 336.867, 337.367, 355.267, 370.4, 385.1, 396.267, 441.333, 469.433, 485.533, 517.6, 556.333, 557.167, 562.667, 565.1, 601.133, 602.133, 610.367, 773.933, 1016.67, 1125.73, 1202.13]"
28500,568.27786666666668,884.95491648889958,418.5144088520999,380.53679999999997,461.73349999999999,682.39699999999982,"[221.867, 242.167, 314.967, 316.7, 337.667, 349.433, 354.533, 357.333, 376.033, 382.467, 383.167, 400.7, 420.1, 423.067, 437.2, 486.267, 487.333, 503.767, 513.2, 608.067, 664.667, 723.767, 772.4, 773.6, 844.0, 924.767, 981.8, 1108.4, 1145.5, 1193.4]"
29000,550.16876666666678,856.7543863992961,405.17776541427077,347.58300000000003,489.19999999999999,646.43010000000004,"[285.333, 289.9, 292.567, 302.533, 311.7, 314.033, 332.567, 334.833, 346.533, 348.033, 376.567, 380.333, 424.1, 463.367, 481.767, 496.633, 505.567, 526.433, 544.2, 573.167, 644.7, 650.467, 655.6, 755.133, 798.567, 798.567, 984.733, 1042.03, 1083.03, 1162.07]"
29500,555.52686666666671,865.09832730597293,409.12379637131619,366.44990000000001,464.33350000000002,628.43989999999962,"[255.067, 257.433, 284.333, 287.7, 321.867, 353.2, 353.367, 355.867, 363.533, 367.7, 375.067, 383.167, 388.367, 395.8, 444.067, 484.6, 499.133, 505.8, 554.567, 565.533, 593.0, 711.133, 752.467, 760.367, 830.167, 842.267, 844.567, 890.3, 1209.6, 1435.77]"
30000,579.65553333333332,902.67287216769171,426.89361507923473,345.0899,499.08300000000003,621.5269999999997,"[236.967, 261.367, 267.5, 303.0, 310.9, 328.5, 334.033, 339.1, 339.233, 347.6, 358.333, 363.333, 404.867, 423.033, 491.333, 506.833, 533.7, 546.767, 575.967, 593.533, 595.367, 682.567, 735.033, 756.567, 796.033, 1002.47, 1057.7, 1087.97, 1104.83, 1705.23]"
30500,612.1232,953.23338653740393,450.80478093461278,386.923,454.70000000000005,772.09309999999994,"[232.233, 301.4, 303.267, 317.0, 335.467, 357.767, 363.067, 376.067, 378.733, 390.433, 403.6, 423.233, 427.633, 446.567, 446.867, 462.533, 556.3, 624.933, 682.133, 691.6, 761.933, 795.8, 820.7, 834.4, 834.7, 975.1, 1000.5, 1082.23, 1175.03, 1562.47]"
31000,678.60349999999994,1056.7603260603996,499.76492013202801,394.44999999999993,519.01700000000005,784.03699999999992,"[262.6, 311.467, 313.933, 328.167, 334.367, 335.933, 343.4, 346.933, 354.2, 411.7, 413.8, 426.2, 429.7, 450.0, 476.267, 561.767, 582.4, 660.867, 682.767, 763.6, 768.767, 819.667, 821.033, 827.3, 993.1, 1039.33, 1132.97, 1337.7, 1799.47, 2028.7]"
31500,697.11030000000005,1085.5801774203389,513.39445405559229,353.75310000000002,508.38350000000003,910.70319999999992,"[258.567, 267.167, 318.067, 322.0, 330.367, 336.9, 342.167, 346.9, 348.9, 355.833, 399.267, 405.633, 419.8, 465.7, 481.2, 535.567, 550.667, 572.967, 709.767, 847.333, 900.133, 935.367, 967.667, 999.133, 1055.27, 1128.97, 1201.73, 1582.37, 1698.23, 1829.67]"
32000,719.77346666666676,1120.8725615536773,530.0849893668684,407.18299999999999,511.89999999999998,833.30989999999986,"[295.1, 306.167, 307.333, 309.7, 330.567, 362.2, 367.2, 395.5, 401.233, 409.733, 412.8, 417.933, 420.967, 459.367, 480.633, 543.167, 606.167, 614.067, 737.467, 739.7, 817.4, 870.433, 1284.07, 1312.47, 1336.73, 1340.33, 1351.13, 1361.17, 1483.7, 1518.77]"
32500,735.41223333333323,1145.2261467648486,541.60232898290337,410.28689999999995,570.85000000000002,983.03679999999997,"[275.167, 280.467, 329.233, 335.233, 374.033, 378.1, 381.933, 402.867, 409.4, 410.667, 413.967, 422.267, 429.4, 434.667, 544.7, 597.0, 601.933, 660.8, 685.033, 961.2, 979.867, 990.433, 1045.9, 1050.37, 1168.7, 1223.27, 1362.9, 1438.0, 1666.03, 1808.83]"
33000,733.90469999999993,1142.8785293168394,540.49208968126459,437.19309999999996,635.18299999999999,813.84689999999978,"[311.3, 314.867, 329.0, 331.4, 337.533, 370.067, 387.567, 431.167, 435.0, 438.133, 446.567, 469.767, 525.667, 584.833, 607.933, 662.433, 671.467, 679.933, 689.767, 781.033, 784.167, 883.1, 1012.3, 1149.6, 1158.67, 1366.83, 1368.17, 1417.27, 1451.63, 1619.97]"
33500,844.04213333333325,1314.3908630445444,621.60399902653012,437.39309999999995,610.73299999999995,1081.8189999999997,"[301.9, 331.233, 340.867, 390.533, 395.033, 409.8, 414.3, 416.667, 431.0, 440.133, 458.633, 491.433, 584.433, 600.433, 609.633, 611.833, 629.7, 642.8, 653.5, 706.5, 1043.17, 1172.0, 1264.13, 1333.7, 1379.13, 1717.37, 1855.37, 1892.23, 1896.33, 1907.47]"
34000,829.49080000000004,1291.7306914451542,610.88751150303835,412.52299999999997,647.73350000000005,1230.2089999999998,"[266.567, 297.667, 337.467, 338.5, 349.767, 354.7, 359.667, 372.367, 377.033, 427.733, 459.433, 461.233, 501.7, 565.067, 602.2, 693.267, 731.6, 739.633, 899.933, 926.6, 1208.6, 1280.63, 1330.63, 1352.7, 1403.7, 1427.43, 1509.8, 1568.97, 1773.03, 1967.1]"
34500,884.40370000000007,1377.2442116508741,651.3287132986643,417.08689999999996,618.13300000000004,1190.8600000000001,"[318.067, 330.267, 345.567, 361.333, 362.467, 384.4, 385.867, 390.8, 399.4, 424.667, 431.367, 488.633, 521.5, 587.7, 599.033, 637.233, 681.567, 872.433, 961.4, 1113.47, 1187.53, 1198.63, 1234.7, 1369.97, 1447.57, 1548.27, 1690.3, 1781.93, 1862.17, 2613.87]"
35000,812.64803333333327,1265.5021683172511,598.48347300637704,444.06700000000001,602.13350000000003,1039.6719999999996,"[280.6, 326.633, 350.367, 369.2, 375.0, 383.667, 402.433, 412.567, 422.367, 453.367, 505.933, 537.533, 567.4, 587.067, 600.5, 603.767, 753.333, 756.9, 840.0, 875.767, 1002.43, 1126.57, 1176.77, 1261.93, 1266.37, 1486.27, 1559.07, 1574.33, 1692.63, 1828.67]"
35500,901.35100000000011,1403.6355200862763,663.80973650434123,428.9699,785.16650000000004,1061.6999999999998,"[288.933, 316.533, 338.767, 363.1, 369.933, 400.667, 404.867, 407.833, 427.733, 429.5, 463.467, 470.8, 490.2, 562.767, 713.2, 857.133, 870.367, 948.7, 1005.27, 1006.87, 1032.9, 1128.9, 1338.63, 1367.9, 1384.87, 1409.93, 1654.63, 1968.4, 2197.43, 2420.3]"
36000,929.92166666666674,1448.1274023451058,684.85091437151323,544.5068,662.01649999999995,1419.6699999999998,"[246.6, 294.367, 317.833, 351.3, 402.4, 408.067, 430.367, 448.133, 543.433, 544.967, 552.033, 553.167, 572.967, 641.633, 658.5, 665.533, 669.033, 771.567, 802.533, 860.567, 1393.0, 1481.9, 1486.77, 1554.33, 1635.67, 1679.77, 1694.77, 1864.57, 2173.0, 2198.87]"
36500,986.16769999999997,1535.7169543072416,726.27391669404278,514.92700000000002,668.29999999999995,1212.4419999999996,"[276.567, 305.5, 315.2, 330.667, 378.267, 400.6, 430.2, 452.433, 502.467, 520.267, 522.6, 531.033, 561.033, 614.667, 627.433, 709.167, 751.967, 882.333, 1049.57, 1083.83, 1160.53, 1333.57, 1411.33, 1634.53, 1726.9, 1801.37, 2036.3, 2162.97, 2352.4, 2719.33]"
37000,890.92079999999999,1387.3930138910159,656.12830239744198,462.54680000000008,759.13349999999991,1200.3389999999997,"[277.667, 319.133, 323.933, 380.267, 382.233, 401.867, 406.667, 459.9, 460.633, 463.367, 469.4, 549.867, 630.9, 640.633, 663.8, 854.467, 892.533, 930.9, 968.167, 1082.8, 1166.67, 1278.9, 1285.93, 1299.13, 1412.03, 1587.47, 1655.93, 1680.0, 1747.33, 2055.1]"
37500,968.32113333333336,1507.9252561952733,713.13061878178974,530.92999999999995,712.4670000000001,1228.3320000000001,"[275.233, 330.067, 363.333, 387.067, 398.2, 406.233, 421.167, 490.233, 519.1, 536.0, 573.633, 634.567, 682.267, 694.767, 695.767, 729.167, 833.433, 1101.33, 1197.73, 1207.3, 1221.63, 1243.97, 1363.2, 1395.37, 1509.9, 1579.5, 1742.97, 2099.5, 2178.47, 2238.53]"
38000,986.71769999999992,1536.5734458804995,726.67897016941185,488.2269,801.40000000000009,1357.672,"[256.2, 275.967, 318.167, 330.367, 348.6, 393.3, 393.6, 453.467, 484.4, 489.867, 524.433, 604.067, 629.433, 691.433, 730.1, 872.7, 979.6, 1052.27, 1239.87, 1267.33, 1348.63, 1378.77, 1380.5, 1719.9, 1767.03, 1830.83, 1911.47, 1929.87, 1970.73, 2028.63]"
38500,943.39983333333328,1469.1163772050393,694.77705664412565,541.58299999999997,755.54999999999995,1339.5619999999994,"[320.067, 333.333, 345.033, 359.9, 360.6, 378.733, 411.0, 438.233, 490.833, 563.333, 590.067, 623.867, 653.1, 704.2, 740.2, 770.9, 882.333, 997.133, 1155.4, 1232.1, 1302.83, 1425.27, 1429.8, 1535.3, 1551.8, 1552.63, 1586.87, 1610.4, 1861.7, 2095.03]"
39000,1063.3131000000001,1655.8521997901489,783.08848465538301,568.28989999999999,869.25,1534.8810000000001,"[286.533, 339.067, 347.4, 351.467, 356.133, 371.633, 439.4, 462.833, 544.933, 578.3, 590.667, 647.267, 729.2, 754.033, 863.333, 875.167, 961.867, 1032.07, 1176.6, 1271.6, 1533.63, 1537.8, 1715.97, 1737.5, 1799.13, 1869.93, 1984.7, 2116.03, 2287.17, 2338.03]"
39500,1086.5317,1692.0095365953173,800.18807487939091,543.54309999999998,937.04999999999995,1417.732,"[334.033, 336.6, 376.367, 383.067, 416.533, 421.467, 472.967, 481.467, 510.2, 557.833, 704.467, 722.767, 854.333, 913.9, 917.267, 956.833, 1048.37, 1141.3, 1152.97, 1171.07, 1408.63, 1438.97, 1644.27, 1697.7, 1752.77, 1802.37, 2081.73, 2120.57, 2158.13, 2617.0]"
40000,1146.6706666666666,1785.6613878215519,844.47807024927829,577.97000000000003,1047.5815,1525.3099999999997,"[295.233, 315.6, 366.767, 424.7, 439.567, 457.9, 468.067, 560.7, 561.1, 585.2, 676.267, 775.633, 847.233, 854.9, 953.033, 1142.13, 1206.53, 1219.87, 1410.93, 1474.27, 1502.33, 1578.93, 1603.37, 1611.23, 1802.53, 2007.67, 2031.7, 2121.4, 2468.7, 2636.63]"
40500,1169.5275333333334,1821.2554127144174,861.31125802997053,631.02299999999991,1130.6199999999999,1540.9319999999998,"[296.8, 303.133, 352.7, 364.067, 376.6, 412.7, 460.633, 516.867, 585.733, 650.433, 733.533, 996.567, 1001.87, 1043.83, 1118.97, 1142.27, 1149.37, 1189.17, 1228.47, 1425.9, 1531.53, 1562.87, 1596.5, 1649.8, 1772.6, 1882.77, 2025.73, 2082.77, 2707.77, 2923.87]"
41000,1191.5919666666666,1855.6154149302492,877.56084967309027,607.59310000000005,1127.5149999999999,1520.4999999999995,"[306.667, 383.567, 392.467, 424.167, 427.167, 488.3, 496.967, 547.7, 591.4, 614.533, 817.0, 860.267, 916.8, 971.867, 1109.5, 1145.53, 1163.97, 1325.43, 1414.2, 1438.27, 1479.43, 1616.33, 1643.83, 1709.2, 1791.87, 2025.6, 2133.27, 2340.73, 2466.0, 2705.73]"
41500,1097.5420999999999,1709.1555635374939,808.29680357976099,680.29999999999984,1000.7335,1477.0299999999995,"[315.333, 327.7, 328.067, 364.5, 396.333, 434.7, 546.767, 595.433, 634.8, 699.8, 718.6, 773.933, 863.867, 907.433, 996.267, 1005.2, 1081.17, 1300.77, 1319.4, 1411.8, 1438.57, 1566.77, 1567.37, 1577.67, 1621.07, 1849.97, 1849.97, 1902.7, 1938.43, 2591.87]"
42000,1137.0875000000001,1770.737930557689,837.42044304314311,826.46000000000004,1041.635,1516.4290000000001,"[231.567, 279.0, 330.633, 366.2, 421.533, 463.233, 496.267, 640.033, 745.4, 861.2, 884.333, 886.033, 941.633, 1002.83, 1005.97, 1077.3, 1133.53, 1259.3, 1359.83, 1441.7, 1515.07, 1519.6, 1694.73, 1720.5, 1745.23, 1817.57, 1827.27, 1832.2, 2104.63, 2508.3]"
42500,1189.8132666666668,1852.8455211823339,876.25090673374677,682.76310000000001,1223.4000000000001,1631.5389999999998,"[257.467, 313.833, 338.5, 396.767, 404.067, 417.067, 480.067, 583.367, 667.9, 689.133, 809.067, 948.8, 976.033, 1059.47, 1207.23, 1239.57, 1261.07, 1411.57, 1444.07, 1538.47, 1603.57, 1696.8, 1712.87, 1790.9, 1847.03, 1957.47, 2013.87, 2126.77, 2182.4, 2319.2]"
43000,1255.5645333333334,1955.2371681478314,924.67414141238669,769.59679999999992,1273.1500000000001,1605.7909999999997,"[310.6, 319.933, 328.467, 384.833, 434.667, 494.867, 528.933, 598.033, 721.133, 790.367, 817.933, 961.6, 1076.67, 1165.47, 1243.67, 1302.63, 1380.5, 1398.93, 1518.27, 1547.93, 1569.83, 1689.7, 1701.07, 1709.97, 1752.73, 1860.23, 2097.5, 2176.87, 2877.33, 2906.27]"
43500,1184.1193333333333,1843.9786013301673,872.05754766977134,803.35989999999993,1235.5,1456.1009999999999,"[325.867, 345.033, 360.067, 415.933, 438.667, 515.533, 570.5, 604.467, 688.933, 852.4, 1020.23, 1113.23, 1118.63, 1205.27, 1217.03, 1253.97, 1298.07, 1300.77, 1315.77, 1404.87, 1446.33, 1478.9, 1598.27, 1616.37, 1658.93, 1829.27, 1889.9, 1993.6, 2143.5, 2503.27]"
44000,1351.7511666666667,2105.0245152569832,995.5118325318723,852.33679999999981,1351.615,1815.2080000000001,"[306.833, 326.9, 423.3, 470.833, 489.533, 525.6, 563.733, 581.8, 733.733, 903.167, 983.133, 1177.67, 1270.73, 1299.07, 1322.33, 1380.9, 1411.7, 1657.87, 1662.7, 1715.73, 1803.67, 1842.13, 1847.97, 2044.93, 2112.07, 2119.53, 2290.1, 2302.67, 2318.67, 2663.53]"
44500,1270.2464333333332,1978.1006656558548,935.48678617606129,918.60989999999993,1253.9649999999999,1527.1019999999999,"[369.4, 409.1, 440.9, 468.633, 483.367, 564.3, 629.467, 767.133, 907.433, 923.4, 1102.53, 1163.6, 1200.3, 1219.47, 1245.6, 1262.33, 1297.1, 1394.7, 1447.93, 1455.13, 1505.13, 1578.37, 1582.93, 1750.57, 1872.33, 1886.6, 2017.23, 2048.87, 2551.67, 2561.87]"
45000,1360.6822333333332,2118.9324849664436,1002.0892136083927,867.62699999999984,1392.4200000000001,1782.2399999999998,"[309.5, 328.833, 367.433, 421.567, 505.0, 529.567, 683.9, 741.4, 745.967, 919.767, 969.033, 1100.1, 1287.5, 1288.1, 1362.17, 1422.67, 1456.23, 1465.1, 1674.77, 1681.3, 1766.7, 1818.5, 1925.87, 1983.2, 2049.43, 2159.03, 2326.07, 2423.83, 2511.33, 2596.6]"
45500,1448.1201000000001,2255.095750391235,1066.4837804669214,880.36299999999994,1550.6700000000001,1899.9579999999994,"[332.867, 370.033, 374.967, 410.967, 479.0, 558.433, 666.2, 765.0, 802.033, 913.933, 1202.7, 1308.33, 1377.7, 1412.5, 1522.27, 1579.07, 1610.1, 1677.83, 1729.27, 1839.73, 1842.97, 2032.93, 2082.37, 2140.7, 2201.67, 2220.8, 2389.23, 2444.9, 2475.63, 2679.47]"
46000,1405.5506333333333,2188.8041331583677,1035.133034252483,947.2731,1513.55,1750.0499999999997,"[318.6, 344.333, 419.8, 485.533, 564.6, 571.3, 682.633, 717.567, 881.1, 975.633, 1253.13, 1272.83, 1473.8, 1488.23, 1509.07, 1518.03, 1642.7, 1677.63, 1703.5, 1709.9, 1743.0, 1766.5, 1933.4, 2017.37, 2094.93, 2169.43, 2216.83, 2233.27, 2353.67, 2428.2]"
46500,1426.5338666666669,2221.4804286669159,1050.5863644091137,1109.0709999999997,1614.835,1825.8099999999999,"[311.933, 354.067, 491.9, 523.9, 563.333, 566.8, 769.333, 791.8, 803.5, 1240.03, 1388.23, 1437.7, 1571.13, 1580.03, 1600.3, 1629.37, 1642.57, 1678.13, 1696.73, 1716.27, 1822.0, 1834.7, 1845.13, 1944.8, 1986.53, 2025.63, 2052.0, 2105.47, 2211.4, 2611.3]"
47000,1484.4653333333333,2311.6946341695748,1093.2506224210422,1020.9389999999999,1600.25,1932.4499999999998,"[395.133, 436.367, 460.167, 484.1, 508.3, 558.333, 615.9, 886.2, 963.0, 1045.77, 1083.17, 1144.63, 1214.0, 1390.3, 1477.07, 1723.43, 1724.43, 1833.9, 1840.5, 1908.5, 1923.9, 1952.4, 1971.7, 2004.7, 2057.73, 2338.67, 2408.6, 2479.5, 2756.73, 2946.83]"
47500,1431.3471999999999,2228.9760276474258,1054.1311960359799,1086.1998999999998,1588.365,1854.7689999999998,"[301.6, 309.1, 492.233, 516.267, 531.533, 603.733, 767.8, 891.367, 975.133, 1133.8, 1134.3, 1238.93, 1331.5, 1547.43, 1567.33, 1609.4, 1646.1, 1656.23, 1770.87, 1776.93, 1804.9, 1971.13, 1994.53, 2014.57, 2052.47, 2104.87, 2176.47, 2191.13, 2344.03, 2484.73]"
48000,1500.2288666666668,2336.2425131964255,1104.8598478042477,1182.2899999999997,1580.2350000000001,1941.0,"[315.0, 386.3, 475.133, 579.733, 580.133, 717.3, 887.767, 974.0, 996.3, 1262.0, 1433.03, 1472.57, 1498.97, 1508.17, 1564.07, 1596.4, 1620.53, 1680.6, 1785.0, 1856.77, 1930.5, 1965.5, 1989.43, 2096.23, 2186.33, 2212.73, 2246.47, 2274.43, 2326.67, 2588.8]"
48500,1610.9536666666668,2508.6695280157901,1186.4043297125118,1352.96,1852.75,2065.319,"[338.4, 420.9, 433.833, 519.967, 572.667, 737.333, 874.6, 1086.6, 1233.4, 1404.2, 1427.63, 1455.5, 1460.1, 1742.43, 1844.7, 1860.8, 1877.9, 1986.13, 2010.43, 2046.1, 2063.27, 2070.1, 2168.23, 2251.4, 2286.43, 2295.93, 2417.0, 2431.0, 2491.53, 2520.1]"
49000,1554.1225999999999,2420.168928562608,1144.5504732356667,1025.2910999999999,1670.3199999999999,2102.8009999999995,"[393.267, 420.9, 483.267, 513.067, 635.5, 666.233, 806.9, 886.967, 945.167, 1059.63, 1098.43, 1318.4, 1346.53, 1619.3, 1655.77, 1684.87, 1740.8, 1866.97, 1982.13, 2031.23, 2087.33, 2138.9, 2165.33, 2224.0, 2232.8, 2408.63, 2424.73, 2569.27, 2606.53, 2610.83]"
49500,1557.6064666666668,2425.5942057305242,1147.116204692132,1186.2999999999997,1752.8499999999999,1961.2079999999999,"[335.467, 386.667, 439.6, 455.133, 546.7, 814.167, 839.5, 946.4, 956.0, 1285.0, 1350.8, 1457.73, 1601.23, 1672.93, 1713.5, 1792.2, 1806.5, 1879.23, 1919.77, 1929.37, 1939.17, 2012.63, 2105.37, 2116.67, 2153.1, 2154.93, 2357.1, 2440.53, 2451.4, 2869.4]"
50000,1558.9482333333333,2427.6836818092115,1148.104363331164,1195.47,1581.865,2105.6309999999999,"[295.133, 383.867, 428.833, 581.467, 796.0, 901.3, 913.067, 1133.83, 1170.13, 1206.33, 1318.0, 1378.27, 1398.47, 1478.37, 1573.7, 1590.03, 1603.3, 1615.5, 1883.3, 1928.0, 2093.13, 2134.8, 2144.73, 2205.73, 2241.93, 2303.1, 2321.5, 2472.9, 2620.5, 2653.23]"
50500,1664.904,2592.684084151148,1226.1366388288509,1309.3799999999999,1778.05,2068.9679999999998,"[381.767, 417.0, 419.333, 637.333, 808.6, 840.267, 1026.87, 1152.6, 1247.57, 1335.87, 1369.13, 1614.57, 1693.33, 1740.93, 1763.57, 1792.53, 1843.37, 1852.9, 1916.37, 2022.5, 2046.87, 2120.53, 2133.03, 2165.07, 2190.87, 2512.27, 2582.83, 2624.57, 2847.27, 2847.4]"
51000,1539.3064333333334,2397.0963432935496,1133.6389463266109,1245.71,1604.865,1949.5499999999997,"[383.267, 399.433, 444.667, 646.4, 649.033, 815.533, 1008.5, 1044.47, 1179.0, 1274.3, 1276.3, 1292.43, 1471.53, 1554.4, 1587.03, 1622.7, 1719.73, 1751.53, 1810.07, 1889.97, 1919.1, 2020.6, 2023.17, 2027.73, 2085.53, 2116.17, 2137.5, 2140.8, 2169.0, 3719.3]"
51500,1592.5737666666669,2480.0472926206626,1172.8682526726282,1165.8219999999999,1687.915,2028.838,"[365.233, 421.167, 457.6, 655.0, 869.433, 976.8, 1012.93, 1048.33, 1139.67, 1177.03, 1263.63, 1404.3, 1477.4, 1571.97, 1654.2, 1721.63, 1787.63, 1791.23, 1914.03, 1971.0, 2022.07, 2044.63, 2064.8, 2118.4, 2237.4, 2294.27, 2380.63, 2479.87, 2608.4, 2846.53]"
52000,1746.3526666666667,2719.5206235203841,1286.1203942788695,1363.3609999999999,1820.3000000000002,2155.7809999999999,"[383.2, 409.667, 507.233, 550.4, 808.9, 1034.97, 1173.73, 1266.77, 1288.3, 1395.53, 1491.13, 1714.67, 1721.43, 1810.97, 1817.43, 1823.17, 1873.9, 1952.4, 2058.2, 2109.37, 2152.1, 2164.37, 2174.9, 2180.57, 2263.13, 2708.1, 2738.97, 2779.47, 2903.33, 3134.27]"
52500,1743.4223333333332,2714.9573402352271,1283.9623184594941,1453.6780000000001,1673.135,2212.73,"[369.0, 437.433, 517.767, 600.2, 1051.97, 1242.3, 1322.27, 1440.03, 1442.03, 1458.67, 1476.97, 1608.63, 1610.5, 1634.3, 1662.2, 1684.07, 1892.47, 2034.3, 2039.23, 2204.97, 2206.13, 2228.13, 2229.17, 2230.27, 2362.53, 2385.4, 2501.07, 2505.03, 2891.7, 3033.93]"
53000,1837.1206666666667,2860.8697637412201,1352.9674740103237,1728.509,2027.165,2227.6689999999999,"[388.233, 458.067, 464.567, 708.9, 712.233, 1372.63, 1510.3, 1555.17, 1627.03, 1772.0, 1827.57, 1833.13, 1833.6, 1875.47, 2000.8, 2053.53, 2098.97, 2118.53, 2121.83, 2137.3, 2214.7, 2257.93, 2358.43, 2423.4, 2430.1, 2435.23, 2468.6, 2520.9, 2571.5, 2962.97]"
53500,1647.0320999999999,2564.8529355182291,1212.9746839080351,1616.962,1809.615,2006.6489999999999,"[353.733, 452.567, 470.767, 613.133, 994.733, 1229.6, 1313.03, 1377.07, 1567.57, 1638.13, 1638.87, 1686.27, 1723.8, 1779.03, 1808.13, 1811.1, 1813.0, 1829.43, 1836.23, 1849.97, 2002.2, 2017.03, 2032.23, 2047.6, 2075.7, 2084.47, 2131.0, 2275.07, 2404.17, 2555.33]"
54000,1781.2192333333332,2773.8168426811658,1311.7982561016347,1619.309,1887.5,2067.0999999999999,"[348.0, 471.467, 477.367, 780.733, 1161.77, 1408.6, 1416.03, 1479.1, 1526.23, 1659.2, 1702.53, 1820.77, 1843.8, 1866.5, 1875.33, 1899.67, 1958.6, 2000.47, 2014.4, 2031.57, 2048.47, 2110.57, 2138.63, 2179.67, 2316.9, 2377.0, 2411.57, 2625.83, 2713.67, 2772.13]"
54500,1805.7125666666666,2811.9592674102446,1329.8366375380706,1635.8999999999999,1933.8199999999999,2188.5279999999998,"[394.2, 404.2, 423.567, 842.3, 1092.2, 1258.53, 1433.77, 1507.6, 1557.57, 1669.47, 1804.37, 1824.4, 1853.6, 1907.8, 1909.27, 1958.37, 2003.77, 2019.2, 2052.8, 2105.13, 2164.57, 2244.43, 2272.33, 2283.57, 2349.2, 2397.13, 2495.2, 2505.63, 2656.3, 2780.9]"
55000,1770.7965333333334,2757.5860159164499,1304.1223454512178,1685.1409999999998,1886.5999999999999,2079.75,"[309.533, 486.3, 512.033, 1134.3, 1357.97, 1407.63, 1430.8, 1431.43, 1682.6, 1686.23, 1762.77, 1813.27, 1819.87, 1862.4, 1871.13, 1902.07, 1921.43, 1948.5, 2059.7, 2064.37, 2077.53, 2084.93, 2100.17, 2177.3, 2256.17, 2270.93, 2318.0, 2428.1, 2443.63, 2502.8]"
55500,1887.2845666666665,2938.9878685262106,1389.9112231613537,1733.3210000000001,1934.635,2172.6499999999996,"[516.667, 568.867, 592.3, 783.133, 1119.23, 1426.53, 1520.67, 1650.17, 1725.6, 1736.63, 1739.83, 1785.97, 1812.53, 1844.3, 1907.8, 1961.47, 1971.13, 2031.8, 2076.37, 2115.83, 2164.37, 2191.97, 2256.07, 2338.0, 2648.5, 2651.1, 2690.13, 2737.67, 2785.3, 3268.6]"
56000,1980.0647666666666,3083.470522099246,1458.2402094439676,1849.3980000000001,2075.5500000000002,2461.7799999999997,"[325.8, 438.8, 611.833, 624.3, 959.1, 1355.2, 1604.4, 1607.7, 1812.13, 1865.37, 1878.5, 1884.37, 1931.27, 2039.63, 2053.93, 2097.17, 2244.8, 2264.47, 2304.7, 2359.37, 2456.83, 2473.33, 2492.07, 2599.53, 2605.77, 2615.83, 2662.87, 2816.7, 3011.9, 3404.27]"
56500,1893.6120999999998,2948.8414666707704,1394.5712038289546,1822.7689999999998,2021.6199999999999,2303.6300000000001,"[441.433, 473.333, 543.8, 788.767, 1142.17, 1475.83, 1486.07, 1564.2, 1676.7, 1885.37, 1895.37, 1936.0, 1978.6, 1992.17, 2007.57, 2035.67, 2070.5, 2136.27, 2226.6, 2271.97, 2296.7, 2319.8, 2320.1, 2396.0, 2455.07, 2482.8, 2571.57, 2585.03, 2671.1, 2681.8]"
57000,1940.6626666666666,3022.1113100653197,1429.222104822441,1932.1109999999999,2069.6500000000001,2287.0389999999998,"[403.9, 503.033, 636.967, 805.5, 1073.8, 1504.9, 1615.4, 1797.93, 1867.97, 1959.6, 1961.67, 1968.4, 2021.6, 2054.9, 2061.73, 2077.57, 2127.07, 2132.57, 2148.57, 2195.37, 2287.0, 2287.13, 2312.03, 2333.2, 2407.07, 2407.93, 2532.27, 2800.7, 2906.13, 3027.97]"
57500,1862.1169,2899.7953332197376,1371.3762216154198,1642.3099999999999,1933.6500000000001,2127.3299999999999,"[354.567, 403.1, 573.633, 874.367, 1275.4, 1546.57, 1563.83, 1592.13, 1625.3, 1649.6, 1840.0, 1866.1, 1866.5, 1877.77, 1929.6, 1937.7, 1986.57, 2038.63, 2063.87, 2109.27, 2111.7, 2163.8, 2259.3, 2301.2, 2308.07, 2483.1, 2502.43, 2659.73, 2771.1, 3328.57]"
58000,1842.4321333333332,2869.1410845442015,1356.8791613423971,1792.6499999999999,1972.115,2068.8400000000001,"[398.467, 454.4, 517.867, 978.0, 1232.57, 1419.63, 1703.67, 1711.03, 1723.0, 1822.5, 1855.23, 1877.67, 1908.57, 1912.37, 1950.73, 1993.5, 1997.13, 2009.7, 2032.4, 2048.4, 2056.03, 2098.73, 2165.37, 2165.53, 2219.4, 2271.33, 2326.67, 2464.93, 2888.47, 3069.67]"
58500,1975.7617666666667,3076.769643481558,1455.0712183448529,1845.5900000000001,2103.3000000000002,2346.1699999999996,"[446.5, 498.833, 559.2, 1253.17, 1271.0, 1610.8, 1620.67, 1790.93, 1843.0, 1846.7, 1897.07, 1931.1, 1982.3, 2017.47, 2101.17, 2105.43, 2148.47, 2232.63, 2247.93, 2282.7, 2327.33, 2390.13, 2478.83, 2543.3, 2570.83, 2607.1, 2646.33, 2649.5, 2674.6, 2697.83]"
59000,1957.6854666666666,3048.6201914348694,1441.7587308233731,1729.48,2097.25,2354.8009999999995,"[370.667, 410.967, 579.1, 1321.9, 1474.1, 1491.73, 1626.37, 1671.87, 1685.87, 1748.17, 1784.2, 1852.23, 1910.5, 1987.4, 2053.3, 2141.2, 2156.97, 2171.63, 2209.8, 2260.47, 2323.13, 2428.7, 2446.67, 2458.87, 2535.4, 2541.83, 2613.73, 2751.63, 2825.73, 2896.43]"
59500,1848.8358666666668,2879.1133457030919,1361.5952603278581,1845.0999999999999,1960.2350000000001,2212.3309999999997,"[417.133, 496.3, 596.7, 886.733, 1472.67, 1561.97, 1661.37, 1753.6, 1845.03, 1845.13, 1876.6, 1893.73, 1893.97, 1915.83, 1956.47, 1964.0, 2003.4, 2039.17, 2112.13, 2163.13, 2209.7, 2218.47, 2233.27, 2236.63, 2249.13, 2274.27, 2284.5, 2371.3, 2499.77, 2532.97]"
60000,2016.6135666666667,3140.3864115768515,1485.1569702813658,1979.97,2174.2649999999999,2326.982,"[414.933, 491.367, 554.667, 1064.67, 1511.87, 1529.63, 1644.93, 1831.33, 1940.77, 1996.77, 2045.77, 2116.37, 2144.93, 2160.03, 2160.7, 2187.83, 2200.27, 2225.27, 2271.3, 2277.1, 2316.83, 2350.67, 2363.83, 2373.27, 2453.33, 2490.77, 2702.7, 2742.87, 2819.83, 3113.8]"
60500,1974.6755333333335,3075.078098578665,1454.2712500053467,1829.8719999999998,2068.9650000000001,2236.252,"[368.033, 547.8, 555.733, 1424.07, 1549.67, 1551.83, 1707.3, 1732.2, 1778.17, 1852.03, 1882.3, 1889.93, 1981.17, 2049.8, 2056.5, 2081.43, 2157.4, 2172.33, 2173.6, 2199.17, 2215.03, 2285.77, 2295.5, 2494.07, 2546.93, 2560.03, 2614.93, 2706.2, 2870.27, 2941.07]"
61000,1961.7002333333332,3054.8722165595896,1444.7154493526989,1808.5509999999999,1980.2349999999999,2346.8289999999997,"[588.467, 605.933, 688.767, 1023.63, 1495.67, 1628.33, 1670.07, 1738.8, 1776.4, 1822.33, 1854.4, 1867.9, 1904.03, 1931.73, 1977.6, 1982.87, 2120.03, 2205.03, 2261.2, 2264.33, 2344.0, 2353.43, 2393.33, 2438.3, 2530.0, 2530.8, 2619.6, 2654.67, 2706.13, 2873.23]"
61500,1987.2608666666667,3094.6767021180099,1463.5398554696101,1747.8910000000001,2096.77,2355.8109999999997,"[514.967, 656.033, 898.333, 993.233, 1416.7, 1509.53, 1531.2, 1613.97, 1740.87, 1750.9, 1755.23, 1802.63, 1915.27, 2046.3, 2094.07, 2099.47, 2167.43, 2240.33, 2313.2, 2318.5, 2353.93, 2360.2, 2381.87, 2419.63, 2543.5, 2639.63, 2803.53, 2850.83, 2898.67, 2987.87]"
62000,2051.5582999999997,3194.8043563581955,1510.8923987950241,1932.3600000000001,2123.6500000000001,2412.6709999999998,"[447.933, 527.633, 732.833, 1325.07, 1432.53, 1761.6, 1806.5, 1827.07, 1893.23, 1949.13, 1967.73, 1989.33, 1992.5, 2025.5, 2041.8, 2205.5, 2267.43, 2283.0, 2283.4, 2294.83, 2411.93, 2414.4, 2465.6, 2554.1, 2579.27, 2752.7, 2758.37, 2806.43, 2839.93, 2909.47]"
62500,2167.1014333333333,3374.7347564451002,1595.9853946344763,2111.8490000000002,2201.8199999999997,2498.52,"[354.433, 563.867, 671.733, 1151.47, 1510.83, 1714.53, 1815.17, 1879.3, 2056.5, 2135.57, 2139.27, 2167.6, 2187.2, 2188.53, 2193.77, 2209.87, 2253.57, 2253.87, 2274.33, 2462.07, 2497.23, 2501.53, 2524.4, 2571.23, 2643.7, 2754.13, 2787.77, 3111.17, 3296.5, 4141.9]"
63000,2212.8710000000001,3446.0097531026627,1629.692889260785,2015.1010000000001,2162.8699999999999,2509.5199999999995,"[542.9, 636.867, 734.133, 1597.03, 1690.53, 1907.6, 1925.1, 1932.3, 1984.0, 2028.43, 2075.5, 2102.73, 2118.4, 2127.1, 2157.27, 2168.47, 2217.97, 2226.37, 2285.23, 2372.13, 2457.77, 2630.27, 2635.77, 2659.93, 2684.33, 2851.2, 2983.23, 3389.57, 3474.6, 3789.4]"
63500,2167.3955666666666,3375.1927977567625,1596.2020123233647,1860.9179999999999,2233.2799999999997,2573.7199999999998,"[459.867, 489.033, 812.567, 1631.87, 1651.3, 1694.53, 1730.63, 1735.57, 1797.33, 1888.17, 2000.53, 2043.7, 2068.9, 2094.6, 2129.33, 2337.23, 2401.27, 2507.27, 2509.93, 2540.8, 2545.07, 2640.57, 2648.83, 2659.03, 2691.17, 2841.5, 2855.93, 2880.1, 2992.87, 3742.37]"
64000,2153.5173333333332,3353.580816117299,1585.981236607638,1948.2919999999999,2228.75,2520.1009999999992,"[380.167, 532.033, 919.4, 1498.27, 1581.7, 1608.07, 1747.67, 1840.73, 1891.27, 1972.73, 2034.83, 2058.4, 2073.47, 2114.3, 2182.8, 2274.7, 2305.57, 2366.7, 2391.33, 2427.1, 2458.43, 2664.0, 2745.3, 2757.0, 2764.83, 2831.13, 2834.03, 2900.33, 2919.2, 3530.03]"
64500,2292.2248666666665,3569.5841496579701,1688.1339064922524,1911.3589999999999,2461.8149999999996,2728.1790000000001,"[505.633, 641.733, 1095.07, 1471.7, 1740.97, 1751.8, 1764.23, 1845.4, 1895.0, 1918.37, 2031.17, 2085.83, 2328.7, 2381.13, 2414.43, 2509.2, 2599.07, 2652.73, 2653.97, 2677.07, 2714.37, 2760.4, 2780.47, 2813.13, 2849.97, 2886.3, 3009.67, 3181.6, 3385.9, 3421.73]"
65000,2167.2519000000002,3374.9690717761118,1596.0962074458594,2091.6280000000002,2208.6999999999998,2425.9809999999998,"[393.733, 682.367, 888.767, 1499.97, 1696.93, 1708.73, 1892.5, 2043.83, 2065.63, 2102.77, 2108.93, 2134.87, 2187.1, 2203.37, 2207.8, 2209.6, 2268.1, 2324.2, 2355.3, 2362.47, 2420.83, 2438.0, 2516.17, 2528.67, 2569.73, 2580.4, 2686.63, 3006.4, 3263.73, 3670.03]"
65500,2261.3301999999999,3521.4732011877754,1665.3811935764302,2031.3609999999999,2358.0,2539.3899999999999,"[453.5, 776.733, 850.733, 1728.47, 1779.07, 1802.97, 1984.63, 2022.7, 2023.57, 2034.7, 2187.83, 2209.9, 2215.9, 2280.57, 2324.27, 2391.73, 2398.37, 2400.33, 2410.53, 2416.33, 2512.27, 2602.67, 2611.23, 2641.03, 2667.23, 2835.17, 2898.9, 3367.63, 3396.97, 3613.97]"
66000,2091.6170000000002,3257.1860636048514,1540.3940636200555,1845.279,2126.835,2380.4779999999996,"[671.3, 732.0, 1180.53, 1479.0, 1500.27, 1605.77, 1758.03, 1769.13, 1773.13, 1876.2, 1919.67, 2072.07, 2075.73, 2084.5, 2126.1, 2127.57, 2204.47, 2240.9, 2258.63, 2265.07, 2376.47, 2389.83, 2435.97, 2499.97, 2573.73, 2577.5, 2713.17, 2940.7, 3053.7, 3467.4]"
66500,2256.4990000000003,3513.9497792082793,1661.8232038487886,2160.6610000000001,2311.6700000000001,2673.6309999999999,"[551.067, 620.033, 909.0, 1527.03, 1556.37, 1727.23, 1987.53, 2063.93, 2148.67, 2165.8, 2182.8, 2189.73, 2191.97, 2226.07, 2269.37, 2353.97, 2413.1, 2489.0, 2509.33, 2609.77, 2670.43, 2681.1, 2691.7, 2758.03, 2857.07, 2918.77, 2949.93, 2986.37, 3150.33, 3339.47]"
67000,2405.5254333333337,3746.022296194933,1771.5753397461049,2282.328,2569.4299999999998,2719.9319999999998,"[616.333, 917.5, 1282.07, 1672.27, 1838.83, 2050.13, 2079.07, 2225.5, 2280.13, 2283.27, 2356.1, 2439.9, 2485.83, 2522.37, 2556.43, 2582.43, 2612.2, 2658.03, 2678.63, 2697.43, 2718.03, 2724.37, 2807.07, 2840.47, 2879.63, 2981.13, 2993.3, 3070.07, 3073.67, 3243.57]"
67500,2283.5490999999997,3556.0737477642419,1681.7445438743896,2015.8910000000001,2370.4000000000001,2665.6999999999998,"[570.833, 819.1, 1360.17, 1597.57, 1688.37, 1813.9, 1843.3, 1971.27, 2008.1, 2019.23, 2021.53, 2032.77, 2103.7, 2131.23, 2254.57, 2486.23, 2504.93, 2552.17, 2622.8, 2663.1, 2665.1, 2667.1, 2693.6, 2777.83, 2830.07, 2899.07, 3014.3, 3165.63, 3202.47, 3526.43]"
68000,2391.739333333333,3724.5537898711332,1761.4224166246756,2297.98,2413.165,2672.1099999999997,"[686.4, 1203.47, 1291.77, 1651.57, 1879.73, 1955.13, 2128.93, 2201.6, 2250.73, 2318.23, 2323.1, 2357.87, 2359.8, 2386.2, 2410.03, 2416.3, 2424.53, 2497.3, 2608.6, 2646.9, 2655.13, 2711.73, 2713.83, 2770.73, 2780.67, 2894.5, 3050.27, 3065.93, 3537.2, 3574.0]"
68500,2188.1249000000003,3407.4737056099466,1611.4683550665477,1884.9690000000001,2224.6999999999998,2470.3099999999999,"[457.667, 1304.2, 1429.0, 1545.33, 1636.83, 1658.63, 1712.33, 1714.5, 1860.0, 1895.67, 1985.13, 1995.97, 2154.33, 2196.2, 2217.37, 2232.03, 2252.67, 2254.27, 2288.93, 2342.83, 2469.5, 2472.2, 2476.8, 2633.13, 2727.73, 2843.27, 2910.17, 2912.13, 3091.43, 3973.5]"
69000,2177.7093333333332,3391.2539872813927,1603.7976978369629,2046.6579999999999,2245.9650000000001,2502.8800000000001,"[598.6, 1002.77, 1151.43, 1391.17, 1764.43, 1853.97, 1904.07, 1978.8, 2044.53, 2047.57, 2200.17, 2207.5, 2233.07, 2239.63, 2241.9, 2250.03, 2270.83, 2325.5, 2326.07, 2402.17, 2487.4, 2539.0, 2554.43, 2599.87, 2649.2, 2671.07, 2723.27, 2839.33, 2860.4, 2973.1]"
69500,2237.8031333333333,3484.8355023814602,1648.0544297244792,1881.0509999999999,2240.1700000000001,2537.6099999999997,"[589.067, 970.467, 1234.1, 1340.43, 1811.5, 1818.07, 1819.77, 1846.2, 1848.9, 1894.83, 2099.4, 2126.3, 2152.87, 2188.13, 2203.07, 2277.27, 2325.0, 2417.57, 2418.1, 2442.37, 2525.97, 2564.77, 2782.5, 2805.53, 2933.97, 2991.3, 3031.97, 3135.8, 3250.4, 3288.47]"
70000,2392.9272333333333,3726.4036559436304,1762.2972584853869,2180.0309999999999,2284.1149999999998,2638.451,"[575.767, 1082.33, 1605.13, 1843.53, 1964.8, 1988.4, 2040.93, 2094.8, 2174.2, 2182.53, 2209.77, 2215.2, 2234.13, 2247.17, 2280.73, 2287.5, 2502.5, 2535.7, 2564.03, 2618.3, 2636.63, 2642.7, 2728.17, 2831.5, 2961.43, 3058.07, 3107.7, 3440.57, 3463.3, 3670.3]"
70500,2205.2484333333332,3434.1394547088521,1624.0791672252108,1881.0989999999999,2110.6300000000001,2541.9619999999995,"[801.933, 1101.87, 1559.33, 1603.47, 1641.1, 1781.43, 1787.37, 1793.17, 1834.43, 1901.1, 1932.57, 1986.7, 2020.73, 2043.43, 2100.23, 2121.03, 2178.07, 2224.83, 2373.1, 2438.47, 2520.83, 2591.27, 2705.03, 2751.13, 2766.03, 2941.4, 3072.1, 3088.9, 3145.97, 3350.43]"
71000,2250.7616666666668,3505.0152743846957,1657.597882383302,2021.731,2236.415,2518.5720000000001,"[688.7, 1482.8, 1530.03, 1652.4, 1751.37, 1934.23, 1967.27, 2019.97, 2021.57, 2021.8, 2024.07, 2042.57, 2145.7, 2191.2, 2212.9, 2259.93, 2352.27, 2437.43, 2456.7, 2459.03, 2512.53, 2532.67, 2589.57, 2684.9, 2690.37, 2789.1, 2878.07, 2947.0, 3049.03, 3197.67]"
71500,2375.6635666666671,3699.5196831735748,1749.583243610939,2197.1599999999999,2439.915,2729.7789999999995,"[596.367, 1512.37, 1516.13, 1562.83, 1714.3, 1836.67, 1897.37, 2017.5, 2070.67, 2251.37, 2282.07, 2306.37, 2340.9, 2373.73, 2416.3, 2463.53, 2524.63, 2565.57, 2616.7, 2619.7, 2724.97, 2741.0, 2745.07, 2787.2, 2960.73, 3012.53, 3149.0, 3149.43, 3213.37, 3301.53]"
72000,2296.4304333333334,3576.1332994957411,1691.2311417544886,1975.7909999999999,2336.4650000000001,2673.73,"[828.233, 1530.37, 1569.93, 1706.33, 1723.67, 1789.77, 1790.17, 1813.4, 1962.4, 1981.53, 2005.97, 2007.57, 2132.8, 2210.0, 2237.13, 2435.8, 2445.73, 2451.57, 2549.33, 2614.53, 2672.17, 2677.37, 2682.37, 2756.17, 2783.57, 2935.33, 3036.93, 3044.2, 3128.57, 3390.0]"
72500,2471.0210999999999,3848.0159081674751,1819.8103350278273,2263.3490000000002,2591.6500000000001,2845.4389999999994,"[692.233, 1151.7, 1739.67, 1939.53, 1993.73, 2120.87, 2176.9, 2208.8, 2236.0, 2275.07, 2283.2, 2312.53, 2324.33, 2465.97, 2579.0, 2604.3, 2692.03, 2695.67, 2702.77, 2804.93, 2808.2, 2932.33, 2935.7, 2939.03, 2943.7, 2949.33, 2957.1, 3094.07, 3261.37, 3310.57]"
73000,2479.1467666666667,3860.669662762205,1825.7945705242344,2324.7709999999997,2461.1849999999999,2659.7190000000001,"[751.533, 1466.87, 1912.97, 1953.47, 2041.77, 2059.87, 2155.83, 2210.63, 2292.27, 2338.7, 2390.4, 2402.67, 2409.3, 2429.23, 2437.5, 2484.87, 2496.9, 2552.07, 2569.67, 2639.2, 2649.57, 2683.4, 2691.63, 2717.0, 2871.83, 3147.97, 3160.97, 3164.67, 3483.27, 3808.37]"
73500,2326.422,3622.8378888026468,1713.3187568637547,2166.0889999999999,2343.0799999999999,2565.1409999999996,"[739.0, 1763.47, 1832.2, 1876.63, 1937.07, 2045.4, 2057.73, 2107.37, 2109.9, 2190.17, 2248.5, 2252.5, 2280.13, 2292.47, 2340.03, 2346.13, 2399.23, 2414.33, 2439.3, 2550.23, 2555.1, 2588.57, 2594.8, 2599.83, 2632.87, 2686.5, 2761.8, 2806.8, 3029.83, 3314.77]"
74000,2223.1690000000003,3462.0463898688599,1637.2769632414227,1938.5419999999999,2284.4499999999998,2421.1099999999997,"[871.3, 1716.87, 1783.2, 1831.07, 1833.8, 1869.63, 1880.13, 1912.17, 1920.37, 1946.33, 1970.27, 2090.57, 2093.2, 2152.8, 2266.07, 2302.83, 2330.03, 2371.73, 2379.13, 2382.03, 2398.67, 2473.47, 2512.33, 2571.7, 2590.63, 2720.8, 2728.47, 2752.0, 2816.87, 3226.6]"
74500,2383.8510999999999,3712.2697800931501,1755.6130414861509,2034.9409999999998,2419.9650000000001,2661.2599999999998,"[632.833, 1575.6, 1835.87, 1873.23, 1879.07, 1934.0, 1960.4, 2002.43, 2022.67, 2040.2, 2128.47, 2204.57, 2265.1, 2333.33, 2413.0, 2426.93, 2436.2, 2535.0, 2614.3, 2623.67, 2639.9, 2711.1, 2821.43, 2871.3, 2922.83, 2968.83, 3062.27, 3085.63, 3259.97, 3435.4]"
75000,2235.4450999999999,3481.1634375097128,1646.3178304577468,2062.2079999999996,2380.0649999999996,2550.1680000000001,"[628.833, 1122.57, 1373.13, 1497.6, 1542.7, 1693.97, 1935.73, 1982.63, 2005.83, 2086.37, 2123.83, 2159.1, 2160.37, 2294.3, 2334.7, 2425.43, 2462.83, 2478.2, 2499.0, 2510.67, 2549.37, 2552.03, 2612.53, 2612.7, 2783.53, 2791.53, 2792.87, 2819.63, 2892.77, 3338.6]"
75500,2319.4215666666664,3611.9364121496419,1708.1632116805617,2120.6399999999999,2354.4300000000003,2566.6619999999998,"[699.767, 1531.43, 1604.67, 1659.9, 1903.5, 1984.67, 2039.93, 2052.43, 2114.13, 2123.43, 2161.33, 2169.73, 2187.27, 2268.4, 2331.23, 2377.63, 2386.8, 2389.77, 2454.93, 2461.8, 2534.73, 2641.17, 2683.13, 2751.77, 2752.1, 2758.43, 2897.1, 3020.97, 3312.43, 3328.07]"
76000,2478.6516666666666,3859.8986646205321,1825.4299487503156,2084.9200000000001,2346.3649999999998,2822.4999999999991,"[946.9, 1497.03, 1693.57, 1918.47, 1935.97, 1940.73, 1962.6, 2033.13, 2054.4, 2098.0, 2155.43, 2196.43, 2263.37, 2308.8, 2334.5, 2358.23, 2451.4, 2582.8, 2597.57, 2667.03, 2759.23, 2970.13, 3007.5, 3038.6, 3046.0, 3107.4, 3173.97, 3477.1, 3622.03, 4161.23]"
76500,2382.0423333333333,3709.4530648058967,1754.2809556234872,2189.9189999999999,2348.4200000000001,2542.5219999999999,"[1093.73, 1790.67, 1823.47, 1977.1, 2002.17, 2003.17, 2005.8, 2044.5, 2132.4, 2214.57, 2261.9, 2271.57, 2273.7, 2312.33, 2326.37, 2370.47, 2423.5, 2479.6, 2485.07, 2496.5, 2526.43, 2580.07, 2658.63, 2693.03, 2801.53, 2971.03, 2989.33, 3072.93, 3122.27, 3257.43]"
77000,2549.0205666666666,3969.481155292201,1877.253889664677,2265.471,2665.27,2828.6880000000001,"[730.967, 1553.47, 1824.83, 1917.17, 2108.8, 2173.07, 2198.2, 2211.4, 2265.17, 2265.6, 2395.4, 2479.8, 2542.5, 2546.13, 2617.77, 2712.77, 2728.7, 2757.0, 2804.07, 2804.53, 2812.77, 2865.83, 2875.9, 2933.17, 2937.43, 3057.43, 3125.63, 3152.77, 3496.77, 3575.57]"
77500,2372.8316666666665,3695.1096859257405,1747.4976600893065,2067.819,2357.75,2610.8609999999999,"[1078.57, 1680.87, 1745.3, 1946.13, 1955.3, 1982.7, 2023.8, 2031.77, 2060.0, 2071.17, 2085.63, 2110.43, 2198.03, 2328.07, 2345.8, 2369.7, 2408.57, 2448.63, 2479.43, 2526.63, 2608.83, 2615.6, 2672.9, 2721.7, 2865.73, 2886.2, 2908.23, 3084.83, 3379.13, 3565.27]"
78000,2404.9470000000001,3745.1215266027662,1771.1493462334936,2157.8800000000001,2492.585,2577.692,"[1009.9, 1766.77, 1913.83, 1925.77, 1939.73, 1979.3, 1984.33, 2090.47, 2121.9, 2173.3, 2221.47, 2341.0, 2353.43, 2440.1, 2483.07, 2502.1, 2528.87, 2530.23, 2557.37, 2570.07, 2572.13, 2590.67, 2658.1, 2781.97, 2786.27, 2844.8, 2903.13, 3061.13, 3073.6, 3443.6]"
78500,2337.2779999999998,3639.7434752013492,1721.3137760066757,2151.2909999999997,2340.5799999999999,2447.808,"[1215.87, 1745.2, 1828.13, 1905.97, 2045.43, 2088.27, 2098.77, 2099.47, 2147.7, 2152.83, 2223.03, 2224.93, 2238.4, 2318.3, 2325.83, 2355.33, 2372.43, 2384.6, 2394.27, 2433.33, 2436.87, 2473.33, 2588.37, 2593.67, 2628.27, 2748.97, 2846.67, 2872.2, 2953.63, 3378.27]"
79000,2432.2130000000002,3787.581707032668,1791.2296881596994,2167.3089999999997,2551.7150000000001,2790.5699999999997,"[1220.13, 1384.57, 1710.8, 1756.27, 1829.63, 1947.47, 2036.57, 2103.77, 2128.13, 2184.1, 2276.03, 2280.2, 2283.33, 2408.73, 2519.33, 2584.1, 2628.7, 2635.63, 2683.93, 2753.93, 2774.97, 2826.97, 2836.97, 2844.23, 2847.23, 2990.4, 3048.57, 3092.2, 3144.87, 3204.63]"
79500,2351.7423333333336,3662.268165406424,1731.9661914349731,2213.48,2410.5,2532.5,"[1617.43, 1669.13, 1673.17, 1765.07, 1889.67, 1991.07, 1997.93, 2093.53, 2199.83, 2219.33, 2255.87, 2291.53, 2295.03, 2336.07, 2407.43, 2413.57, 2414.87, 2451.67, 2456.5, 2471.3, 2530.73, 2536.63, 2647.3, 2701.87, 2711.33, 2712.07, 2764.37, 2899.23, 2995.77, 3142.97]"
