agents,meanScore,clow,chigh,Q1,Q2,Q3,means
500,4.3333320566666664,6.7481134375685476,3.1913294717837046,0.81999989999999978,1.93333,4.6733320000000003,"[0.0333333, 0.0666667, 0.0666667, 0.1, 0.233333, 0.333333, 0.433333, 0.633333, 0.633333, 0.9, 1.26667, 1.46667, 1.5, 1.53333, 1.73333, 2.13333, 2.23333, 2.5, 3.56667, 4.16667, 4.63333, 4.76667, 4.93333, 5.93333, 7.36667, 7.76667, 8.93333, 11.3, 16.5333, 32.3]"
1000,8.1611083433333338,12.708946408197397,6.0103369042376169,3.4899999999999998,6.3666700000000001,10.183310000000001,"[0.0333333, 0.3, 0.466667, 1.33333, 2.3, 2.5, 2.56667, 3.0, 3.0, 3.7, 4.66667, 4.7, 5.4, 5.6, 6.16667, 6.56667, 6.76667, 7.66667, 7.9, 10.1333, 10.1333, 10.3, 11.3, 11.5333, 11.8333, 12.7, 14.4, 16.6667, 20.9, 40.3]"
1500,16.821104666666667,26.194789817975849,12.388085281418604,7.8999989999999993,13.550000000000001,20.629989999999999,"[0.5, 0.9, 3.43333, 4.0, 5.56667, 5.66667, 6.3, 6.46667, 7.43333, 8.1, 8.76667, 9.6, 11.4333, 12.8, 13.2667, 13.8333, 14.1667, 14.4333, 14.7333, 18.4333, 20.5, 20.9333, 22.3333, 22.9, 27.3333, 31.4333, 36.0, 36.1, 39.9, 67.3667]"
2000,31.552227999999999,49.134940726377145,23.23698110370421,17.6067,31.083349999999999,42.029989999999998,"[1.6, 1.76667, 2.4, 6.5, 6.86667, 9.2, 11.4333, 11.5667, 16.7667, 17.9667, 19.6, 23.6667, 27.2333, 27.8, 29.3667, 32.8, 34.7667, 35.5333, 38.4, 40.3667, 41.6, 43.0333, 45.0, 46.8667, 48.1333, 55.7, 55.7667, 56.6333, 61.3667, 96.8667]"
2500,41.44001433333333,64.532769222146612,30.518948772837796,28.016679999999997,44.533349999999999,53.303319999999992,"[1.63333, 3.93333, 7.16667, 12.1667, 17.3, 19.0667, 19.5333, 24.5, 27.4333, 28.2667, 28.8667, 39.4, 40.1667, 42.4, 43.6, 45.4667, 46.0333, 47.3667, 48.5, 50.5, 52.3333, 55.5667, 57.4, 57.9333, 59.3, 59.7667, 60.3, 61.1333, 74.6, 111.567]"
3000,51.108899999999998,79.58971303358787,37.639704667800572,40.16001,52.033349999999999,63.060009999999977,"[4.83333, 5.86667, 10.3667, 14.4333, 26.1333, 30.1333, 33.6, 33.8, 36.5667, 41.7, 43.5667, 49.3667, 50.9667, 51.0333, 52.0, 52.0667, 54.6333, 54.8667, 54.9333, 59.9333, 61.0, 67.8667, 68.6667, 71.3333, 73.3, 75.5, 76.0333, 78.3, 94.5, 105.967]"
3500,65.118900999999994,101.40689084782922,47.957522113208135,54.496690000000001,61.700000000000003,77.373299999999986,"[6.83333, 16.0333, 26.7667, 29.1667, 40.1667, 46.7, 50.9667, 53.2333, 53.4, 54.9667, 54.9667, 57.9333, 58.9, 59.2, 61.4, 62.0, 64.8, 64.9667, 65.3667, 71.8, 76.2333, 80.0333, 84.8, 88.4333, 93.9333, 96.7, 104.633, 107.167, 108.1, 113.967]"
4000,77.077776666666665,120.02993854626055,56.764766022826237,63.033299999999997,70.333349999999996,92.45999999999998,"[12.1333, 38.1333, 41.6667, 42.8333, 47.7667, 56.7333, 57.2, 58.4, 59.5333, 64.5333, 65.0, 65.1667, 68.0667, 68.8667, 69.0667, 71.6, 74.2333, 79.6333, 79.9333, 88.6, 90.6, 96.8, 99.4667, 99.5667, 101.8, 102.533, 114.5, 121.367, 132.033, 144.567]"
4500,91.597740000000002,142.6412589808271,67.458150769004689,69.06998999999999,83.666650000000004,107.78989999999999,"[17.2333, 43.3, 49.1667, 50.6, 55.6333, 55.8333, 58.5, 60.3333, 67.8333, 69.6, 71.9, 72.7667, 73.7, 80.6, 83.6, 83.7333, 87.2333, 93.7667, 104.533, 104.6, 104.9, 114.533, 120.567, 120.633, 124.133, 125.9, 147.667, 162.733, 171.1, 171.3]"
5000,101.80441333333333,158.53567661899919,74.974966233774651,81.053319999999999,100.94999999999999,123.1968,"[47.5333, 48.2667, 53.0, 54.0, 56.8, 65.2667, 69.9, 74.1, 76.6667, 82.9333, 90.7, 92.2, 93.1, 93.5667, 98.6, 103.3, 104.9, 105.533, 116.2, 116.533, 122.367, 125.133, 125.367, 126.2, 127.833, 143.2, 143.933, 155.5, 170.133, 171.367]"
5500,122.93890333333334,191.4475176919089,90.539691005870822,93.786699999999996,107.63300000000001,147.08999999999997,"[52.6, 59.9333, 63.8667, 65.0, 72.3667, 76.1, 76.1667, 84.7333, 90.5667, 95.1667, 98.1, 101.667, 101.733, 103.967, 107.533, 107.733, 123.167, 124.133, 134.533, 142.167, 146.7, 148.0, 153.967, 160.933, 176.567, 181.433, 182.6, 191.167, 203.167, 262.4]"
6000,137.60667666666669,214.28901634364499,101.34193203240255,99.340009999999992,131.16649999999998,168.5831,"[61.4, 63.1333, 65.5667, 76.6333, 87.7, 90.4, 92.7333, 92.8, 94.7667, 101.3, 104.567, 106.567, 117.567, 121.133, 130.5, 131.833, 136.7, 147.9, 154.133, 161.933, 167.633, 170.8, 189.467, 193.9, 195.667, 200.9, 205.767, 210.667, 222.933, 231.2]"
6500,158.02215333333334,246.08116857826371,116.37713162358345,120.42309999999998,153.23349999999999,180.15690000000001,"[82.8, 83.1667, 83.6333, 86.9, 87.9333, 97.8333, 102.533, 105.533, 111.3, 124.333, 125.633, 127.233, 133.533, 146.233, 150.367, 156.1, 162.533, 163.6, 165.167, 165.533, 179.967, 180.6, 198.2, 202.867, 240.467, 243.0, 243.8, 250.2, 256.033, 283.633]"
7000,172.69991999999999,268.93822942234294,127.18673234901917,118.68989999999999,172.80000000000001,218.18309999999997,"[75.4333, 80.7333, 82.3333, 92.1, 99.5667, 101.233, 104.833, 113.733, 118.433, 118.8, 119.767, 134.633, 139.1, 170.2, 171.367, 174.233, 186.3, 204.733, 207.167, 209.733, 217.833, 219.0, 227.667, 231.633, 235.033, 245.533, 255.2, 259.767, 270.933, 313.967]"
7500,186.05449333333334,289.73473764862069,137.02185296854242,128.45679999999999,193.64999999999998,219.09309999999994,"[85.4667, 90.7667, 91.9667, 99.5667, 100.767, 102.067, 112.133, 116.2, 117.933, 132.967, 147.167, 154.1, 175.433, 188.5, 189.7, 197.6, 200.067, 207.567, 213.833, 214.967, 215.533, 227.4, 228.467, 233.067, 244.167, 255.767, 269.6, 299.833, 329.2, 339.833]"
8000,221.16552000000001,344.41164395485407,162.87975001419599,160.797,219.25,271.24299999999994,"[92.3333, 92.9333, 101.233, 110.367, 110.667, 114.467, 119.7, 133.633, 145.467, 167.367, 175.567, 181.1, 182.233, 185.6, 205.4, 233.1, 236.4, 256.867, 256.933, 260.067, 262.033, 292.733, 299.2, 307.533, 313.233, 313.733, 314.633, 321.133, 376.233, 473.067]"
8500,238.46996666666666,371.35912168192363,175.62379776269069,171.82319999999999,217.51650000000001,278.78989999999999,"[96.9, 100.1, 116.5, 117.4, 125.7, 130.067, 139.667, 150.733, 161.767, 176.133, 176.267, 186.367, 192.567, 202.233, 213.2, 221.833, 230.833, 266.333, 270.7, 276.333, 278.0, 280.633, 282.333, 289.167, 323.433, 342.233, 398.133, 405.467, 444.5, 558.567]"
9000,262.03106666666667,408.04981914862066,192.97562583272381,175.2432,249.25,333.84319999999997,"[104.0, 116.7, 135.9, 138.233, 139.2, 146.7, 148.2, 172.233, 173.167, 176.133, 189.333, 212.267, 223.767, 227.467, 248.767, 249.733, 285.267, 285.967, 302.867, 315.033, 330.233, 342.267, 352.633, 363.8, 371.3, 379.033, 381.933, 397.933, 426.933, 523.933]"
9500,289.53666666666669,450.88311845298159,213.23242378201749,218.76990000000001,264.73350000000005,330.20689999999996,"[122.7, 132.033, 147.533, 154.833, 162.667, 170.933, 175.433, 183.2, 213.333, 221.1, 232.7, 237.533, 241.167, 254.833, 264.6, 264.867, 306.767, 308.033, 308.367, 315.167, 327.467, 336.6, 339.367, 375.233, 394.5, 395.133, 406.167, 415.867, 466.767, 811.2]"
10000,307.8655,479.42582990324678,226.73089222043046,227.39680000000001,274.43349999999998,333.18989999999997,"[111.1, 144.933, 164.433, 176.4, 178.533, 198.4, 205.033, 206.933, 220.233, 230.467, 231.233, 231.233, 254.0, 254.067, 258.6, 290.267, 292.133, 313.667, 316.633, 321.333, 328.5, 344.133, 399.767, 416.533, 427.667, 452.233, 489.967, 528.967, 540.567, 708.0]"
10500,331.42326666666668,516.11133651192404,244.08026542091591,226.613,293.75,397.16309999999987,"[123.433, 159.133, 165.567, 177.933, 185.633, 188.067, 193.967, 195.433, 225.633, 227.033, 242.7, 244.333, 267.433, 267.7, 281.433, 306.067, 320.7, 331.6, 365.867, 367.3, 378.333, 441.1, 462.967, 467.867, 469.2, 478.767, 523.833, 567.4, 632.533, 683.733]"
11000,360.33326666666665,561.13164811716342,265.3713490080429,238.41309999999999,316.20000000000005,426.91299999999995,"[146.667, 173.333, 188.333, 189.433, 196.2, 204.067, 216.0, 222.267, 229.5, 242.233, 244.333, 271.033, 287.1, 288.767, 304.867, 327.533, 328.1, 361.8, 369.633, 412.533, 423.433, 435.033, 471.867, 515.433, 525.367, 538.967, 566.6, 609.533, 697.433, 822.6]"
11500,391.11223333333334,609.06242190549324,288.03885340186491,258.7201,325.80000000000001,420.1499,"[183.633, 187.4, 198.733, 204.667, 220.4, 221.133, 245.067, 248.533, 255.267, 260.2, 262.267, 268.733, 299.7, 307.233, 320.3, 331.3, 343.933, 363.667, 371.3, 376.267, 418.4, 424.233, 510.9, 538.4, 543.767, 587.267, 680.367, 782.4, 869.8, 908.1]"
12000,437.15653333333336,680.76524908104261,321.94867837629431,283.13689999999997,324.7165,517.85299999999984,"[174.933, 181.667, 199.833, 223.333, 234.7, 239.233, 263.167, 276.267, 279.8, 284.567, 294.433, 296.167, 310.9, 316.267, 318.5, 330.933, 373.267, 378.0, 415.2, 444.633, 497.333, 565.733, 589.133, 615.2, 634.5, 655.167, 688.9, 802.8, 940.9, 1289.23]"
12500,480.67339999999996,748.53221198028132,353.99714761357751,299.04319999999996,350.80000000000001,545.02299999999991,"[207.1, 214.4, 223.033, 228.667, 238.467, 242.267, 249.3, 251.833, 297.667, 299.633, 307.933, 311.933, 314.767, 322.9, 339.1, 362.5, 418.233, 463.867, 512.8, 527.133, 538.933, 559.233, 616.8, 618.033, 626.567, 660.967, 797.733, 972.233, 1296.1, 1400.07]"
13000,506.33003333333335,788.48619424967058,372.89225397346235,301.98699999999997,398.44999999999999,658.2530999999999,"[215.833, 227.133, 241.7, 244.9, 247.7, 255.767, 266.767, 270.667, 288.967, 307.567, 325.467, 332.967, 333.833, 336.033, 380.767, 416.133, 446.467, 541.067, 625.033, 630.1, 648.633, 680.7, 706.7, 732.2, 754.233, 778.1, 921.2, 967.167, 1028.5, 1037.6]"
13500,572.34399999999994,891.28693273570389,421.50895692115569,287.61699999999996,441.86699999999996,709.10699999999974,"[219.267, 231.7, 262.767, 263.167, 266.033, 268.233, 276.2, 283.733, 287.267, 287.767, 309.033, 346.633, 403.2, 406.733, 423.267, 460.467, 471.3, 534.7, 571.0, 591.1, 674.367, 790.167, 850.733, 898.833, 899.033, 1058.23, 1102.63, 1137.2, 1165.53, 1430.03]"
14000,604.3202,941.08210699898518,445.05817681042203,340.37689999999998,421.70000000000005,684.49689999999964,"[223.7, 241.2, 258.1, 268.267, 283.8, 285.1, 291.733, 310.033, 325.7, 346.667, 351.567, 354.033, 373.533, 379.333, 420.6, 422.8, 489.333, 494.533, 620.467, 625.833, 648.967, 767.4, 783.8, 912.367, 1057.9, 1229.63, 1230.37, 1293.2, 1354.57, 1485.07]"
14500,643.15463333333332,1001.5573159121492,473.65821714797693,315.72009999999995,460.03300000000002,870.49299999999994,"[222.567, 244.8, 248.233, 252.367, 257.7, 257.7, 266.667, 290.4, 305.967, 319.9, 336.367, 377.0, 406.5, 419.633, 433.933, 486.133, 513.433, 515.967, 657.533, 750.4, 868.633, 874.833, 982.133, 1025.67, 1233.63, 1279.9, 1299.63, 1345.87, 1383.87, 1437.27]"
15000,765.39336666666668,1191.9144886861529,563.68226035048565,335.76990000000001,416.80000000000001,1010.0558999999998,"[238.067, 266.267, 272.633, 282.5, 306.5, 313.667, 316.667, 321.8, 327.533, 339.3, 347.5, 359.2, 361.933, 370.1, 387.067, 446.533, 472.567, 636.6, 679.0, 751.5, 997.467, 1039.43, 1167.87, 1313.7, 1315.57, 1463.0, 1571.37, 1931.53, 2129.1, 2235.83]"
15500,754.82353333333333,1175.4545374484455,555.89799175823373,351.76689999999996,414.73349999999999,1034.1009999999997,"[274.8, 277.267, 293.5, 296.7, 299.167, 305.367, 319.6, 336.8, 337.3, 357.967, 369.667, 379.667, 381.467, 381.567, 408.2, 421.267, 545.833, 568.7, 660.033, 743.867, 1012.63, 1084.2, 1269.77, 1309.2, 1363.37, 1469.4, 1519.53, 1760.33, 1839.97, 2057.57]"
16000,820.67736666666667,1278.0059071152104,604.39676277285605,379.86300000000006,453.64999999999998,1296.299,"[261.867, 270.733, 311.7, 317.4, 344.333, 348.433, 369.133, 372.333, 377.133, 381.033, 382.833, 389.8, 398.6, 415.133, 416.333, 490.967, 492.067, 714.3, 779.3, 1129.57, 1289.9, 1311.23, 1367.43, 1394.93, 1487.13, 1521.3, 1622.4, 1729.4, 1796.93, 2136.67]"
16500,888.93036666666671,1384.2933968416862,654.66242614442911,325.29320000000001,527.31700000000001,1203.2189999999996,"[217.4, 233.733, 264.433, 277.9, 282.433, 313.8, 317.567, 323.0, 324.267, 325.733, 337.067, 407.867, 455.9, 468.633, 513.667, 540.967, 591.667, 658.267, 1041.43, 1137.6, 1168.8, 1283.53, 1335.63, 1628.63, 1671.73, 1868.33, 1988.73, 2039.2, 2248.37, 2401.63]"
17000,897.86333333333334,1398.2043253402178,661.24120649659164,391.11320000000001,671.90000000000009,1308.9519999999998,"[287.733, 288.033, 297.733, 316.167, 333.967, 336.867, 353.167, 375.867, 379.867, 395.933, 403.5, 426.833, 481.033, 484.333, 616.133, 727.667, 755.067, 845.067, 898.033, 1078.2, 1297.33, 1336.07, 1396.33, 1514.73, 1578.27, 1611.03, 1655.4, 1876.07, 2071.37, 2518.1]"
17500,953.38483333333329,1484.6655924031825,702.13061837423504,409.14689999999996,657.41650000000004,1414.96,"[272.133, 313.1, 321.9, 323.067, 344.933, 377.433, 380.233, 400.333, 402.8, 411.867, 437.133, 453.333, 488.4, 495.233, 636.833, 678.0, 816.667, 987.967, 1140.1, 1252.33, 1407.67, 1431.97, 1539.07, 1625.57, 1682.0, 1840.03, 1976.47, 1986.2, 2048.9, 2129.87]"
18000,1027.6689666666666,1600.3451091791017,756.83797541322792,472.73689999999999,706.89999999999998,1475.2209999999998,"[251.133, 254.833, 289.767, 327.067, 407.633, 410.567, 418.8, 452.433, 456.8, 479.567, 492.033, 495.1, 550.4, 575.133, 684.9, 728.9, 996.333, 1014.17, 1323.33, 1384.1, 1457.83, 1515.8, 1528.97, 1746.23, 1773.13, 1817.7, 2026.77, 2249.97, 2310.0, 2410.67]"
18500,1028.0154333333332,1600.884646961674,757.09313455401502,428.61689999999999,833.13350000000003,1388.8699999999999,"[261.033, 303.033, 315.467, 318.967, 324.6, 334.0, 350.033, 373.533, 405.4, 438.567, 443.033, 629.433, 669.367, 704.533, 724.767, 941.5, 969.167, 1097.8, 1266.83, 1287.8, 1369.7, 1433.6, 1505.57, 1752.23, 1858.37, 2002.2, 2096.13, 2132.6, 2234.23, 2296.97]"
19000,1125.8510333333334,1753.239859624613,829.14522509004826,452.2568,882.36699999999996,1621.1709999999996,"[309.067, 326.6, 372.3, 392.367, 407.867, 412.0, 429.7, 431.567, 450.133, 453.167, 606.133, 619.433, 695.433, 742.0, 800.867, 963.867, 1357.17, 1437.2, 1464.37, 1561.03, 1595.53, 1681.0, 1743.17, 1842.8, 1845.53, 1906.47, 2036.83, 2145.0, 2322.7, 2424.23]"
19500,1158.2207000000001,1803.6477627685451,852.98421778072418,490.83690000000001,1117.9349999999999,1673.0789999999997,"[289.867, 315.233, 324.333, 339.467, 367.467, 378.1, 400.9, 479.8, 484.7, 493.467, 602.533, 642.6, 714.767, 765.167, 1093.67, 1142.2, 1325.03, 1375.5, 1420.3, 1519.67, 1637.97, 1755.0, 1776.77, 1785.37, 1807.4, 2113.47, 2268.2, 2341.73, 2383.27, 2402.67]"
20000,1182.9968666666668,1842.2306318005992,871.23089489828192,469.10300000000001,908.16650000000004,1751.7710000000002,"[269.467, 318.6, 322.0, 330.433, 355.033, 386.767, 430.567, 459.933, 464.133, 471.233, 613.2, 659.367, 746.167, 838.833, 844.133, 972.2, 1070.67, 1531.37, 1598.53, 1712.53, 1738.4, 1782.97, 1828.27, 1846.43, 2030.47, 2042.9, 2317.03, 2333.33, 2425.47, 2749.47]"
20500,1284.9002333333333,2000.9204042307722,946.27873638944902,683.03999999999996,1097.25,1451.3489999999995,"[235.7, 300.433, 317.567, 327.4, 406.7, 424.9, 500.067, 563.267, 581.4, 726.6, 861.3, 891.2, 923.7, 977.733, 1027.0, 1167.5, 1199.57, 1255.77, 1271.37, 1346.4, 1400.1, 1570.93, 2253.87, 2260.97, 2337.83, 2343.03, 2568.07, 2582.97, 2684.33, 3239.33]"
21000,1237.5904333333333,1927.2468678080268,911.43692019123876,655.73320000000001,1206.3499999999999,1763.4409999999998,"[296.267, 302.667, 342.533, 355.1, 392.067, 448.733, 478.567, 483.233, 620.967, 670.633, 831.633, 865.0, 912.233, 1065.3, 1171.03, 1241.67, 1254.07, 1333.23, 1592.57, 1735.57, 1758.8, 1774.27, 1855.67, 1912.4, 1987.57, 2001.23, 2010.53, 2103.43, 2376.47, 2954.27]"
21500,1277.8036,1989.8691194153171,941.05234367110972,732.01309999999989,1347.865,1636.1399999999996,"[263.033, 273.333, 273.667, 364.433, 407.667, 542.933, 548.233, 617.433, 632.1, 774.833, 856.4, 924.933, 1035.83, 1172.33, 1276.23, 1419.5, 1474.57, 1482.9, 1508.67, 1527.67, 1601.4, 1717.2, 1770.67, 1776.3, 1799.07, 1805.57, 2400.03, 2635.87, 2678.6, 2772.7]"
22000,1351.6385333333335,2104.8491161644965,995.42888248985594,854.25319999999999,1291.415,1747.6609999999996,"[250.1, 271.533, 298.833, 337.6, 380.367, 467.933, 470.467, 656.533, 742.767, 902.033, 952.8, 1073.83, 1098.93, 1191.7, 1215.13, 1367.7, 1494.43, 1516.13, 1539.1, 1640.97, 1707.8, 1840.67, 1954.07, 1998.27, 2006.13, 2206.33, 2412.37, 2683.63, 2905.77, 2965.23]"
22500,1361.7017000000001,2120.5200569832023,1002.8400109108585,979.91109999999992,1342.865,1856.9809999999998,"[248.467, 289.867, 339.833, 346.3, 348.867, 539.2, 557.2, 745.8, 886.767, 1019.83, 1061.73, 1140.3, 1151.67, 1310.83, 1330.13, 1355.6, 1432.37, 1584.37, 1655.17, 1685.0, 1825.43, 1930.6, 1939.3, 2169.1, 2205.53, 2289.03, 2290.03, 2314.2, 2324.03, 2534.5]"
23000,1418.4670333333333,2208.9182927162342,1044.6454573602232,961.92689999999993,1509.5,1953.8399999999999,"[189.7, 267.8, 314.367, 315.2, 366.967, 479.833, 699.567, 874.9, 909.8, 984.267, 1075.43, 1243.03, 1244.7, 1252.3, 1477.07, 1541.93, 1559.1, 1744.8, 1765.07, 1937.27, 1952.07, 1957.97, 1966.87, 2012.67, 2136.77, 2254.73, 2348.77, 2382.73, 2547.2, 2751.13]"
23500,1311.4460333333334,2042.2590478769282,965.82867920118053,963.48009999999977,1319.3499999999999,1692.1099999999999,"[239.633, 297.667, 356.0, 391.4, 484.9, 632.867, 731.2, 747.467, 769.067, 1046.8, 1078.37, 1156.53, 1214.17, 1302.43, 1311.93, 1326.77, 1349.43, 1443.13, 1509.63, 1516.9, 1687.13, 1703.73, 1781.73, 1878.93, 1894.4, 1927.3, 2013.03, 2326.07, 2486.87, 2737.9]"
24000,1459.5927666666669,2272.9616455235901,1074.9329504761656,1180.7599999999998,1405.0349999999999,1752.6289999999995,"[284.867, 286.933, 289.067, 337.4, 445.7, 609.633, 689.433, 917.7, 1140.37, 1198.07, 1202.47, 1324.63, 1367.83, 1376.0, 1403.7, 1406.37, 1484.2, 1495.9, 1667.23, 1681.37, 1697.27, 1881.8, 1990.07, 2147.97, 2197.13, 2208.0, 2305.07, 2760.8, 2935.67, 3055.13]"
24500,1402.8977,2184.6728330776141,1033.1792526768663,1235.0189999999998,1349.6500000000001,1612.1409999999998,"[242.067, 258.467, 353.667, 365.1, 366.567, 673.833, 1196.03, 1228.3, 1234.2, 1235.37, 1260.83, 1292.77, 1303.93, 1328.6, 1335.47, 1363.83, 1423.17, 1473.33, 1538.5, 1555.6, 1597.93, 1645.3, 1941.23, 2051.97, 2077.37, 2151.17, 2168.13, 2241.37, 2554.73, 2628.1]"
25000,1511.7918999999999,2354.2491324896955,1113.3755693269295,1268.72,1618.8150000000001,1910.6899999999994,"[321.867, 327.6, 341.0, 354.833, 494.033, 920.667, 992.667, 1034.2, 1149.3, 1319.9, 1379.07, 1485.83, 1578.3, 1589.43, 1605.5, 1632.13, 1702.83, 1746.2, 1787.73, 1795.37, 1850.03, 2052.23, 2091.57, 2127.87, 2137.77, 2143.17, 2171.03, 2250.0, 2304.23, 2667.4]"
25500,1580.808,2461.7249653426311,1164.2032259840555,1147.691,1634.9200000000001,1978.1479999999997,"[278.767, 343.433, 354.933, 372.0, 394.167, 763.733, 885.967, 1006.1, 1125.9, 1157.03, 1346.63, 1356.67, 1613.77, 1629.57, 1632.27, 1637.57, 1645.3, 1894.4, 1948.7, 1956.67, 1958.87, 2023.13, 2084.7, 2114.0, 2408.33, 2465.63, 2526.1, 2647.63, 2648.77, 3203.5]"
26000,1649.5891333333334,2568.8348946137548,1214.857838886765,1510.4010000000001,1663.7649999999999,2054.0799999999999,"[283.4, 322.267, 333.9, 443.267, 457.6, 1177.8, 1234.67, 1312.8, 1487.0, 1520.43, 1529.53, 1563.4, 1575.3, 1655.43, 1661.83, 1665.7, 1694.9, 1929.53, 1986.47, 1994.93, 2032.03, 2105.53, 2116.1, 2165.03, 2263.93, 2357.3, 2364.43, 2419.0, 2796.87, 3037.3]"
26500,1695.8927666666668,2640.9415705432407,1248.9586527120048,1459.779,1797.415,2087.0319999999997,"[289.233, 292.233, 310.5, 393.9, 421.567, 1145.83, 1243.9, 1323.1, 1418.43, 1477.5, 1567.53, 1578.57, 1608.93, 1698.47, 1768.93, 1825.9, 1829.4, 1912.37, 1940.33, 2027.97, 2086.93, 2087.27, 2090.13, 2426.43, 2461.63, 2470.57, 2477.8, 2506.2, 2645.2, 3550.03]"
27000,1630.2695333333331,2538.7493044342809,1200.6297095726914,1464.03,1801.9299999999998,1926.5709999999999,"[295.733, 348.167, 407.2, 438.433, 482.833, 1335.73, 1347.6, 1438.27, 1457.1, 1467.0, 1558.4, 1636.57, 1656.33, 1703.03, 1781.83, 1822.03, 1834.23, 1875.07, 1898.43, 1900.53, 1918.0, 1946.57, 1968.87, 2038.1, 2049.83, 2259.9, 2313.43, 2416.1, 2440.1, 2872.67]"
27500,1709.7228,2662.4784923757379,1259.1439310140713,1507.0799999999999,1814.4349999999999,2072.279,"[327.9, 396.133, 413.567, 459.567, 512.967, 1268.4, 1319.53, 1459.07, 1459.9, 1527.3, 1636.67, 1699.67, 1720.77, 1728.47, 1796.1, 1832.77, 1880.43, 1893.1, 1970.0, 2047.87, 2071.97, 2073.0, 2096.73, 2179.13, 2219.6, 2320.23, 2479.37, 2634.27, 2891.27, 2975.93]"
28000,1667.0017666666668,2595.9508468287136,1227.6815618812993,1424.5420000000001,1891.9000000000001,2084.6289999999999,"[334.7, 341.3, 347.7, 383.2, 655.733, 1215.0, 1282.7, 1353.83, 1388.17, 1440.13, 1470.0, 1586.6, 1705.67, 1850.9, 1873.8, 1910.0, 1920.97, 1986.33, 1987.2, 1994.57, 2079.7, 2096.13, 2138.2, 2201.33, 2269.4, 2270.23, 2388.83, 2416.77, 2508.73, 2612.23]"
28500,1652.1581666666668,2572.8355407981521,1216.7498313958661,1446.0209999999997,1792.1500000000001,1982.71,"[268.033, 348.233, 382.9, 420.933, 574.833, 779.133, 1258.17, 1270.53, 1395.67, 1467.6, 1612.63, 1647.33, 1716.53, 1757.4, 1772.97, 1811.33, 1825.17, 1874.6, 1881.97, 1892.6, 1974.97, 2000.77, 2078.77, 2214.5, 2226.67, 2461.17, 2511.63, 2567.17, 2724.83, 2845.7]"
29000,1726.0727666666667,2687.9395990540024,1271.185041596802,1559.1089999999999,1839.05,2081.9299999999998,"[252.233, 291.033, 377.867, 463.633, 522.567, 1108.77, 1132.9, 1436.83, 1522.73, 1574.7, 1646.37, 1649.67, 1687.8, 1737.23, 1835.77, 1842.33, 1891.97, 1911.57, 1935.77, 2026.57, 2072.0, 2105.1, 2189.67, 2269.37, 2311.53, 2453.7, 2612.3, 2781.27, 2806.5, 3332.43]"
29500,1753.164,2730.1276227979288,1291.1366747126219,1642.77,1870.7349999999999,2220.6910000000003,"[336.033, 340.333, 434.267, 478.267, 807.767, 906.3, 995.133, 1497.1, 1555.83, 1680.03, 1691.43, 1705.27, 1818.67, 1821.2, 1846.1, 1895.37, 1954.2, 2072.1, 2135.9, 2137.3, 2210.53, 2244.4, 2244.67, 2279.87, 2364.33, 2415.63, 2475.83, 2497.93, 2875.5, 2877.63]"
30000,1844.0756666666666,2871.7004889994164,1358.0895593215819,1667.452,2166.7799999999997,2288.4709999999995,"[283.8, 389.533, 450.7, 484.0, 659.467, 1049.37, 1391.87, 1504.93, 1562.27, 1712.53, 1719.97, 1744.27, 1755.9, 2006.9, 2154.73, 2178.83, 2203.03, 2246.0, 2267.7, 2281.2, 2281.43, 2304.9, 2349.07, 2370.6, 2466.87, 2528.1, 2537.53, 2581.53, 2635.47, 3219.77]"
30500,1872.2545666666667,2915.5822897151857,1378.8422163708137,1717.9390000000001,2050.98,2200.3109999999997,"[341.833, 369.2, 437.567, 504.567, 764.3, 1425.7, 1541.43, 1616.67, 1686.53, 1731.4, 1756.93, 1790.63, 1832.5, 1908.03, 2033.83, 2068.13, 2081.93, 2137.77, 2138.93, 2185.67, 2186.73, 2232.0, 2283.17, 2427.13, 2506.1, 2686.2, 2756.33, 2820.7, 2854.3, 3061.43]"
31000,1922.9408000000001,2994.5138019518695,1416.170643579967,1749.1890000000001,2188.8999999999996,2331.2579999999998,"[269.633, 354.9, 444.767, 452.867, 638.467, 1264.37, 1557.1, 1681.67, 1732.2, 1756.47, 1848.73, 1883.2, 1998.03, 2035.5, 2161.33, 2216.47, 2255.9, 2273.8, 2280.83, 2325.3, 2326.47, 2342.43, 2363.0, 2450.23, 2578.87, 2613.73, 2824.4, 2859.0, 2883.63, 3014.93]"
31500,2010.5434333333333,3130.9336514885772,1480.686554640238,1758.1489999999999,2181.9850000000001,2489.5609999999997,"[300.0, 338.767, 434.833, 490.533, 669.3, 1594.27, 1624.07, 1685.5, 1689.43, 1787.6, 1858.87, 1875.07, 1993.93, 2023.5, 2057.17, 2306.8, 2317.3, 2324.63, 2345.93, 2473.53, 2478.83, 2514.6, 2606.87, 2629.37, 2707.6, 2783.43, 2983.47, 3045.8, 3179.37, 3195.93]"
32000,1961.2221,3054.1276398852374,1444.363322864778,1765.4099999999999,2101.0500000000002,2322.6989999999996,"[301.433, 361.767, 446.133, 589.7, 1113.23, 1392.83, 1567.53, 1692.73, 1729.57, 1780.77, 1814.13, 1976.6, 2003.03, 2003.07, 2083.9, 2118.2, 2144.33, 2184.7, 2186.97, 2285.87, 2308.77, 2355.2, 2390.3, 2447.1, 2679.27, 2787.3, 2798.4, 2864.43, 3036.07, 3393.33]"
32500,2054.3785666666668,3199.1962375115409,1512.9694148219351,1932.1399999999999,2231.9650000000001,2558.46,"[265.167, 409.333, 429.7, 520.167, 1105.83, 1780.9, 1782.77, 1923.9, 1926.33, 1934.63, 2003.47, 2013.13, 2111.87, 2180.57, 2227.9, 2236.03, 2255.97, 2283.87, 2404.03, 2493.27, 2552.43, 2572.53, 2583.9, 2628.03, 2662.93, 2668.0, 2737.43, 2765.6, 2776.47, 3395.2]"
33000,1949.8230000000001,3036.3763069893785,1435.9683318264515,1739.069,2068.9650000000001,2196.1320000000001,"[359.867, 371.333, 549.667, 744.333, 1426.97, 1577.7, 1595.43, 1640.03, 1666.5, 1770.17, 1825.33, 1935.47, 1950.87, 2020.2, 2059.13, 2078.8, 2096.0, 2100.0, 2105.43, 2162.63, 2166.03, 2266.37, 2330.4, 2333.93, 2606.17, 2610.63, 2746.5, 2824.23, 3268.97, 3305.6]"
33500,2064.8652333333334,3215.5266768416559,1520.6924344189722,1845.319,2007.95,2545.5199999999995,"[315.067, 348.1, 534.867, 687.733, 1167.8, 1638.03, 1654.9, 1749.67, 1768.13, 1878.4, 1902.0, 1903.73, 1918.27, 1965.2, 1985.63, 2030.27, 2046.8, 2159.77, 2195.17, 2492.93, 2507.33, 2634.63, 2639.7, 2759.9, 2914.13, 2956.43, 3014.87, 3317.2, 3371.1, 3488.2]"
34000,1994.6083333333333,3106.1185989994506,1468.9509771214132,1812.3679999999999,2050.1849999999999,2437.1599999999999,"[357.833, 381.8, 422.467, 522.8, 1455.87, 1461.03, 1492.33, 1747.93, 1807.23, 1814.57, 1964.43, 1979.4, 1988.4, 1997.6, 2033.97, 2066.4, 2163.3, 2268.93, 2317.93, 2410.17, 2415.8, 2487.0, 2569.8, 2572.87, 2589.9, 2619.53, 2715.23, 2893.8, 2968.23, 3351.7]"
34500,2035.6182000000001,3169.9815175820399,1499.153138971878,1813.9000000000001,2166.8850000000002,2429.9499999999998,"[257.633, 355.3, 587.033, 921.3, 1526.87, 1652.3, 1658.93, 1675.9, 1746.7, 1842.7, 2002.03, 2023.77, 2034.07, 2096.73, 2137.9, 2195.87, 2269.3, 2296.6, 2313.07, 2404.73, 2420.23, 2452.63, 2454.87, 2562.87, 2583.07, 2621.5, 2699.37, 2726.97, 2947.67, 3600.63]"
35000,2066.0369000000001,3217.3512634355961,1521.5553210649855,1918.7080000000001,2218.8499999999999,2375.1499999999996,"[343.467, 387.5, 645.633, 922.067, 1815.5, 1825.73, 1852.67, 1879.73, 1916.93, 1919.47, 1951.0, 1981.7, 1989.37, 2010.57, 2197.6, 2240.1, 2242.77, 2264.57, 2275.43, 2317.1, 2365.97, 2396.57, 2404.3, 2485.67, 2532.33, 2571.33, 2675.7, 2887.23, 2947.33, 3735.77]"
35500,2029.2389000000001,3160.0473054124336,1494.4550341802014,1984.6999999999998,2126.3000000000002,2390.8299999999999,"[329.167, 347.6, 572.833, 799.667, 1250.57, 1336.57, 1438.23, 1890.17, 1969.3, 1991.3, 2022.6, 2036.43, 2054.63, 2063.67, 2120.43, 2132.17, 2196.47, 2237.53, 2250.37, 2290.7, 2368.03, 2444.03, 2455.27, 2469.77, 2560.47, 2647.13, 2837.03, 2982.93, 3095.5, 3686.6]"
36000,2116.9888999999998,3296.6966427821935,1559.079475023176,1962.04,2160.0500000000002,2493.1309999999999,"[360.633, 442.167, 557.667, 897.5, 1593.2, 1753.13, 1773.8, 1868.77, 1938.1, 1972.3, 2030.87, 2037.53, 2062.97, 2089.53, 2133.93, 2186.17, 2324.67, 2360.03, 2376.43, 2469.07, 2487.23, 2506.9, 2542.2, 2738.47, 2750.67, 2844.87, 2938.7, 3095.03, 3098.73, 3278.4]"
36500,1972.9826666666668,3072.4418694247579,1453.0245199568562,1767.6390000000001,2058.3649999999998,2191.3709999999996,"[338.633, 371.667, 612.233, 655.367, 1477.53, 1551.73, 1612.47, 1705.23, 1727.83, 1784.7, 1837.9, 1877.57, 1898.23, 1948.47, 2024.6, 2092.13, 2093.93, 2128.5, 2143.67, 2162.03, 2168.43, 2244.9, 2379.97, 2523.5, 2526.53, 2705.53, 2822.9, 2870.3, 3444.37, 3458.63]"
37000,2047.5527666666667,3188.5667099101906,1507.9424802543456,1821.912,2153.3199999999997,2472.5599999999999,"[421.233, 424.867, 806.133, 1159.8, 1242.13, 1403.5, 1724.6, 1808.93, 1812.07, 1826.13, 2005.07, 2025.63, 2041.77, 2119.63, 2140.47, 2166.17, 2229.83, 2291.33, 2315.4, 2320.1, 2456.3, 2510.5, 2567.13, 2644.53, 2669.6, 2672.73, 2729.97, 2762.23, 2998.57, 3130.23]"
37500,2252.6672333333336,3507.9827321888433,1659.001257657631,2071.181,2455.835,2784.2599999999998,"[287.267, 386.8, 828.4, 851.633, 954.967, 1445.47, 1533.5, 1977.43, 2034.97, 2086.7, 2333.4, 2346.47, 2412.27, 2436.9, 2439.5, 2472.17, 2560.0, 2605.33, 2703.8, 2728.03, 2777.87, 2799.17, 2808.2, 2839.43, 2887.2, 3070.77, 3116.37, 3144.3, 3147.17, 3564.53]"
38000,2204.9872333333333,3433.732699074425,1623.8868036474537,1855.761,2283.23,2849.8979999999997,"[432.1, 445.6, 533.367, 1554.67, 1586.23, 1649.07, 1671.23, 1764.83, 1847.2, 1859.43, 1863.97, 1919.17, 2093.13, 2155.2, 2276.93, 2289.53, 2321.6, 2338.93, 2349.17, 2386.8, 2826.87, 2903.63, 2908.1, 2918.63, 2976.2, 3060.8, 3166.57, 3211.43, 3329.1, 3510.13]"
38500,2019.3733666666667,3144.6841305657185,1487.1894549746814,1757.0699999999999,2103.835,2381.6610000000001,"[380.367, 453.967, 715.767, 1170.07, 1529.9, 1604.07, 1628.27, 1639.23, 1680.63, 1789.83, 1804.4, 2022.17, 2028.37, 2083.4, 2098.57, 2109.1, 2137.53, 2218.47, 2230.5, 2293.03, 2369.13, 2410.9, 2441.77, 2530.03, 2568.17, 2604.53, 2619.83, 2824.83, 3181.8, 3412.57]"
39000,2183.8552333333332,3400.8247355724561,1608.3239126629096,2015.2379999999998,2351.75,2543.1899999999996,"[335.6, 368.567, 1067.33, 1318.33, 1626.07, 1635.77, 1789.73, 1876.3, 1991.83, 2025.27, 2099.83, 2183.2, 2240.07, 2313.7, 2345.5, 2358.0, 2404.5, 2412.03, 2464.57, 2479.2, 2496.9, 2651.2, 2671.77, 2678.93, 2719.93, 2755.1, 2768.93, 2996.43, 3094.27, 3346.8]"
39500,2195.4562333333333,3418.8904787385713,1616.8675951497398,1925.9400000000001,2076.4000000000001,2340.4299999999994,"[357.367, 392.9, 1047.53, 1686.67, 1794.3, 1856.53, 1872.87, 1886.9, 1909.77, 1932.87, 1957.7, 1970.37, 1994.73, 2028.0, 2072.17, 2080.63, 2127.97, 2132.03, 2183.27, 2282.67, 2288.77, 2460.97, 2801.0, 2932.83, 3018.7, 3074.17, 3110.73, 3277.77, 3281.63, 4049.87]"
40000,2145.8013333333333,3341.5650179731956,1580.2987045786422,2034.1700000000001,2192.5150000000003,2359.8099999999999,"[351.233, 494.167, 1261.43, 1624.4, 1951.83, 1957.53, 1999.9, 2001.87, 2023.53, 2038.73, 2057.83, 2129.43, 2131.7, 2141.23, 2189.0, 2196.03, 2226.43, 2233.63, 2257.7, 2323.97, 2354.5, 2372.2, 2443.23, 2579.43, 2583.17, 2726.7, 2840.0, 2932.6, 2934.67, 3015.97]"
40500,2243.5475666666666,3493.7810637326252,1652.2849800621018,2011.731,2184.73,2566.8409999999994,"[377.7, 526.867, 998.6, 1460.37, 1533.1, 1565.97, 1846.37, 1972.73, 2008.0, 2013.33, 2059.67, 2084.73, 2104.13, 2115.9, 2176.63, 2192.83, 2211.83, 2223.93, 2330.17, 2503.43, 2517.2, 2682.67, 2694.53, 2705.57, 2873.7, 3273.8, 3332.87, 3340.1, 3652.73, 3926.97]"
41000,2228.7142333333331,3470.6817455447645,1641.3608105748754,1939.8309999999999,2273.8499999999999,2606.2619999999997,"[421.9, 433.367, 1465.57, 1510.97, 1522.63, 1673.7, 1807.83, 1879.7, 1920.07, 1948.3, 2102.67, 2147.1, 2166.77, 2222.63, 2244.73, 2302.97, 2310.3, 2421.07, 2422.13, 2517.3, 2572.23, 2685.67, 2686.73, 2728.3, 2747.63, 2802.93, 2931.23, 3085.53, 3467.67, 3711.8]"
41500,2238.5166666666669,3485.9466574491671,1648.5799190998578,2096.5709999999999,2341.2849999999999,2623.7289999999998,"[417.667, 502.733, 1474.9, 1600.97, 1736.03, 1790.93, 1948.63, 2050.07, 2057.0, 2113.53, 2134.1, 2141.23, 2209.63, 2230.83, 2320.2, 2362.37, 2373.77, 2409.27, 2493.6, 2591.3, 2608.57, 2659.1, 2670.1, 2694.97, 2708.0, 2732.87, 2810.23, 2936.23, 3174.4, 3202.27]"
42000,2058.4833333333331,3205.5884158027943,1515.9924148290486,1828.8389999999999,2064.52,2353.232,"[424.367, 512.233, 1333.27, 1422.17, 1619.33, 1708.67, 1730.1, 1747.07, 1800.23, 1841.1, 1861.37, 1959.73, 1966.33, 2011.2, 2035.37, 2093.67, 2143.1, 2197.4, 2210.03, 2304.67, 2336.33, 2392.67, 2400.8, 2415.13, 2457.23, 2613.0, 2718.2, 2854.47, 3270.23, 3375.03]"
42500,2305.9563333333335,3590.9675778188252,1698.2465943017944,2078.6399999999999,2319.3999999999996,2694.7809999999999,"[430.5, 439.8, 1419.57, 1644.1, 1865.83, 1901.4, 1976.3, 2033.63, 2078.5, 2078.7, 2115.23, 2149.5, 2224.2, 2243.5, 2317.93, 2320.87, 2452.73, 2465.27, 2478.97, 2514.23, 2674.63, 2741.8, 2758.3, 2774.43, 2796.7, 2799.87, 3067.73, 3247.57, 3453.9, 3713.0]"
43000,2235.5538999999999,3481.3328671154777,1646.3979573997831,2034.748,2359.8800000000001,2576.3800000000001,"[423.6, 511.067, 1597.97, 1665.47, 1873.1, 1889.43, 1961.17, 1965.33, 2020.93, 2040.67, 2072.83, 2127.63, 2305.23, 2318.9, 2325.83, 2393.93, 2437.93, 2465.67, 2524.53, 2537.57, 2565.67, 2601.37, 2662.73, 2666.23, 2690.7, 2719.83, 2783.23, 2889.5, 2908.9, 3119.67]"
43500,2335.1815666666666,3636.4787888669912,1719.7698349020466,2080.6700000000001,2298.9000000000001,2813.5299999999997,"[457.167, 600.7, 1676.27, 1857.3, 1870.47, 1907.8, 1936.1, 2066.07, 2079.27, 2081.27, 2107.8, 2169.67, 2178.03, 2212.1, 2289.53, 2308.27, 2332.57, 2364.63, 2396.4, 2733.57, 2811.73, 2817.73, 2880.2, 2977.67, 3028.73, 3029.27, 3108.5, 3119.93, 3242.27, 3414.43]"
44000,2289.9578666666666,3566.0538471187424,1686.4643497128677,2127.2209999999995,2316.8299999999999,2615.1999999999998,"[595.233, 631.133, 1473.77, 1767.67, 1880.57, 1907.67, 1942.1, 1970.1, 2018.77, 2173.7, 2213.63, 2222.17, 2255.67, 2261.97, 2305.73, 2327.93, 2456.47, 2503.37, 2545.83, 2567.2, 2601.13, 2648.03, 2650.23, 2659.1, 2732.63, 2762.93, 2864.13, 2882.67, 3147.47, 3729.73]"
44500,2330.2602333333334,3628.8150060866415,1716.1454655018351,1886.5309999999999,2185.8150000000001,2728.3600000000001,"[446.167, 603.2, 1328.93, 1658.8, 1819.53, 1825.2, 1840.4, 1842.03, 1866.07, 1895.3, 1956.77, 2011.23, 2078.67, 2083.27, 2125.4, 2246.23, 2397.57, 2523.3, 2609.4, 2622.2, 2720.17, 2747.47, 2750.07, 2814.57, 2896.2, 2996.43, 3083.33, 3135.2, 3891.5, 5093.2]"
45000,2366.0064666666667,3684.4810926788332,1742.4711673982356,2179.5519999999997,2435.4650000000001,2649.0509999999999,"[527.867, 691.767, 1785.9, 1858.57, 1883.4, 1926.13, 1988.27, 2062.13, 2063.17, 2229.43, 2247.37, 2313.57, 2365.4, 2382.63, 2434.2, 2436.73, 2446.73, 2481.57, 2615.07, 2620.2, 2640.9, 2668.07, 2837.4, 2930.03, 2943.43, 3030.1, 3096.23, 3109.2, 3146.43, 3218.3]"
45500,2378.7982333333334,3704.4011660553415,1751.8918029335875,2202.4690000000001,2339.6000000000004,2823.6900000000001,"[638.167, 705.5, 1552.4, 1766.63, 1800.63, 1830.7, 1948.83, 2036.77, 2104.0, 2244.67, 2263.27, 2280.1, 2281.0, 2286.47, 2305.13, 2374.07, 2383.57, 2573.0, 2752.6, 2800.83, 2811.27, 2852.67, 2896.77, 2955.57, 2957.23, 2978.3, 3008.47, 3018.53, 3269.0, 3687.8]"
46000,2291.9018666666666,3569.0811555158575,1687.8960296330811,2047.75,2328.8999999999996,2708.4099999999999,"[589.733, 689.633, 1490.7, 1544.63, 1701.2, 1955.83, 1972.37, 1991.53, 2020.03, 2059.63, 2140.0, 2179.27, 2270.17, 2273.73, 2312.6, 2345.2, 2408.17, 2467.97, 2476.67, 2656.67, 2703.67, 2719.47, 2759.8, 2761.57, 2807.93, 2858.17, 2897.37, 2981.67, 3265.67, 3456.0]"
46500,2417.1075333333333,3764.0586071960747,1780.1051031225993,2145.0619999999999,2398.0799999999999,2656.1390000000001,"[614.133, 743.833, 1899.37, 1961.67, 1991.23, 2035.93, 2082.8, 2086.4, 2139.77, 2147.33, 2195.5, 2200.4, 2211.07, 2236.83, 2284.63, 2511.53, 2527.17, 2544.03, 2545.53, 2601.43, 2654.0, 2661.13, 2737.8, 2755.37, 2934.1, 2962.9, 3171.87, 3352.0, 3794.47, 3929.0]"
47000,2328.5802333333336,3626.1988136446907,1714.9082112497983,2110.52,2315.8500000000004,2595.7399999999998,"[622.767, 890.1, 1535.03, 1664.27, 1770.5, 1822.1, 1849.23, 1969.57, 2044.93, 2138.63, 2243.57, 2249.97, 2272.07, 2278.4, 2315.67, 2316.03, 2333.47, 2403.0, 2455.73, 2469.07, 2578.7, 2635.5, 2679.17, 2756.5, 2895.33, 3076.93, 3228.8, 3324.57, 3373.37, 3664.43]"
47500,2422.8975333333337,3773.075127576371,1784.3692115269394,2040.6299999999999,2454.4849999999997,2755.1779999999999,"[468.233, 757.833, 1478.1, 1672.53, 1859.5, 1925.53, 1956.13, 1988.07, 1989.67, 2062.47, 2090.9, 2173.13, 2261.63, 2277.07, 2395.27, 2513.7, 2568.77, 2604.17, 2656.07, 2687.5, 2714.57, 2849.93, 2852.23, 2982.3, 3327.6, 3366.0, 3464.13, 3513.63, 3609.13, 3621.13]"
48000,2494.2377666666666,3884.1702342749918,1836.9085014274972,2316.1220000000003,2636.6000000000004,2855.9199999999996,"[644.633, 1364.93, 1653.37, 1711.4, 1893.1, 1947.97, 1972.0, 2045.3, 2301.17, 2322.53, 2350.7, 2449.9, 2466.73, 2516.83, 2614.63, 2658.57, 2673.87, 2701.6, 2794.5, 2799.03, 2844.7, 2882.1, 2893.73, 2901.0, 2965.2, 3046.03, 3131.77, 3164.07, 3488.37, 3627.4]"
48500,2388.4043333333334,3719.36033642238,1758.9663196422109,2141.0280000000002,2373.0,2582.3710000000001,"[749.1, 1490.7, 1712.2, 1912.73, 1970.3, 2039.3, 2075.1, 2127.43, 2129.03, 2146.17, 2165.4, 2181.97, 2266.37, 2281.53, 2358.4, 2387.6, 2478.6, 2489.6, 2495.37, 2507.7, 2569.03, 2613.5, 2672.53, 2700.77, 2785.53, 2949.4, 3048.5, 3175.57, 3338.03, 3834.67]"
49000,2398.3023333333335,3734.7740702262086,1766.255809277126,2143.3379999999997,2380.3000000000002,2773.6509999999998,"[814.9, 1698.2, 1796.53, 1834.43, 1884.93, 2005.1, 2038.83, 2094.2, 2126.23, 2150.67, 2181.13, 2216.87, 2227.27, 2338.07, 2354.93, 2405.67, 2457.1, 2508.67, 2513.97, 2559.17, 2758.3, 2809.47, 2812.4, 2886.4, 2903.8, 2946.1, 3004.9, 3056.73, 3253.37, 3310.73]"
49500,2462.8573333333334,3835.3028220655797,1813.79804037249,2262.201,2357.1149999999998,2542.6299999999997,"[655.8, 1466.53, 1895.53, 1999.7, 2064.33, 2098.2, 2168.73, 2186.07, 2220.6, 2280.03, 2282.6, 2301.33, 2323.67, 2343.23, 2344.2, 2370.03, 2376.43, 2416.73, 2433.47, 2459.83, 2508.97, 2621.17, 2687.37, 2758.9, 2819.53, 2946.67, 3126.1, 3595.07, 3837.93, 4296.97]"
50000,2433.2446666666665,3789.188277589778,1791.9894702847093,2166.9110000000001,2480.02,2702.6819999999998,"[784.1, 1601.27, 1667.63, 1735.07, 1817.97, 1826.67, 1921.4, 2144.2, 2157.37, 2171.0, 2187.57, 2261.73, 2328.5, 2398.6, 2438.97, 2521.07, 2544.7, 2565.53, 2605.77, 2640.57, 2694.93, 2720.77, 2786.27, 2956.17, 3066.4, 3117.17, 3213.17, 3237.5, 3311.9, 3573.37]"
50500,2339.9516666666668,3643.9070624189858,1723.2828268708793,2191.8499999999999,2404.7649999999999,2633.21,"[1265.23, 1491.53, 1715.47, 1788.67, 1835.13, 1847.83, 1887.63, 1928.67, 2188.77, 2193.17, 2268.17, 2358.73, 2369.0, 2377.9, 2385.7, 2423.83, 2435.07, 2526.07, 2597.33, 2600.0, 2630.33, 2639.93, 2640.63, 2670.6, 2746.6, 2747.73, 2850.7, 2885.47, 2937.13, 2965.53]"
51000,2619.3291000000004,4078.9696395251331,1929.0333728915298,2328.3699999999999,2587.23,2829.0789999999997,"[900.033, 1433.77, 1778.2, 1962.67, 2132.17, 2229.97, 2296.9, 2302.6, 2324.17, 2330.17, 2334.23, 2364.9, 2460.87, 2521.33, 2539.33, 2635.13, 2657.8, 2680.8, 2728.33, 2771.27, 2822.47, 2844.5, 2923.13, 2979.47, 3074.2, 3209.63, 3430.3, 3481.8, 4024.13, 4405.6]"
51500,2523.512666666667,3929.7587891076528,1858.4683195840103,2326.9799999999996,2629.4200000000001,2754.3319999999999,"[1128.43, 1545.13, 1703.83, 1723.27, 2088.9, 2136.93, 2141.83, 2163.1, 2259.43, 2355.93, 2452.07, 2481.0, 2561.4, 2579.3, 2611.37, 2647.47, 2684.43, 2708.63, 2724.93, 2726.97, 2745.23, 2775.57, 2777.5, 2890.73, 2930.07, 3069.4, 3086.8, 3154.93, 3259.57, 3591.23]"
52000,2331.9282333333331,3631.4125114397207,1717.3738822234995,2113.7799999999997,2240.2799999999997,2572.0719999999997,"[674.367, 1723.07, 1849.73, 1909.8, 1933.1, 1962.03, 2032.07, 2074.57, 2098.17, 2120.47, 2153.93, 2155.23, 2159.07, 2199.27, 2205.23, 2275.33, 2293.5, 2343.53, 2412.5, 2447.0, 2554.93, 2612.07, 2640.7, 2671.87, 2744.27, 2754.3, 2973.87, 3112.3, 3208.07, 3663.5]"
52500,2462.4103333333333,3834.6067280051316,1813.4688423661441,2043.6999999999998,2413.6849999999999,2755.7510000000002,"[1219.73, 1631.13, 1676.9, 1896.33, 1945.0, 1949.27, 2016.1, 2039.23, 2041.67, 2044.57, 2240.63, 2264.13, 2323.77, 2346.4, 2380.67, 2446.7, 2538.07, 2590.63, 2662.13, 2686.17, 2740.4, 2791.57, 2842.87, 2973.93, 3176.53, 3231.57, 3259.87, 3285.47, 3298.07, 3332.8]"
53000,2330.1960000000004,3628.7149782526017,1716.0981601656511,2051.4490000000001,2259.2349999999997,2427.819,"[1227.4, 1402.87, 1693.2, 1817.17, 1866.93, 1873.57, 1927.7, 2031.8, 2040.2, 2056.27, 2111.8, 2125.1, 2193.87, 2236.87, 2244.7, 2273.77, 2276.4, 2313.67, 2370.73, 2397.63, 2426.7, 2430.43, 2690.7, 2815.67, 2866.5, 2892.83, 2961.53, 3287.97, 3504.6, 3547.3]"
53500,2481.1453333333334,3863.7819455051031,1827.2664366589436,2225.3600000000001,2478.8499999999999,2631.2080000000001,"[1624.7, 1838.3, 1868.77, 1976.53, 2054.07, 2086.73, 2122.27, 2153.03, 2221.23, 2227.13, 2315.6, 2326.0, 2451.33, 2455.43, 2474.43, 2483.27, 2485.17, 2497.43, 2589.97, 2625.67, 2630.17, 2633.63, 2653.93, 2892.07, 2919.0, 2944.03, 2990.27, 3186.27, 3225.3, 3482.63]"
54000,2488.5223333333333,3875.2698333885983,1832.6993084549395,2227.3100000000004,2491.8000000000002,2808.1019999999999,"[1389.73, 1511.97, 1700.8, 1803.3, 1831.9, 1905.63, 1956.2, 2150.03, 2220.87, 2230.07, 2239.27, 2270.57, 2290.8, 2409.5, 2438.57, 2545.03, 2555.97, 2567.4, 2705.6, 2802.23, 2804.43, 2816.67, 2888.27, 2938.6, 3019.43, 3023.9, 3027.5, 3076.13, 3331.2, 4204.1]"
54500,2408.4696666666664,3750.607225358031,1773.7436523714935,2203.21,2414.165,2683.442,"[1306.63, 1564.4, 1795.9, 1868.17, 1915.4, 1920.0, 2007.17, 2184.67, 2196.0, 2206.3, 2215.93, 2244.97, 2356.63, 2391.13, 2404.33, 2424.0, 2461.33, 2545.6, 2575.87, 2674.53, 2675.93, 2700.97, 2761.13, 2802.1, 2804.1, 2826.57, 2951.4, 2952.33, 3168.9, 3351.7]"
55000,2502.6116666666667,3897.2105520664522,1843.0755510591212,2196.1610000000001,2566.3999999999996,2748.3899999999999,"[1725.17, 1918.93, 1990.5, 2066.17, 2116.03, 2146.47, 2156.87, 2160.6, 2193.97, 2197.1, 2326.23, 2337.8, 2356.13, 2533.93, 2562.2, 2570.6, 2576.4, 2611.77, 2630.73, 2664.23, 2736.27, 2776.67, 2808.07, 2852.97, 2876.57, 2904.43, 2917.83, 2923.67, 3123.47, 3316.57]"
55500,2435.6460000000002,3792.9277717072018,1793.7579583068666,2245.9780000000001,2347.4849999999997,2495.9009999999998,"[1589.17, 1789.7, 1928.57, 1991.57, 2043.43, 2067.0, 2090.7, 2094.2, 2243.43, 2247.07, 2261.5, 2315.43, 2315.6, 2323.43, 2332.37, 2362.6, 2375.97, 2376.93, 2414.57, 2457.93, 2489.4, 2511.07, 2745.47, 2748.27, 2869.57, 2909.43, 3155.33, 3193.2, 3330.17, 3496.3]"
56000,2492.0766666666668,3880.8048452950516,1835.3169358536427,2351.75,2554.335,2669.8099999999999,"[1546.1, 1674.13, 1779.1, 1860.63, 2030.6, 2102.17, 2178.3, 2319.57, 2334.53, 2359.13, 2472.1, 2479.2, 2491.47, 2524.53, 2525.8, 2582.87, 2618.93, 2636.43, 2638.6, 2647.87, 2657.57, 2698.37, 2759.9, 2784.23, 2799.6, 2804.67, 2909.67, 3043.83, 3186.0, 3316.4]"
56500,2488.989,3875.9965535113624,1833.0429901916164,2248.3209999999999,2487.48,2732.5709999999999,"[1542.63, 1681.23, 1876.17, 1905.37, 1971.9, 2084.23, 2190.43, 2215.33, 2215.4, 2262.43, 2276.7, 2280.97, 2294.97, 2344.27, 2476.93, 2498.03, 2521.83, 2553.0, 2610.77, 2665.37, 2715.0, 2773.57, 2848.37, 2864.63, 2991.63, 3010.9, 3134.17, 3135.2, 3312.07, 3416.17]"
57000,2549.4763333333331,3970.1909013092404,1877.5895439779324,2194.04,2504.5999999999999,2834.1379999999999,"[1793.43, 1815.5, 1972.13, 2032.53, 2033.63, 2066.53, 2075.57, 2146.23, 2151.2, 2212.4, 2214.73, 2362.47, 2414.67, 2452.87, 2478.1, 2531.1, 2534.13, 2563.37, 2570.73, 2642.57, 2826.17, 2852.73, 3070.43, 3121.03, 3149.67, 3173.47, 3225.4, 3228.73, 3262.27, 3510.5]"
57500,2426.2076666666667,3778.2298572242967,1786.8069951825782,2206.96,2417.915,2662.511,"[1304.57, 1540.73, 1797.47, 1807.67, 1829.1, 2026.23, 2103.1, 2155.9, 2202.97, 2208.67, 2222.7, 2231.13, 2261.27, 2306.43, 2309.2, 2526.63, 2554.87, 2561.93, 2584.77, 2602.0, 2653.7, 2683.07, 2693.13, 2700.37, 2865.33, 2881.53, 3068.73, 3137.27, 3331.73, 3634.03]"
58000,2643.6066666666666,4116.7760600145921,1946.912850622143,2321.3800000000001,2602.335,2844.2309999999998,"[2018.6, 2032.87, 2038.07, 2094.4, 2136.37, 2275.27, 2307.2, 2315.63, 2318.37, 2322.67, 2326.27, 2373.83, 2444.53, 2497.47, 2585.17, 2619.5, 2689.67, 2698.2, 2744.9, 2755.6, 2842.53, 2848.2, 2850.5, 2890.1, 2979.1, 3109.57, 3336.77, 3413.67, 3709.2, 3733.97]"
58500,2554.9763333333331,3978.7558170418179,1881.6400787316231,2340.0189999999998,2535.9349999999999,2760.5219999999999,"[1791.0, 1832.4, 1961.8, 1963.13, 2011.2, 2198.1, 2211.07, 2247.63, 2311.83, 2352.1, 2413.03, 2432.03, 2448.8, 2450.87, 2522.77, 2549.1, 2628.8, 2681.23, 2700.5, 2703.8, 2755.83, 2771.47, 2830.73, 2880.4, 2937.07, 2996.47, 3153.23, 3230.27, 3287.7, 3394.93]"
59000,2492.0230000000001,3880.7212724809337,1835.2774124539249,2419.5619999999999,2498.8999999999996,2634.6479999999997,"[1548.17, 1696.77, 1975.23, 2067.43, 2097.37, 2147.3, 2148.33, 2242.97, 2402.37, 2426.93, 2467.63, 2477.73, 2479.73, 2482.63, 2498.47, 2499.33, 2559.9, 2566.13, 2569.53, 2626.27, 2630.37, 2644.63, 2732.77, 2799.7, 2807.77, 2879.37, 2890.07, 3070.93, 3097.73, 3227.13]"
59500,2549.136,3969.6609147054251,1877.3389017971135,2270.3589999999999,2501.1199999999999,2786.9389999999994,"[1439.07, 1514.4, 1635.53, 1932.13, 2014.9, 2084.73, 2112.97, 2200.53, 2245.6, 2280.97, 2284.93, 2364.67, 2389.27, 2470.33, 2473.67, 2528.57, 2550.97, 2638.63, 2642.6, 2742.03, 2755.37, 2860.6, 2865.83, 2880.87, 2984.27, 3047.93, 3077.07, 3331.8, 3992.87, 4130.97]"
60000,2547.7649999999999,3967.5259148019036,1876.3292139521477,2250.6990000000001,2529.8500000000004,2861.1890000000003,"[1468.2, 1793.43, 1952.43, 1958.03, 2167.2, 2170.43, 2178.17, 2205.27, 2223.0, 2262.57, 2283.8, 2346.0, 2383.57, 2422.87, 2483.67, 2576.03, 2621.0, 2714.53, 2715.03, 2726.73, 2849.57, 2888.3, 2906.53, 2942.4, 2994.4, 3089.17, 3119.43, 3191.33, 3252.23, 3547.63]"
60500,2511.3553333333334,3910.8266917380433,1849.5149193696702,2104.1589999999997,2457.8850000000002,2756.3899999999999,"[1700.13, 1837.53, 1981.6, 1983.87, 1989.5, 2000.87, 2040.87, 2049.97, 2090.6, 2109.97, 2292.5, 2315.27, 2333.13, 2388.03, 2446.37, 2469.4, 2486.1, 2544.63, 2574.17, 2667.67, 2725.67, 2828.07, 2830.3, 2853.37, 2946.87, 3035.17, 3146.23, 3190.7, 3207.07, 4275.03]"
61000,2513.2826666666665,3913.8280458450581,1850.9343249421452,2116.54,2552.9700000000003,2890.6709999999998,"[1400.3, 1521.63, 1818.43, 1985.53, 1995.67, 2011.93, 2014.2, 2080.47, 2093.93, 2126.23, 2186.7, 2245.43, 2398.87, 2506.5, 2519.87, 2586.07, 2671.03, 2684.43, 2759.33, 2810.9, 2884.53, 2905.0, 2915.83, 2970.47, 3037.23, 3043.9, 3079.3, 3132.77, 3296.63, 3715.37]"
61500,2619.404,4079.0862781048354,1929.0885338102662,2362.5999999999999,2547.6800000000003,2668.1880000000001,"[1779.63, 2002.93, 2063.23, 2109.77, 2204.9, 2219.8, 2258.77, 2273.63, 2338.1, 2373.1, 2439.43, 2479.7, 2522.6, 2528.1, 2534.73, 2560.63, 2587.13, 2595.77, 2630.57, 2646.13, 2663.67, 2678.73, 2735.9, 2962.67, 3035.67, 3046.43, 3206.53, 3367.97, 3754.0, 3981.9]"
62000,2567.1526666666668,3997.7175023021414,1890.6074717023853,2363.96,2596.5349999999999,2708.5919999999996,"[1288.4, 1626.37, 1887.57, 1937.83, 2032.9, 2067.53, 2159.43, 2239.07, 2350.87, 2369.57, 2416.27, 2502.7, 2503.73, 2563.47, 2584.27, 2608.8, 2613.93, 2631.17, 2644.27, 2664.4, 2697.93, 2733.47, 2942.17, 2982.77, 3041.03, 3193.3, 3219.63, 3336.63, 3527.63, 3647.47]"
62500,2545.605,3964.1622388051101,1874.7384584852441,2232.3890000000001,2490.5799999999999,2835.0779999999995,"[1536.2, 1564.77, 1595.33, 1637.17, 1902.03, 1998.2, 2056.47, 2076.4, 2185.93, 2252.3, 2269.93, 2281.0, 2305.1, 2317.93, 2470.33, 2510.83, 2567.9, 2683.37, 2740.4, 2744.5, 2807.37, 2899.73, 2912.13, 2984.23, 3013.53, 3185.5, 3204.2, 3401.5, 3610.5, 4653.37]"
63000,2534.4803333333334,3946.8382692500163,1866.545576856779,2409.3919999999998,2508.3499999999999,2769.5819999999999,"[1642.07, 1856.07, 1970.07, 1987.77, 2094.2, 2104.37, 2203.17, 2216.2, 2397.87, 2414.33, 2433.53, 2438.43, 2439.9, 2482.17, 2494.33, 2522.37, 2537.13, 2566.47, 2681.37, 2697.6, 2741.13, 2835.97, 2911.93, 2918.4, 2954.53, 2965.7, 3001.6, 3109.4, 3159.0, 3257.33]"
63500,2660.3773333333334,4142.8923048835286,1959.2637902904878,2344.3789999999999,2661.2650000000003,3007.5499999999997,"[1580.5, 1763.43, 1764.87, 1920.53, 2041.57, 2110.07, 2225.83, 2286.2, 2328.23, 2351.3, 2367.2, 2422.27, 2432.37, 2492.77, 2645.63, 2676.9, 2720.2, 2727.13, 2792.63, 2918.03, 2979.53, 3072.93, 3183.6, 3192.4, 3239.53, 3267.67, 3332.73, 3423.97, 3522.1, 4029.2]"
64000,2572.9853333333331,4006.8004656650892,1894.9030024369354,2209.8690000000001,2494.3299999999999,2915.9899999999998,"[1821.7, 1900.3, 1907.3, 1991.13, 2000.23, 2111.03, 2125.4, 2146.73, 2193.23, 2217.0, 2220.27, 2271.6, 2400.43, 2454.47, 2469.13, 2519.53, 2582.03, 2602.5, 2688.6, 2863.67, 2911.73, 2925.93, 3035.8, 3070.83, 3079.23, 3169.6, 3182.03, 3279.07, 3283.43, 3765.63]"
64500,2568.6410000000001,4000.0352204079572,1891.7035709554298,2322.3509999999997,2462.98,2843.3689999999997,"[1595.53, 1765.47, 1922.57, 2013.87, 2098.83, 2164.47, 2186.43, 2213.53, 2271.37, 2344.2, 2397.63, 2410.9, 2426.7, 2431.83, 2441.53, 2484.43, 2484.73, 2625.57, 2684.5, 2694.03, 2816.3, 2906.53, 2931.17, 2935.57, 2946.97, 3099.43, 3143.7, 3419.8, 3563.17, 3638.47]"
65000,2529.1070000000004,3938.47060612219,1862.5883271459008,2328.8289999999997,2513.6300000000001,2767.5679999999998,"[1649.77, 1659.03, 1842.43, 1934.37, 1938.07, 2040.2, 2115.43, 2150.73, 2248.7, 2363.17, 2393.7, 2410.93, 2453.27, 2503.53, 2507.13, 2520.13, 2520.73, 2539.83, 2567.87, 2679.47, 2751.77, 2804.43, 2824.8, 2886.4, 3002.63, 3141.23, 3225.13, 3225.2, 3475.9, 3497.23]"
65500,2682.5,4177.3429913889659,1975.5562685046059,2567.8209999999999,2703.4200000000001,2771.8699999999999,"[1925.4, 2020.0, 2122.37, 2208.07, 2210.6, 2314.63, 2383.0, 2500.0, 2520.97, 2587.9, 2652.53, 2656.6, 2664.67, 2688.77, 2702.37, 2704.47, 2720.5, 2736.87, 2752.5, 2756.37, 2759.03, 2801.83, 2811.8, 2815.83, 3005.53, 3051.63, 3229.93, 3314.2, 3338.53, 3518.1]"
66000,2637.0440000000003,4106.5562987453213,1942.0797034566485,2469.9320000000002,2680.8199999999997,2841.6100000000001,"[1358.57, 1639.73, 1937.1, 1954.3, 2383.3, 2441.47, 2451.27, 2466.87, 2467.37, 2471.03, 2502.5, 2517.97, 2518.27, 2532.0, 2643.77, 2717.87, 2738.83, 2773.63, 2775.9, 2814.03, 2835.07, 2856.87, 2893.5, 2982.97, 3036.63, 3050.33, 3074.67, 3281.27, 3479.63, 3514.6]"
66500,2670.761,4159.0623467008327,1966.9109544185012,2429.2200000000003,2655.2200000000003,2933.6889999999999,"[1796.83, 1816.0, 1947.07, 1948.43, 2089.33, 2093.43, 2236.23, 2243.13, 2335.7, 2469.3, 2474.83, 2496.77, 2499.2, 2540.07, 2643.57, 2666.87, 2690.07, 2697.9, 2751.67, 2859.07, 2905.57, 2999.3, 3047.3, 3110.63, 3193.83, 3231.87, 3297.43, 3341.73, 3409.63, 4290.07]"
67000,2679.4139999999998,4172.5372950342862,1973.283550277353,2307.8980000000001,2731.75,3081.6220000000003,"[1723.7, 1843.0, 1847.17, 2110.97, 2124.57, 2140.13, 2143.4, 2187.53, 2302.13, 2310.37, 2356.6, 2375.43, 2423.8, 2513.13, 2728.13, 2735.37, 2741.5, 2777.83, 2828.27, 2996.8, 3078.73, 3088.37, 3179.73, 3221.77, 3281.6, 3328.07, 3354.73, 3356.43, 3458.83, 3824.33]"
67500,2521.0213333333331,3925.879141823696,1856.6335500840655,2245.8009999999999,2427.5349999999999,2900.9519999999998,"[1608.2, 1702.7, 1863.2, 1911.93, 1958.57, 2030.63, 2042.77, 2106.17, 2186.7, 2271.13, 2277.23, 2326.13, 2327.77, 2359.97, 2407.3, 2447.77, 2505.27, 2526.53, 2755.07, 2843.57, 2890.83, 2924.57, 2939.17, 3111.9, 3149.63, 3155.9, 3163.77, 3180.73, 3267.13, 3388.4]"
68000,2701.3966666666665,4206.7699655028937,1989.4729239704682,2399.5419999999999,2655.1700000000001,2843.4409999999998,"[1778.67, 1791.73, 1833.67, 1909.37, 2022.43, 2195.27, 2218.07, 2266.23, 2363.17, 2415.13, 2417.67, 2490.23, 2540.0, 2558.83, 2611.97, 2698.37, 2708.7, 2713.63, 2769.1, 2785.9, 2827.4, 2880.87, 3007.43, 3012.7, 3141.5, 3291.9, 3449.1, 3812.3, 4177.83, 4352.73]"
68500,2749.9416666666666,4282.3670262734349,2025.2244166282708,2489.6719999999996,2726.4499999999998,2984.7409999999995,"[1733.37, 1865.53, 1965.1, 2077.57, 2247.37, 2268.7, 2289.13, 2351.23, 2437.97, 2511.83, 2514.93, 2563.3, 2612.73, 2668.2, 2674.13, 2778.77, 2860.83, 2866.07, 2955.53, 2960.43, 2964.5, 3031.97, 3099.67, 3105.83, 3132.53, 3292.63, 3304.53, 3596.33, 3614.57, 4152.97]"
69000,2819.0403333333334,4389.9714366795206,2076.1128804040932,2490.4079999999999,2792.585,3169.0419999999999,"[1827.17, 1938.5, 2208.5, 2220.87, 2225.77, 2246.2, 2310.27, 2455.3, 2480.93, 2494.47, 2634.93, 2648.37, 2717.73, 2766.03, 2790.5, 2794.67, 2905.17, 2933.4, 2981.1, 3046.97, 3154.33, 3203.37, 3239.03, 3374.73, 3379.17, 3413.4, 3463.87, 3501.8, 3548.33, 3666.33]"
69500,2651.411333333333,4128.9299349820203,1952.6606821811076,2384.9400000000001,2764.8200000000002,2881.3919999999998,"[1673.93, 1985.93, 2020.33, 2110.1, 2159.63, 2170.6, 2208.63, 2241.63, 2274.97, 2432.07, 2463.13, 2533.2, 2533.43, 2541.27, 2748.07, 2781.57, 2814.77, 2830.87, 2840.47, 2861.13, 2880.63, 2883.17, 2926.9, 3045.37, 3083.87, 3121.3, 3232.3, 3310.47, 3409.83, 3422.77]"
70000,2675.6880000000001,4166.7349539398165,1970.5394970969439,2444.4699999999998,2535.6999999999998,2816.2389999999996,"[1847.63, 1958.87, 1986.1, 2059.13, 2250.1, 2270.77, 2283.9, 2361.83, 2412.97, 2457.97, 2460.63, 2495.33, 2495.4, 2517.83, 2520.17, 2551.23, 2567.03, 2636.3, 2709.17, 2742.9, 2781.7, 2896.83, 2927.37, 2938.6, 3252.2, 3379.0, 3491.97, 3531.17, 3642.87, 3843.67]"
70500,2528.4659999999999,3937.4724041249924,1862.1162557318792,2235.8209999999999,2466.48,2707.4989999999998,"[1570.33, 1872.8, 1881.2, 2060.6, 2101.63, 2122.03, 2139.9, 2200.07, 2233.0, 2237.03, 2318.57, 2394.83, 2400.5, 2422.37, 2464.93, 2468.03, 2535.47, 2586.07, 2600.83, 2631.13, 2701.4, 2721.73, 2814.2, 2948.53, 3052.67, 3133.37, 3159.53, 3345.47, 3361.63, 3374.13]"
71000,2687.8799999999997,4185.7210362328324,1979.5184279545795,2283.1390000000001,2618.98,2931.9199999999996,"[1677.97, 1948.53, 2064.1, 2080.13, 2163.27, 2194.53, 2244.33, 2253.33, 2264.33, 2291.2, 2317.27, 2430.1, 2495.47, 2547.03, 2607.33, 2630.63, 2667.3, 2752.83, 2852.03, 2861.6, 2917.7, 2965.1, 2971.0, 3014.8, 3027.63, 3038.7, 3081.2, 3226.9, 4110.63, 4939.43]"
71500,2848.2799999999997,4435.5051241429128,2097.6467505894866,2444.9900000000002,2824.0,3297.192,"[1629.2, 1919.97, 1946.93, 2025.37, 2076.97, 2187.9, 2204.93, 2315.9, 2416.57, 2457.17, 2638.37, 2716.27, 2719.3, 2786.23, 2791.3, 2856.7, 2995.33, 3014.67, 3192.5, 3255.43, 3263.73, 3375.27, 3389.3, 3403.5, 3440.53, 3515.0, 3555.93, 3628.8, 3789.4, 3939.93]"
72000,2719.0593333333331,4234.2752839779132,2002.4807867297745,2468.2190000000001,2649.3199999999997,3013.7689999999993,"[1869.07, 1944.57, 2001.23, 2062.83, 2194.77, 2220.77, 2234.03, 2286.47, 2373.6, 2508.77, 2515.33, 2539.2, 2580.03, 2595.6, 2605.67, 2692.97, 2712.53, 2812.0, 2838.37, 2932.3, 2972.9, 3109.13, 3132.33, 3161.07, 3211.8, 3342.77, 3352.57, 3444.47, 3537.63, 3787.0]"
72500,2714.4766666666669,4227.1388923723698,1999.105832075609,2428.3209999999999,2686.5650000000001,2932.6710000000003,"[1890.63, 2082.37, 2092.0, 2093.37, 2128.73, 2256.03, 2334.7, 2378.2, 2384.97, 2446.9, 2544.47, 2558.37, 2578.37, 2646.37, 2661.23, 2711.9, 2749.87, 2795.8, 2863.8, 2912.63, 2928.93, 2941.4, 3029.57, 3037.33, 3076.5, 3130.83, 3479.27, 3484.33, 3568.3, 3647.13]"
73000,2792.6846666666665,4348.9288795748107,2056.7029633513621,2432.2400000000002,2690.8649999999998,2977.6300000000001,"[2114.93, 2127.43, 2135.27, 2161.7, 2318.23, 2319.2, 2327.7, 2363.83, 2376.1, 2456.3, 2458.97, 2521.03, 2524.3, 2549.4, 2648.2, 2733.53, 2733.6, 2787.53, 2812.8, 2837.4, 2974.63, 2984.63, 2994.63, 3030.13, 3058.5, 3248.03, 3291.67, 4018.0, 4146.9, 4725.97]"
73500,2573.2470000000003,4007.2079480196394,1895.0957096964296,2301.3810000000003,2516.3699999999999,2829.9789999999998,"[1502.3, 1608.0, 1802.4, 1887.73, 1904.7, 2025.47, 2143.57, 2221.37, 2293.8, 2304.63, 2316.7, 2329.17, 2335.8, 2432.87, 2480.77, 2551.97, 2580.83, 2668.63, 2672.53, 2775.0, 2826.67, 2837.7, 3115.9, 3222.6, 3253.13, 3270.83, 3416.77, 3437.87, 3458.27, 3519.43]"
74000,2513.824333333333,3914.6715602732661,1851.333241243645,2178.71,2526.0650000000001,2747.2190000000001,"[1656.27, 1743.83, 1816.7, 1854.93, 1908.47, 2029.07, 2062.87, 2132.07, 2145.67, 2192.87, 2198.7, 2207.93, 2463.77, 2487.2, 2500.03, 2552.1, 2579.1, 2615.53, 2655.73, 2681.87, 2737.4, 2770.13, 2839.13, 2854.7, 2855.9, 2973.43, 3122.43, 3283.33, 3571.3, 3922.27]"
74500,2714.6793333333335,4227.45449653997,1999.2550881441086,2307.9099999999999,2637.0699999999997,2993.5609999999997,"[1852.27, 1927.67, 1976.23, 2069.83, 2072.67, 2084.23, 2105.97, 2235.07, 2249.53, 2332.93, 2338.9, 2435.07, 2619.23, 2629.97, 2635.77, 2638.37, 2642.0, 2701.33, 2816.27, 2816.9, 2973.8, 3039.67, 3064.37, 3246.53, 3335.83, 3385.93, 3538.87, 3634.7, 3636.27, 4404.2]"
75000,2699.895,4204.4314839649996,1988.3670052392329,2439.8899999999999,2700.8299999999999,2944.3989999999999,"[1551.0, 1647.1, 1914.0, 2054.0, 2101.37, 2267.97, 2276.8, 2287.6, 2334.47, 2485.07, 2540.97, 2553.2, 2617.03, 2631.17, 2664.33, 2737.33, 2756.5, 2779.07, 2844.43, 2878.77, 2919.4, 3002.73, 3057.3, 3097.63, 3163.1, 3207.17, 3394.87, 3445.17, 3556.03, 4231.27]"
75500,2696.5740000000001,4199.2598321199284,1985.9212187088683,2315.8419999999996,2678.1999999999998,2896.1679999999997,"[1929.83, 2004.6, 2046.47, 2078.43, 2134.23, 2149.3, 2189.77, 2194.4, 2229.77, 2352.73, 2468.13, 2499.1, 2562.27, 2571.73, 2652.33, 2704.07, 2746.5, 2760.5, 2786.0, 2817.4, 2864.47, 2970.13, 2971.83, 3011.77, 3063.8, 3386.33, 3402.33, 3510.47, 3908.4, 3930.13]"
76000,2581.1013333333331,4019.4391667715608,1900.8801188116538,2232.0279999999998,2478.0300000000002,2820.5599999999995,"[1156.23, 1754.97, 1891.0, 1974.17, 2121.6, 2193.63, 2218.7, 2227.7, 2227.73, 2233.87, 2270.37, 2317.37, 2403.87, 2408.67, 2424.53, 2531.53, 2547.53, 2657.13, 2680.87, 2771.9, 2786.27, 2900.57, 2953.87, 2988.33, 3136.87, 3155.53, 3188.43, 3204.1, 3346.8, 4758.9]"
76500,2898.6039999999998,4513.8725458385907,2134.7084071248923,2725.2489999999998,2884.1199999999999,3133.1300000000001,"[1958.0, 2004.07, 2050.83, 2239.23, 2620.53, 2643.47, 2696.53, 2703.7, 2709.03, 2732.2, 2760.67, 2797.67, 2804.5, 2835.03, 2866.17, 2902.07, 2966.93, 3044.63, 3051.1, 3119.27, 3130.67, 3138.87, 3173.57, 3199.4, 3213.27, 3273.77, 3337.37, 3362.87, 3665.2, 3957.5]"
77000,2756.6536666666666,4292.8193379819913,2030.1675419495018,2283.5879999999997,2680.1800000000003,3034.2509999999997,"[1583.87, 2082.67, 2118.87, 2124.5, 2166.33, 2181.9, 2243.77, 2274.27, 2280.83, 2284.77, 2317.97, 2526.6, 2534.63, 2639.6, 2668.53, 2691.83, 2831.0, 2848.27, 2905.17, 2911.93, 3024.0, 3058.17, 3107.53, 3158.63, 3181.5, 3209.0, 3362.27, 3736.37, 4130.73, 4514.1]"
77500,2589.5860000000002,4032.6519767750187,1907.128743758348,2224.3000000000002,2632.25,2962.4699999999998,"[1678.9, 1712.47, 1831.4, 1961.17, 2002.43, 2037.83, 2127.77, 2178.9, 2217.3, 2227.3, 2343.97, 2438.27, 2515.37, 2538.2, 2624.83, 2639.67, 2663.47, 2680.3, 2893.13, 2909.6, 2956.77, 2975.77, 3019.7, 3045.6, 3133.5, 3178.03, 3181.03, 3255.13, 3276.47, 3443.3]"
78000,2689.5619999999999,4188.3403431895949,1980.7571551283447,2437.1300000000001,2771.27,2886.6189999999997,"[1755.93, 2100.5, 2105.73, 2126.1, 2172.4, 2377.1, 2402.73, 2408.5, 2419.77, 2444.57, 2481.0, 2488.47, 2500.4, 2715.17, 2762.17, 2780.37, 2818.87, 2824.27, 2827.1, 2853.4, 2874.97, 2913.8, 2933.57, 3113.13, 3143.93, 3144.2, 3153.8, 3199.17, 3294.17, 3551.57]"
78500,2595.8466666666664,4042.401446307701,1911.7394797428217,2276.8499999999999,2562.8649999999998,2894.5009999999997,"[1642.27, 1719.23, 1839.67, 1929.5, 2092.93, 2208.77, 2235.07, 2235.43, 2252.07, 2287.47, 2312.2, 2329.07, 2489.87, 2497.0, 2552.7, 2573.03, 2619.9, 2621.03, 2801.33, 2818.83, 2860.13, 2974.7, 2983.77, 3037.8, 3070.0, 3127.63, 3243.5, 3462.47, 3506.13, 3551.9]"
79000,2881.6093333333333,4487.4074753107288,2122.1925002229432,2554.96,2785.75,3080.46,"[2260.47, 2337.53, 2359.6, 2376.93, 2419.3, 2423.77, 2442.13, 2464.53, 2482.3, 2586.1, 2620.73, 2637.33, 2698.77, 2730.23, 2776.03, 2795.47, 2808.23, 2818.2, 2929.7, 2980.67, 3075.93, 3091.03, 3108.37, 3199.23, 3276.23, 3430.53, 3550.07, 3552.57, 3556.03, 4660.27]"
79500,2687.4380000000001,4185.0327284594141,1979.1929122525557,2342.8110000000001,2577.2849999999999,2838.7709999999997,"[1895.97, 2034.53, 2083.4, 2172.0, 2208.17, 2220.1, 2311.53, 2331.7, 2338.8, 2344.53, 2416.43, 2433.53, 2503.83, 2574.4, 2575.8, 2578.77, 2598.73, 2609.2, 2808.33, 2813.43, 2834.73, 2848.2, 3138.53, 3215.0, 3308.8, 3312.9, 3343.4, 3365.4, 3382.93, 4020.07]"
