generation,agents,minScore,maxScore,meanScore,standardDeviation,w0,w1,w2,w3,w4,w5,w6,w7,w8,w9,w10,w11,w12,w13,w14,w15,w16,w17,w18,w19,w20,w21
0,22,0,19,4.5,4.85479,0.227438,-1.17768,-3.96274,0.930237,-3.52301,-5.9495,0.299373,3.38499,0.263559,0.877998,0.959086,-8.99037,0.388603,0.275918,0.144923,-3.30153,0.953046,5.14438,2.89705,-3.18865,-5.42387,-7.5903
1,44,1,43,11.7,8.41243,1.40978,-1.60466,-6.54086,-1.82536,-2.25003,-9.34957,-1.71276,-1.45646,2.08302,1.63537,-2.28286,-14.7016,0.911665,0.0454605,-4.91819,-2.37733,2.11502,2.16643,-0.112337,-4.12135,-2.04188,-11.8522
2,66,1,15,7.3,4.1118,5.24643,-0.72744,-7.57455,-1.65008,0.0751637,-5.13251,-0.0371467,5.97241,4.29707,1.47896,-6.39004,-22.3062,1.84978,-1.64982,-0.109787,-0.981784,5.54546,0.208286,-1.25738,-3.77424,-6.97482,-15.1889
3,88,3,19,9.5,3.94575,7.83318,3.87409,-1.31461,-2.73734,1.56227,-8.82359,0.580052,5.866,6.07227,-4.57368,-10.4035,-23.1177,-4.90795,-0.448807,-2.63298,-7.45444,5.03007,1.79189,-4.50005,-14.5915,-4.05302,-15.2641
4,110,0,12,5.26667,3.3624,9.85589,8.18028,-0.273636,-6.94607,3.00282,-9.36673,-2.77624,14.3222,6.78232,-0.75501,-11.4461,-24.1832,-2.08362,-2.34274,-2.33597,-17.3698,6.76768,1.04643,-6.02537,-16.1447,-7.09391,-18.4592
5,132,1,16,5.53333,3.42137,10.442,4.50289,-3.16331,-4.15679,3.55657,-13.6809,-4.07458,16.7872,10.9316,-1.96959,-7.77511,-19.6363,-0.717798,-5.78994,-2.51377,-26.9688,5.97148,-0.340215,-6.44339,-17.778,-9.60712,-20.6329
6,154,1,11,5.5,2.86176,8.9135,8.16548,-0.562716,-0.286146,1.925,-14.2873,-4.83037,15.8877,9.66221,-2.89495,-7.91748,-20.2074,-0.876725,-3.33651,-3.46252,-26.1773,4.18783,0.0337995,-4.35965,-17.63,-12.1237,-21.7643
7,176,0,13,5.73333,3.54219,3.89486,5.15952,1.6803,0.643449,3.77692,-18.7524,-6.81211,15.4278,9.62861,-6.34776,-8.76455,-20.1856,2.05496,-2.06744,-3.23547,-30.0573,5.27634,-0.112181,-2.37251,-16.9483,-20.3465,-20.8627
8,198,1,12,5.9,3.03258,3.98991,9.10378,-0.160089,2.23383,8.35632,-23.5981,-12.5659,14.3923,8.23617,-8.95676,-11.1484,-17.5682,-0.153261,-0.128925,-2.83907,-30.2902,4.6123,-0.295009,-1.42564,-17.3369,-26.0105,-20.5349
9,220,1,11,5.76667,3.0477,4.97802,6.14441,0.522412,5.84069,7.57703,-22.1342,-15.4436,14.2294,5.2668,-9.86094,-12.4511,-15.908,-4.41878,-0.809758,-3.55793,-29.1642,6.59779,1.51817,-0.463385,-18.604,-27.7641,-19.0717
10,242,1,12,6.23333,3.01357,6.06185,6.15325,-2.60014,5.94363,6.6931,-19.4583,-16.8219,21.1652,6.18642,-13.9164,-13.2362,-15.0466,-7.97108,-1.45789,-3.56802,-28.8,3.81382,-0.522168,-1.47714,-18.0601,-27.6111,-19.478
11,264,2,20,8.9,4.12185,4.55211,5.0843,-4.28434,1.28088,2.71176,-18.0838,-20.13,21.1599,10.2254,-15.6064,-9.8446,-13.9655,-10.6028,-2.0646,-7.0192,-28.3924,1.48907,0.327518,0.594075,-16.9772,-29.3411,-20.4484
12,286,3,17,9.33333,3.94211,5.04356,5.02875,-3.88881,1.0378,3.26195,-15.2167,-21.9924,19.479,8.16,-15.9226,-11.168,-15.0334,-18.0324,-1.26418,-6.73552,-29.9858,2.24536,1.74331,1.00153,-17.0844,-27.6571,-24.4899
13,308,0,20,8.83333,4.66892,2.10687,3.90529,-3.24989,3.97311,2.78291,-16.3556,-20.3278,16.6541,9.49241,-17.9532,-4.62836,-20.4489,-20.7039,-0.240259,-8.35134,-32.2434,0.258997,3.40849,-1.66118,-16.2615,-27.9872,-25.5609
14,330,2,17,8.76667,4.00589,1.81855,4.47696,-3.79962,5.58234,2.19128,-15.8508,-20.0984,15.8987,6.77013,-14.1411,-2.82918,-22.7754,-19.9263,-0.451371,-9.0015,-30.4413,1.74838,4.76689,-1.91974,-14.6439,-28.0246,-25.9942
15,352,4,27,13.5,6.23533,4.20687,2.26638,-3.27513,2.25141,1.44535,-15.9802,-20.3708,15.9794,9.21414,-13.0187,-3.0645,-21.5225,-23.456,-3.13843,-9.49371,-30.2546,-1.84765,4.93799,-4.07776,-14.7277,-27.1283,-27.6112
16,374,5,46,23.0667,9.39161,1.72172,1.01648,-2.60814,1.96067,1.84438,-14.0874,-16.9837,14.6848,9.65926,-16.3222,-1.99573,-20.6329,-24.7775,-2.72888,-7.74604,-32.6946,-4.37818,3.46347,-6.07423,-13.1503,-32.1571,-26.1953
17,396,5,60,30.2,13.9615,-0.366581,-2.38331,-3.48651,2.08051,1.61025,-12.8239,-16.0823,15.4413,8.98129,-12.1009,-2.4671,-17.8446,-19.6134,-1.29996,-6.78956,-28.8749,-3.20704,3.57831,-7.43305,-13.4361,-35.1357,-27.7677
18,418,10,58,32.0667,12.6544,0.362866,-4.96228,-6.14893,2.5467,0.735472,-16.8113,-12.3762,13.6577,11.3985,-11.7877,-1.27231,-19.0652,-21.208,-2.88828,-9.59134,-27.508,-2.82094,1.58938,-7.21521,-14.2355,-37.7105,-28.1885
19,440,11,88,40.3667,21.3032,0.382603,-3.67603,-5.81022,2.4963,0.799121,-14.1249,-11.0556,13.6008,9.26502,-11.8897,-0.823075,-16.7902,-20.2766,-3.19665,-7.74905,-28.8012,-4.75938,0.652641,-7.66798,-13.2458,-36.7223,-30.3413
20,462,21,71,41.4,13.4102,-0.757777,-4.15488,-6.8813,2.58981,0.364501,-15.9297,-13.1391,15.3936,8.236,-12.6087,-1.37078,-15.6607,-21.8285,-4.66616,-8.48205,-26.4495,-4.87547,0.5164,-8.39852,-12.8303,-36.404,-31.623
21,484,14,112,48.4,23.9707,-2.31087,-7.73163,-7.38089,1.54786,1.05846,-12.2503,-13.1211,15.2431,10.1283,-11.365,-2.58132,-15.6043,-22.5447,-3.43317,-9.43293,-21.6815,-8.93256,0.636862,-8.42501,-9.512,-36.6684,-31.6935
22,506,24,147,56.4667,24.4466,-3.16659,-7.66395,-8.9459,4.51995,1.77388,-12.8239,-10.2684,14.4198,6.02943,-11.5556,-1.3393,-15.6792,-24.3264,-4.63967,-12.0381,-19.6069,-7.23994,1.30584,-7.8636,-11.3243,-36.6567,-32.4159
23,528,13,132,59.1333,25.4568,-4.23929,-9.51419,-8.62618,4.11068,0.834179,-11.224,-12.468,13.7257,4.88941,-12.8276,-2.19091,-15.0943,-23.7663,-10.0751,-11.0634,-14.5739,-7.9024,1.35056,-8.36656,-9.55165,-35.7384,-31.5994
24,550,16,123,51.6333,26.1184,-5.53782,-10.2723,-8.07577,0.86691,0.986133,-12.6318,-14.312,14.1335,3.70553,-13.7678,-2.78285,-15.351,-23.0467,-7.85474,-10.2765,-15.4239,-7.89343,0.679682,-7.85155,-11.4545,-36.0582,-31.8853
25,572,27,120,54.8667,22.9433,-5.95292,-10.2861,-8.96122,1.98677,-0.54992,-11.6843,-13.7797,14.274,4.72872,-16.0356,-1.52876,-14.9921,-20.3736,-4.06883,-12.0496,-16.828,-8.12153,-0.700286,-4.83001,-12.843,-35.1783,-29.4165
26,594,16,114,60.0667,23.1709,-5.01103,-11.236,-7.40303,3.12136,-3.64066,-10.645,-12.8386,12.3019,4.03036,-12.1967,-0.495751,-15.3294,-19.6141,-7.18879,-11.1514,-17.4369,-8.75054,0.991597,-7.93156,-12.4109,-35.1714,-29.0536
27,616,10,138,54.5667,25.7397,-8.15341,-9.93519,-8.32192,0.763766,-0.739273,-13.1564,-12.8285,11.7742,4.33742,-12.9466,-2.2675,-15.7719,-22.1584,0.967952,-10.2758,-19.1653,-10.0612,2.58906,-8.91003,-12.225,-35.4766,-29.964
28,638,12,86,44.5,19.5108,-7.25716,-8.90765,-8.12157,1.29633,-0.562636,-13.5303,-12.8156,12.8158,3.80007,-13.3222,-2.56768,-17.0006,-21.2144,-0.88505,-10.5013,-21.5909,-8.80049,-2.94853,-8.42088,-9.943,-36.6254,-28.8068
29,660,15,87,46.4667,17.6552,-5.37967,-8.56636,-7.62753,-0.393595,-2.64193,-13.2058,-14.1825,11.7983,4.62953,-13.5467,-2.07046,-18.7411,-19.7807,-5.29526,-13.7944,-26.1039,-8.50543,-2.10479,-9.02538,-8.99482,-36.522,-28.0656
30,682,20,110,53.0333,19.1608,-3.49028,-9.87982,-9.97505,-2.50865,-3.33256,-13.6503,-13.456,11.2783,4.14135,-15.4747,0.26691,-22.1755,-18.5716,-3.34357,-13.0092,-21.3503,-8.0425,-1.93311,-9.09726,-8.55655,-35.7299,-29.1623
31,704,19,121,62.5667,26.0565,-2.40844,-9.92826,-8.4186,-2.27488,-3.67369,-13.0789,-15.4687,11.2354,-0.445842,-15.4486,-1.87236,-21.8961,-18.4962,-4.25909,-14.8213,-16.567,-10.0633,-3.93728,-8.77208,-9.07395,-33.362,-30.3105
32,726,26,168,72,31.3027,-1.74096,-9.00913,-7.91042,-1.15522,-1.07487,-12.7111,-15.7118,12.2544,-6.15715,-11.7203,-0.82607,-22.5972,-18.3039,-5.22385,-15.2318,-18.116,-13.0269,-3.17549,-8.17383,-6.43592,-32.6103,-31.8033
33,748,14,174,65.2,32.8312,-0.637868,-7.65606,-6.66099,-1.31909,-5.96984,-11.0379,-14.636,10.9431,-7.07055,-13.6709,-0.420651,-20.2294,-19.5938,-5.61366,-14.0684,-19.7008,-14.7532,-4.96506,-9.2671,-8.64308,-33.8817,-32.2802
34,770,21,145,60.6667,30.3398,-1.00656,-6.52698,-6.37543,-0.693022,-7.78312,-9.73139,-15.8007,9.28425,-5.91001,-13.1425,-0.0186963,-20.5808,-20.0669,-4.44784,-14.715,-20.5679,-15.3935,-3.0601,-11.4742,-9.64064,-34.5143,-31.7779
35,792,40,130,80.6,26.4583,-1.2309,-5.34871,-5.65489,-0.723972,-7.7157,-8.82196,-16.5598,8.63403,-5.36215,-15.7461,-1.39684,-21.034,-20.2016,-5.21915,-14.7827,-22.3169,-15.0302,-2.54207,-10.1644,-8.89933,-32.9861,-32.6276
36,814,30,145,74.4667,28.7735,-1.34914,-4.39875,-6.39878,-1.91219,-7.49318,-9.59857,-16.4308,10.6458,-6.03677,-18.6118,-2.33525,-20.6537,-19.7127,-4.76497,-15.495,-19.2537,-16.0083,-3.96467,-9.9711,-10.7231,-33.3115,-33.9341
37,836,29,384,92.9,63.508,-1.56735,-3.68045,-9.22773,-2.21056,-11.5917,-12.7016,-16.386,10.2554,-9.09541,-16.8387,-2.91048,-20.8654,-20.1031,-5.0174,-14.5494,-16.4637,-13.8845,-5.41506,-8.67455,-11.2607,-33.4266,-34.3218
38,858,24,185,86.5,39.0126,-0.405253,-6.57903,-9.51814,-1.17758,-9.83621,-12.9801,-16.3955,9.77082,-8.25999,-18.4877,-2.04554,-23.5227,-20.9535,-6.23377,-15.781,-14.131,-14.8565,-5.12711,-10.5776,-9.79452,-32.9257,-34.8341
39,880,26,168,76.4667,29.465,0.591054,-5.91717,-11.0032,-1.94653,-6.8547,-13.2746,-18.1372,10.9299,-5.39867,-18.2869,-1.58731,-23.5213,-21.7025,-6.72115,-16.8196,-13.4403,-16.0755,-3.44545,-11.9855,-10.5638,-33.3347,-36.1072
40,902,23,163,76.8667,35.5583,1.26295,-5.21776,-8.18022,-0.597219,-7.01631,-14.4984,-17.7667,10.3952,-7.55845,-21.2917,-2.13661,-24.6081,-23.4036,-7.83367,-18.1696,-15.456,-16.7307,-3.68215,-11.9305,-9.27109,-33.2038,-37.3986
41,924,26,116,72.3667,27.2289,2.98657,-4.67516,-7.43093,0.900747,-9.89419,-14.8083,-17.3237,8.94767,-9.32288,-18.171,-3.25812,-23.5718,-24.871,-8.4,-18.5928,-14.7521,-15.8842,-5.33009,-12.5493,-6.22795,-32.4784,-37.7276
42,946,19,181,78.3333,35.0412,3.77923,-7.20706,-8.9607,1.33308,-12.4362,-16.6627,-15.5299,7.24091,-9.09503,-18.7021,-4.1507,-24.3714,-25.472,-8.51421,-16.4132,-16.6595,-15.5845,-7.25632,-13.7903,-7.14333,-32.8113,-37.7494
43,968,27,146,72.6,27.5326,5.39879,-9.31267,-9.98001,1.09981,-11.4733,-17.6735,-14.0008,7.1457,-8.51654,-18.9197,-5.28777,-24.5285,-28.6373,-6.8595,-15.0459,-16.6452,-14.4192,-8.52833,-13.9561,-8.62783,-33.4032,-37.1246
44,990,23,181,74.7,41.6903,0.83194,-9.91198,-12.6207,-1.25853,-14.0293,-17.1594,-13.5123,6.58618,-8.55927,-17.4856,-9.7773,-23.8406,-28.5402,-6.68817,-14.6168,-17.3035,-15.1143,-7.42185,-14.1003,-9.61182,-31.4507,-36.8913
45,1012,24,117,69.9667,26.3981,-1.54899,-9.72385,-13.4068,-2.19892,-16.4685,-16.9015,-11.6855,4.45413,-9.17731,-16.728,-11.4524,-22.2921,-28.4824,-9.23471,-13.2161,-18.5249,-15.4595,-8.9677,-14.1331,-8.66475,-28.623,-38.6591
46,1034,11,161,82.0333,33.4401,-2.21174,-11.9984,-13.7401,-2.60465,-15.7231,-15.8041,-12.4392,3.24966,-8.54226,-15.1939,-11.3523,-22.6936,-28.4771,-8.42212,-11.6798,-18.4047,-15.9914,-8.45869,-12.9522,-11.5571,-27.851,-37.6394
47,1056,24,173,81.2667,38.1557,-1.53179,-13.9617,-15.1094,-2.39481,-15.1189,-18.9772,-12.6345,3.90864,-8.68436,-17.4386,-10.5223,-20.2506,-29.2654,-8.23554,-12.3224,-16.761,-15.4574,-8.90985,-11.4626,-7.96316,-27.8065,-38.2672
48,1078,26,254,92.3,49.446,-4.29366,-13.3116,-16.2038,-2.02346,-15.3432,-17.2855,-14.4047,-1.49953,-13.3987,-16.9513,-8.51327,-21.3745,-31.9185,-8.94969,-12.2395,-18.3624,-12.2101,-10.899,-11.6026,-7.88326,-27.3614,-38.3046
49,1100,37,204,109.033,43.5165,-4.74165,-12.7947,-16.8047,-2.23871,-16.4826,-15.6366,-14.3956,-2.94932,-13.7568,-17.512,-9.52788,-21.4046,-32.135,-10.5096,-13.9875,-18.3456,-10.9596,-11.2825,-12.153,-9.92691,-26.218,-40.3233
50,1122,35,253,112.333,58.3995,-6.0043,-14.7208,-15.3224,-1.32142,-15.426,-19.1137,-15.901,-3.4701,-14.2251,-18.4305,-8.51689,-20.4891,-30.8432,-10.8621,-13.5093,-18.6198,-10.5829,-13.5718,-13.4309,-8.23986,-26.4293,-41.7823
51,1144,7,340,124.5,71.6908,-8.7146,-13.8076,-15.8602,-2.50207,-16.1696,-20.4256,-17.0415,-3.1934,-15.0143,-18.7214,-7.68836,-18.7038,-30.2598,-13.346,-13.4324,-19.5514,-10.1043,-15.2486,-15.5,-9.43499,-23.8385,-40.6227
52,1166,29,237,93.7,49.3371,-1.79749,-13.5116,-15.7313,-4.30229,-16.7441,-22.2161,-18.8661,-5.09174,-13.8037,-20.4107,-8.29303,-20.0341,-33.276,-8.344,-13.4376,-19.897,-10.9392,-13.7967,-14.7254,-10.8511,-25.2362,-40.6061
53,1188,29,252,105.333,52.6317,-4.37195,-13.1239,-14.8463,-6.50354,-15.9653,-18.2641,-20.8981,-10.0061,-15.9787,-21.4891,-8.66855,-16.9486,-34.7303,-7.90101,-12.9804,-20.2676,-9.76137,-13.5008,-15.4639,-9.95234,-25.9365,-39.1993
54,1210,53,280,124.933,63.8511,-6.27053,-12.9222,-14.64,-5.14688,-15.3245,-22.3363,-21.0747,-12.7412,-12.4331,-21.6276,-7.65466,-15.1292,-33.461,-12.1639,-10.9297,-21.5078,-10.3613,-12.7727,-15.5553,-11.5237,-25.4664,-41.8359
55,1232,17,338,115.633,64.8135,-5.81169,-11.6512,-14.6537,-4.29814,-15.062,-21.1305,-20.2366,-13.1653,-12.2502,-20.0407,-7.30549,-13.4995,-32.0253,-12.0607,-9.76762,-22.1718,-12.2208,-13.7961,-13.1468,-11.0956,-24.0807,-43.7092
56,1254,47,554,146.8,101.193,-5.04079,-10.1615,-14.7928,-2.43853,-13.14,-20.6167,-18.9263,-12.2119,-12.4524,-20.2733,-5.57338,-10.8312,-32.1309,-15.4168,-8.936,-21.2299,-11.8944,-13.2447,-11.6657,-9.46104,-21.6906,-44.1263
57,1276,24,526,151,105.744,-5.38789,-10.5604,-17.634,-3.34195,-14.3834,-21.4104,-17.2668,-19.6546,-13.5234,-19.8432,-5.2207,-9.9611,-25.909,-15.9131,-8.12013,-20.2915,-13.2143,-11.8292,-11.9308,-8.48844,-22.8798,-43.6454
58,1298,49,558,193.667,123.926,-5.12703,-11.494,-17.9378,-3.6178,-14.2585,-18.5508,-18.4869,-21.9218,-13.1922,-20.2707,-4.88156,-11.8056,-21.7139,-16.6749,-10.6582,-20.2646,-14.526,-12.1183,-11.7367,-6.83079,-20.7179,-43.9722
59,1320,61,1056,213.4,183.013,-6.37093,-10.547,-17.4333,-5.80498,-15.5724,-17.7465,-18.2585,-21.1539,-14.9069,-20.9529,-5.73069,-14.4283,-19.826,-18.9055,-12.0619,-20.0671,-13.1783,-14.0048,-12.7102,-7.95607,-20.2155,-42.0105
60,1342,55,716,232.667,148.296,-4.23743,-12.889,-16.7977,-6.78411,-16.1729,-14.5393,-16.1563,-20.1098,-14.0609,-20.7953,-3.76628,-19.9056,-19.5742,-17.9942,-10.8372,-22.8384,-13.2297,-13.7958,-16.5134,-8.15566,-18.7256,-44.6394
61,1364,85,784,262.667,192.3,-4.55591,-10.9276,-16.6187,-7.04967,-18.2391,-14.9757,-15.1835,-20.0932,-12.9777,-20.0023,-3.05936,-16.4088,-17.979,-16.6046,-10.9535,-22.5698,-13.3774,-16.8099,-15.0513,-11.025,-19.8006,-45.9684
62,1386,76,1222,398.067,296.991,-7.35725,-9.45304,-17.9362,-7.49985,-19.9631,-17.8289,-15.768,-18.3226,-13.4923,-21.8137,-3.5097,-16.3373,-12.6853,-17.2045,-10.3266,-23.4512,-12.5035,-14.5115,-15.1769,-10.4798,-20.168,-47.1068
63,1408,65,1330,455.333,340.859,-4.79235,-7.81239,-18.1967,-7.0081,-19.0784,-19.3091,-13.4741,-19.3525,-13.9261,-22.1746,-4.09478,-16.0338,-9.99337,-17.4502,-8.79976,-23.401,-11.0604,-15.636,-14.3599,-8.9318,-18.9399,-48.3613
64,1430,39,2138,415.033,449.127,-5.06146,-9.20673,-19.9895,-5.40006,-19.4903,-20.3831,-12.3071,-19.8431,-11.5486,-20.388,-4.36001,-15.2777,-8.2582,-18.1927,-8.73798,-22.0117,-11.9776,-15.8068,-14.4348,-11.5001,-18.193,-49.1181
65,1452,69,1365,414.4,330.326,-5.77013,-10.9357,-19.1409,-5.80935,-20.5797,-21.0812,-12.66,-20.2978,-10.9842,-20.7514,-3.41329,-12.4496,-9.33896,-15.713,-9.30017,-21.712,-12.3576,-14.1775,-14.2764,-9.83927,-18.5378,-48.419
66,1474,45,1908,416.333,415.914,-6.27694,-11.5018,-19.323,-4.47985,-24.1497,-17.227,-14.2025,-18.9577,-9.89636,-22.5535,-3.21895,-12.7082,-8.92296,-16.9829,-9.60048,-20.2285,-13.1057,-14.4384,-12.6047,-7.12404,-19.5789,-48.3801
67,1496,46,771,263.233,194.59,-7.5447,-13.5225,-17.7349,-3.27293,-24.6777,-17.5248,-16.5579,-20.8779,-9.89152,-22.8863,-3.65366,-13.3821,-10.4642,-20.0722,-8.25073,-21.2286,-12.7864,-13.8013,-14.151,-7.16318,-19.3152,-49.1513
68,1518,67,1676,407.933,349.705,-5.92809,-12.6453,-19.9096,-5.16685,-24.6789,-18.0604,-15.2463,-21.1469,-11.9353,-23.9164,-2.0958,-16.3595,-9.77891,-17.3819,-8.09876,-19.3334,-8.94939,-15.1871,-13.1661,-7.41719,-17.5852,-48.5128
69,1540,56,1330,382.067,313.424,-5.08889,-12.7264,-18.6487,-2.66906,-24.649,-18.0502,-15.4239,-24.9825,-11.9562,-24.8542,-1.12496,-14.611,-8.16291,-19.5779,-7.73383,-18.2104,-9.17775,-16.0051,-15.0404,-7.98171,-19.1758,-49.1726
70,1562,133,1505,431.667,305.743,-4.39316,-11.2565,-19.2314,-2.44258,-25.1682,-18.3534,-15.8978,-24.7366,-12.978,-22.2021,-0.873128,-15.763,-7.80963,-18.7532,-7.42181,-17.1847,-12.4328,-16.2494,-12.6349,-7.18544,-19.2004,-50.4249
71,1584,96,947,373.567,240.217,-7.2665,-11.6647,-19.3311,-5.40252,-23.4792,-19.3681,-16.336,-23.7653,-12.8097,-21.1173,0.401695,-13.4351,-3.56376,-16.5161,-9.36505,-18.2255,-11.7043,-14.9287,-13.6085,-6.97489,-19.9147,-50.088
72,1606,81,908,359.3,211.566,-8.548,-11.3613,-18.1936,-7.82283,-23.9904,-19.3443,-17.9098,-23.4634,-12.1773,-20.3491,-1.02375,-13.3296,-2.32675,-18.515,-8.57482,-16.859,-12.5306,-16.5998,-14.3616,-7.76701,-21.8737,-50.0389
73,1628,66,1945,507,442.267,-9.21362,-8.18707,-17.0899,-7.29623,-24.0115,-18.0459,-16.4079,-26.3552,-13.6718,-19.8852,-4.26777,-13.4988,-3.73226,-18.9629,-9.10317,-16.926,-11.9464,-16.3388,-14.8982,-6.42272,-18.8664,-50.0162
74,1650,112,2855,580.133,557.617,-8.15545,-8.1001,-15.7648,-6.73225,-24.2308,-16.8867,-16.0767,-25.4375,-12.5508,-19.8674,-5.14404,-13.3942,-4.47575,-19.4023,-9.33219,-14.1923,-11.4169,-14.7064,-15.3236,-6.7847,-20.6792,-52.3081
75,1672,65,1530,408.033,294.097,-7.0358,-6.98379,-16.859,-5.26025,-25.577,-16.585,-17.486,-27.5694,-15.0747,-20.3688,-4.88408,-11.8497,-4.54824,-20.3075,-10.0001,-13.3171,-10.1692,-16.4755,-15.8937,-6.38977,-23.471,-53.3686
76,1694,77,871,292.367,177.12,-5.39498,-5.97906,-16.157,-1.08522,-23.9085,-15.3438,-18.4679,-28.0069,-14.7134,-17.8344,-4.47626,-11.2761,-7.84419,-20.1796,-11.7972,-13.3569,-10.5284,-17.831,-12.8716,-5.7991,-23.7404,-52.6136
77,1716,61,1219,359.067,270.959,-2.28821,-7.75258,-12.9422,-3.81651,-24.1572,-14.622,-20.1191,-27.9089,-14.7061,-18.6827,-4.97849,-13.4415,-6.93085,-23.9856,-13.9393,-15.7347,-10.5827,-17.5266,-12.8548,-5.33728,-25.1383,-54.5414
78,1738,77,873,290.967,201.732,-3.83427,-6.88156,-11.3339,-5.55478,-24.7261,-16.5581,-17.6383,-29.682,-12.7157,-20.302,-4.51965,-14.4913,-6.09947,-22.688,-16.7045,-16.8713,-10.8055,-20.6567,-10.5403,-4.73683,-25.5896,-55.5371
79,1760,77,1207,351.9,249.075,-5.67904,-6.551,-12.5116,-6.3625,-25.9277,-15.545,-16.1185,-28.7613,-11.7327,-21.48,-4.8864,-16.4436,-7.46758,-25.0206,-18.3937,-18.1352,-11.6885,-21.7408,-11.1114,-3.00494,-23.9554,-55.5358
80,1782,69,771,336.7,200.799,-6.95748,-3.83051,-14.2959,-7.71658,-22.3587,-15.046,-14.8867,-27.4539,-14.7771,-21.3923,-4.39204,-15.7403,-7.55993,-25.5433,-19.7873,-17.7195,-11.7829,-19.6091,-10.2804,-2.96525,-21.7016,-55.6209
81,1804,90,1080,372.9,273.791,-7.46368,-3.02316,-15.5402,-6.7907,-24.8018,-11.7244,-14.9879,-25.6646,-15.2432,-17.6176,-4.03413,-15.8165,-8.92953,-26.4263,-18.7702,-16.1519,-9.80901,-21.1899,-9.24631,-3.80759,-21.4785,-57.4855
82,1826,50,1507,516.733,360.906,-8.65604,-2.27923,-17.7858,-8.75618,-23.237,-11.8744,-15.5532,-26.5248,-17.5775,-15.441,-4.01731,-14.3951,-8.14245,-26.6637,-17.6863,-17.2898,-8.58457,-20.7171,-10.671,-3.96112,-19.9608,-59.4211
83,1848,93,1919,535.733,405.743,-9.04926,-2.71078,-19.5985,-10.1764,-23.219,-9.63137,-16.978,-27.5206,-18.6693,-15.6085,-3.11147,-15.8698,-7.49139,-24.127,-19.2889,-18.5812,-11.0218,-20.8367,-12.8062,-4.25165,-20.3899,-58.814
84,1870,125,2112,480,412.231,-5.76972,-2.26121,-21.1888,-9.43921,-22.2609,-9.43285,-16.7413,-27.9654,-18.045,-15.8289,-3.99711,-18.3361,-8.62758,-24.1711,-17.5025,-19.0166,-9.77558,-21.8084,-13.8912,-5.89939,-20.1966,-57.4965
85,1892,96,939,443.4,259.122,-6.60128,-4.89755,-19.9245,-9.94866,-22.5907,-10.0862,-17.4517,-28.8756,-15.4423,-12.7346,-3.51342,-20.9055,-7.41667,-23.2382,-13.3952,-17.7952,-9.45703,-21.6119,-13.3209,-6.7874,-19.5681,-56.9167
86,1914,66,1226,402.7,318.689,-5.80278,-5.38033,-22.8522,-11.4289,-21.7652,-8.54579,-17.4448,-29.1227,-14.1476,-7.24721,-4.48363,-21.4567,-7.93133,-23.8352,-13.53,-16.3427,-11.0134,-20.2273,-15.1223,-7.8516,-20.3804,-56.9235
87,1936,78,924,352.167,231.018,-4.17434,-2.39473,-24.1244,-10.0815,-20.7347,-9.42857,-17.1298,-29.1843,-12.3061,-9.55557,-5.31103,-22.8399,-10.297,-22.4389,-14.2313,-18.7292,-11.5533,-21.2773,-13.9437,-8.2728,-22.4513,-55.8165
88,1958,51,1515,443.833,333.27,-2.44674,-1.42853,-23.6712,-11.5806,-22.7276,-11.4072,-17.0997,-30.8517,-16.1755,-9.78048,-4.145,-22.2093,-11.1591,-23.2261,-15.6986,-18.3075,-12.2581,-22.6052,-11.8238,-9.08355,-22.2643,-56.8154
89,1980,51,763,303.4,187.309,-2.49378,-1.84926,-24.8111,-11.9548,-19.428,-11.4573,-16.9873,-30.3939,-14.4668,-11.0695,-3.40089,-23.5971,-12.9161,-25.0565,-17.5624,-17.5433,-11.6107,-23.2744,-12.6449,-10.6328,-21.0976,-55.9893
90,2002,62,1290,315.567,266.48,-2.93453,-2.28042,-21.6347,-12.0043,-20.6589,-7.71786,-16.2497,-29.7405,-11.3426,-8.80471,-2.9485,-21.9042,-11.85,-25.3082,-15.9891,-18.9333,-14.1155,-23.6956,-12.7853,-10.0281,-21.4256,-55.651
91,2024,56,737,327.2,161.065,-2.93672,-0.321185,-22.1519,-11.9782,-22.7297,-6.71321,-16.6592,-27.503,-13.1419,-18.3407,-3.08746,-22.7603,-12.8068,-25.7609,-19.3418,-17.6197,-12.4553,-22.7406,-12.091,-9.8466,-24.0158,-57.4408
92,2046,59,872,333.267,259.534,-1.53534,0.354329,-21.9667,-12.7593,-23.3037,-4.58348,-16.9772,-27.9705,-10.8288,-18.8454,-4.18023,-23.7709,-10.6076,-24.8295,-16.2615,-18.5139,-13.6131,-22.2002,-12.7362,-8.95139,-24.5721,-58.3077
93,2068,68,917,414,267.671,-2.28352,1.90986,-20.936,-13.6491,-23.2615,-5.37298,-16.5512,-27.2365,-13.4027,-14.7277,-5.01465,-20.9811,-11.0256,-25.1365,-16.0241,-18.9634,-13.76,-25.7971,-13.3449,-8.16319,-25.9753,-59.0612
94,2090,102,710,344.867,197.386,-2.95218,2.24898,-25.3991,-14.6992,-22.7422,-6.6356,-18.0519,-26.5017,-14.2509,-15.078,-5.93069,-20.495,-11.4466,-24.8495,-17.6281,-19.9909,-13.9524,-21.6986,-14.0303,-9.89167,-27.8852,-58.3124
95,2112,98,1377,438.2,339.772,-2.22276,4.00954,-27.0659,-14.7241,-23.1697,-6.28694,-16.5871,-24.0898,-15.208,-14.7308,-5.32547,-19.4732,-11.4282,-23.7431,-17.5291,-19.9944,-14.938,-21.4631,-13.4341,-9.62968,-26.1859,-60.5612
96,2134,76,2095,542.5,474.588,-1.57258,2.81526,-26.1907,-16.0915,-21.2586,-7.88449,-19.6293,-23.158,-17.1593,-12.6826,-6.57506,-19.0081,-10.7321,-26.0066,-16.5868,-19.179,-15.3495,-19.834,-13.463,-8.55333,-23.5151,-60.8868
97,2156,76,1278,474.033,338.028,-0.828135,1.57547,-24.8187,-15.6964,-21.8232,-7.1148,-21.6561,-27.9971,-19.6621,-13.4642,-7.39598,-17.9687,-8.41032,-25.0273,-15.617,-17.9812,-14.737,-18.743,-14.2021,-5.85546,-23.8524,-61.3252
98,2178,98,3654,533.133,654.351,-4.02348,-0.714958,-24.231,-15.4234,-21.1172,-6.75424,-21.173,-25.2487,-20.4927,-13.9631,-6.30963,-16.8752,-7.73663,-27.7245,-15.0179,-17.3073,-14.6863,-19.4211,-16.1113,-6.43734,-22.8236,-62.8244
99,2200,49,2243,519.3,465.813,-2.86011,-0.152988,-24.9315,-17.2597,-21.8176,-6.83511,-23.9356,-25.4359,-22.4303,-14.337,-5.40124,-16.5186,-10.336,-28.2318,-14.5114,-16.4013,-14.8165,-21.6032,-14.2893,-7.46912,-22.6608,-64.185
100,2222,54,1869,494.733,447.662,-1.33776,-1.911,-25.5295,-16.8239,-21.4752,-7.15877,-23.1752,-25.8097,-24.3291,-12.8925,-5.11491,-16.5644,-11.0992,-28.4041,-11.3364,-14.066,-15.2581,-21.1443,-13.4061,-7.62126,-22.2633,-64.2257
101,2244,106,2073,549.133,447.085,-0.017222,-0.583494,-24.0199,-17.7063,-21.6915,-7.36172,-19.7598,-26.0478,-19.9225,-13.6947,-5.01171,-17.5558,-11.6787,-28.8119,-10.7886,-11.9521,-14.6643,-20.8619,-14.1538,-9.96259,-21.5891,-62.4765
102,2266,70,1588,478.7,312.212,1.83817,-0.655624,-22.0607,-18.0097,-22.0707,-8.81621,-19.1558,-27.3839,-17.9679,-12.7708,-3.33957,-16.3909,-11.4977,-30.51,-11.0305,-12.2539,-15.1032,-21.1625,-14.2015,-8.99539,-20.6192,-62.7408
103,2288,71,1336,558.367,358.954,0.300986,-1.66214,-23.1226,-17.3419,-21.3,-7.82826,-22.724,-27.8497,-15.8151,-13.4706,-3.82167,-17.7317,-10.34,-29.9119,-10.0568,-9.80317,-13.7892,-21.1117,-13.3753,-9.2943,-22.7221,-63.2933
104,2310,78,2435,645.7,530.157,0.465697,-4.16885,-21.9226,-16.6277,-19.9032,-9.26231,-22.036,-27.0485,-15.5848,-16.3234,-2.56042,-17.6324,-10.7468,-27.5456,-12.3906,-10.7159,-15.0765,-22.2173,-12.221,-9.92009,-19.9973,-62.9674
105,2332,127,1440,579.8,330.506,2.30301,-3.66524,-22.8493,-17.4408,-19.486,-10.1976,-21.3059,-25.3731,-14.9919,-16.6134,-4.98223,-16.5342,-10.9349,-28.3762,-13.769,-9.70917,-16.4177,-19.3629,-13.3012,-11.6818,-20.8719,-64.5367
106,2354,151,2986,689.067,659.107,3.45941,-2.6283,-22.368,-18.6262,-19.1075,-11.4452,-22.4625,-23.8286,-15.9176,-18.6481,-7.07515,-16.6519,-12.4717,-28.5258,-12.5749,-11.0678,-15.9547,-19.0968,-14.1272,-11.7755,-20.8638,-62.8532
107,2376,72,2502,647.967,557.444,2.77727,-2.59474,-22.5974,-19.1398,-17.1482,-10.2995,-23.4185,-21.9618,-18.4094,-19.6797,-4.89238,-15.6062,-15.7571,-28.1509,-12.6292,-11.1012,-16.0892,-19.8778,-15.9379,-14.9466,-20.2748,-61.3769
108,2398,95,2435,734.467,619.239,2.37307,-0.815236,-22.2768,-21.0388,-17.8095,-9.29521,-24.2238,-19.2539,-18.1882,-19.1421,-3.58639,-15.7621,-14.6776,-25.5156,-13.7765,-11.3156,-16.0725,-18.6916,-17.4531,-12.962,-20.7839,-62.4193
109,2420,240,2880,1116.2,766.738,2.66459,-0.794756,-22.6272,-20.5517,-19.3504,-7.88342,-22.9963,-20.2384,-18.6159,-17.7232,-3.48494,-15.2894,-14.1766,-22.9288,-14.976,-9.3259,-15.6313,-18.3359,-16.0147,-14.0891,-17.4353,-64.7908
110,2442,125,3116,998.133,748.754,4.12899,0.019811,-23.0752,-19.5022,-21.6249,-8.45311,-21.8152,-22.081,-19.6212,-18.758,-3.45819,-17.7814,-13.7189,-23.0117,-20.1361,-8.56632,-15.9601,-17.1784,-15.8733,-12.0095,-14.9829,-63.5952
111,2464,95,3400,912,751.91,3.89041,0.634698,-22.9951,-18.8897,-20.1094,-8.82888,-20.0626,-17.8636,-17.0668,-19.773,-5.41566,-15.9643,-12.7,-21.7,-17.7103,-9.60955,-17.6337,-16.615,-15.9067,-14.3515,-11.1603,-61.6778
112,2486,113,5364,1314.57,1148.95,4.98007,-0.631362,-23.2029,-17.7231,-20.8059,-8.51846,-16.7604,-13.0185,-17.1855,-21.1591,-6.59688,-15.7822,-12.8362,-19.998,-19.4351,-9.70296,-18.4881,-16.3229,-16.9599,-13.5604,-9.13278,-60.2813
113,2508,179,3919,1172.9,978.275,8.30306,-1.19592,-21.6005,-18.3705,-19.664,-8.78631,-16.972,-13.4565,-18.9508,-21.0189,-5.92278,-16.0322,-14.4291,-21.7866,-16.5697,-7.29769,-17.9878,-15.9994,-18.6375,-13.6212,-7.25417,-60.5816
114,2530,142,3979,948.833,843.309,8.59118,-3.40082,-22.5983,-18.6133,-20.3741,-7.0991,-17.7778,-13.4461,-17.3867,-21.9285,-6.25902,-18.4338,-12.0805,-23.1459,-19.7444,-11.7023,-18.0786,-16.7126,-19.7871,-12.8387,-7.92352,-59.8555
115,2552,94,1582,671.633,497.39,10.4618,-5.10619,-20.6532,-18.5329,-18.712,-7.61707,-17.761,-14.3431,-15.4154,-26.405,-4.64661,-22.3734,-11.6192,-24.0789,-20.1687,-9.96275,-18.2802,-16.2229,-19.585,-10.4543,-8.71378,-58.8848
116,2574,79,2871,627.4,567.861,10.8647,-3.90019,-18.9439,-22.2104,-19.3977,-8.77845,-16.8713,-14.3702,-18.8887,-26.5389,-4.85197,-22.5529,-11.3124,-23.1156,-20.6294,-9.48673,-18.2256,-17.1039,-20.7027,-12.6396,-8.98532,-60.2013
117,2596,74,2204,548.333,545.858,9.45278,-3.614,-18.1152,-23.178,-20.4316,-6.69958,-17.2663,-13.2707,-19.7355,-24.9216,-6.44497,-21.1507,-11.2155,-24.7531,-20.2798,-9.81272,-20.3382,-17.8772,-20.3605,-12.6797,-8.30014,-59.8934
118,2618,70,2352,500.6,530.25,9.86876,-4.44197,-18.3016,-25.4374,-19.9112,-4.9999,-16.7803,-13.4058,-22.0741,-24.3013,-7.30403,-20.7495,-11.2101,-25.7414,-19.335,-10.5521,-18.9998,-17.0794,-21.3091,-11.4231,-6.99127,-60.5229
119,2640,83,953,323.3,207.939,8.69373,-2.83815,-18.6862,-27.3665,-20.3178,-5.16825,-15.7775,-12.0685,-21.0152,-25.6236,-5.95078,-21.3602,-9.76776,-26.6614,-19.9491,-11.1166,-15.1342,-17.3107,-20.9595,-11.1785,-8.69321,-59.3186
120,2662,113,1853,564.967,391.764,9.32474,-4.42114,-19.5595,-30.0153,-20.4748,-6.30859,-15.3752,-12.1546,-20.4377,-25.8527,-5.71792,-18.9395,-9.88973,-26.7373,-20.3313,-11.3831,-13.4661,-17.2477,-18.3223,-11.7639,-8.00472,-59.4999
121,2684,113,2289,724.333,604.654,9.84175,-5.35419,-21.025,-27.5885,-20.2644,-7.79346,-15.2841,-12.1391,-21.3942,-22.6025,-6.66564,-20.5739,-12.2588,-28.4218,-21.9535,-13.1021,-15.9272,-16.9372,-17.6166,-13.4235,-5.87162,-60.2805
122,2706,48,3249,699.333,714.54,13.9498,-5.69501,-22.2426,-28.0094,-20.669,-8.57185,-15.4084,-12.3239,-21.3192,-22.8683,-5.98769,-21.4333,-9.63986,-25.844,-22.1241,-12.9035,-14.9135,-18.5099,-17.1763,-12.2434,-8.94927,-60.9163
123,2728,67,2393,910.567,689.999,14.0939,-6.43489,-21.0711,-27.1167,-18.6263,-9.30633,-13.0049,-13.5923,-19.9174,-22.8737,-5.8862,-21.9552,-11.9245,-22.054,-21.4002,-12.8706,-15.8373,-18.7733,-17.6113,-15.7783,-7.61438,-59.7296
124,2750,46,2429,837.033,661.345,11.4223,-4.62096,-23.5122,-26.4143,-18.47,-9.81934,-17.418,-14.4574,-21.6732,-22.1692,-5.60598,-21.2578,-12.2916,-19.7991,-22.7994,-16.8183,-16.4451,-18.7513,-18.3839,-15.3348,-6.84387,-61.648
125,2772,61,3967,839.4,801.781,19.044,-2.89365,-24.453,-25.6708,-19.3016,-11.2988,-17.5004,-14.2874,-19.6716,-23.965,-6.11401,-20.4301,-13.7453,-18.3831,-22.5599,-15.4163,-16.9712,-19.2602,-19.7413,-16.0859,-6.72981,-62.3655
126,2794,30,1913,724.2,511.705,14.3011,-0.805836,-24.5774,-25.2586,-17.5314,-11.5626,-17.141,-14.491,-20.086,-23.0556,-7.36851,-20.8349,-14.0868,-20.2881,-25.0639,-16.5905,-18.2645,-20.1363,-20.9902,-13.2417,-9.95774,-62.4167
127,2816,62,2869,695.767,732.675,14.3314,-2.64036,-23.4875,-25.0469,-19.9398,-12.1547,-15.076,-15.7355,-18.5821,-22.6404,-8.29531,-19.9864,-12.6352,-20.0808,-24.7332,-18.0513,-20.702,-20.4455,-16.0793,-16.8265,-10.63,-61.309
128,2838,27,1873,761.967,528.133,14.1005,-5.26606,-23.6649,-26.5614,-19.9645,-11.8328,-17.2503,-15.5376,-17.7147,-23.0452,-9.01783,-19.7348,-13.3978,-17.9958,-25.7194,-16.4723,-18.1858,-20.5021,-13.6667,-14.8902,-8.52889,-62.2957
129,2860,55,1336,486.7,357.167,10.9404,-9.48966,-25.172,-28.5198,-19.5761,-8.70861,-18.3256,-15.1181,-17.6636,-22.6566,-9.18657,-17.7909,-13.2905,-17.1235,-24.2505,-16.2468,-19.8167,-23.0964,-14.4827,-16.0872,-7.60495,-65.0474
130,2882,74,1713,609.933,504.01,8.49173,-8.55608,-24.0621,-27.581,-16.7855,-9.22792,-18.7686,-18.6783,-19.723,-22.8772,-8.29458,-14.4509,-13.2217,-16.2439,-28.2708,-18.4488,-17.0271,-24.7643,-10.9768,-15.5945,-9.00828,-65.2404
131,2904,168,1879,833.967,567.657,5.60213,-8.81462,-25.9198,-26.3085,-17.9482,-10.5695,-19.0631,-16.746,-20.2193,-23.7517,-9.05947,-14.0524,-14.1898,-17.338,-27.8434,-18.6906,-17.4852,-25.5239,-11.6522,-15.4546,-8.86725,-66.2525
132,2926,118,1923,737.467,495.559,9.11295,-7.95891,-25.5946,-24.891,-17.709,-9.2565,-18.6038,-19.7435,-22.7332,-23.192,-7.82793,-16.5287,-14.8488,-17.1345,-28.4537,-18.8657,-16.6905,-25.5406,-11.5217,-15.0703,-8.58782,-65.4536
133,2948,53,3084,868.1,840.98,10.4233,-7.64535,-24.5697,-25.3524,-17.3133,-10.0899,-17.4997,-19.5252,-21.89,-24.3316,-8.49386,-16.3512,-15.296,-17.267,-27.742,-19.4426,-15.6904,-23.85,-10.4725,-13.6769,-11.3669,-64.6221
134,2970,112,3851,930.967,879.535,12.7058,-8.20602,-24.5714,-24.5916,-18.5776,-10.1539,-17.9682,-22.9494,-18.2112,-26.2229,-8.7622,-14.9065,-13.9311,-17.2648,-27.8706,-19.3875,-14.6534,-25.4087,-10.8799,-13.301,-12.084,-63.269
135,2992,62,2196,672.9,483.889,14.5445,-8.45244,-25.3435,-26.4048,-18.8514,-11.2428,-17.9249,-22.5549,-18.8412,-27.6816,-6.42667,-13.2625,-14.7423,-16.915,-27.4085,-19.2779,-14.7819,-25.2185,-10.4006,-13.7938,-11.0905,-61.5167
136,3014,131,2726,876.6,727.816,15.0094,-8.71115,-25.9268,-26.7333,-19.106,-10.7231,-19.1274,-21.4803,-17.901,-25.7595,-6.46475,-14.5264,-15.4955,-18.168,-27.4276,-21.136,-14.4035,-25.5443,-13.6637,-14.6057,-9.18069,-66.1371
137,3036,96,3682,1118.03,782.508,16.9026,-7.46192,-26.7544,-25.353,-19.117,-11.355,-20.9635,-18.7163,-21.3956,-26.2883,-5.00381,-15.0845,-15.0337,-17.2916,-25.5679,-19.563,-14.8658,-25.2814,-13.1611,-15.4256,-9.67479,-68.0147
138,3058,94,2887,848.233,586.593,18.2082,-7.26128,-26.8915,-25.3475,-16.3733,-10.2268,-20.9734,-17.659,-21.7169,-25.785,-6.77751,-15.5786,-15.5486,-18.8272,-24.3717,-18.9881,-13.9709,-25.5281,-13.6152,-14.9343,-9.67739,-65.8661
139,3080,71,3054,974.733,768.564,17.3028,-7.57031,-27.2096,-26.2757,-17.0712,-11.9085,-20.6988,-17.6635,-22.4978,-25.321,-7.19545,-13.9492,-15.3071,-17.939,-23.9356,-20.3996,-14.0037,-23.9164,-13.0821,-14.8543,-8.32723,-68.3143
140,3102,69,5411,1297.77,1288.13,15.5894,-5.34701,-27.8,-25.4494,-16.405,-14.0562,-23.911,-18.1045,-22.9644,-23.2212,-7.74124,-12.3871,-15.5186,-16.3175,-24.8568,-22.382,-13.9789,-21.534,-13.3284,-16.8585,-8.15505,-68.0771
141,3124,128,6635,1270.33,1232.98,15.3617,-5.58824,-27.4738,-23.2393,-15.5804,-14.9365,-22.602,-13.8173,-22.0441,-25.7832,-7.27804,-15.5413,-14.7196,-16.5909,-24.0772,-21.891,-14.9019,-22.7329,-14.5644,-15.7589,-8.35497,-69.6844
142,3146,190,6299,1424.77,1454.44,14.2115,-4.19354,-27.6131,-21.999,-16.4771,-18.8689,-22.3998,-15.7227,-20.6294,-24.9301,-8.74721,-14.6629,-14.9123,-13.2653,-25.0266,-19.4644,-14.4232,-22.3726,-14.8181,-14.3961,-6.52883,-69.4582
143,3168,99,8718,1461.53,1681.21,14.5102,-4.3405,-28.8166,-22.2993,-16.6191,-14.1857,-24.3629,-18.6389,-23.347,-25.4479,-10.4692,-14.9167,-15.2867,-15.1752,-24.846,-20.5522,-12.8401,-21.6308,-15.4862,-12.2235,-6.59772,-73.1943
144,3190,111,6763,1554.8,1366.71,17.7294,-6.43896,-28.9828,-21.8164,-17.7631,-16.3209,-25.0502,-14.0405,-21.5563,-25.2935,-9.71494,-16.3109,-16.7213,-14.5355,-23.2235,-20.7668,-16.1889,-21.9474,-15.0191,-12.9327,-5.9489,-74.1704
145,3212,33,4110,1289.53,1071.91,18.3032,-6.58593,-30.1101,-21.0174,-19.5213,-14.9946,-22.8916,-14.8723,-18.9607,-23.276,-9.67695,-15.3419,-17.9322,-18.927,-20.2441,-21.2095,-20.6353,-21.9911,-14.4584,-12.3825,-6.951,-74.2982
146,3234,62,4778,1208.53,1148.16,13.8419,-4.67279,-29.574,-22.1682,-19.3837,-15.3614,-22.7053,-14.0394,-17.8959,-22.7601,-9.45082,-16.0666,-19.149,-18.7869,-23.4796,-22.1734,-20.6171,-20.5647,-16.0018,-11.323,-7.19892,-74.2903
147,3256,151,5529,1210.67,1118.78,16.2338,-5.26388,-25.1054,-24.539,-17.8945,-16.3831,-22.0381,-12.9911,-15.9556,-22.899,-9.59665,-16.3401,-19.801,-17.2786,-21.7396,-22.1868,-21.1723,-20.8611,-16.2214,-10.8198,-5.56121,-73.3257
148,3278,97,4645,1561.13,1194.83,15.1949,-5.91255,-25.5479,-24.6796,-17.7062,-15.5719,-23.5202,-12.3241,-17.1633,-23.9995,-10.3229,-16.5018,-18.5931,-15.7912,-23.1324,-21.5055,-21.823,-19.7497,-15.8812,-13.51,-6.60113,-75.0639
149,3300,159,9510,2005,1997.69,14.8843,-5.50989,-25.5394,-26.2007,-17.2416,-15.8102,-22.1845,-12.6783,-16.6182,-23.5509,-9.16917,-15.2088,-19.1668,-18.0136,-19.9241,-21.4888,-21.4765,-20.9068,-16.0253,-15.1649,-7.14474,-76.5195
150,3322,18,7348,1770.83,2040.19,16.2073,-5.65919,-24.1248,-27.7819,-18.4517,-16.1679,-22.4039,-15.0766,-16.818,-23.6799,-7.50181,-14.7188,-18.8767,-20.029,-19.8443,-21.7155,-21.171,-20.1341,-18.0135,-15.2519,-5.83056,-76.9939
151,3344,104,5044,1524.87,1113.93,15.3162,-6.2764,-24.389,-28.6537,-18.9249,-15.1444,-22.0888,-14.7811,-18.9704,-22.6504,-7.09722,-13.8311,-19.0707,-21.0446,-17.8432,-19.456,-23.962,-17.0595,-18.069,-16.4501,-6.09919,-79.4893
152,3366,144,9789,1910.63,2023.69,15.6755,-5.01433,-20.9356,-27.6505,-17.4665,-16.235,-21.5759,-15.401,-18.8492,-22.4514,-5.82985,-14.9655,-18.6107,-19.22,-17.2492,-18.9949,-24.1824,-17.3227,-16.2042,-15.8496,-6.39772,-77.3808
153,3388,161,7722,1610.73,1565.23,15.2186,-6.09946,-21.8047,-26.3239,-16.2639,-14.8431,-22.2916,-16.8973,-19.5592,-23.2887,-5.18922,-12.8261,-20.2155,-19.7713,-15.2674,-21.2947,-24.2936,-16.4851,-16.3506,-16.4065,-5.77816,-78.1042
154,3410,210,7154,1975.7,1728.41,20.0729,-6.2826,-19.0153,-26.5917,-16.9277,-15.1824,-22.0333,-16.7835,-17.0282,-23.5362,-4.9654,-13.1078,-20.892,-18.0594,-12.0098,-20.5532,-23.1736,-15.8303,-17.1549,-15.3399,-4.39384,-76.2823
155,3432,71,9047,2693.57,2444.29,19.8462,-5.99212,-17.8565,-24.5327,-15.8171,-16.2212,-23.8088,-16.0125,-17.4832,-23.8117,-3.90169,-11.6641,-20.5811,-19.063,-10.5147,-19.507,-24.9872,-16.3643,-17.0739,-15.9704,-5.47664,-77.4096
156,3454,184,5712,1347.23,1131.18,20.9601,-4.66851,-16.8992,-23.774,-16.1008,-16.4338,-21.8239,-16.0604,-18.9291,-21.958,-3.13217,-12.7433,-19.7299,-20.3597,-9.64688,-18.548,-22.9408,-14.8926,-17.0745,-16.5611,-7.36529,-79.3612
157,3476,116,7790,2251.67,2080.39,16.6707,-4.79865,-16.6909,-22.2055,-16.8523,-16.7033,-21.8317,-17.164,-18.3299,-24.6017,-1.47793,-11.2213,-19.2799,-19.6078,-10.6004,-19.0812,-21.7835,-15.0852,-15.928,-15.7712,-8.12596,-79.59
158,3498,127,7589,2187.77,1865.47,16.7257,-5.22155,-18.365,-21.7172,-18.0486,-17.3728,-20.9254,-17.3912,-20.4342,-25.3933,-1.94579,-10.5363,-19.2285,-19.6523,-9.97648,-20.0691,-19.0406,-14.9778,-16.4225,-15.6489,-8.2668,-80.6088
159,3520,120,6122,1828.27,1684.77,15.6165,-5.83033,-18.296,-23.2239,-17.3411,-17.0672,-21.0454,-18.4082,-21.8976,-28.8535,-1.6663,-11.2946,-20.3728,-20.6907,-14.3848,-21.8512,-21.2141,-13.7322,-15.7824,-15.7068,-8.55571,-81.5622
160,3542,268,7496,1977.97,1777.91,17.5133,-2.80718,-18.5005,-22.2928,-15.8076,-17.4134,-19.9755,-18.1644,-19.9575,-24.6418,0.0806148,-10.8732,-18.5605,-19.8855,-17.1619,-22.9746,-20.8517,-13.314,-16.592,-15.7389,-8.35026,-82.3722
161,3564,94,10442,1955.67,2536.82,14.577,-5.26221,-18.5665,-19.1031,-15.5205,-16.6341,-20.6227,-15.7833,-23.5311,-24.7122,0.552086,-10.9375,-18.5898,-19.8009,-17.876,-21.9164,-21.5708,-11.1522,-16.3162,-15.3201,-6.99701,-83.9942
162,3586,115,8738,1863.13,1708.99,14.1563,-5.34423,-19.5377,-19.5489,-16.2398,-17.4858,-20.4516,-16.792,-24.3964,-25.3483,0.648679,-11.0585,-15.1852,-17.6095,-17.3253,-20.1998,-22.7557,-10.0588,-15.2813,-15.9145,-7.19331,-83.7763
163,3608,166,6499,1298.9,1331.58,14.2444,-7.33589,-19.4595,-21.4762,-15.2385,-19.2742,-20.5351,-17.1516,-25.0074,-24.3824,1.10113,-12.8636,-14.4682,-15.4187,-15.2424,-21.9727,-22.1359,-9.04335,-16.0554,-16.9918,-9.51804,-81.2042
164,3630,56,5532,1238.83,1248.33,13.8203,-6.5089,-20.7089,-21.4553,-15.2677,-20.8672,-19.2052,-18.1161,-23.4586,-25.8711,0.942947,-16.7539,-19.7616,-16.8795,-14.6721,-19.2633,-22.2405,-8.6832,-16.6011,-17.2314,-9.1901,-81.1217
165,3652,151,6179,1912.5,1733.45,9.01948,-6.93516,-21.3224,-20.2316,-16.0484,-21.9087,-16.4609,-18.2194,-25.0987,-24.3292,0.245281,-15.284,-20.2508,-17.5545,-16.4223,-18.8636,-21.1723,-9.52681,-15.7122,-17.5679,-7.69374,-81.8806
166,3674,76,5883,1597.33,1391.49,4.92689,-6.38638,-22.2554,-20.9915,-17.6942,-23.0402,-15.8056,-19.7113,-24.5181,-24.5757,-0.865361,-15.7763,-20.0239,-16.0279,-16.6088,-19.6212,-25.002,-8.19508,-16.7814,-17.2295,-8.03148,-82.3616
167,3696,117,4909,1171.73,1075.88,4.25874,-7.50678,-23.6159,-22.0486,-16.0162,-22.1158,-15.0641,-19.7675,-25.2855,-25.579,-1.65798,-16.3091,-16.431,-16.5846,-16.908,-17.3764,-25.3771,-8.60677,-18.0138,-15.3461,-8.05586,-82.8344
168,3718,56,11777,2504.43,2833.18,0.954206,-8.06989,-23.0895,-21.4671,-16.97,-21.2094,-15.3033,-20.1368,-24.693,-24.3113,-3.11356,-16.3578,-18.4687,-16.533,-15.2323,-18.6926,-22.607,-12.893,-19.1401,-16.1846,-7.65411,-82.9963
169,3740,251,9416,2682.33,2267.36,3.63826,-6.63434,-20.696,-21.1349,-18.2543,-22.5721,-15.2053,-22.5465,-24.0509,-23.8264,-5.98947,-18.066,-17.5576,-16.5141,-13.8262,-18.7776,-21.4704,-14.1452,-18.7554,-17.5049,-9.28959,-81.4481
170,3762,301,5748,1616.47,1227.44,8.37937,-6.90133,-21.0283,-19.4196,-16.3487,-21.3754,-14.6839,-21.7959,-21.4043,-22.3543,-5.20023,-17.3696,-18.4398,-16.047,-14.4652,-19.1396,-25.8429,-17.1283,-17.3563,-14.971,-8.19069,-82.8252
171,3784,213,9155,2530.77,2347.43,8.38351,-6.48821,-21.2817,-18.0102,-15.1187,-21.1948,-17.0072,-22.1046,-23.5479,-22.2322,-4.99728,-17.8838,-16.2135,-14.1956,-15.3635,-20.1021,-18.7084,-17.2881,-19.7965,-16.1077,-8.84514,-81.2354
172,3806,102,14237,2743.1,3282.56,9.85275,-6.78432,-23.2534,-17.8324,-15.9899,-22.0467,-17.4258,-21.4616,-22.7219,-21.2516,-2.72448,-18.2039,-14.0895,-16.3185,-16.4072,-21.0346,-17.9088,-17.0635,-20.3343,-15.0986,-10.2607,-81.3635
173,3828,489,9921,2481.2,2470.6,9.54068,-7.53958,-22.7953,-18.1221,-17.354,-22.8936,-14.8122,-21.4131,-23.8437,-21.0304,-4.14786,-16.5305,-15.1903,-17.7781,-16.3088,-20.2406,-21.3416,-18.8747,-19.7488,-14.1067,-10.7733,-80.9881
174,3850,124,8303,2809,2247.49,9.79678,-8.02374,-23.0544,-19.3166,-15.2929,-24.2872,-13.6573,-21.6349,-23.2654,-21.2422,-3.77926,-16.6565,-13.7288,-17.8408,-16.9296,-19.6892,-23.2435,-20.2127,-18.3653,-15.1493,-11.9437,-83.0193
175,3872,258,13027,2746.97,2715.75,13.1305,-9.48185,-25.1302,-19.8059,-15.253,-25.3753,-14.6148,-21.0103,-24.0606,-23.4643,-4.29871,-19.2635,-13.7175,-17.1093,-19.0235,-21.2428,-19.4757,-20.3034,-19.5236,-12.7189,-11.8427,-86.1355
176,3894,36,10944,2619.97,2439.53,12.4992,-8.42796,-24.9105,-21.7853,-16.15,-25.0156,-14.1732,-20.9098,-23.6097,-24.2708,-4.81542,-18.1659,-11.3261,-17.5578,-19.7959,-20.3394,-19.0411,-21.4674,-21.5732,-12.9503,-11.4743,-85.5025
177,3916,138,11675,1925.4,2505.48,11.9865,-8.2039,-25.5165,-22.5756,-15.6801,-25.259,-13.1866,-20.1905,-24.4338,-24.5785,-6.0927,-18.9713,-13.6032,-15.9936,-15.9856,-21.3559,-18.6928,-18.9133,-21.8152,-12.9133,-11.981,-87.2819
178,3938,126,7792,2204.73,1926.15,0.390797,-8.76464,-27.3534,-23.589,-13.7889,-23.779,-14.7556,-19.512,-23.1723,-25.3089,-5.4413,-18.4223,-10.068,-16.1375,-16.2291,-22.4139,-17.8584,-21.3297,-20.6292,-12.8515,-12.7678,-93.1085
179,3960,308,7383,2120.53,1750.89,4.31793,-8.11439,-27.3003,-20.9594,-15.9559,-22.6899,-16.4633,-19.5532,-22.7418,-26.7948,-5.33437,-19.2663,-10.4109,-13.8166,-17.3774,-23.4903,-18.3299,-20.947,-19.4515,-13.4229,-15.3345,-95.6171
180,3982,113,11348,2177.7,2219.59,2.13704,-9.18174,-28.0262,-20.7334,-16.391,-20.3551,-17.0841,-20.1561,-23.7204,-25.4924,-4.90057,-21.5301,-11.4475,-16.5608,-19.4046,-23.6935,-19.4719,-21.7989,-18.1663,-11.7939,-14.1622,-96.3269
181,4004,118,4511,1406.87,1018.68,21.937,-6.53068,-30.5853,-21.5355,-13.9372,-20.5618,-17.0956,-18.7175,-24.0395,-19.9878,-3.99593,-21.3808,-10.3463,-17.0621,-19.6288,-25.5043,-21.4478,-21.7907,-19.1061,-11.543,-17.1598,-94.6205
182,4026,125,7028,1366.93,1480.68,33.596,-6.53554,-30.4633,-19.9188,-10.7546,-19.9388,-16.7022,-20.1317,-25.5738,-18.9045,-4.74216,-18.6485,-12.9434,-17.6329,-14.6932,-24.6482,-22.4125,-22.0268,-18.4905,-9.78906,-17.5923,-94.009
183,4048,23,5613,1619.1,1429.88,39.82,-4.69904,-29.8726,-22.4559,-14.781,-18.2498,-16.5162,-20.4191,-24.6197,-18.3832,-4.66421,-19.6427,-15.3226,-20.0269,-15.3752,-26.5259,-21.2076,-23.7236,-18.4582,-7.42542,-18.7178,-92.3335
184,4070,48,5104,1076.73,1202.29,40.9554,-5.37733,-30.8057,-24.841,-14.4589,-17.6654,-13.9127,-20.5622,-25.1953,-20.1277,-4.64872,-19.7057,-14.9583,-18.3268,-15.5247,-28.9427,-20.114,-24.7897,-17.9114,-7.62869,-19.2975,-90.8437
185,4092,62,6846,1376.5,1350.18,39.1803,-6.1549,-30.0038,-26.0384,-12.598,-18.6292,-14.6848,-20.5415,-26.4623,-18.7273,-5.17934,-19.381,-14.9236,-19.6493,-16.3296,-29.4862,-20.7748,-26.3633,-17.7955,-9.63623,-17.6627,-96.1152
186,4114,39,7020,1403.03,1480.52,40.5767,-6.16949,-29.2422,-25.5969,-10.0339,-19.3774,-16.2551,-20.0945,-26.4513,-18.5779,-4.80089,-20.1876,-15.8353,-19.1417,-16.5844,-25.8046,-19.9536,-28.9367,-17.4216,-10.0134,-18.4033,-97.2533
187,4136,81,6035,1712.23,1701.56,37.6183,-6.50424,-28.6034,-22.2059,-12.7518,-19.9368,-15.5939,-20.1934,-26.0428,-19.0553,-5.89737,-21.6879,-13.9874,-17.0839,-17.6572,-25.5016,-19.6481,-30.0385,-16.4257,-10.3517,-17.6762,-99.2206
188,4158,117,4940,1512.4,1203.62,39.8427,-6.40512,-28.8405,-23.6822,-11.5041,-19.3497,-16.4003,-19.4489,-24.1406,-16.5632,-4.6544,-22.7804,-13.5552,-16.6511,-20.3249,-25.0287,-20.7412,-28.6509,-19.1176,-9.50476,-16.5619,-98.5615
189,4180,81,2636,1097.57,760.263,42.584,-6.37803,-31.2839,-22.84,-12.6033,-20.9791,-15.947,-18.5784,-23.1935,-16.9701,-4.51599,-22.9676,-14.0029,-14.2507,-18.8435,-22.6246,-17.9815,-28.2648,-16.8555,-8.68514,-17.0775,-101.33
190,4202,151,7566,1275.17,1592.81,43.2067,-7.11844,-31.4245,-20.7978,-14.4488,-20.6907,-13.4736,-18.7351,-22.033,-19.0839,-4.61434,-23.9089,-13.927,-13.5853,-18.9439,-23.5886,-18.4169,-28.6285,-17.3702,-7.91894,-17.5352,-100.498
191,4224,23,4625,1183.37,1075.65,42.3876,-6.30356,-30.4676,-21.1551,-13.4778,-20.3904,-11.0497,-21.0191,-20.7943,-19.167,-2.84075,-23.7615,-12.2346,-13.1298,-19.7279,-24.3737,-15.8877,-29.3063,-18.6553,-8.73072,-17.9744,-103.121
192,4246,23,4287,977.3,1023.74,42.5542,-5.31676,-30.4421,-21.2133,-13.5171,-19.0502,-12.7931,-19.796,-20.8565,-17.5861,-1.6183,-22.8817,-11.011,-14.0003,-18.7015,-23.8608,-15.6035,-26.521,-21.8555,-9.52648,-16.3158,-103.678
193,4268,170,5552,1644.5,1553.84,45.3044,-4.3177,-29.0379,-20.8433,-14.531,-19.7068,-14.4788,-18.6232,-20.5065,-16.1993,-1.09376,-20.9326,-14.3957,-14.0054,-17.68,-21.405,-15.0826,-27.7866,-22.526,-11.7866,-17.306,-102.262
194,4290,199,7674,1509.37,1414.11,47.8467,-3.38235,-29.5544,-20.505,-14.4517,-20.6297,-15.7242,-18.3245,-20.1856,-16.7441,-0.808744,-21.5649,-13.164,-16.5112,-20.2432,-20.9565,-12.0805,-28.7829,-23.5549,-14.1599,-17.2715,-102.479
195,4312,250,11527,2280.77,2480.29,48.0437,-4.19145,-28.4907,-20.3572,-14.0668,-21.3595,-16.5884,-16.2524,-20.1824,-17.4853,-1.43407,-22.7341,-11.4594,-16.5903,-22.8048,-23.1173,-11.9526,-29.5582,-22.0904,-15.1164,-14.9805,-102.845
196,4334,205,5198,1441.73,1230.56,49.5036,-5.44646,-27.8198,-20.7063,-14.3973,-23.3342,-17.2882,-13.1982,-21.1223,-18.1759,-3.4932,-22.8131,-14.7511,-17.7662,-21.8698,-20.2129,-12.3971,-28.9516,-23.9311,-11.8493,-16.852,-100.325
197,4356,61,4264,1457.1,1223.24,50.9131,-5.68993,-28.4931,-19.4727,-14.0784,-22.3939,-17.5244,-11.4204,-24.6566,-17.4639,-3.64928,-24.7429,-13.0143,-19.4329,-18.6956,-18.1445,-13.5585,-29.1603,-26.6443,-11.3483,-15.757,-98.2857
198,4378,73,4804,1235.97,1220.83,51.7435,-6.43325,-26.7358,-20.3948,-13.4073,-21.9322,-18.457,-11.7523,-24.8075,-17.0967,-4.26195,-23.0109,-14.9816,-21.3037,-15.0537,-16.9853,-13.0003,-30.3412,-28.2505,-10.3566,-16.1245,-100.641
199,4400,129,3592,1183.93,922.79,52.1513,-7.49296,-28.4111,-20.5566,-13.338,-21.5729,-19.7326,-12.5105,-25.6395,-17.9894,-3.8038,-22.7047,-16.609,-22.547,-12.2167,-16.7136,-12.1835,-32.7365,-29.2552,-12.8485,-16.5211,-101.242
200,4422,24,3180,1159.57,887.188,53.732,-5.42744,-28.8111,-20.291,-14.2667,-22.9025,-19.7527,-14.1939,-24.615,-18.961,-4.5584,-22.4273,-16.8606,-23.3723,-11.6782,-17.0568,-13.4027,-36.2333,-29.1586,-14.3134,-17.6358,-99.8395
201,4444,125,5859,1241.97,1268.87,54.6905,-6.43221,-28.7054,-21.1659,-13.8047,-22.8867,-18.9333,-14.1364,-26.4592,-18.2228,-4.85239,-22.2543,-15.8195,-23.8756,-12.7151,-16.2989,-13.2121,-35.5846,-28.3127,-14.0829,-14.239,-98.7155
202,4466,124,4484,1548.67,1025.07,51.9366,-6.4063,-28.5485,-21.5544,-14.7099,-23.6877,-16.6324,-14.8216,-26.3086,-18.9167,-3.21392,-21.782,-15.7624,-23.6949,-12.9955,-18.3431,-13.2233,-34.8629,-30.3398,-14.416,-17.4633,-99.8639
203,4488,214,6078,1482.37,1232.74,54.6081,-4.66925,-29.1396,-19.8855,-13.8608,-23.1423,-18.7091,-14.1894,-24.9197,-19.3723,-3.27737,-18.9149,-13.2693,-24.6223,-13.6797,-14.4656,-10.9185,-34.2763,-29.5484,-16.8438,-18.3186,-102.524
204,4510,61,4021,1065.53,1017.15,54.5499,-5.7612,-27.3382,-21.9764,-12.2671,-23.063,-18.8143,-13.4355,-26.9809,-20.4937,-2.08107,-19.178,-13.5351,-23.9068,-14.5537,-13.618,-11.3504,-33.1156,-28.4435,-18.1027,-20.7961,-102.514
205,4532,29,2966,968.733,816.127,53.5403,-7.22423,-26.6075,-22.8164,-14.1001,-20.7761,-20.6897,-12.8341,-28.5523,-19.4156,-4.38276,-20.8762,-14.1298,-22.7484,-13.4985,-14.3559,-11.9734,-35.1666,-28.0582,-16.903,-19.2165,-102.24
206,4554,145,4105,1291.23,933.602,53.6665,-5.58507,-30.0955,-24.1531,-14.0475,-19.675,-21.1869,-13.2202,-28.8183,-20.9191,-3.61848,-22.2854,-12.5843,-25.1713,-14.2898,-13.7127,-11.3361,-37.0387,-26.5968,-17.5536,-18.6531,-103.333
207,4576,100,2245,867.1,604.152,53.7253,-7.35343,-29.5082,-23.8733,-13.4421,-15.7214,-19.7443,-14.4638,-27.3953,-19.7919,-2.52675,-21.7247,-12.6502,-25.2462,-14.7721,-14.4634,-9.22566,-37.1979,-27.1589,-18.7233,-22.6064,-104.995
208,4598,148,2748,1072.47,720.248,54.655,-5.50856,-26.7937,-21.7935,-14.9102,-16.9236,-19.0908,-14.5264,-24.6351,-20.4325,-0.844169,-23.0925,-12.2988,-25.0713,-17.2253,-16.4146,-7.79794,-38.2494,-26.5603,-20.4038,-24.9431,-106.863
209,4620,86,3642,901.167,831.917,54.8262,-5.50145,-27.0908,-23.2166,-15.0547,-14.6206,-18.1335,-12.1209,-25.1774,-20.6978,-0.48939,-25.2842,-11.8838,-23.448,-14.8666,-16.2967,-6.294,-39.099,-26.2606,-18.7173,-23.2966,-106.344
210,4642,140,4806,1574.3,1201.22,50.055,-4.05738,-24.2548,-22.6945,-14.8865,-12.779,-19.054,-10.7163,-24.6987,-19.3591,0.37471,-24.1822,-11.434,-23.7003,-12.4284,-14.547,-10.3792,-36.8136,-24.9576,-20.285,-22.5341,-105.372
211,4664,155,4737,1405.23,1213.79,51.3322,-3.06801,-24.236,-22.5733,-14.8626,-14.2651,-18.0005,-8.46707,-22.7612,-18.985,3.18771,-24.1291,-12.7916,-21.8618,-11.4014,-13.1998,-10.6559,-38.26,-23.5004,-20.5959,-25.1034,-105.993
212,4686,52,6370,990.6,1191.83,50.5636,-3.87101,-25.5915,-22.3609,-13.4342,-17.4861,-17.8713,-5.94673,-23.8982,-17.0359,4.00994,-25.3189,-12.3081,-21.3282,-13.5011,-13.8738,-9.95336,-35.3828,-23.1895,-20.3344,-21.9623,-105.529
213,4708,54,2808,1425.23,778.682,53.0202,-0.987673,-24.6431,-21.3053,-13.194,-15.5084,-16.0258,-6.58229,-22.1485,-18.7828,3.62654,-24.769,-12.781,-21.1715,-11.8339,-14.9534,-9.24697,-36.1475,-24.0566,-17.7653,-19.3422,-105.004
214,4730,111,4962,1657.13,1173.28,53.8429,0.758553,-25.9534,-21.2858,-14.3606,-15.4745,-15.5913,-3.64025,-24.0037,-18.6708,4.41508,-25.8004,-14.6327,-22.4136,-15.1231,-14.1281,-7.13105,-35.9507,-24.1818,-14.8932,-17.7081,-108.409
215,4752,122,10653,2106.33,2167.55,52.743,2.7459,-26.1591,-18.5821,-13.2126,-18.199,-10.0373,-4.10406,-25.5939,-23.3147,3.6214,-27.0071,-19.0627,-23.5458,-13.9862,-13.7753,-8.01888,-34.7538,-24.024,-15.5431,-13.3901,-106.99
216,4774,153,8935,2352.97,2219.87,51.7572,3.58102,-27.0126,-18.3572,-13.3822,-17.3701,-11.5112,-4.77929,-25.582,-23.3902,2.9995,-27.0354,-19.8942,-23.4186,-17.2661,-15.3966,-8.16035,-31.1609,-22.5602,-15.3957,-18.4607,-106.85
217,4796,258,6018,1901.6,1443.56,50.8173,4.03871,-25.9412,-18.7135,-12.6747,-14.8438,-10.4753,-3.56754,-25.7571,-18.4853,3.15469,-26.5511,-16.5918,-25.3385,-16.5629,-16.3892,-7.16292,-31.7266,-23.3473,-9.78941,-20.8732,-104.542
218,4818,128,8244,2130.67,2024,50.0843,1.67121,-25.3994,-17.7309,-12.7888,-16.2136,-7.20001,-3.07855,-24.6238,-18.5596,3.94435,-28.2068,-16.7586,-24.1967,-17.3858,-15.689,-9.06554,-32.6167,-24.8849,-13.2419,-16.4236,-107.571
219,4840,293,5875,1578.47,1519.97,47.4333,2.15023,-26.6159,-16.0852,-13.4549,-16.1023,-9.10546,-5.60595,-24.5395,-18.7874,2.7768,-28.2319,-15.7349,-22.957,-19.1031,-15.8666,-8.6316,-32.4716,-24.5708,-14.0593,-17.2147,-105.622
220,4862,122,29897,3767.03,5467.83,49.3722,3.23358,-24.838,-13.8554,-13.8961,-15.9397,-11.4057,-6.81751,-23.686,-16.474,1.64768,-30.9208,-14.9953,-22.1838,-19.6972,-15.1969,-12.7778,-31.63,-23.7638,-15.6618,-16.9553,-108.032
221,4884,243,6806,2715.6,1858.87,49.9026,6.8245,-25.5804,-13.9661,-13.359,-14.3622,-12.8367,-5.74305,-23.5852,-16.9166,5.45296,-30.3858,-11.5906,-22.8797,-19.134,-13.7941,-14.3827,-31.56,-21.2218,-16.4216,-15.3552,-106.696
222,4906,86,18973,3615.2,4193.39,50.8592,8.44758,-28.0523,-13.058,-12.921,-16.1818,-9.99233,-5.00335,-22.4298,-15.3784,3.39911,-29.6196,-11.3672,-23.6501,-21.2389,-15.7615,-14.0897,-31.325,-20.8747,-16.9423,-18.9659,-109.826
223,4928,96,16545,5125.37,4433.89,50.8334,9.19763,-28.2876,-11.8562,-13.6871,-16.6532,-7.58803,-4.40256,-22.3656,-16.482,3.92106,-29.5361,-14.9602,-22.3459,-20.2482,-18.4098,-17.8645,-27.3805,-19.7269,-18.0823,-17.7191,-108.337
224,4950,68,6636,2773,2055.4,53.4308,8.074,-26.5146,-12.192,-11.6795,-15.253,-7.23736,-4.02336,-24.8434,-13.5755,3.13604,-29.8249,-15.1331,-22.3635,-20.8116,-23.7393,-16.9849,-26.0517,-22.5254,-17.2817,-21.3539,-109.557
225,4972,122,13597,4723,4066.45,49.9103,7.68702,-24.78,-12.1436,-11.4848,-13.6403,-7.43294,-4.40029,-23.9968,-14.5022,6.23342,-27.8184,-13.7885,-22.6176,-21.605,-20.5876,-19.1596,-25.5775,-22.8552,-16.1868,-22.3277,-111.374
226,4994,261,11830,4047.37,3448.6,48.8922,7.64658,-24.8521,-13.2791,-10.2211,-13.193,-8.63444,-5.4622,-23.6951,-14.9654,8.23397,-26.3859,-13.5759,-24.8539,-21.8939,-17.9161,-20.8222,-26.2392,-21.0423,-13.4548,-23.6587,-113.749
227,5016,171,10616,3154.5,2729.88,50.7366,7.69423,-24.9777,-13.895,-8.65033,-14.3192,-9.89431,-2.43038,-21.3248,-14.4778,7.62304,-25.6617,-14.0862,-23.1291,-20.6818,-15.8426,-20.4731,-25.1764,-23.0587,-13.8546,-22.297,-116.879
228,5038,101,13864,2469.57,2798.61,49.5265,8.93119,-27.6999,-12.5607,-10.2674,-15.3241,-9.42749,-4.44641,-21.9982,-13.8091,11.0721,-24.0402,-14.101,-23.2545,-20.481,-14.8849,-17.3657,-24.2482,-24.144,-19.1088,-25.5586,-118.026
229,5060,57,10822,3242.3,3142.87,50.9315,5.61831,-27.7396,-12.4996,-8.63024,-15.6739,-10.6374,-5.40232,-21.3744,-14.5493,10.3558,-22.7962,-14.8686,-24.6237,-22.0875,-16.2766,-15.9347,-23.2148,-24.0976,-18.7347,-20.7285,-119.783
230,5082,54,11675,3278.03,2863.44,50.3217,4.96341,-29.4174,-11.9699,-10.277,-13.7082,-8.9192,-5.1957,-23.5873,-13.9586,8.50837,-21.1555,-14.4479,-27.1818,-22.4623,-15.2716,-17.7426,-29.1688,-24.195,-17.7534,-16.1562,-117.235
231,5104,96,18442,4554.17,4733.24,49.2108,6.97008,-30.0889,-11.964,-9.26479,-13.9023,-8.27865,-5.8694,-24.5984,-13.5356,6.87944,-21.6411,-14.3515,-27.7122,-21.8872,-16.4572,-17.6692,-26.868,-24.0819,-16.5394,-13.8785,-116.748
232,5126,187,11562,3578.27,3111.12,50.119,7.63996,-29.4435,-12.2428,-9.71866,-13.2682,-9.42196,-5.40309,-24.2974,-13.7122,7.62283,-21.8751,-12.3312,-27.5839,-22.3041,-16.9748,-18.6495,-25.0428,-24.356,-17.046,-14.954,-115.121
233,5148,4,9749,3378.03,2856.33,50.0316,6.97981,-29.0251,-11.2449,-7.64629,-14.9893,-6.56243,-7.86313,-23.4884,-15.1537,5.17487,-21.8255,-11.9923,-30.0999,-23.5762,-15.9632,-19.7175,-26.1944,-24.009,-19.0143,-14.4767,-120.546
234,5170,133,11158,4119.8,2678.56,51.375,8.71669,-29.8309,-10.1513,-9.30965,-14.1683,-6.66824,-12.7285,-23.9709,-14.0806,6.50109,-20.8888,-11.5795,-28.2238,-25.2373,-15.4579,-19.0751,-27.4044,-22.8626,-17.8645,-14.0081,-121.872
235,5192,40,21372,5316.2,5395.77,53.0303,9.16428,-29.4889,-8.13851,-7.79704,-14.4146,-5.45975,-11.1273,-24.0001,-16.5096,6.92583,-20.7164,-11.806,-27.4409,-24.3607,-13.9008,-19.4831,-28.3952,-23.1953,-17.9094,-16.1419,-124.132
236,5214,134,6886,2996.3,2270.87,54.6853,7.65251,-30.7073,-9.89561,-6.3861,-15.5159,-5.37435,-15.3844,-26.3857,-12.7915,5.98353,-21.1025,-10.4386,-26.3796,-24.1128,-15.9168,-19.5324,-26.1145,-23.5272,-19.1391,-16.6144,-125.355
237,5236,347,21394,4866.57,4631.9,54.5786,8.06957,-30.9388,-8.30382,-7.1572,-15.4033,-4.524,-14.1227,-25.2869,-13.0836,5.30093,-21.2419,-11.584,-26.9778,-27.5155,-18.0149,-19.1898,-30.2458,-22.5579,-19.8001,-17.078,-122.608
238,5258,285,14063,4380.87,4200.39,52.4828,8.32573,-30.9518,-7.83614,-7.73681,-15.486,-3.8261,-13.0759,-21.4054,-13.0672,3.89032,-21.1123,-12.0711,-27.2067,-26.8728,-21.7905,-19.2699,-30.3337,-22.2447,-19.9438,-16.909,-122.348
239,5280,138,11383,2776.53,2717.21,52.4731,9.34403,-30.2588,-8.61426,-7.38493,-14.8911,-4.52921,-12.6191,-21.3696,-12.2921,3.89758,-20.856,-13.5335,-28.3158,-23.0515,-21.3719,-21.3054,-31.748,-23.53,-20.3955,-20.1375,-124.322
240,5302,487,19157,3489.93,3886.61,53.8597,9.98854,-29.3603,-8.88484,-7.65454,-14.814,-3.90967,-13.2142,-22.3525,-13.0263,4.92277,-18.8656,-12.9381,-29.8747,-21.9469,-23.3858,-19.7671,-31.2696,-24.044,-19.1634,-21.4259,-124.085
241,5324,79,18885,3566.17,4802.16,55.6554,9.45899,-28.4771,-8.33205,-7.89297,-14.1961,-5.10951,-12.8216,-22.5485,-15.6913,11.1435,-20.9303,-13.1212,-30.0031,-20.727,-24.5807,-19.0147,-29.7217,-24.3152,-17.6071,-24.524,-125.253
242,5346,773,20069,5900.87,5224.59,55.5231,9.16243,-26.6623,-7.64394,-8.98419,-13.4032,-6.83017,-13.1123,-21.4459,-16.2458,10.7207,-22.3792,-13.4682,-29.3204,-19.7101,-26.0243,-19.5188,-31.6589,-22.5542,-17.1189,-21.0359,-128.898
243,5368,115,18259,6002.33,5348.68,55.5886,9.2663,-26.5638,-6.53628,-10.6449,-12.8597,-6.65689,-12.4765,-23.7624,-15.0922,9.43656,-22.5339,-14.7536,-30.166,-17.4864,-25.8449,-19.4469,-32.3041,-23.2862,-14.3828,-16.5246,-129.658
244,5390,272,16021,4706.93,4237.09,56.1853,10.1751,-26.2166,-5.08279,-9.51888,-10.7601,-4.63739,-14.896,-23.9355,-11.4396,8.93137,-22.8715,-15.5961,-29.3858,-18.2848,-26.3328,-19.679,-33.131,-28.1437,-13.3517,-19.1026,-129.088
245,5412,121,13037,3491.5,3292.42,54.7553,8.91349,-28.2395,-5.36205,-9.20644,-11.3211,-4.20571,-15.6007,-24.4065,-10.1389,9.71604,-21.2165,-16.6248,-29.3413,-18.5354,-24.6268,-18.7891,-31.482,-28.4269,-13.7086,-27.7182,-128.166
246,5434,230,12793,3626.17,3119.28,55.6671,9.56159,-28.0795,-6.53421,-8.91868,-12.3636,-2.7662,-14.7939,-23.8336,-8.84454,10.9848,-25.0102,-15.5916,-29.2815,-19.6322,-25.2235,-19.7872,-27.1511,-24.5249,-15.0911,-30.2364,-126.096
247,5456,298,17692,4606.7,4513.14,56.4859,10.9427,-25.3645,-5.47107,-10.322,-10.9607,-5.15513,-13.6244,-23.0207,-10.3813,10.431,-26.0885,-15.4733,-29.6872,-20.3579,-23.9334,-19.2378,-24.5964,-24.5016,-15.6191,-27.4261,-124.04
248,5478,177,14112,4760.93,3596.19,57.3588,9.20117,-24.7312,-8.57587,-11.4548,-10.4952,-3.67668,-13.3735,-21.9504,-11.8262,9.49915,-24.6054,-15.8531,-30.3863,-20.4117,-24.2945,-18.6754,-24.0511,-24.5712,-15.1605,-26.0957,-126.564
249,5500,163,18080,5107.33,4723.06,57.3915,9.02368,-23.8877,-8.96953,-11.3718,-11.3294,-5.07482,-13.4348,-20.7806,-16.6795,11.0647,-25.9913,-14.5058,-29.9336,-25.1031,-25.6275,-18.3497,-25.5672,-26.7202,-14.8456,-25.9405,-126.061
250,5522,53,26494,6945.1,6872.66,55.4164,8.85417,-22.3857,-7.66184,-10.3843,-12.6065,-3.8398,-13.2748,-18.8994,-12.2582,9.99482,-24.1517,-12.0906,-29.8038,-24.5889,-25.0406,-16.3087,-25.062,-26.8662,-14.9161,-24.0136,-125.738
251,5544,90,17196,5829.87,4542.53,54.0906,9.87384,-21.3518,-6.35518,-10.3658,-13.7005,-4.02078,-12.7383,-19.3885,-12.8752,10.5061,-24.7411,-13.0063,-29.8424,-26.6283,-27.7852,-16.7532,-26.2742,-26.6897,-17.5178,-22.7717,-126.239
252,5566,277,24637,5365.3,5295.94,55.3895,10.6856,-20.5196,-8.62246,-11.6173,-11.6778,-2.5873,-13.2554,-19.8436,-9.26902,6.04174,-27.6608,-11.6241,-30.999,-24.9922,-24.0384,-17.8707,-24.9909,-27.1443,-16.5303,-22.8551,-125.592
253,5588,212,32078,7764.17,8276,52.6005,10.8325,-21.6141,-9.80071,-10.1512,-10.2324,-0.925974,-13.6483,-18.4978,-12.5444,9.48828,-30.4883,-12.0591,-30.6735,-24.8054,-26.1185,-20.557,-23.7252,-29.2194,-15.9238,-23.426,-124.28
254,5610,179,10077,3290.7,2764.7,52.1553,9.90582,-25.9999,-11.6063,-9.87808,-10.3516,-0.48181,-13.9595,-19.1364,-8.92899,9.55953,-31.9793,-11.7714,-30.6409,-23.1676,-22.8847,-18.8635,-26.7709,-32.2463,-15.1841,-24.7026,-125.191
255,5632,348,13071,3473.8,3231.71,52.3444,9.09131,-26.2837,-12.8339,-9.48577,-8.46959,0.632117,-14.243,-20.1742,-11.6298,11.672,-33.2996,-11.0331,-28.8148,-21.7027,-21.6773,-18.2191,-26.1451,-29.6427,-14.5714,-25.1091,-121.537
256,5654,117,13286,3996.57,2839.89,54.6168,10.8026,-26.2677,-12.4132,-10.6474,-7.02181,0.518254,-15.2885,-21.7795,-13.0376,9.61225,-33.8659,-9.16724,-29.4643,-18.2522,-21.7208,-18.0586,-25.6384,-28.3227,-15.0135,-24.2426,-121.164
257,5676,142,23150,5719.57,5528.06,54.535,12.4806,-25.5803,-11.9091,-9.69114,-7.50725,-0.074529,-14.2662,-21.5074,-12.0305,8.94852,-33.3088,-9.80722,-28.0639,-18.2492,-19.9883,-18.4461,-25.7415,-26.7662,-16.1008,-23.9744,-121.82
258,5698,56,19513,5679.47,5172.4,55.7542,12.9357,-20.9906,-11.9682,-12.8773,-9.4273,1.8347,-13.568,-21.471,-9.65638,9.2544,-32.2685,-12.7891,-28.0356,-17.3048,-20.1498,-16.6581,-23.4656,-26.6923,-15.8243,-23.486,-123.057
259,5720,731,33522,6129.1,6769.58,53.3746,13.7395,-19.8733,-10.9607,-11.5583,-8.56781,1.26473,-14.2758,-19.8534,-7.50902,9.36146,-30.7309,-13.481,-28.4519,-18.902,-20.2661,-16.1134,-27.018,-26.4378,-15.8134,-23.9928,-123.794
260,5742,391,24914,7347.17,6148.03,54.2645,13.6908,-19.2222,-10.9794,-10.7256,-8.4394,1.04601,-14.8733,-20.1205,-9.39558,12.8186,-35.5076,-15.2197,-27.3475,-22.2504,-22.1925,-16.7167,-28.5367,-26.7721,-16.2882,-24.6945,-124.777
261,5764,368,28474,7267.53,7006,53.7943,12.3326,-22.3399,-10.6608,-10.3066,-10.0232,-0.188982,-13.889,-19.8386,-9.26179,12.9265,-36.3805,-14.1838,-27.8412,-24.0152,-20.8617,-17.0321,-30.6193,-26.28,-13.6131,-24.066,-125.525
262,5786,116,28227,6517,6338.35,54.4605,14.2842,-23.4938,-8.90771,-11.0877,-8.183,-0.456062,-13.8436,-22.3295,-9.01102,13.7023,-36.408,-13.7952,-26.6408,-21.7661,-19.6066,-15.3682,-33.9897,-26.4863,-13.4077,-24.4622,-126.28
263,5808,933,25244,4931.4,4970.24,53.5325,10.646,-21.1793,-7.94222,-10.7228,-9.87945,0.835703,-14.9377,-22.9818,-9.92697,14.8263,-35.6591,-13.4167,-27.1494,-22.3788,-21.0532,-13.3081,-31.9207,-26.4127,-16.59,-23.0838,-126.041
264,5830,112,18538,5040.8,4375.02,53.6339,11.4754,-22.6667,-7.30579,-10.8836,-10.5318,1.22414,-13.981,-22.4218,-11.6637,15.6633,-35.8139,-13.6743,-27.3337,-21.7144,-22.8574,-12.9412,-32.3245,-25.9742,-15.1496,-23.2857,-127.063
265,5852,274,18812,6547.6,5874.36,53.2289,8.95828,-22.226,-8.35151,-11.9783,-12.1987,1.16225,-14.4407,-23.3061,-11.4941,15.1599,-35.6711,-13.4716,-25.792,-20.4348,-18.5411,-12.4402,-32.1524,-25.354,-13.861,-23.4009,-126.856
266,5874,375,48483,7993.13,9879.15,51.8187,8.6569,-21.079,-5.78637,-12.1806,-13.2982,1.10582,-13.1202,-23.2043,-9.63279,16.7856,-34.7383,-13.9701,-25.4558,-19.8477,-21.5414,-13.4099,-31.7736,-26.9439,-14.5607,-24.2636,-126.994
267,5896,182,13038,3524.6,2637.57,52.3908,7.56604,-21.0524,-6.5707,-11.5005,-11.5981,1.50496,-14.7034,-24.8117,-11.153,15.4701,-34.4217,-14.088,-26.1002,-18.7985,-21.9513,-15.5893,-30.9174,-26.0352,-10.3539,-27.3358,-125.784
268,5918,260,15400,4143.3,3889.58,50.0025,9.99243,-18.8739,-6.24035,-11.4417,-12.2011,0.827921,-14.1366,-25.403,-10.4833,13.387,-36.3931,-12.5267,-26.3599,-21.733,-20.7377,-15.3435,-28.2473,-26.1436,-10.5375,-26.8814,-127.159
269,5940,306,25494,5487.13,5306.42,49.1837,9.86886,-20.1263,-6.11506,-11.6559,-11.386,0.273802,-13.8717,-25.7586,-9.49787,14.2819,-36.7559,-14.2963,-26.2116,-23.1617,-22.6392,-15.669,-25.5559,-24.7415,-9.96753,-25.4032,-128.181
270,5962,482,18098,5473.87,4413.89,49.8927,9.91171,-19.4081,-7.62816,-11.0972,-9.09265,-2.6859,-13.7443,-24.2758,-7.85366,15.4207,-37.3567,-12.6576,-24.5219,-24.2885,-21.4045,-16.699,-22.636,-24.8463,-9.2166,-24.469,-128.397
271,5984,174,14346,5530.5,4402.9,44.7877,11.3303,-19.0647,-8.28085,-11.7047,-7.91344,-2.98144,-14.9265,-24.1993,-9.5516,13.4076,-35.9472,-14.0511,-25.3344,-26.344,-22.6083,-17.3905,-25.1816,-23.5815,-10.7344,-24.2064,-131.62
272,6006,16,20167,5386.43,5746.29,55.0993,11.2728,-20.6674,-8.30108,-14.5376,-8.66116,-4.98677,-15.1534,-25.9049,-10.4868,14.0815,-33.8916,-14.0722,-26.0172,-28.5897,-21.1691,-19.0958,-29.3383,-22.2466,-12.9018,-25.0261,-132.247
273,6028,191,26336,5429.1,6115.64,53.4223,10.5056,-19.8087,-8.25545,-14.2894,-8.28457,-4.97177,-14.627,-24.3451,-10.8092,14.1865,-33.9992,-13.217,-26.1969,-28.2248,-20.8037,-18.111,-28.1857,-21.9317,-13.401,-25.8639,-131.893
274,6050,351,19383,6268,5133.33,55.2148,12.8175,-22.429,-7.92659,-14.406,-8.67386,-5.06304,-14.2509,-26.1057,-11.1057,13.1696,-33.4695,-12.9632,-26.1159,-26.3759,-19.524,-16.2282,-26.4982,-20.9666,-11.8846,-27.0776,-130.792
275,6072,157,31429,6017.13,7216.9,55.0958,13.7932,-22.2888,-7.29922,-14.7474,-7.69051,-1.13577,-14.0573,-25.3548,-11.495,14.0467,-32.8455,-13.7877,-26.1244,-24.2854,-17.4836,-15.8367,-28.8633,-21.2093,-16.2171,-28.995,-132.284
276,6094,41,28907,6785.53,6608.5,55.3598,13.7064,-18.1601,-9.28222,-11.2426,-7.00213,-0.309707,-14.0562,-23.4725,-11.6949,14.2175,-33.2185,-13.3007,-26.945,-24.8829,-18.9975,-17.0127,-29.2198,-21.5078,-19.6489,-27.4289,-135.084
277,6116,205,33326,8619.23,7865.09,63.8334,11.8186,-20.4173,-8.60445,-12.0214,-8.34984,-0.130818,-14.6289,-20.3553,-12.909,13.2995,-31.5747,-13.2297,-28.1287,-26.6484,-17.1029,-17.7201,-29.9633,-21.0953,-21.1032,-26.9268,-136.598
278,6138,430,31596,8162.47,6989.52,67.0067,12.1503,-18.8559,-10.3766,-12.7342,-7.36225,3.94773,-13.2833,-18.7838,-12.9205,15.1125,-31.5817,-14.3603,-31.0464,-27.8682,-17.7295,-17.1076,-30.3828,-22.4867,-21.6284,-25.8417,-137.085
279,6160,415,37734,11553.3,9363.31,66.8867,13.3857,-16.3662,-5.17194,-12.5283,-3.66725,1.38853,-13.4375,-18.205,-11.4413,13.7632,-32.2019,-12.3855,-30.2758,-29.7607,-17.8345,-17.4664,-30.2175,-22.6794,-21.7256,-25.0989,-135.06
280,6182,42,30521,11755.9,8888.48,67.382,12.3845,-16.8295,-6.07859,-10.5331,-2.22976,-0.0948803,-13.2485,-18.0904,-11.0617,13.0634,-32.1186,-11.9193,-32.1437,-29.0906,-17.9775,-18.8605,-29.5759,-23.0632,-22.4109,-25.474,-136.398
281,6204,660,91332,21039.6,19004.8,62.776,12.0463,-15.1507,-4.75495,-9.12744,-1.89849,0.445968,-13.8957,-18.4672,-10.8374,14.5401,-31.492,-13.6665,-34.8088,-28.0703,-19.2559,-17.9481,-30.2606,-20.574,-23.039,-24.1935,-135.451
282,6226,1424,42145,11315.4,11341,64.6677,14.3744,-16.5412,-6.59787,-6.99073,-1.94161,2.71152,-13.2234,-19.2955,-10.0815,14.8891,-31.6406,-13.7571,-34.1175,-26.2058,-18.7502,-19.1627,-31.9944,-19.5717,-23.6514,-25.2738,-134.999
283,6248,158,81630,22375.3,20010.8,63.8568,12.5104,-17.1575,-5.49865,-5.57143,-4.80293,3.03979,-12.6734,-19.5721,-9.99491,14.77,-32.3016,-15.7037,-32.7484,-24.6275,-18.7974,-20.6964,-32.069,-16.9058,-23.049,-25.0514,-135.676
284,6270,361,45810,12053,11892.8,62.314,14.6009,-15.2697,-3.49686,-4.75328,-3.87437,1.12537,-11.5855,-20.2666,-11.1119,14.2636,-29.5723,-15.3322,-30.649,-23.8983,-18.5489,-16.7556,-30.8318,-15.2557,-20.682,-24.6027,-136.655
285,6292,581,42333,11736.3,11977.4,65.7366,15.2701,-14.2456,0.397312,-7.17318,-2.58297,-0.544291,-11.9458,-20.1227,-10.2413,15.3172,-30.3519,-17.9688,-31.826,-23.1888,-16.8946,-17.8703,-30.4698,-18.5376,-21.1921,-25.3471,-136.644
286,6314,1728,75233,16968.1,16500.7,65.4547,17.2207,-13.654,2.60621,-6.33648,-2.78996,0.0565595,-12.334,-19.414,-7.91249,15.0547,-31.3084,-18.1462,-33.399,-23.8661,-18.3971,-19.0278,-31.7849,-18.4372,-21.5772,-23.5306,-134.719
287,6336,171,77425,19395.3,19519.3,66.4427,16.5184,-15.8624,1.08575,-7.10789,-2.54444,1.08034,-12.1125,-20.2963,-7.51398,15.2758,-33.3298,-17.9868,-32.0487,-26.3453,-18.2029,-17.5574,-30.7782,-17.9688,-22.5414,-23.2946,-133.673
288,6358,4585,81943,27543.6,19887.5,68.2636,20.4378,-13.4501,1.29457,-6.99678,-3.81697,0.869244,-11.1385,-20.8019,-7.4396,14.0104,-31.6807,-18.4341,-32.7266,-25.8945,-18.9498,-18.667,-30.3429,-18.9178,-21.1264,-22.2126,-133.766
289,6380,961,78165,20276.3,19532,69.2949,20.063,-12.7975,0.173192,-5.96663,-4.47241,-2.34449,-12.0163,-19.3672,-6.39248,14.7052,-34.3498,-18.2536,-32.7679,-24.4918,-18.9285,-20.1114,-30.8299,-19.0825,-20.255,-22.0398,-133.715
290,6402,425,166111,31225.5,34675.3,69.9586,18.8221,-15.8011,0.092269,-5.95065,-3.69751,-3.34665,-11.8641,-18.6605,-6.85576,16.4089,-34.0331,-19.1667,-31.3209,-24.6924,-18.6523,-20.4247,-29.6899,-17.6016,-21.6855,-20.9628,-134.876
291,6424,2309,80220,20165.8,17373.4,71.3285,17.6672,-15.065,-1.43649,-5.36446,-4.37006,-3.49913,-11.1263,-17.4875,-9.57332,18.6905,-35.45,-21.1789,-31.2345,-26.1325,-19.6392,-22.8183,-28.9641,-19.4757,-20.1524,-22.1712,-135.848
292,6446,63,135300,26417.8,30389.3,72.2171,17.3424,-12.3354,-1.78902,-7.50775,-5.08249,-4.00454,-12.2433,-16.5065,-9.60035,16.8919,-34.7563,-21.1625,-30.2026,-28.2747,-21.6621,-21.6627,-29.5357,-18.6745,-22.0618,-21.0562,-135.011
293,6468,2078,62654,20748,15753.2,74.7591,16.6835,-16.9768,-2.49155,-7.49754,-4.68192,-4.69581,-13.6194,-16.3723,-9.72383,19.7537,-34.2749,-21.3055,-31.1864,-27.9641,-20.4274,-23.007,-28.7478,-19.4181,-21.2704,-21.9546,-135.499
294,6490,297,78090,21015.2,19519.6,74.4995,13.6768,-19.9063,-4.16582,-8.0065,-2.0775,-4.92837,-13.8238,-17.018,-9.29601,17.4634,-31.5483,-21.5358,-32.981,-30.3461,-21.519,-21.6079,-29.7735,-19.2433,-21.0806,-21.971,-137.124
295,6512,1403,87595,23648.1,22204.4,75.3866,14.8632,-19.444,-1.97889,-8.29447,-1.37715,-3.03931,-14.0623,-16.3452,-10.3372,18.0248,-31.9982,-21.8992,-31.8063,-29.5983,-22.9099,-22.4209,-29.0881,-18.2417,-21.3129,-22.044,-139.997
296,6534,321,83902,22219.8,21029,75.7655,14.9513,-20.969,-0.0616578,-9.31561,-0.917644,-2.59298,-12.9322,-18.8617,-11.2714,19.275,-31.8194,-23.9232,-29.8622,-28.3146,-23.6903,-19.9613,-28.3855,-19.0436,-21.63,-21.6782,-142.538
297,6556,940,88422,31181.8,30122.3,76.8664,14.7858,-20.4634,-2.6538,-10.3845,-0.255944,-2.6684,-13.9197,-18.2816,-11.7239,19.686,-31.1901,-22.9648,-28.6358,-24.753,-25.0111,-20.0827,-31.5528,-20.1391,-21.5146,-21.788,-143.604
298,6578,1424,109450,17584,20650.8,80.8795,12.0599,-19.2012,-4.32118,-12.2175,-0.060571,5.09614,-14.419,-16.5951,-9.91655,20.3208,-32.3658,-23.5586,-30.3464,-23.2548,-24.5583,-18.3052,-35.6073,-19.9221,-21.9928,-22.2366,-145.735
299,6600,507,79407,20312.2,21600.9,82.1296,13.4837,-19.002,-1.78741,-10.8968,0.0169242,5.6955,-14.67,-14.4345,-11.0589,19.32,-33.4477,-21.1429,-29.9706,-26.0709,-25.5092,-17.909,-40.1816,-18.1439,-23.2125,-22.7227,-146.006
300,6622,809,67495,18164.3,16566.1,84.6806,14.6974,-18.7283,-2.04591,-10.8237,0.522756,3.13533,-14.8889,-14.9194,-13.4741,18.576,-35.4157,-23.8059,-27.6935,-24.9952,-25.166,-17.3553,-38.255,-18.0939,-22.1196,-23.4746,-146.109
301,6644,269,141970,29534.7,30183.4,84.8442,18.2538,-18.8421,-1.61245,-7.56451,0.10884,2.92996,-14.7023,-15.6049,-13.8785,19.8846,-34.1772,-22.2152,-29.1647,-24.742,-24.6352,-20.3916,-39.2991,-18.7332,-22.9443,-23.2814,-147.296
302,6666,58,120136,27273.5,27674.5,78.5643,19.8309,-18.9118,-3.42578,-7.99987,2.51061,4.09636,-16.1474,-14.8347,-12.9134,19.9636,-31.6463,-21.5068,-30.0124,-21.9347,-24.7732,-21.2099,-35.8594,-18.7502,-22.3506,-23.0826,-148.607
303,6688,81,173391,38203,42596.3,80.313,19.4773,-20.2658,-1.57672,-10.0498,2.36959,4.6175,-17.3841,-14.432,-13.0395,19.2532,-34.4107,-19.8422,-35.2045,-24.0944,-24.1754,-20.8148,-36.3508,-18.6557,-22.8592,-23.1065,-148.856
304,6710,2689,140271,33742.7,30056.8,81.9075,17.89,-19.7034,-3.891,-9.73122,0.182563,5.68644,-16.203,-12.6082,-11.8034,20.1582,-33.4645,-18.0981,-31.9395,-25.3396,-25.5861,-20.4324,-39.7631,-20.5613,-23.3003,-22.1184,-149.603
305,6732,3701,128866,46097.6,37921.4,81.1062,18.5961,-21.2319,-4.95003,-8.81629,1.02883,2.70852,-17.4673,-12.6917,-11.7862,20.1789,-33.027,-18.4768,-33.6816,-26.0376,-28.1801,-19.9503,-34.0389,-19.1558,-23.9435,-20.3071,-152.159
306,6754,1111,160909,36314.1,39686.4,81.5742,19.6597,-22.1493,-3.73095,-8.54313,0.90721,1.75499,-14.6431,-12.4583,-11.815,18.9252,-30.1294,-18.8095,-36.3675,-23.4019,-25.2603,-20.2067,-36.8273,-20.3706,-23.7268,-20.4907,-151.609
307,6776,601,126697,24127.9,27079.7,79.0798,19.076,-20.5315,-4.14494,-8.33456,0.245822,1.1392,-13.1993,-13.1261,-10.4844,18.4559,-29.439,-18.5328,-39.5454,-24.4194,-25.8225,-21.4411,-35.0948,-23.1105,-23.7496,-18.6846,-151.435
308,6798,907,95605,35218,27952.1,79.3885,19.0447,-20.7189,-3.73477,-7.32146,-3.44834,1.21603,-14.182,-12.967,-11.5335,17.3092,-29.8383,-17.8286,-39.7067,-21.9114,-25.0952,-23.3932,-34.2654,-23.5309,-24.3486,-17.1585,-151.808
309,6820,395,199702,30324.6,36820.1,79.8203,17.3714,-21.7076,-3.54254,-5.56574,-3.72992,1.8995,-14.7478,-13.6554,-11.1991,18.326,-32.2139,-18.8389,-38.5855,-22.1396,-24.4111,-23.0587,-36.3016,-23.0203,-24.8983,-15.2171,-151.607
310,6842,1421,203164,46404.5,49545.6,79.8258,15.8102,-15.7264,-3.52672,-5.66419,-3.98758,2.56402,-15.0491,-14.9405,-11.8723,18.664,-31.7353,-18.6509,-39.5966,-21.5466,-21.1456,-22.9752,-37.7769,-24.4486,-24.807,-15.2467,-152.236
311,6864,716,107804,35654.9,31950.6,81.1933,15.3804,-13.8516,-3.25483,-6.34522,-4.07003,1.56146,-14.9082,-13.3159,-12.1562,18.6401,-30.8888,-19.6759,-38.7414,-22.2171,-22.0979,-21.8807,-38.8721,-26.1156,-23.4258,-15.1232,-151.758
312,6886,365,135383,37396.2,33568.5,81.6592,14.7442,-14.4484,0.799065,-7.26407,-6.70872,3.66053,-14.4118,-12.9461,-11.3528,19.3177,-29.5517,-20.7516,-38.2112,-24.7829,-26.6817,-19.6699,-38.4763,-26.9652,-24.4775,-17.1168,-150.813
313,6908,541,79649,29199.1,20840.7,78.3277,15.1697,-16.125,-0.511364,-5.0788,-7.18028,5.29585,-16.1844,-13.2516,-10.7142,17.6467,-28.2931,-19.6106,-35.5494,-26.9779,-25.8782,-19.8673,-39.0595,-26.1751,-24.4316,-18.2025,-149.013
314,6930,1060,143138,46698.1,37163.6,78.5367,16.1625,-16.2643,-0.969462,-9.67011,-5.14492,6.68066,-15.254,-13.5929,-11.6104,18.8551,-30.3129,-18.3558,-31.34,-26.8922,-24.4319,-19.4682,-39.1632,-26.7162,-27.1969,-18.486,-149.594
315,6952,2250,154666,27499.7,36103.2,77.1163,17.0875,-15.6128,-2.22019,-10.6228,-4.33681,4.7475,-15.0728,-12.675,-11.2009,18.3831,-28.851,-18.7988,-31.2537,-28.7123,-25.7661,-18.3801,-38.0731,-24.9128,-25.2704,-17.8754,-150.59
316,6974,295,125463,33601.8,33200.8,76.9633,16.1893,-17.4481,-3.34245,-10.8392,-6.7539,3.91253,-16.4459,-13.7882,-10.8107,17.9591,-28.8555,-19.3086,-29.0569,-27.9767,-30.6842,-15.8938,-35.3016,-24.8548,-23.7669,-19.436,-147.189
317,6996,4882,94797,33117.2,25111.5,77.2685,15.5753,-15.4732,-4.26663,-9.98846,-11.2082,3.46691,-15.5572,-13.8752,-8.2227,17.4561,-27.1087,-16.9115,-29.4707,-28.6987,-30.3965,-17.1341,-33.8451,-26.1472,-23.6865,-19.983,-149.004
318,7018,2047,95907,23908.4,20190.2,78.1703,15.0148,-16.4652,-5.71931,-9.30131,-12.0665,2.22143,-16.7697,-14.3169,-9.35439,16.9925,-26.8734,-18.9193,-29.596,-26.6615,-29.1345,-14.1715,-30.3126,-25.3327,-26.2335,-21.8824,-149.487
319,7040,700,77411,23614.6,16861.9,77.8479,15.8204,-17.6298,-4.96736,-8.86352,-12.8718,0.379467,-14.338,-13.0297,-9.3621,16.0064,-27.4774,-18.6208,-28.858,-26.0168,-29.3344,-14.8395,-32.7719,-24.8371,-25.4624,-23.5355,-149.972
320,7062,1942,72841,28444.8,20494,77.2674,15.3937,-17.1809,-4.61424,-10.2594,-16.3253,0.7268,-16.194,-13.5003,-11.7064,18.4214,-26.2877,-20.3746,-28.8947,-28.7988,-29.4081,-15.8301,-31.9082,-23.9816,-27.5351,-21.9623,-151.969
321,7084,537,97022,19515.8,21687.5,76.8631,13.9795,-16.7665,-4.24759,-11.6889,-16.4354,0.86492,-15.7494,-14.4566,-13.3891,17.9608,-28.5641,-20.441,-28.7911,-28.3618,-29.9065,-14.6945,-31.0879,-23.6326,-26.0754,-23.7164,-151.389
322,7106,1547,59186,18454.1,15619.8,76.6459,12.9207,-18.3987,-4.73294,-12.3589,-14.6298,-1.12622,-15.1598,-16.4223,-13.8849,15.6257,-29.6563,-22.0505,-25.4686,-28.8019,-29.799,-16.1211,-32.9427,-22.8684,-27.6872,-23.1077,-150.915
323,7128,2553,52399,16121.5,12325.4,75.3744,13.1586,-17.0585,-4.67677,-12.159,-15.7183,-0.447229,-14.7299,-18.1462,-14.1852,14.7338,-29.14,-23.5148,-25.1662,-29.0026,-29.119,-16.5026,-31.4061,-21.6225,-27.484,-21.9075,-148.356
324,7150,202,60866,19841,15205.5,76.7246,14.2461,-15.1094,-4.80857,-12.366,-15.6053,0.732788,-13.6602,-17.0781,-15.3552,14.5463,-27.4467,-23.0203,-29.3575,-29.2821,-32.6083,-16.1863,-32.8237,-21.3182,-26.7502,-20.5139,-146.738
325,7172,914,62529,16441.1,15975.8,77.0172,14.8021,-17.099,-4.50111,-8.92301,-16.5601,2.20643,-13.8233,-16.0691,-13.6189,13.8411,-27.3285,-22.2392,-26.8563,-30.5217,-26.9718,-17.519,-32.7706,-20.3893,-28.7169,-19.9861,-144.585
326,7194,1141,54263,21390.1,16833.5,76.526,14.3108,-16.6931,-5.1373,-11.4257,-14.0395,2.16183,-14.4067,-12.4012,-15.8356,12.7472,-30.2378,-22.1473,-26.8492,-30.0006,-25.2889,-17.5118,-33.9868,-20.1283,-31.0216,-18.7126,-145.385
327,7216,264,130137,31069.4,33450.5,76.3866,15.9076,-16.5056,-5.31275,-13.7443,-11.447,2.08823,-14.7388,-13.0025,-16.6768,11.8546,-29.2023,-21.4839,-27.291,-31.3197,-23.9037,-17.3433,-32.9117,-20.1731,-33.0491,-18.7289,-147.242
328,7238,472,73817,12152.2,15706.2,77.6993,14.7511,-17.9091,-5.59163,-14.5795,-10.7086,1.1491,-14.9246,-13.2831,-14.8343,11.2082,-28.5139,-21.8585,-26.6392,-31.8216,-30.2987,-17.7639,-32.3687,-22.0777,-33.6974,-20.6624,-148.488
329,7260,452,56288,13258.4,14526.9,79.955,14.9315,-18.2487,-6.56064,-14.337,-11.514,3.89621,-16.726,-13.6434,-14.7107,9.23063,-26.0563,-21.6902,-28.0698,-30.6945,-33.21,-18.2961,-33.2119,-21.0939,-34.0699,-21.9104,-147.101
330,7282,491,59759,16511.1,14856.3,77.5376,15.4465,-17.9198,-6.55214,-13.2289,-11.1799,3.14985,-17.192,-12.7397,-12.9685,10.3946,-25.2743,-21.6859,-27.2955,-31.3142,-31.8699,-18.8837,-33.411,-22.6059,-33.3786,-21.6967,-145.767
331,7304,175,61896,10744.9,12414.6,74.6523,14.0068,-18.1655,-7.62808,-15.0677,-8.00334,1.47414,-16.8065,-11.8888,-12.0164,8.17181,-26.2011,-22.1615,-27.8118,-29.9414,-30.487,-20.6549,-34.3238,-21.5476,-32.4118,-24.4076,-145.004
332,7326,163,41985,13951.4,12100.1,74.5426,14.4479,-19.8065,-7.83722,-14.5915,-7.66241,3.82992,-17.3658,-11.9671,-12.0512,8.18122,-26.4416,-21.7156,-28.617,-29.4933,-29.3808,-22.0972,-33.7628,-21.0762,-33.3428,-24.2524,-146.249
333,7348,218,65915,16539,16896.7,70.4167,14.6919,-17.2905,-7.96539,-15.1074,-7.70195,1.90433,-18.1293,-12.7707,-12.2805,7.91339,-26.5172,-21.3754,-28.1351,-29.3185,-27.3587,-21.2031,-35.3442,-21.0353,-33.4897,-24.8467,-146.543
334,7370,638,104469,19410.6,22024.1,73.1469,15.1438,-16.7631,-6.58564,-14.7875,-8.94065,1.65002,-19.4787,-12.7047,-11.4787,9.31567,-27.4812,-21.4766,-28.7012,-29.895,-26.0047,-22.0013,-33.4025,-19.9234,-33.1713,-25.9742,-145.268
335,7392,619,42283,14938.6,12571,69.5717,14.8045,-18.4771,-10.1576,-15.3813,-6.65891,-0.350598,-19.1113,-11.5163,-10.3145,8.50811,-26.9707,-21.5177,-28.6962,-29.4035,-26.0937,-25.1918,-33.3372,-20.3885,-32.391,-25.6925,-148.639
336,7414,170,59543,17728,14312.9,71.5312,13.9099,-18.7392,-10.2941,-14.9974,-6.68308,-1.90208,-19.0821,-12.5431,-10.108,8.64848,-27.7992,-20.5277,-27.9124,-29.5424,-25.2821,-25.3997,-34.07,-21.3513,-33.0145,-25.434,-151.751
337,7436,74,45297,14033.4,13749.1,73.2962,12.4799,-21.3314,-13.3048,-15.0435,-6.66039,-2.4981,-19.4916,-13.8103,-10.5996,9.13827,-28.0076,-18.1621,-28.9717,-29.3286,-25.6714,-25.6669,-33.7298,-22.5382,-33.7658,-26.4033,-152.641
338,7458,387,62895,14126.9,13832.7,76.2116,11.5352,-23.0243,-14.5725,-14.8669,-5.82644,-1.73035,-20.0965,-12.1355,-11.2358,14.3052,-27.4146,-17.351,-29.2403,-29.5689,-26.2338,-27.7335,-34.8733,-22.2058,-33.4131,-25.1893,-154.266
339,7480,226,52234,10844.9,10392.8,84.5479,13.7696,-21.5292,-15.2942,-14.8024,-4.52933,-2.56717,-18.6349,-14.4444,-11.1474,15.3424,-28.3362,-13.4061,-29.93,-30.933,-25.668,-27.4163,-38.7838,-21.9488,-34.8666,-24.7355,-152.61
340,7502,786,46247,12302.3,11692.1,80.9394,14.6375,-24.1155,-13.7473,-13.1578,-5.72136,-2.5855,-16.3257,-14.2421,-11.6467,15.9035,-27.6683,-17.1924,-29.5307,-31.0068,-24.8175,-27.9925,-39.8706,-21.9339,-36.147,-26.4612,-151.669
341,7524,950,49575,10508.4,10913.8,75.2215,14.7424,-22.0673,-13.612,-14.6014,-4.26431,-1.00684,-16.3311,-13.9138,-10.3334,11.7706,-27.828,-19.0665,-28.3111,-30.5685,-24.0821,-28.4327,-42.8288,-18.8854,-34.6192,-25.1639,-151.643
342,7546,950,50335,13127.6,10869.2,73.8034,12.9781,-22.2812,-13.1587,-15.3346,-3.01205,-2.8773,-14.5705,-11.2032,-9.6969,11.6819,-29.5475,-17.1197,-28.8591,-31.7516,-24.1751,-27.5407,-42.6814,-18.1718,-37.3676,-24.253,-152.091
343,7568,150,72441,19668.2,18950,76.7835,12.748,-20.9734,-11.8696,-14.8007,-3.79371,-3.98662,-16.297,-11.2546,-12.8921,11.5646,-28.7477,-17.1954,-29.021,-30.1993,-24.0441,-27.0899,-42.3437,-18.438,-37.2628,-22.4373,-153.025
344,7590,1220,77263,22236.4,20427.2,74.0406,13.1262,-20.1534,-12.1464,-13.667,-3.48544,-2.7649,-16.2321,-10.7628,-11.3179,13.3965,-29.3346,-17.3623,-29.5999,-25.644,-23.5625,-25.5987,-42.2118,-18.263,-34.9313,-21.8406,-153.581
345,7612,1122,154389,25956.4,29540.2,77.0107,13.5008,-19.2725,-11.6634,-14.0002,-2.98238,-0.24632,-15.0434,-11.173,-11.4889,12.6033,-29.245,-21.0708,-28.1837,-30.4968,-23.9032,-24.1276,-41.4404,-18.7685,-34.7983,-21.9772,-153.189
346,7634,1238,115767,25660.7,22764.8,73.6415,14.6475,-19.3434,-10.6579,-13.9403,-2.60474,-2.39867,-15.636,-10.3528,-12.5319,11.6539,-29.2202,-24.108,-26.9158,-31.5999,-24.2243,-26.6915,-40.1031,-20.7098,-33.0762,-23.3831,-154.526
347,7656,3442,106407,32996.5,25161.2,70.9006,15.8247,-19.0947,-9.51967,-13.5246,-4.41584,-3.69014,-14.191,-10.0905,-10.6308,13.1235,-30.1185,-24.5692,-25.3706,-33.3301,-24.5282,-26.9415,-40.6093,-20.5883,-32.3883,-20.441,-153.845
348,7678,2142,62835,18635.7,13187.9,72.2351,15.2813,-18.4427,-12.9179,-15.8236,-3.00423,-3.85924,-14.4327,-9.90929,-12.2287,12.4949,-31.1409,-20.9831,-26.4998,-32.7397,-24.5547,-29.2027,-38.6315,-20.054,-32.2426,-16.5357,-154.591
349,7700,101,169661,24263.2,33080.9,71.0552,12.6931,-17.0143,-16.5321,-14.9987,-2.31639,-3.6784,-13.446,-8.14142,-8.66732,12.1695,-31.7136,-22.761,-26.8682,-29.885,-25.4911,-25.806,-38.7186,-19.1585,-31.2412,-15.5544,-153.313
350,7722,546,66196,17017.1,17192.7,69.3134,15.2943,-17.7438,-16.984,-12.286,-3.11728,-3.64709,-14.6622,-7.01116,-9.49729,10.9894,-32.8618,-24.9179,-27.176,-30.5592,-23.5272,-28.9006,-41.2822,-22.0069,-31.9289,-17.4196,-152.041
351,7744,500,117209,25993.3,30047.5,68.9899,16.0451,-16.8322,-16.5039,-10.7648,-5.44137,-2.60527,-14.861,-7.30791,-6.45165,9.80799,-35.911,-25.6243,-26.5287,-26.5452,-23.9484,-29.7548,-41.108,-20.6459,-32.5277,-16.9243,-153.077
352,7766,353,104826,22809.9,21146.3,69.0806,16.495,-17.3617,-14.7241,-10.8421,-5.53229,-2.06953,-16.6989,-8.05502,-8.26511,9.75572,-33.7008,-27.0041,-27.1203,-26.7572,-25.0759,-32.3003,-41.7464,-22.2076,-33.0565,-16.5951,-154.307
353,7788,1444,144366,34231.2,31900.3,72.6524,17.1261,-17.9798,-14.062,-10.2113,-6.46029,-2.51716,-18.9177,-6.52821,-9.0855,10.5515,-30.3034,-27.2404,-27.2057,-26.413,-23.8861,-30.6008,-41.9859,-20.612,-34.5033,-13.1718,-153.09
354,7810,1747,153294,36682.6,36456.6,73.9201,17.8052,-18.0575,-12.3189,-10.2599,-5.18316,-2.02201,-18.859,-8.06824,-12.1315,12.2495,-32.1399,-27.9908,-29.8349,-27.5392,-24.9236,-30.834,-42.0965,-21.4727,-34.1397,-13.7818,-153.018
355,7832,308,152842,33665.5,37350.4,73.0823,19.226,-17.3386,-13.8529,-10.3255,-6.57518,0.345199,-16.5562,-1.60966,-13.4817,11.2591,-35.1464,-28.7405,-31.4942,-27.4784,-24.5003,-29.9734,-44.1828,-21.2199,-33.3027,-13.2179,-153.302
356,7854,2529,119014,30476.6,30359.7,76.0564,21.1501,-17.6161,-14.5201,-10.7039,-8.68125,3.37003,-14.3955,-0.839393,-13.926,11.144,-34.159,-29.3069,-31.0997,-26.4365,-23.7219,-30.2061,-44.9816,-22.5141,-29.2478,-11.1285,-152.748
357,7876,761,78114,23884.3,20176.8,77.3702,24.1035,-18.8975,-14.2716,-14.2694,-6.73872,1.94028,-14.1166,-2.45738,-14.8856,11.9173,-34.9513,-28.6372,-30.7813,-24.0903,-24.6627,-33.6815,-47.2522,-22.2389,-29.9034,-10.9352,-153.269
358,7898,1491,150594,37312,37899.3,77.8229,20.525,-20.686,-14.2619,-14.4294,-6.78845,1.64911,-14.7962,-3.50389,-14.9385,12.5368,-36.8834,-27.9809,-31.4682,-26.2789,-27.5296,-33.9082,-46.6405,-23.4572,-30.6167,-11.0712,-152.666
359,7920,2522,167476,43703.1,40512.6,78.1716,21.3859,-21.5943,-12.9183,-13.44,-8.00883,0.990027,-15.308,-4.04573,-14.2512,11.5297,-35.1925,-27.9357,-29.7266,-25.5683,-26.7938,-35.0513,-43.8023,-24.4136,-30.8006,-13.7258,-152.762
360,7942,514,102697,24335.6,28292.1,80.3557,19.7805,-18.8425,-13.5888,-13.9993,-8.63229,0.0397954,-14.8015,-5.97901,-14.7916,12.6296,-37.6503,-27.8534,-30.4417,-24.2033,-27.0146,-36.3592,-42.9508,-24.9861,-31.2562,-13.9356,-153.366
361,7964,967,67395,25033.9,17614.9,81.2582,20.0494,-17.4853,-12.6073,-13.9203,-9.095,-1.84074,-13.8841,-7.64697,-17.4363,13.667,-36.166,-26.8452,-30.4072,-22.4154,-27.708,-36.2327,-44.0247,-25.7906,-32.6506,-15.5309,-153.007
362,7986,862,136574,27520.6,29820.4,81.9127,19.5579,-17.8666,-9.75096,-13.7305,-7.61932,0.381504,-14.1216,-6.15365,-18.7483,14.6265,-36.4018,-26.4706,-30.4368,-24.1984,-29.2525,-36.0249,-42.7852,-28.4145,-30.4162,-15.0548,-151.567
363,8008,1351,83973,26777.8,22715.9,83.3198,19.5714,-20.4584,-8.59431,-14.4465,-7.18696,-2.93306,-15.0987,-7.67233,-17.8471,15.237,-37.8923,-26.1133,-31.0467,-24.7359,-28.6884,-36.7328,-41.825,-29.1025,-29.7112,-14.5853,-150.97
