generation,agents,minScore,maxScore,meanScore,standardDeviation,w0,w1,w2,w3,w4,w5,w6,w7,w8,w9,w10,w11,w12,w13,w14,w15,w16,w17,w18,w19,w20,w21
0,200,7,51,26.2333,11.9299,0.0976006,3.61512,2.33331,1.14768,-3.20328,-2.30058,-0.730533,-0.634444,-0.0723144,-0.754279,-4.11839,-3.07698,-2.59194,-3.829,-2.82612,-3.31588,-0.171464,-4.33923,0.352103,-1.98015,-8.83688,-6.51224
1,400,19,71,42,12.174,0.990344,5.10459,-1.72867,-1.82778,-8.05408,-5.7055,-0.142135,4.44248,-0.852213,-3.31598,-3.88778,-1.9401,-3.60462,-6.39986,-5.3543,-5.89789,0.919457,-6.30308,-1.18746,-6.26419,-14.9845,-12.5524
2,600,20,89,48.6333,18.2766,2.0743,3.38033,-2.06114,-2.78396,-9.25982,-9.17168,-1.28969,3.18694,0.617742,-5.51864,-3.31233,-4.77868,-6.42276,-6.70973,-7.79146,-7.16727,0.141925,-7.52748,-2.02114,-5.90838,-16.3569,-15.5907
3,800,21,80,44.7667,15.8238,3.31252,5.052,-3.82093,-3.85394,-7.94888,-14.5439,-2.06571,2.25622,-1.414,-8.59264,-1.69275,-6.31216,-12.8683,-8.80763,-7.98904,-8.08652,-1.56357,-11.4347,-2.8835,-6.73899,-19.2984,-16.6999
4,1000,30,185,84.2,41.2055,1.63122,3.56126,-4.94921,-4.04379,-7.22443,-12.6094,-2.01634,-0.149792,-4.63277,-7.80898,-1.12247,-8.66113,-11.6836,-8.8812,-8.37546,-9.53734,-4.31125,-9.38785,-4.55347,-7.00922,-19.8669,-19.606
5,1200,48,220,100.033,46.2329,2.03569,1.12362,-4.62559,-4.46927,-7.67834,-10.9132,-2.41025,-2.41296,-3.61293,-8.65685,-0.18129,-7.34818,-11.1301,-10.9257,-10.1213,-9.56638,-6.63266,-9.88903,-5.4748,-8.89274,-21.8077,-23.8001
6,1400,46,246,125.533,58.4558,1.09951,0.00947534,-7.66532,-4.64349,-6.43892,-12.2355,-2.52796,-5.40721,-5.63796,-9.56179,-0.515732,-7.07429,-12.0357,-10.2062,-10.6503,-8.99805,-7.46869,-10.2136,-5.83033,-8.44947,-24.3848,-26.5989
7,1600,42,778,190.2,144.413,-0.524874,-0.432187,-8.4344,-4.92138,-5.51024,-10.9966,-3.28677,-6.01529,-7.55028,-10.8906,0.674802,-8.25581,-11.9337,-11.674,-9.97785,-9.02242,-5.75165,-10.3891,-5.90488,-6.83953,-22.3389,-29.3952
8,1800,44,474,178.533,111.3,-4.01044,-0.147052,-7.768,-5.48514,-9.45111,-11.9128,-3.97027,-5.14475,-7.33898,-10.9525,-0.466045,-9.4505,-12.071,-11.087,-10.2219,-9.85916,-5.51193,-9.83713,-6.16148,-5.93841,-20.3588,-31.8474
9,2000,48,869,333.967,217.654,-4.27215,-0.647451,-6.84066,-6.79253,-9.1958,-11.5639,-4.12894,-6.79481,-7.76157,-10.9804,-0.124059,-9.79438,-11.7602,-11.7856,-9.25238,-9.89821,-5.63828,-9.51887,-5.54836,-6.35468,-17.0901,-32.6427
10,2200,100,1991,618.567,498.681,-3.78848,-0.0778991,-7.55214,-6.80971,-8.6317,-11.8894,-5.18665,-4.97959,-8.1302,-11.115,0.00957457,-9.52349,-11.2226,-11.1621,-9.71628,-10.3853,-6.24616,-8.30585,-4.73309,-6.61178,-14.9809,-35.048
11,2400,96,1547,528.733,401.987,-3.58359,-1.73347,-6.36252,-7.68562,-8.99426,-10.4847,-6.34251,-6.15344,-8.03188,-10.9376,0.530352,-8.72256,-11.8345,-9.05017,-8.80363,-11.8902,-6.06606,-8.29074,-5.24836,-8.41037,-13.9322,-36.4355
12,2600,90,1792,535.3,379.798,-2.93769,-0.358753,-8.81466,-8.51875,-7.56325,-10.7893,-7.67206,-6.21003,-8.08049,-11.5522,0.866549,-9.13906,-12.2791,-9.3535,-8.07662,-12.2994,-7.88051,-8.33489,-6.20427,-8.52817,-12.4708,-38.2929
13,2800,150,3585,839.3,775.433,-3.39036,-0.440567,-8.88782,-8.5764,-8.81184,-10.593,-6.89518,-5.87303,-8.08572,-12.5345,1.18154,-8.60579,-11.1735,-10.6698,-7.80818,-11.7698,-8.78043,-8.89649,-6.85699,-7.91813,-14.0296,-41.509
14,3000,224,8232,1636.83,1574.67,-4.30615,1.92787,-9.41203,-8.40927,-7.41699,-11.085,-6.75438,-6.46256,-8.26802,-12.163,0.742353,-10.1013,-10.8328,-10.5146,-8.35863,-12.4802,-7.83563,-7.27372,-7.1442,-9.52828,-10.9395,-45.9675
15,3200,121,6981,2149.43,1803.97,-5.41654,1.59573,-7.60483,-8.60971,-6.06473,-9.8323,-5.24359,-8.16895,-9.66709,-11.3616,1.18844,-10.6369,-11.1664,-10.8683,-8.71219,-12.4914,-7.44941,-7.85543,-8.25217,-9.16321,-10.0171,-49.4179
16,3400,145,13344,3376.73,3031.43,-4.9589,2.03093,-7.68649,-9.58844,-4.99516,-8.47705,-6.2468,-7.56257,-9.21039,-10.6901,3.13745,-10.5309,-12.4807,-11.7362,-10.3604,-13.2797,-7.92023,-8.80648,-8.66975,-11.026,-9.4462,-53.5272
17,3600,198,13847,4399.1,3583.95,-3.54679,1.78617,-8.19656,-9.24756,-4.45331,-8.02625,-5.01156,-7.9866,-9.25426,-9.63678,2.9342,-10.2403,-12.5882,-11.3222,-9.86215,-12.8074,-7.9465,-10.2237,-9.46231,-12.9261,-9.18424,-58.0114
18,3800,198,18702,4876.07,5029.72,-3.99612,2.4647,-7.91059,-8.85525,-4.51969,-6.18961,-6.3634,-7.35219,-8.62577,-10.119,2.68755,-11.962,-12.6837,-11.3723,-10.3565,-13.2702,-9.62325,-12.4904,-8.83937,-13.2445,-9.29286,-60.1685
19,4000,75,43390,9892.6,11740.8,-3.12917,3.67434,-8.7102,-8.08282,-3.10219,-6.90411,-5.37204,-5.82801,-7.68645,-10.1029,4.43395,-12.7447,-12.9946,-10.7063,-10.7668,-14.0161,-10.4096,-12.5168,-9.24957,-13.4103,-8.12752,-62.4433
20,4200,382,38924,12520.3,12203.8,-3.04273,4.9379,-9.08714,-8.21866,-2.92759,-5.91132,-5.25713,-5.39585,-5.30551,-10.1172,4.62212,-14.0519,-13.9851,-10.5749,-11.0233,-14.2588,-10.3125,-12.7489,-9.75913,-12.7099,-7.82961,-62.2622
21,4400,361,103822,21892,23921.8,-1.0597,6.20628,-7.91236,-7.04577,-3.13714,-5.19003,-5.40058,-4.34555,-3.62847,-9.14274,5.07152,-15.1881,-13.498,-11.0611,-11.4394,-14.8325,-10.6434,-12.5143,-8.67996,-13.0984,-6.855,-63.7983
22,4600,546,94947,25731.1,22861.6,-2.34124,6.01174,-7.51904,-6.56015,-2.51055,-4.54162,-4.64085,-6.17675,-2.66309,-9.84922,6.06687,-16.4738,-13.4593,-12.3162,-11.4748,-11.2683,-10.5999,-12.5929,-9.68202,-15.3959,-6.32026,-65.4847
23,4800,615,130118,46503.2,37552.4,-2.21219,6.52277,-7.87626,-5.59107,-2.00228,-3.39354,-3.9204,-5.93211,-2.38589,-8.97605,7.30533,-16.2384,-12.3498,-13.7948,-11.0955,-12.239,-11.427,-13.0817,-9.70201,-16.0231,-6.4605,-65.5245
24,5000,153,154418,45255.5,41061.1,-0.660817,7.64702,-8.08094,-5.40807,-0.989452,-2.32123,-2.74072,-6.15625,-2.59479,-8.74634,7.9436,-15.9475,-12.4302,-13.1298,-10.8329,-12.4626,-12.5685,-12.8078,-9.65408,-15.6573,-7.56703,-66.3441
25,5200,858,372339,80266,91583.7,2.38643,8.46484,-8.97782,-5.52274,-1.34486,-1.19061,-3.57112,-5.84665,-1.40403,-8.60646,8.31302,-17.0596,-12.8648,-14.0782,-11.0005,-13.1483,-13.2308,-12.3928,-9.24853,-15.9458,-8.55309,-67.4215
26,5400,1491,336888,73567.3,80879,3.31478,9.13087,-8.90529,-5.96748,-2.73334,-2.01602,-2.20397,-5.36626,-0.873617,-8.02772,7.6791,-16.8458,-11.804,-14.252,-10.4521,-13.9034,-13.9529,-13.0422,-9.36835,-16.4737,-7.00639,-67.4601
27,5600,1374,280526,65562.8,64305.8,0.849868,9.41383,-8.60612,-3.77688,-1.6968,-1.29872,-1.91088,-5.73704,-0.589725,-6.25694,7.13671,-17.7583,-10.9596,-13.323,-10.3513,-14.9477,-14.2604,-13.9301,-9.53334,-16.1508,-6.8496,-69.5463
28,5800,244,269897,80975.5,70690.3,-0.417021,9.58894,-7.64265,-3.44489,-0.346712,-0.623588,-2.60273,-5.50597,-0.569454,-5.87197,7.9451,-18.8253,-10.8826,-14.8195,-10.7989,-15.6658,-15.4383,-14.3366,-9.84427,-17.2533,-7.34566,-70.056
29,6000,292,308330,91496.3,83806.1,0.0855745,8.95282,-7.05043,-3.34748,-0.514567,-0.766624,-2.6488,-3.33024,-1.318,-6.44998,7.90762,-18.1005,-11.1565,-15.273,-12.1065,-17.2472,-13.9625,-14.5955,-10.2382,-17.98,-7.41246,-71.7402
30,6200,5877,348356,90850.1,90568.7,-0.702085,9.94551,-8.2432,-2.87732,0.000949876,-0.829877,-2.84772,-2.82526,-0.543758,-6.5437,8.00737,-18.1031,-11.5204,-14.5283,-12.8489,-16.5355,-14.2229,-14.3155,-11.1238,-19.0057,-6.54695,-72.9596
31,6400,3745,545743,139388,139231,-2.33349,9.43958,-8.07167,-2.0694,-1.88379,-0.00467592,-1.50148,-2.21313,-1.23489,-7.22215,8.66326,-17.005,-11.7349,-15.0159,-13.2447,-15.875,-13.9616,-14.6723,-10.9295,-18.8583,-6.63295,-73.0655
32,6600,138,277985,62717.1,78007.6,-2.09514,10.1324,-9.59407,-1.77867,-1.31824,-0.407804,-2.39342,-2.82356,-1.30594,-7.19286,9.45527,-18.2086,-12.8138,-15.0255,-13.7511,-15.2022,-13.767,-15.0831,-10.3635,-18.8414,-7.46724,-73.9707
33,6800,4698,345588,98495,98840.4,-3.20946,10.5633,-10.2339,-0.938063,-1.41408,-0.819483,-2.17685,-3.41817,0.900522,-7.3677,9.73662,-19.3851,-12.9609,-14.7225,-13.3397,-15.4074,-13.133,-15.8373,-10.2604,-19.5479,-7.12753,-75.7403
34,7000,4248,355443,125987,96078.9,-7.60029,10.6682,-10.4727,-0.902203,-2.15448,-0.408647,-1.40693,-4.32428,-0.807246,-9.18196,10.2711,-20.9596,-13.2808,-14.3382,-12.5014,-15.1763,-13.4291,-17.0224,-10.391,-19.3181,-7.23433,-76.2263
35,7200,3772,674475,126911,145554,-7.41125,11.2465,-9.0057,-1.80457,-2.73297,-0.940949,-3.18502,-3.2736,-1.04432,-8.39393,10.2393,-20.1696,-13.1654,-14.2248,-13.416,-14.7974,-13.2871,-17.3635,-10.8785,-20.4046,-6.39915,-77.3983
36,7400,12770,1106788,173339,210140,-8.92497,11.6052,-8.2154,-1.10779,-2.69567,-1.85109,-2.5715,-2.20116,-0.872637,-7.92676,10.6795,-20.0628,-13.3785,-15.3659,-13.7758,-15.9028,-12.5666,-16.5087,-11.3554,-18.751,-7.71545,-77.9971
37,7600,788,520519,146506,142033,-10.4539,10.8969,-9.22072,-0.954784,-2.38923,-0.500022,-2.30695,-2.28464,-0.323312,-8.54137,11.3844,-19.4329,-12.5533,-16.3864,-14.9155,-16.9573,-13.9318,-16.1286,-11.6882,-19.263,-7.94113,-78.2466
38,7800,2865,340865,117596,106291,-11.2832,12.0076,-8.75555,-1.14627,-1.87055,-0.0286798,-2.03405,-3.04476,-0.16632,-7.88737,10.5169,-19.2094,-12.7915,-16.482,-13.9436,-16.4594,-13.9223,-15.3495,-11.0261,-18.8019,-8.66868,-78.4532
39,8000,168,540546,137805,135297,-12.5198,12.2776,-8.81954,-1.412,-1.57595,-1.04673,-2.47664,-3.72389,0.639882,-8.75966,10.5733,-19.6793,-12.7558,-16.3632,-13.7376,-17.2407,-14.3072,-15.8922,-11.9248,-18.3734,-7.81387,-79.4778
40,8200,8560,367589,95136.4,89083.5,-12.3502,12.4815,-9.1126,-2.79901,-1.8506,-1.47723,-1.55168,-5.26818,0.879515,-10.2657,10.667,-18.7408,-14.6132,-16.9588,-13.1254,-16.7268,-14.0643,-16.7395,-11.9918,-19.3102,-8.46861,-79.3529
