generation,agents,minScore,maxScore,meanScore,standardDeviation,w0,w1,w2,w3,w4,w5,w6,w7,w8,w9,w10,w11,w12,w13,w14,w15,w16,w17,w18,w19,w20,w21
0,22,0,0,0,0,-7.07593,-4.99582,16.5506,5.53946,10.8776,-0.182673,16.0023,2.3934,-7.81334,8.67068,-10.6188,3.56388,-2.13732,6.98611,-8.22459,10.9532,5.65777,-1.03871,0.418244,7.59015,-9.05913,6.052
1,44,0,2,0.0666667,0.365148,-4.81263,-7.15888,12.1387,5.1077,10.2803,-22.3982,14.0691,5.38211,-8.45353,6.94933,-11.5013,-6.25382,1.47658,6.57071,-11.777,4.64847,-1.69478,-5.04152,4.42432,5.68661,-20.8496,5.93201
2,66,0,0,0,0,-3.94185,-5.90674,10.4691,5.19856,15.5019,-22.4424,12.6705,3.05655,-8.70758,5.81767,-5.34888,-8.22108,4.10483,5.53607,-12.9032,1.99375,-3.53273,-5.98983,5.5602,7.37313,-19.8689,6.7776
3,88,0,0,0,0,-8.24652,-7.81309,13.4717,5.38044,15.5985,-21.1416,13.0619,2.46997,-9.22246,6.64865,-4.38273,-9.05284,4.52311,2.61532,-10.5211,2.59861,-6.80407,-4.07021,1.05593,8.34795,-19.5841,9.88837
4,110,0,0,0,0,-8.47348,-7.89613,8.13523,5.42221,16.6262,-22.7467,13.2614,2.05616,-8.54862,5.87325,-3.56268,-11.4464,0.90152,2.88935,-10.6344,2.05152,-5.38619,-8.69218,4.11307,7.34436,-20.1293,9.5869
5,132,0,0,0,0,-2.20343,-5.64078,9.02982,6.109,16.4977,-18.3528,14.4083,3.48581,-8.40067,6.71287,-0.499487,-11.2753,-1.82776,2.53183,-8.29609,3.90244,-3.94793,-5.81408,0.300077,11.3715,-20.6141,8.53982
6,154,0,0,0,0,-2.02755,-3.72777,9.26356,3.96144,17.2818,-19.2043,14.629,6.45253,-5.6534,6.01795,-1.1876,-10.9709,-1.77553,6.0392,-9.26342,4.56808,-3.94342,-3.55965,-8.05145,11.6697,-21.0693,10.7649
7,176,0,0,0,0,-5.36575,-3.75896,9.25599,5.89018,14.949,-18.2534,16.7184,6.55741,-6.80351,9.4866,-3.17368,-10.3722,-0.794377,4.81722,-10.4135,4.97467,-0.521903,-2.65407,-17.3396,10.971,-22.0032,11.2249
8,198,0,2,0.0666667,0.365148,-7.38515,-2.56149,9.66845,6.93707,17.4871,-16.2669,21.4613,6.87617,-8.9459,9.77572,-6.15034,-13.6425,0.77927,4.62072,-12.7519,5.01716,-4.07863,-1.44435,-25.8731,10.7863,-26.189,12.5012
9,220,0,2,0.0666667,0.365148,-6.24893,-4.79279,8.76188,8.80806,16.8095,-19.4458,22.4163,6.3134,-10.7679,10.145,-6.56567,-11.8862,0.0484682,4.87913,-14.5105,5.41682,-3.92234,-3.64658,-22.4733,10.5918,-24.0023,10.7514
10,242,0,1,0.0666667,0.253708,-5.47277,-9.09256,7.87653,10.3275,14.6064,-18.8904,19.4858,4.02584,-11.3817,10.2114,-5.60405,-11.0526,2.08594,5.89576,-16.8711,5.33868,-3.18866,-1.03962,-3.49915,10.2989,-26.1191,6.30394
11,264,0,0,0,0,-6.39645,-8.39394,8.94859,11.2625,14.0906,-22.5816,21.6918,5.14215,-11.8778,10.8386,-5.14654,-9.45003,4.73856,6.64679,-16.8211,5.28945,-2.8854,-7.03626,-36.428,11.5264,-25.6618,7.3281
12,286,0,1,0.0333333,0.182574,-4.72957,-8.67765,10.2223,11.3199,13.1961,-23.2195,19.5259,5.49414,-10.695,9.42455,-7.05294,-10.8741,1.48593,5.31012,-15.4901,5.3422,-0.711286,-4.16575,-38.1084,12.1749,-26.7174,8.318
13,308,0,0,0,0,-6.79983,-11.6772,8.558,10.479,12.2716,-23.3313,18.8732,7.55227,-9.69116,11.9092,-5.3726,-14.4229,-1.00536,3.59901,-12.7984,4.30299,-1.33765,-1.65017,-36.3997,12.8046,-27.8864,8.95515
14,330,0,1,0.0666667,0.253708,-9.07422,-9.16878,12.5015,10.8774,10.7147,-25.5381,16.5549,6.52973,-9.02292,9.53082,-3.291,-15.4547,0.158422,4.45773,-14.1171,5.14181,-1.03966,4.00413,-36.1586,14.2399,-31.3529,6.00648
15,352,0,1,0.0333333,0.182574,-9.27249,-5.44844,14.4282,10.9318,11.5315,-27.0292,15.048,8.58694,-7.82861,10.5737,-2.18679,-15.7989,0.439061,3.877,-12.8038,5.08973,-0.370022,2.20324,-33.2352,17.8052,-31.3416,3.80091
16,374,0,1,0.0333333,0.182574,-10.2321,-4.7193,14.3021,11.1878,9.66835,-29.1555,15.3093,7.83499,-12.7548,9.79947,-0.321557,-13.5831,2.95315,5.46578,-14.2358,4.06214,-1.07271,2.30865,-32.752,19.0256,-33.8442,2.24551
17,396,0,1,0.1,0.305129,-11.8973,-5.27711,13.2684,11.3858,11.6522,-28.8083,12.3114,7.78232,-10.4432,9.28532,-0.821396,-20.5458,2.08618,4.74807,-13.7837,3.31051,-3.9872,1.50241,-29.9171,21.3236,-34.1747,1.96923
18,418,0,1,0.133333,0.345746,-10.4115,-7.99308,16.8834,15.1609,12.0945,-26.0069,9.37953,7.53339,-10.4811,10.8164,-2.23685,-26.9479,3.75349,-1.25766,-12.6103,-1.39261,-4.45868,1.66832,-34.7612,18.8425,-34.8225,0.534521
19,440,0,2,0.0666667,0.365148,-12.0208,-10.2761,15.7838,12.7069,8.44751,-28.9566,12.2387,6.59389,-11.3174,8.22634,-3.32933,-25.5389,3.3508,-2.43253,-11.8225,1.03838,-2.83198,2.82996,-34.3303,19.1666,-35.6931,1.47148
20,462,0,1,0.0666667,0.253708,-10.2373,-11.4071,16.9416,12.9802,8.01355,-26.205,10.2594,5.91162,-12.8693,10.4904,-2.97224,-28.1542,1.97526,-2.23491,-8.32008,-0.587226,-4.48869,3.28438,-34.3629,18.8788,-33.8626,3.86029
21,484,0,2,0.1,0.402578,-5.98498,-11.8706,15.4604,12.4356,7.00092,-23.5745,11.3788,4.73944,-12.2234,9.46591,-2.14203,-27.514,3.58415,-1.96831,-10.003,2.64523,-3.84001,8.24869,-32.5749,18.2122,-32.6719,3.79341
22,506,0,2,0.1,0.402578,-5.0161,-10.9714,15.359,10.9173,5.49026,-21.127,10.3997,5.21959,-12.4921,7.83304,-1.02669,-27.4035,0.531754,-1.04485,-10.2942,2.77904,-4.88306,7.30748,-32.222,20.0934,-32.4289,-0.0928247
23,528,0,5,0.366667,0.999425,-4.29572,-7.83055,12.4318,12.3633,4.07407,-20.7883,10.3751,5.39933,-11.6395,8.71571,-3.1875,-27.7916,-0.0213235,0.384343,-10.5676,1.89776,-3.46732,7.67283,-32.4607,15.6615,-31.2854,-2.9217
24,550,0,4,0.833333,1.20583,-5.92779,-8.02336,12.2789,12.1085,3.87796,-19.9024,10.3546,5.80813,-10.8921,6.16639,-2.74156,-27.7361,-2.85082,0.196262,-12.8963,5.01845,-4.33438,8.1316,-33.6389,17.9628,-30.4873,-5.21914
25,572,0,7,1.86667,2.02967,-2.83301,-8.87724,13.0793,14.133,1.59995,-22.4819,8.55817,6.02192,-14.1611,3.15409,-1.59905,-29.2045,-2.016,-0.593245,-13.5324,6.6363,-7.6842,8.09453,-39.841,17.2663,-31.8312,-6.64606
26,594,0,6,1.7,1.91455,-3.75916,-9.64496,10.6881,14.1104,2.01318,-21.5605,9.8046,7.02325,-10.8449,4.64791,-3.09006,-29.3489,-0.993632,-0.14176,-13.7965,6.71908,-5.63599,9.56724,-41.1308,17.6143,-31.3868,-7.95637
27,616,0,6,1.66667,1.84453,-3.16477,-11.5656,11.5834,14.9434,3.46747,-21.5828,12.9755,8.24994,-12.1754,5.302,-3.27443,-30.1151,-0.204795,-0.336114,-14.8579,5.79686,-4.70402,10.776,-41.4229,17.1104,-32.0242,-10.2314
28,638,0,7,2.03333,1.95613,-4.05519,-12.3,9.28783,13.6492,0.41709,-23.3374,16.0405,8.98495,-13.1657,2.75151,1.07579,-29.612,0.847132,-1.01069,-14.942,5.74565,-5.02583,9.58606,-42.2934,14.3759,-32.5974,-12.6521
29,660,0,12,2.76667,2.9558,-2.27904,-11.5171,4.84107,12.9116,-3.25937,-20.9559,13.5429,9.89388,-16.664,3.50616,-1.33553,-28.0951,-0.296344,-3.55452,-11.1995,4.37528,-6.92431,10.1325,-41.3773,13.9868,-36.243,-12.9901
30,682,0,10,4.06667,2.69013,-1.80085,-9.83208,7.47855,12.1252,-1.1765,-20.0463,14.46,10.3715,-15.8159,5.9766,-1.36605,-22.6754,-1.07239,-1.23778,-12.7128,4.03243,-8.51914,9.34185,-38.4291,18.4826,-37.2314,-14.365
31,704,0,11,2.7,2.66717,0.704914,-9.33925,6.5544,13.6062,-0.974855,-18.913,13.9434,10.6587,-15.5181,7.24886,-2.87242,-24.0019,-0.641575,-0.942917,-11.3554,1.33828,-10.7715,7.90764,-37.7118,20.1159,-37.3877,-15.5546
32,726,0,9,3,3.18401,2.36384,-8.60845,6.29641,10.1078,1.53923,-18.7178,14.5084,11.7891,-16.9093,4.68929,-2.81306,-23.2216,-1.21768,-2.73866,-15.3351,-1.0747,-10.1073,6.49959,-42.2868,21.5113,-40.2533,-16.7771
33,748,0,16,4.46667,4.74693,-0.723054,-9.71666,4.58657,10.2422,1.6187,-15.7958,15.431,9.10141,-17.1474,3.51344,-5.03038,-26.6294,0.0611215,-7.30967,-17.5225,-2.42826,-9.12013,7.95295,-45.5946,20.7542,-40.6812,-17.1993
34,770,0,14,4.63333,3.6529,-3.93524,-11.381,4.50935,13.0735,0.160667,-13.7161,14.2033,11.3817,-17.1162,4.55539,1.82944,-27.8769,0.494718,-4.69075,-17.4394,-2.70499,-7.70301,6.13552,-45.3912,19.9009,-40.0223,-16.6429
35,792,0,15,5.86667,3.9193,-2.97486,-15.8127,4.25493,13.0472,-1.34263,-18.8215,13.8981,11.11,-18.9219,0.416579,6.39148,-27.814,-0.790752,-4.19111,-16.2576,-2.31511,-11.4401,5.29435,-44.7812,19.4669,-41.6867,-18.8195
36,814,0,21,8.16667,4.32382,-1.47796,-21.4663,2.17104,14.6018,-2.41569,-19.9168,12.9607,11.7748,-18.7769,-1.36027,4.1923,-28.6343,-1.0572,-6.42515,-16.8493,-1.04434,-8.77061,4.4592,-44.6532,19.458,-44.8005,-25.278
37,836,0,21,7.9,5.48572,0.138715,-18.376,4.19306,18.9475,-3.18056,-19.9708,11.2738,11.3942,-18.6399,-0.474024,7.80861,-29.8289,-2.83117,-7.36273,-15.0554,-0.53796,-6.77236,3.84981,-42.7016,20.6553,-44.2474,-25.7366
38,858,0,24,7.83333,5.94853,-1.93764,-20.591,4.51622,19.4619,-4.26933,-22.8453,11.2756,10.3631,-18.2475,-3.32042,6.1041,-30.515,-2.63203,-5.50297,-14.5404,-2.51508,-6.87804,3.71634,-44.527,22.5455,-45.6994,-29.253
39,880,2,22,10.3333,6.22195,-1.87558,-21.8058,3.53778,14.4572,-3.21441,-18.4851,12.0001,11.0374,-17.6219,-2.37549,3.81555,-34.0489,-0.60693,-5.17438,-10.7616,-3.84371,-9.54794,-0.181641,-43.5496,22.1472,-47.1293,-31.3763
40,902,0,21,7.8,5.37812,-5.04119,-21.6799,2.72803,14.0882,-3.36542,-17.8659,14.5043,10.6693,-18.8093,-2.73178,5.39598,-33.8688,0.9981,-5.81835,-10.7469,-0.137593,-10.3702,2.52829,-44.6132,20.6839,-49.2109,-33.4977
41,924,0,22,8.06667,5.05783,-4.28794,-20.0999,1.31413,16.567,-2.81925,-17.3717,13.7167,10.515,-16.7432,-2.74969,5.82795,-35.4261,-0.0211751,-8.1611,-11.9143,-1.26312,-10.4041,2.29474,-44.2212,19.615,-50.4573,-30.2744
42,946,2,32,11.7667,7.9684,-6.85892,-18.9158,1.38277,14.9322,-2.68589,-19.2351,14.9876,7.68744,-16.9602,-1.20959,5.52561,-33.808,-0.692236,-8.58938,-10.8016,-4.68934,-12.7295,6.61149,-41.679,20.5395,-50.3274,-28.8637
43,968,0,23,9.16667,6.86864,-7.01386,-18.1836,-0.847598,14.4015,-1.47433,-17.5943,14.4276,5.32243,-17.2071,-0.438789,4.5682,-31.6956,0.725644,-8.42562,-11.8181,-5.25966,-13.8123,6.23509,-42.103,25.4054,-49.1791,-28.0217
44,990,1,28,10.1667,6.85859,-6.96446,-18.419,-2.37207,14.4167,-3.21753,-12.4023,16.83,6.75805,-18.3395,-1.64791,4.51062,-31.9236,-0.714117,-6.03507,-11.9594,-5.46323,-13.5923,8.31794,-40.7465,25.3766,-50.6882,-33.0001
45,1012,3,33,14.9667,7.34604,-6.05769,-20.1039,-2.26506,14.9248,-3.63542,-12.4085,13.2712,5.97382,-18.8218,0.392253,4.27743,-33.8335,-2.90964,-4.7827,-11.2166,-6.8257,-13.3091,7.39781,-41.4688,19.4591,-51.9615,-36.0147
46,1034,4,25,14.0333,5.35295,-8.45759,-21.2592,-0.947913,15.0868,-3.80671,-13.8599,13.9033,5.27858,-18.3768,0.739688,7.9334,-33.0653,-2.96074,-3.68731,-9.54981,-11.2663,-11.5736,7.64474,-41.3791,18.3035,-49.0464,-41.9664
47,1056,3,36,18.4,8.22779,-7.60545,-20.8502,1.78304,14.135,-2.04978,-12.0933,14.2448,6.33908,-15.8111,1.14596,8.36573,-34.3912,-3.97505,-6.60566,-7.29889,-10.2038,-10.0012,5.03278,-40.2598,18.1022,-50.9817,-44.6045
48,1078,5,44,21.7667,10.0676,-4.26449,-17.4956,1.25238,11.3502,-3.32142,-12.2788,15.5183,7.24859,-15.3221,1.99352,7.55244,-31.0398,-5.90536,-4.12022,-9.35745,-9.32411,-8.86011,6.47434,-37.8337,20.262,-52.86,-45.8889
49,1100,1,44,22,12.6627,-2.55723,-17.2159,2.06529,10.8213,-6.773,-15.7148,12.2017,7.25851,-13.4962,-2.36542,8.18287,-27.7746,-4.30302,-4.13116,-9.50278,-11.3167,-9.59737,4.95692,-39.0963,17.8519,-51.1898,-44.8713
50,1122,0,48,23.4,11.2022,-1.52895,-17.2,1.17691,12.7086,-6.6238,-17.2278,13.9331,7.82194,-16.2793,-3.67851,9.34504,-31.6281,-7.59818,-3.51699,-9.42524,-11.4083,-11.521,3.01327,-41.7483,15.4638,-51.1931,-44.3059
51,1144,2,68,34.1667,19.9397,-3.90011,-13.7193,4.06989,12.7705,-8.29175,-16.3463,15.1974,8.70683,-18.0765,-2.86409,6.48314,-30.1036,-8.75138,-3.88548,-8.60163,-13.9505,-10.4427,2.54149,-30.6493,12.9233,-52.9232,-46.4042
52,1166,6,98,36.1667,21.9766,-3.0404,-15.6167,4.96618,9.20953,-5.6241,-13.6157,14.9729,8.29915,-18.7294,-1.06487,6.34004,-28.9657,-7.00851,-6.11447,-9.55074,-16.8429,-8.55521,3.60424,-32.7518,11.0311,-50.6167,-48.8983
53,1188,18,85,43.1,18.2045,-6.98511,-14.1252,2.43161,9.02705,-3.77635,-14.6105,17.1388,10.0398,-18.6957,-1.56869,4.69985,-26.2878,-7.51516,-5.12273,-10.8669,-14.876,-8.41704,4.27127,-29.9878,8.13229,-52.8589,-51.4393
54,1210,11,86,39.6667,16.9753,-5.37103,-13.4043,3.59418,9.68953,-2.60517,-15.2693,16.599,9.57192,-16.4893,-1.04853,4.3126,-28.0681,-7.11281,-7.52947,-12.8656,-14.9179,-7.24192,4.59416,-29.8718,10.0274,-57.6254,-53.6765
55,1232,8,99,51.3,23.3048,-5.22632,-10.5095,5.80585,16.4053,-2.21714,-16.9901,16.3425,9.58748,-14.4948,3.65173,6.61339,-30.0065,-5.76525,-7.85515,-14.4068,-13.8303,-7.72374,4.50032,-26.8987,6.75156,-57.5896,-57.9016
56,1254,13,92,44.2333,22.6711,-6.10279,-12.881,6.45045,14.6091,0.99016,-15.8872,16.343,9.07197,-9.97548,6.58457,9.93103,-27.6668,-4.54934,-8.0836,-13.612,-14.9379,-9.37365,3.73899,-27.0707,6.82349,-57.6001,-59.4153
57,1276,4,103,41.9667,22.6571,-7.41401,-14.1042,7.73893,12.9783,0.368792,-14.9903,15.0312,8.50827,-8.38789,5.56268,9.62967,-27.9224,-3.29737,-7.38682,-14.3561,-16.7391,-9.75446,0.716959,-30.941,6.83189,-57.8011,-58.9862
58,1298,19,120,65.4,27.8228,-6.94928,-12.2547,6.89755,13.6496,2.16661,-16.0521,9.49613,8.24656,-9.70248,2.92313,7.60058,-30.6002,-0.184856,-5.68888,-17.3274,-18.342,-9.85261,0.411805,-28.3001,5.45508,-61.6583,-60.6238
59,1320,20,148,64.4,32.8241,-7.51358,-11.1592,6.28503,12.3702,2.59113,-14.7495,9.79965,9.10267,-11.0824,-5.6561,5.67594,-30.2078,-1.59275,-5.84902,-18.1834,-17.1275,-10.7491,1.31234,-26.2143,4.5766,-60.6326,-61.0329
60,1342,14,190,66.9333,41.5733,-9.38256,-10.1624,6.09739,12.9703,4.28718,-15.4792,8.32523,9.00293,-8.41146,-3.96121,5.39257,-29.222,0.0608011,-4.61784,-14.8865,-18.1778,-7.69085,3.49417,-25.7131,6.1041,-64.0024,-62.1281
61,1364,3,121,57.6333,26.372,-10.545,-8.40215,5.5401,16.1472,2.59488,-15.207,8.58056,8.76824,-9.28409,-3.98909,5.63733,-31.4366,2.69401,-6.20851,-14.011,-20.2287,-7.24689,7.2561,-24.73,5.07944,-63.6957,-59.5396
62,1386,5,213,66.7667,51.3028,-11.992,-7.1844,4.03405,15.073,-4.19637,-14.3427,11.5466,10.029,-10.4292,-3.75427,7.65429,-32.9335,0.265105,-7.40308,-10.977,-23.0075,-6.44871,7.29161,-24.6465,0.0692736,-64.1439,-58.6123
63,1408,17,201,58.7667,36.0255,-11.8649,-0.49636,2.37459,11.7551,-1.93844,-13.101,11.0008,11.556,-11.7815,0.0146263,5.7844,-32.7353,-2.78947,-9.27577,-11.5658,-21.3542,-6.73941,5.71657,-28.2763,-0.955193,-63.8972,-59.9868
64,1430,32,122,70.2333,24.8439,-12.1398,-2.17742,3.21712,10.4383,-2.54024,-13.4677,9.07855,9.76822,-13.0943,-0.704337,3.82211,-33.26,-1.36266,-10.2819,-10.5456,-22.1053,-6.85334,4.7155,-27.4937,-1.99518,-64.3647,-59.0931
65,1452,24,195,68.7,43.0646,-10.7548,-1.74518,3.0435,13.8234,-2.75839,-13.2777,6.27938,9.89124,-21.1538,-1.30976,3.76794,-32.7137,0.585799,-12.6782,-10.4474,-22.2925,-3.53427,4.60529,-28.3863,-2.74962,-62.5355,-58.5032
66,1474,22,120,57.4333,28.6978,-10.8954,-5.5304,5.86163,16.0586,-1.68132,-11.7433,3.79736,7.69594,-20.7748,0.369195,6.47416,-37.2225,-2.14899,-10.9087,-11.8481,-23.4921,-3.01598,3.7314,-28.9312,-1.80654,-62.2127,-59.1283
67,1496,17,127,50.2667,24.223,-11.9334,-3.10312,4.57159,16.9365,-3.16587,-11.149,4.39847,6.4997,-18.1877,0.630131,5.94019,-36.5446,-2.90856,-10.743,-11.0061,-25.2979,-3.65071,2.95519,-32.8854,-1.39618,-63.2686,-54.957
68,1518,8,124,65.1667,29.3212,-11.7675,-0.611358,3.97777,16.7827,-4.76941,-12.9457,3.79595,6.21769,-18.4738,1.48985,4.0429,-33.4793,-2.67563,-4.74062,-9.45878,-26.4707,-5.04954,3.93145,-29.5566,-1.80064,-63.8755,-55.1915
69,1540,20,131,61.2333,30.4049,-11.9331,-1.51935,4.63725,18.0677,-4.64474,-13.3753,1.74687,5.73477,-17.8307,0.506233,2.08717,-33.6829,-2.23065,-2.98433,-10.9463,-24.8611,-5.72255,0.78899,-29.278,0.731833,-60.8068,-55.0712
70,1562,16,96,53.7333,19.3942,-10.5322,-3.20516,4.92077,18.459,-2.37992,-16.5251,2.90011,3.61767,-23.1845,0.6111,4.45973,-36.5608,-0.0665571,-2.24884,-12.0335,-27.4619,-2.791,0.442261,-29.2034,2.0379,-65.5907,-52.9986
71,1584,11,211,60.8,46.9272,-9.44649,-2.24334,3.68557,16.4123,-6.75681,-15.6852,2.47678,2.78851,-23.9551,-1.73738,4.90454,-34.4825,-0.0766193,2.93945,-15.3732,-27.2229,-3.31157,0.413462,-28.1748,2.52031,-66.2405,-54.1217
72,1606,17,108,52.3,23.6164,-7.8188,-2.14565,4.44734,16.7597,-10.007,-16.6865,1.92802,4.70806,-28.5185,-1.08769,3.29357,-32.0576,0.950167,3.55097,-14.3378,-29.1984,-4.96742,-0.702789,-27.7183,3.92631,-65.4911,-53.0936
73,1628,5,97,49.3333,28.7214,-9.37008,0.627429,3.06758,14.9097,-10.3534,-17.0214,-0.523673,5.39099,-30.9372,-0.00885654,1.61676,-29.6136,2.29676,5.22719,-15.4556,-31.6223,-7.00758,-1.82706,-27.2619,2.46729,-66.3326,-53.835
74,1650,17,219,60.3333,37.7874,-9.31895,-3.51244,1.10894,8.4922,-12.3398,-19.8798,-1.45387,7.87962,-28.6535,-0.686004,0.754732,-29.3166,2.02209,5.46824,-12.4078,-28.9438,-5.15997,-3.75668,-25.4268,4.98174,-64.7923,-57.1736
75,1672,4,166,68.6333,38.8725,-9.85416,-3.32067,0.916832,9.35801,-8.59576,-21.7327,0.89891,6.32295,-27.5396,-2.98658,0.343221,-26.2674,1.86634,5.97471,-10.0807,-27.5198,-4.9465,-6.57083,-28.2416,10.2306,-65.396,-65.6742
76,1694,3,219,49.6333,42.6659,-8.72686,-1.95619,0.634557,8.40554,-16.2168,-24.7204,0.263089,7.48585,-28.1179,-6.09301,1.39824,-25.2874,2.71222,3.99781,-9.08106,-27.8483,-4.43904,-7.77457,-30.2154,10.8323,-65.0097,-62.3249
77,1716,12,124,53.1667,33.0424,-3.58044,-2.60274,1.49132,10.0955,-16.2144,-24.6341,2.67675,7.41996,-25.5328,-6.05185,1.83488,-23.8155,2.83653,5.00335,-11.1115,-26.555,-6.85515,-4.16725,-29.8925,10.7284,-67.81,-63.917
78,1738,11,115,48.7333,26.7594,-3.62299,-2.54619,0.429895,8.60851,-16.4215,-23.7009,1.06232,8.84002,-25.8911,-6.22864,-1.76004,-22.6256,2.87306,6.35375,-10.0903,-26.3763,-4.44834,-3.24907,-33.5331,11.0547,-67.5861,-62.3386
79,1760,1,99,52.2333,24.0899,-3.39714,-0.550354,-0.289342,9.27756,-13.7401,-25.3562,1.92677,9.75591,-27.426,-6.20409,-2.71075,-24.4038,5.16811,5.95112,-10.8192,-28.2966,-6.715,-2.21689,-34.2079,8.73246,-68.4643,-65.1669
80,1782,11,96,46.2667,21.2553,-3.29176,-2.28655,2.0036,10.8241,-13.3157,-28.2577,1.87479,9.20332,-27.3925,-7.50769,-2.68978,-27.2939,5.89663,5.86689,-9.12785,-24.5206,-8.58411,-1.85902,-34.032,8.92453,-67.1199,-65.0508
81,1804,7,89,40.0667,23.1382,-2.8618,-2.1433,3.66187,10.2148,-13.352,-23.77,3.12581,6.04732,-27.1632,-7.45669,-0.581885,-23.3117,0.877089,7.36587,-10.3998,-24.3068,-8.87136,-3.2452,-35.1446,8.99553,-64.7748,-66.5574
82,1826,8,162,55.7667,31.6715,-1.82408,0.366542,4.04151,10.2026,-12.3725,-22.9592,2.90803,4.16112,-24.4699,-8.74992,2.89873,-21.9134,-0.580781,5.38575,-17.0075,-21.6466,-7.50976,-1.72313,-36.2783,9.03,-64.0744,-68.1262
83,1848,16,162,65.2333,33.5987,-2.31701,-1.90255,7.25569,13.1196,-11.1447,-23.6944,5.76558,4.79783,-21.5936,-6.91834,5.30016,-21.0036,2.84907,-3.44289,-18.0437,-22.4129,-7.6356,-0.599195,-37.2809,10.5727,-64.7757,-67.951
84,1870,12,145,65.9333,35.8204,-2.81909,-1.65056,12.1888,12.4364,-11.6015,-20.6743,6.49266,5.8,-22.0415,-5.69985,4.9255,-20.2055,2.6681,-6.25658,-17.9882,-23.9011,-7.1128,-2.14121,-35.9368,7.79949,-63.6539,-68.5886
85,1892,13,224,72.2333,49.0683,0.812107,-5.12905,11.1682,11.5454,-10.8998,-14.858,8.29445,3.23241,-22.209,-5.26563,4.93378,-18.1791,4.35513,-6.7358,-19.8004,-21.2257,-5.86274,-2.62227,-37.3869,3.92657,-66.8077,-67.326
86,1914,31,244,93.2667,54.4793,2.13363,-4.41686,8.58281,5.74976,-11.5675,-14.5764,8.32706,3.48912,-20.7947,-2.12898,4.40139,-20.2144,3.44058,-7.60742,-22.9045,-22.4045,-5.72288,-3.49431,-37.7992,1.43954,-67.5592,-68.8763
87,1936,17,238,74.5333,46.4875,2.71947,-8.57722,9.31596,8.12653,-10.9699,-15.9781,7.63089,2.74175,-24.1421,-1.38646,2.70761,-20.5349,2.5147,-7.7824,-23.8026,-21.1703,-11.0204,0.064766,-35.2166,0.208345,-72.9798,-67.371
88,1958,25,119,59,27.1763,0.155314,-8.73713,11.162,11.0449,-12.4977,-17.4962,9.60991,6.48501,-24.1294,-1.66718,2.75816,-20.5171,2.50736,-9.06891,-25.633,-20.9846,-12.7679,-0.809975,-34.8255,-0.941341,-75.1615,-69.2531
89,1980,15,131,63.9,30.7093,-3.61799,-10.6559,10.6331,12.1007,-12.2865,-17.6559,12.5089,7.14289,-25.1462,-0.95702,4.09668,-19.7529,2.75266,-6.27497,-25.393,-20.3077,-10.5671,-2.0254,-35.4798,-1.35442,-73.8956,-71.9161
90,2002,11,160,57.4667,28.4711,-5.64295,-9.20494,10.2818,12.4781,-12.0274,-19.9901,13.9748,7.4755,-25.8733,-2.11779,2.93703,-21.7693,6.04689,-4.22398,-25.6469,-21.6972,-9.14865,-3.83983,-35.7715,-3.1541,-77.8459,-70.2696
91,2024,9,196,57.0333,39.7418,-6.30026,-9.36078,8.4167,13.9903,-12.7534,-19.502,12.4549,6.05342,-26.0753,-1.94083,3.01463,-21.7015,5.51875,-5.05045,-25.2247,-20.5961,-8.09976,-2.95048,-35.6743,0.447914,-78.0629,-75.0313
92,2046,34,236,75.4333,41.5955,-6.6784,-8.57148,5.82636,12.4649,-11.1374,-18.0626,13.7525,4.98724,-30.0456,0.0231086,2.05626,-27.5215,4.98427,-7.09756,-22.8773,-20.3386,-9.29612,-4.82611,-20.3695,0.17396,-77.6916,-76.0668
93,2068,23,188,91.2667,41.8461,-5.79987,-10.8783,5.56244,9.23858,-8.13027,-19.5015,11.1129,6.4193,-29.8749,-1.40365,2.54331,-26.895,4.4265,-6.55556,-17.8331,-20.3797,-6.5302,-4.10476,-24.3668,0.374971,-77.0385,-79.7565
94,2090,13,152,59.2667,28.8957,-4.64704,-14.5577,8.79545,9.39819,-6.17219,-20.8024,11.2611,6.38427,-28.0206,-2.29218,0.817377,-23.6934,4.43118,-2.89766,-13.9332,-22.9097,-9.16862,-3.72131,-25.2575,1.09923,-78.5074,-79.6374
95,2112,8,128,54.3,33.5859,-4.7493,-17.262,8.43318,9.54022,-7.48787,-20.0711,14.6792,5.6016,-28.0206,-1.15773,-1.92,-25.2972,2.94801,-2.11102,-12.9742,-24.9587,-8.24781,-2.7971,-24.8881,2.33535,-76.2697,-79.9754
96,2134,7,220,58.3667,45.2605,-2.38895,-16.4113,7.31918,9.31406,-8.25974,-21.3098,14.2096,7.18626,-27.9189,-5.0558,-0.368698,-24.2998,2.52748,1.69067,-9.98969,-23.0508,-7.93312,-4.24481,-26.6662,2.55381,-80.1295,-81.6062
97,2156,9,243,79.4,56.5695,-2.19498,-15.1331,8.49529,7.59109,-10.4177,-22.1378,15.0915,2.68705,-25.7053,-4.04745,-1.1328,-27.0063,4.12448,-0.716256,-8.92737,-24.1445,-16.2657,-5.16789,-30.9491,4.26603,-83.3585,-86.9284
98,2178,11,202,70.9333,46.2064,-0.821039,-14.9103,9.39736,6.27532,-9.23061,-29.1058,16.1879,3.13261,-29.2806,-4.74792,2.2604,-27.5036,2.89353,1.16687,-10.6953,-24.8927,-19.9446,-4.2873,-31.903,2.01239,-83.3674,-88.0708
99,2200,25,243,93.2667,54.7149,0.105074,-12.6725,8.20379,5.21894,-9.4381,-24.0946,15.7843,2.26038,-30.2135,-5.17556,1.96479,-28.4869,2.29171,2.07218,-13.2427,-25.3167,-19.2633,-3.05527,-30.5002,5.75859,-83.7216,-94.2728
100,2222,12,223,72.9333,54.4369,0.174774,-14.6854,8.86154,3.04364,-7.26634,-24.5826,14.314,1.81571,-28.4993,-6.131,4.40437,-28.5714,4.04488,1.94903,-13.3692,-23.7541,-19.3809,-1.15244,-29.3891,4.68851,-84.2098,-91.4626
101,2244,6,159,66.0667,37.3058,-4.48199,-15.4026,6.73354,5.37123,-5.44699,-26.8873,13.4456,1.72242,-28.2764,-7.04507,4.31379,-22.4698,2.88139,2.30431,-11.025,-26.2281,-16.9702,-2.46822,-31.4627,3.4752,-83.2628,-96.873
102,2266,0,163,59.2667,41.2544,-6.51447,-14.3193,6.74798,4.44028,-5.17081,-25.8286,14.3678,3.6336,-25.2308,-4.65535,2.5694,-18.9255,1.19968,3.03424,-12.4689,-26.0824,-17.8452,-4.44186,-31.4737,3.34522,-83.1068,-96.9907
103,2288,13,192,65.9667,44.9931,-6.25927,-12.187,5.42278,2.79257,-7.04516,-25.2047,14.5051,3.48818,-24.4134,-2.52831,0.431533,-17.7495,3.94738,0.881015,-14.6419,-25.9621,-17.2592,-4.94108,-29.2154,1.16813,-83.6108,-99.9339
104,2310,13,237,97.6333,52.0765,-5.50777,-9.90784,2.5086,1.53114,-7.13082,-26.7432,13.0485,1.46183,-23.4743,-3.97921,1.05632,-21.3395,4.27335,-6.61214,-15.381,-24.4167,-20.002,-9.32229,-27.4918,-1.32368,-81.6394,-99.8235
105,2332,8,374,89.1667,67.4619,-4.79308,-12.0406,4.62318,0.0588149,-5.22522,-23.7551,14.1057,4.01155,-22.7359,-3.60093,2.2701,-18.2754,6.17983,-6.13633,-16.0704,-27.5574,-19.3718,-8.72605,-28.0094,-4.45982,-85.4125,-99.8321
106,2354,4,238,88.6,50.9189,-1.28352,-11.5739,3.04096,-4.36353,-6.65611,-25.3643,13.0667,5.12468,-20.8436,-2.75823,0.725438,-17.2232,6.35831,-3.45919,-16.4383,-28.8613,-18.5944,-7.72852,-26.5425,-5.01643,-86.7289,-98.0673
107,2376,17,248,88.4667,51.1183,-1.3627,-12.8481,5.35044,-5.85088,-5.1995,-28.7721,12.7809,3.61495,-20.5674,-1.56275,-0.0403606,-17.1639,8.20861,-3.18238,-13.486,-30.1045,-20.1055,-9.71011,-24.99,-8.85951,-90.2201,-97.9306
108,2398,13,313,110.567,60.251,2.03681,-11.976,3.04635,-6.01377,-7.21131,-35.5964,10.1449,3.20718,-22.9136,-4.45306,1.31776,-19.9401,6.748,-0.904018,-14.7096,-32.3486,-18.0292,-9.64278,-26.2392,-10.9673,-93.8261,-98.4449
109,2420,3,285,98.0667,67.3913,1.93348,-11.3822,0.53798,-5.67862,-7.97031,-36.7676,10.8538,4.33331,-18.5882,-3.69466,0.810903,-19.5861,7.72146,-2.76814,-13.0689,-31.8331,-17.902,-9.57117,-27.0091,-12.1417,-93.0906,-98.6288
110,2442,27,219,98.1333,49.8396,2.34561,-11.2385,3.53797,-5.53278,-9.86613,-34.9413,11.0287,7.12442,-17.3186,-3.89273,1.63513,-18.303,5.45131,-4.15965,-14.1527,-33.5577,-17.724,-9.02192,-31.553,-14.046,-92.9533,-96.9461
111,2464,15,289,103.3,68.9923,8.65341,-10.0386,-0.701094,-10.234,-9.73013,-32.4318,8.25928,7.56236,-18.3073,-2.71373,0.995144,-21.0995,3.04542,-1.92685,-14.0838,-34.6442,-16.3227,-10.9702,-31.486,-18.5883,-91.624,-100.326
112,2486,27,299,106.467,61.8149,6.75165,-12.0542,-0.514719,-8.36485,-12.3181,-34.9347,9.82828,4.53113,-18.4675,-1.54137,1.28532,-21.1926,3.8898,-1.92853,-14.0117,-35.4202,-17.914,-7.56593,-34.9406,-18.0535,-93.1554,-99.1736
113,2508,41,220,106.3,50.846,6.13918,-14.6453,-1.06265,-9.81208,-9.15397,-33.1947,9.74326,2.07912,-19.0552,-1.48536,2.38642,-24.4626,2.86629,-1.16183,-12.4788,-36.5322,-16.2215,-6.44689,-34.6592,-17.35,-90.1794,-98.6858
114,2530,17,204,79.5,36.9041,4.73097,-13.9122,-2.15132,-8.17197,-8.43977,-30.7073,7.17556,-1.0582,-16.7485,-4.12252,2.25083,-24.0582,11.4769,-3.07075,-12.3152,-39.0933,-16.8556,-5.74812,-36.2484,-16.704,-92.9351,-96.4912
115,2552,13,232,91.1,51.1343,6.02999,-17.1808,-0.723031,-12.376,-9.60731,-30.03,7.62759,0.0862535,-16.6829,-2.68542,1.35358,-23.6575,11.9806,-2.03531,-12.3587,-36.029,-17.2169,-8.88243,-34.8833,-14.5892,-93.4517,-99.2422
116,2574,7,251,95.6667,61.6633,7.68242,-15.5097,0.252411,-13.6167,-6.41809,-28.2643,9.36611,0.446976,-17.2025,-2.43932,3.25689,-21.9027,11.9458,-1.18006,-12.084,-35.0519,-17.0432,-9.91885,-34.2976,-15.1574,-96.0378,-98.0074
117,2596,28,198,93.7667,41.8237,6.75158,-15.7168,0.558229,-14.5039,-5.90698,-29.7145,10.7921,-1.7101,-17.0465,-2.85166,4.13991,-24.3289,12.6728,-4.21805,-9.88577,-32.9907,-15.7563,-9.75,-34.0559,-12.0146,-95.2908,-92.0629
118,2618,4,248,87,58.9313,6.15003,-15.3024,2.62189,-14.7268,-5.21756,-27.1828,11.1624,-2.12613,-18.614,-0.782549,7.20181,-21.1148,15.3512,-7.33226,-10.3892,-35.1518,-18.451,-8.74216,-30.2312,-11.9918,-95.4815,-92.6615
119,2640,8,200,91.4333,43.6567,6.25563,-16.6955,3.00083,-12.7128,-2.42387,-27.5244,9.82859,-2.97978,-17.1085,-1.2052,5.40291,-21.5175,17.0624,-8.36132,-13.9546,-36.9938,-17.7971,-10.942,-29.8594,-12.2993,-92.4978,-92.7611
120,2662,20,295,92.6,55.9166,5.94118,-15.7623,1.98421,-13.6137,-1.08244,-30.7963,8.08943,-2.63637,-16.1378,-4.70025,2.03908,-21.1083,17.1124,-8.12057,-16.848,-36.9688,-17.7525,-13.0689,-29.6493,-9.34914,-94.1302,-93.4871
121,2684,28,165,83.5667,35.1888,6.68823,-15.2533,1.62862,-12.3393,-0.729989,-31.1109,7.23706,-3.914,-12.3394,-5.11914,1.5312,-18.5022,15.4144,-9.09433,-20.5552,-37.5996,-17.7387,-15.2232,-27.3301,-10.3059,-94.0937,-93.3101
122,2706,14,186,82.1667,43.3423,8.52797,-16.6002,3.07876,-12.8641,-1.27889,-32.5249,10.852,-2.28594,-10.2526,-4.26936,-0.330295,-19.1809,17.0416,-8.78061,-21.2026,-39.4345,-19.6032,-12.0052,-28.3355,-9.23175,-93.6111,-94.1574
123,2728,17,218,80.0667,48.3421,13.6856,-16.1908,1.19125,-14.4379,0.293853,-32.9329,10.0196,-2.40118,-10.5566,-5.85732,0.675978,-18.0194,15.2993,-7.70962,-24.778,-39.2131,-20.3803,-6.62345,-26.8152,-10.3882,-93.3437,-94.022
124,2750,8,324,86.6333,60.974,17.4928,-19.4728,-0.859141,-14.7987,2.47242,-29.3678,8.44323,-2.06934,-11.7711,-1.11873,-0.0753865,-18.1951,16.0816,-8.38697,-28.6625,-45.5419,-17.502,-7.12285,-24.4006,-10.9276,-93.693,-92.7836
125,2772,11,219,75.6667,45.7876,17.9165,-21.8237,1.06736,-12.7223,0.182733,-30.1129,6.07352,2.22089,-15.7245,2.70674,2.62896,-18.8709,17.2717,-7.76496,-21.2381,-47.5572,-12.886,-6.55446,-25.1484,-11.3234,-93.1538,-92.6746
126,2794,5,163,69,38.4519,19.0268,-22.2505,-0.870085,-15.0123,3.11608,-28.7504,7.69443,2.27087,-17.223,1.5442,-0.642759,-20.705,18.6411,-6.72621,-22.7827,-49.8263,-14.9722,-3.76193,-24.0748,-16.1311,-94.9208,-92.6197
127,2816,6,226,60.9,44.96,16.4773,-22.255,0.664604,-18.0014,6.82244,-28.169,8.26487,-1.34861,-16.9242,9.93655,1.19626,-22.3083,20.5692,-3.24019,-22.993,-48.6592,-14.1118,-4.02771,-25.4524,-17.5466,-94.3498,-88.6467
128,2838,12,134,58.5,30.3505,16.223,-23.8121,2.14282,-19.3744,5.64236,-29.4802,8.25754,-2.01201,-16.7566,13.2069,0.0854568,-21.373,22.8409,-3.99769,-20.4559,-46.9897,-13.4664,-1.16104,-27.3585,-22.1578,-99.8901,-88.2979
129,2860,2,176,72.3333,35.2061,14.1093,-22.595,1.92536,-21.1948,6.19279,-32.4776,7.74967,-4.25117,-15.4755,6.1317,0.269037,-21.1105,21.7952,-3.20658,-20.0584,-47.4393,-8.7496,-1.90867,-27.2461,-21.0992,-98.8529,-85.5736
130,2882,14,136,57.6667,32.0187,15.5354,-22.7901,0.270174,-23.3587,8.03709,-34.0323,7.9254,-4.21716,-17.4415,5.1184,1.37011,-21.4174,22.9967,-1.023,-21.4992,-44.7324,-6.86388,-3.15203,-25.7246,-18.2662,-97.174,-86.0553
131,2904,7,131,54.8,32.5814,19.9666,-18.7229,0.912908,-21.9973,6.62752,-32.9433,9.68997,-5.32639,-15.9443,5.56093,0.820975,-18.2602,25.9252,0.53327,-22.199,-44.5679,-5.42829,-4.2105,-22.4335,-19.5174,-98.0549,-88.4117
132,2926,4,152,60.2667,40.7244,19.8621,-18.0692,2.88534,-23.5808,7.38331,-35.6589,9.34561,-8.02404,-14.247,2.09512,3.78454,-16.1643,26.2326,-1.94297,-21.9481,-42.5176,-7.84668,-2.95042,-22.4206,-18.3761,-97.0592,-89.3548
133,2948,5,221,49.5667,37.7831,22.1616,-15.039,2.11797,-24.8062,7.21957,-35.6947,8.63043,-8.49876,-12.1936,4.79017,5.47854,-15.7425,28.3067,-2.14793,-21.3025,-42.3575,-9.20532,-4.5649,-23.948,-16.2881,-98.7334,-90.8315
134,2970,5,110,50.9667,30.4433,22.8262,-14.3863,0.7889,-21.855,8.98115,-37.8069,10.7025,-12.74,-9.36582,2.6827,1.67635,-16.3813,28.1027,-2.67807,-20.0434,-42.7944,-10.1499,-7.52176,-21.7704,-15.9864,-98.738,-90.0171
135,2992,17,142,53.5333,29.6924,25.1022,-14.1418,-0.61931,-21.0539,8.81948,-34.837,11.0187,-12.8313,-6.55346,1.83487,3.59408,-17.1041,28.496,-3.06242,-17.5033,-40.2901,-10.3941,-8.87722,-19.0806,-13.6713,-99.1517,-92.4878
136,3014,4,197,65.6,43.7206,22.607,-14.7688,0.0379831,-19.4083,6.06345,-33.8236,12.8243,-13.2651,-4.26801,2.93434,2.66557,-14.9811,26.1904,-7.77887,-19.8023,-40.6457,-9.82588,-9.63275,-19.2304,-12.6884,-97.3436,-91.2885
137,3036,13,150,52.6,32.4437,23.6915,-16.2261,-0.567814,-20.2944,3.71862,-34.1423,14.197,-13.3833,-3.91881,3.28339,0.803997,-15.8255,29.799,-7.33316,-21.1387,-39.0731,-8.53448,-10.7112,-20.0791,-11.5082,-95.921,-93.0009
138,3058,7,118,49.9,28.3152,22.9562,-13.3285,-0.656948,-22.1267,1.62516,-30.0437,16.4005,-15.592,-4.17375,6.03278,-0.390179,-14.9562,28.416,-5.02838,-21.9594,-35.6164,-11.311,-11.1303,-20.9614,-11.2236,-95.3025,-91.6433
139,3080,3,197,59.2,43.1352,21.7011,-13.8228,-1.04663,-22.2029,0.603778,-31.7675,15.2036,-14.7439,-6.1895,3.93576,2.15514,-15.9465,24.9436,-3.57167,-22.2371,-34.4417,-13.9491,-10.517,-20.324,-12.4539,-94.2901,-89.5316
140,3102,4,150,61.9333,34.8454,22.6067,-12.7892,-2.93454,-23.0328,2.66733,-30.8888,13.6623,-8.52631,-6.43808,4.20892,0.950496,-12.6441,22.2474,-5.52749,-23.5165,-29.5363,-17.7319,-11.3409,-20.9714,-11.2235,-95.4794,-88.64
141,3124,10,124,58.0333,28.472,22.5315,-5.90418,-3.91207,-19.9387,4.85133,-31.312,13.9321,-6.09784,-9.97364,4.60493,1.75507,-12.1671,22.7827,-6.00765,-24.2573,-24.1061,-15.5039,-10.4832,-22.0024,-9.48762,-96.2219,-89.3389
142,3146,7,175,69.9,50.7613,20.9615,-6.61341,-4.10065,-18.9602,9.68322,-33.2006,14.5978,-8.1627,-8.39471,2.53239,4.19787,-13.8581,23.7863,-7.21756,-24.1192,-25.4914,-15.3272,-9.47627,-22.0497,-10.201,-94.5563,-86.6393
143,3168,34,212,88.4667,35.6929,23.0021,-1.15086,-7.15384,-17.0974,11.48,-30.1945,16.1269,-4.71857,-11.5576,4.74019,4.34453,-12.1071,21.6923,-10.0678,-24.0276,-24.6206,-12.4363,-10.6835,-18.7438,-13.3381,-93.3701,-87.2723
144,3190,12,173,69.9667,42.3503,21.2955,1.72879,-6.25952,-12.685,12.4705,-30.9204,17.4535,-2.8026,-13.5685,3.6878,-0.139581,-14.4771,22.0039,-11.7915,-24.5811,-25.3792,-13.1927,-9.79005,-20.6097,-15.2128,-94.6137,-90.032
145,3212,12,317,93.4333,71.8205,20.9161,4.76738,-6.55352,-13.0607,13.4965,-32.9743,16.3259,-4.22558,-14.2696,4.74501,-4.39179,-12.9428,23.479,-12.7607,-23.8615,-26.4545,-13.9263,-11.5675,-19.5066,-16.3444,-96.827,-89.2491
146,3234,5,241,71.1,44.1302,19.2618,3.18187,-6.10401,-13.853,12.4644,-34.3478,15.8802,-6.31746,-13.0588,2.80338,-3.97855,-13.8918,24.4799,-13.9479,-26.1882,-27.171,-15.8924,-12.4819,-19.1018,-15.232,-97.4402,-90.9134
147,3256,11,211,84.3333,48.408,21.2711,1.19735,-6.27479,-12.2503,15.2384,-34.119,17.695,-4.99801,-12.0605,2.39763,1.37398,-13.7902,25.4537,-16.4252,-25.5185,-26.6079,-14.5197,-10.3363,-19.6471,-14.1154,-97.8434,-91.5202
148,3278,31,193,81.9667,41.9108,20.6128,1.75989,-7.88434,-13.1037,14.0548,-34.4963,19.0654,-0.675607,-13.9797,1.02961,-1.05652,-12.9451,24.5633,-17.3884,-24.5346,-29.8645,-14.806,-10.6807,-18.4169,-13.5482,-93.4543,-90.3783
149,3300,6,236,75.3333,50.2177,20.7883,3.44239,-4.28502,-13.5299,13.8593,-36.9219,17.6646,-2.06857,-15.1739,2.29736,-1.61258,-15.5738,25.0888,-18.1234,-27.0998,-32.0428,-13.4848,-10.5231,-18.6465,-12.942,-93.4227,-92.5765
150,3322,7,193,73.2667,41.0063,20.9099,3.12759,-3.91825,-15.1429,13.9303,-35.1906,19.9976,-4.99347,-17.0733,2.06204,-1.2673,-15.7315,24.1487,-17.0984,-26.7565,-33.8405,-15.8791,-10.6683,-16.8125,-13.6201,-95.8253,-93.1686
151,3344,11,290,99.5333,60.913,19.2434,3.0806,-5.35432,-15.0434,12.0638,-35.2849,17.3446,-6.46734,-17.1235,-2.92936,0.653212,-14.9327,20.9059,-17.1171,-23.9956,-34.7083,-15.6859,-14.1038,-15.5241,-15.2278,-91.6902,-95.5067
152,3366,7,203,79.2,46.4167,20.6795,6.52343,-3.76383,-14.8168,14.2221,-32.098,14.7499,-8.53022,-21.2963,-1.7326,-1.89442,-13.8209,23.6954,-14.055,-24.2573,-36.3226,-16.1772,-16.5232,-19.3088,-16.9141,-91.6862,-94.2488
153,3388,8,292,99.2333,59.8969,19.8672,5.72553,-6.1752,-14.7567,14.824,-33.0932,14.5542,-5.91071,-22.5188,0.241132,-2.70506,-13.4658,16.4011,-15.0369,-25.4688,-37.5175,-15.7233,-17.5666,-20.1812,-15.7869,-91.6733,-94.3889
154,3410,12,200,88.9,43.5774,19.0232,5.52139,-6.04827,-16.8568,16.6036,-33.6396,13.876,-8.54785,-21.5593,-0.543484,0.793785,-12.5504,16.1158,-15.5628,-26.2868,-39.6701,-14.1754,-16.9537,-19.8126,-14.2466,-91.0896,-95.0813
155,3432,20,330,108.467,65.3715,18.7888,4.51217,-6.71785,-13.1647,14.3541,-34.9948,12.8425,-10.9938,-20.4735,-1.58792,2.56552,-12.3745,15.8768,-15.1926,-25.3969,-36.0437,-15.4941,-15.8836,-20.9155,-11.1343,-89.926,-95.8882
156,3454,38,274,88.8667,50.1417,17.1399,5.21383,-4.51673,-12.6259,11.131,-33.1727,11.1191,-11.7082,-22.2817,-0.713994,2.26729,-12.5415,14.5092,-15.2254,-25.9893,-36.5293,-12.3927,-13.8419,-20.7881,-12.3004,-91.5175,-98.3347
157,3476,31,269,99.3667,53.5914,17.8542,5.96972,-2.04152,-12.1195,10.6033,-33.7442,13.4783,-8.99909,-22.2077,-2.78184,0.122102,-13.9735,14.6649,-15.6343,-26.3982,-39.8451,-10.6712,-13.1524,-21.6701,-11.3642,-88.2901,-99.7994
158,3498,16,180,80.6667,41.0024,18.0333,3.39479,4.73313,-12.5705,12.5221,-31.1185,16.854,-6.70282,-23.8234,-2.9075,0.897447,-15.1135,17.1783,-16.7056,-26.7799,-42.0924,-10.9668,-13.8304,-22.3986,-9.88213,-87.7939,-97.8604
159,3520,35,255,102.633,52.7057,18.6913,3.93814,6.14766,-10.8308,12.1202,-26.0834,16.1313,-7.42379,-23.3645,-0.400472,3.96909,-12.5704,15.9786,-15.7459,-26.0698,-42.2632,-10.4886,-18.6447,-22.1341,-8.40771,-87.1732,-98.3379
160,3542,4,180,77.0667,44.9367,20.1582,2.36704,9.60179,-12.2502,12.9666,-24.7876,15.8031,-5.91996,-24.365,-1.66863,1.19598,-16.587,14.8428,-15.3221,-21.8467,-40.1277,-10.7465,-17.7026,-21.1459,-7.67183,-88.8275,-97.7967
161,3564,20,215,91.0667,48.8198,21.8877,-0.351263,8.91589,-10.6302,12.9981,-28.1961,19.9043,-6.37942,-25.5635,-3.27829,-1.43928,-15.7055,15.0586,-17.1005,-20.4013,-39.3142,-11.6791,-18.9409,-21.284,-9.2367,-91.1349,-96.8558
162,3586,31,221,101.167,44.0032,23.4194,-0.537586,8.30659,-11.6719,12.4501,-25.3073,17.9927,-7.70215,-24.8395,-6.4801,-2.21001,-16.7523,11.7759,-19.403,-20.8888,-39.983,-15.4195,-16.4577,-19.0525,-8.85489,-91.9238,-98.7403
163,3608,9,289,81.4,56.489,22.0784,-1.29164,6.4963,-11.5864,12.8057,-25.8988,17.8626,-9.78222,-23.4552,-8.27071,-0.0302575,-17.7878,11.4369,-13.8301,-15.3729,-40.8828,-16.2374,-15.5266,-15.0653,-5.75174,-94.9562,-104.187
164,3630,4,265,102.867,64.009,21.3787,-1.69159,7.10429,-9.28393,15.1684,-22.1066,16.095,-10.4834,-23.801,-7.13481,-2.43759,-13.3882,16.1549,-16.6076,-10.8279,-38.466,-17.1582,-16.9585,-14.338,-5.54339,-92.6993,-103.374
165,3652,25,370,98,70.0586,20.0624,2.44337,7.79606,-8.47743,14.0094,-22.1794,16.9583,-11.3556,-25.0923,-5.88883,-1.67898,-16.285,18.7339,-16.9325,-9.68492,-40.3392,-16.5404,-18.1581,-12.6698,-4.58123,-91.9348,-103.567
166,3674,23,165,81.7667,34.417,20.3626,3.05817,8.37222,-8.43441,17.0658,-21.6853,18.8434,-10.5105,-22.9419,-7.27065,-1.36711,-19.7501,21.8091,-17.5389,-10.6443,-39.6859,-14.3259,-18.4788,-11.8136,-6.5764,-94.941,-104.218
167,3696,25,152,84.4667,35.7653,19.5989,3.60453,6.35742,-10.8021,21.623,-18.7652,17.1915,-12.9881,-25.2521,-9.25679,-2.0883,-19.3245,25.4345,-20.3505,-13.5572,-38.9095,-13.604,-20.2714,-12.8081,-5.92345,-91.932,-100.898
168,3718,26,258,90.8667,53.8707,21.7034,3.76133,4.76483,-7.99181,19.0735,-19.8813,16.1314,-18.5448,-23.9044,-11.2013,-2.04809,-20.2603,25.1039,-21.3069,-13.5645,-37.4556,-11.8865,-18.0421,-11.0327,-6.41413,-90.967,-98.781
169,3740,38,193,82.3667,41.3192,22.5814,5.54534,2.95073,-5.40505,20.9102,-23.3563,13.381,-18.5523,-24.1183,-13.9094,-0.257582,-21.5621,23.7063,-20.8063,-13.003,-36.9793,-9.88995,-18.5598,-15.0694,-6.75814,-92.6107,-98.529
170,3762,5,181,91.2333,43.531,19.268,6.89607,1.51251,-6.19674,18.7705,-21.0685,11.4902,-17.8888,-26.0338,-16.0125,-0.135345,-21.567,24.409,-23.1933,-11.2893,-38.3754,-9.71558,-18.9401,-15.0203,-6.32902,-91.9571,-97.9746
171,3784,0,192,87.1333,47.6479,25.2376,2.95923,1.21582,-4.68111,16.8199,-23.4483,9.76931,-18.5522,-27.9313,-15.3496,1.79472,-23.2935,24.0865,-19.3876,-12.9472,-39.1834,-12.7978,-18.7142,-16.1642,-3.3602,-92.6427,-97.8868
172,3806,14,293,102.733,67.9442,26.6097,-0.802518,-0.861224,-8.41841,15.4115,-24.483,8.28733,-17.9894,-30.5852,-15.3014,-4.35724,-23.5639,20.8853,-21.5742,-12.3416,-37.6692,-16.2085,-17.4723,-12.9167,0.402111,-91.5276,-102.241
173,3828,14,204,84.6667,34.4377,23.0147,-0.858293,-2.47231,-11.2451,15.5566,-26.4239,8.81393,-20.3004,-31.5291,-15.3037,-7.90809,-20.4498,18.0711,-22.1633,-12.906,-37.2642,-15.102,-16.4034,-9.54673,1.98649,-91.49,-101.033
174,3850,32,300,103.5,65.2326,22.9829,-1.00088,-3.67401,-7.90985,15.7506,-26.7404,2.11236,-18.7132,-30.7224,-14.5358,-3.96944,-22.358,17.1086,-22.4929,-13.7686,-28.216,-14.7572,-20.1815,-8.81688,4.10107,-92.8929,-102.073
175,3872,10,259,111.267,52.8073,23.5141,-0.0482671,-3.219,-7.85527,12.2593,-26.1386,0.47383,-16.7774,-31.5375,-12.4172,-2.72219,-27.7921,15.7464,-20.5158,-14.6947,-33.2572,-14.1928,-22.7266,-7.81508,4.74829,-93.2697,-99.966
176,3894,8,178,81.6333,46.3826,22.2881,2.94717,-4.91522,-8.9761,13.1654,-26.9268,1.64096,-15.441,-34.7339,-12.0106,-3.96873,-26.8353,14.632,-17.7716,-12.5604,-35.7622,-11.344,-23.1908,-7.28909,5.3511,-91.6658,-100.529
177,3916,34,353,108.933,69.0507,20.288,2.14108,-2.44566,-8.54581,15.2395,-26.5446,2.78748,-15.4589,-31.1632,-12.6542,-2.71529,-27.8005,14.603,-19.594,-12.2374,-43.3711,-10.2879,-21.6198,-5.92659,7.21925,-90.1026,-102.705
178,3938,22,189,79.0333,39.4667,19.564,1.50065,-3.79131,-8.4968,16.3375,-24.1023,3.00184,-16.9911,-34.4207,-13.9291,0.174454,-26.7384,15.0777,-18.2354,-15.9939,-43.8172,-10.591,-17.7132,-6.00096,4.22833,-91.2753,-102.438
179,3960,11,388,86.8,66.9026,20.7005,3.30261,-4.22615,-10.8123,12.4254,-23.1814,6.95907,-17.2396,-32.3941,-17.2395,0.0378896,-28.372,17.257,-17.5422,-13.5284,-43.7885,-8.89534,-18.8204,-3.79563,4.72745,-95.5075,-105.329
180,3982,24,166,89.8,33.6794,23.9187,1.51074,-5.41461,-14.4118,10.9888,-22.6,7.1331,-17.4304,-32.9398,-17.4902,-0.169594,-28.705,18.4355,-15.1537,-11.6386,-44.9495,-8.28166,-24.5967,-3.33054,2.82359,-100.294,-106.598
181,4004,26,300,90,51.9317,24.0251,3.08293,-5.37975,-14.075,10.2783,-21.8872,5.93479,-17.4068,-33.4838,-17.341,1.84816,-27.8632,19.2798,-14.3139,-14.1048,-46.5933,-7.94884,-25.9876,-3.64658,4.16467,-101.567,-106.403
182,4026,6,145,83,37.1354,24.1618,1.19235,-6.24369,-12.7901,7.89284,-22.6873,6.29952,-17.4366,-34.416,-10.3896,0.449541,-29.7176,20.9807,-13.4005,-13.8195,-47.6287,-10.052,-23.2708,-2.75486,3.34428,-103.589,-106.538
183,4048,15,159,70.9,37.7728,24.8564,0.491646,-8.39647,-13.6608,9.81605,-20.8313,5.71113,-18.2541,-33.1729,-9.13222,-0.99294,-30.2189,22.3862,-11.3361,-16.2569,-46.7217,-8.88213,-24.6875,-1.27981,1.66933,-102.812,-107.31
184,4070,6,182,73.7333,39.3875,25.9274,-2.00179,-9.36264,-13.2095,10.209,-21.7182,5.06745,-18.99,-33.5594,-7.88219,-1.51907,-29.4303,20.7261,-12.0013,-16.9188,-47.5051,-8.6045,-24.4363,0.592418,0.930532,-101.053,-105.427
185,4092,12,167,74.6667,38.5561,29.594,-2.45412,-11.5053,-8.63935,8.09515,-24.1193,4.76065,-17.8322,-29.6807,-7.73113,0.999622,-29.1583,17.8685,-9.94967,-19.3391,-46.9679,-7.73762,-24.8213,3.55551,-1.60268,-102.735,-105.369
186,4114,23,260,96.4667,48.5505,30.4539,-2.47677,-13.0573,-10.7627,5.52005,-23.2413,6.66912,-17.843,-29.241,-9.28695,0.18832,-24.2821,14.2451,-10.6759,-19.5187,-47.7111,-6.97696,-23.4347,4.16909,2.08397,-105.01,-106.254
187,4136,20,268,91.2,57.576,35.2793,-2.03471,-9.56194,-11.1667,6.89656,-21.0962,7.41844,-14.9343,-30.9967,-10.2815,0.218875,-23.7261,13.3073,-8.02103,-16.7086,-48.1024,-6.4344,-26.4872,3.14675,3.28524,-104.391,-106.955
188,4158,24,228,90.2,47.9945,38.3754,-1.83891,-12.2324,-14.3997,7.51478,-17.389,9.15733,-19.4884,-32.2566,-12.1215,1.14786,-24.9078,11.5067,-7.45638,-13.1622,-46.6884,-8.89274,-24.8892,1.78305,6.72094,-103.308,-104.931
189,4180,22,232,83.4667,52.2921,37.5913,-2.91738,-12.4068,-16.208,8.09281,-14.9886,9.75427,-17.951,-31.8258,-14.9157,0.181704,-25.3774,9.40748,-8.82768,-9.56844,-49.1722,-10.9231,-25.2982,1.38858,5.813,-106.814,-106.942
190,4202,11,168,66.3667,29.9638,37.2036,-5.63962,-16.6108,-19.082,6.15263,-14.4116,11.9123,-14.8838,-29.6596,-15.581,-0.48587,-25.6974,3.09288,-9.80684,-7.82136,-51.644,-10.4089,-24.7303,1.16641,6.91593,-103.906,-108.536
191,4224,10,209,85.7333,49.0495,38.3484,-6.57661,-17.8462,-19.7598,5.86277,-15.0678,12.7547,-13.8914,-28.6712,-15.6367,-0.455515,-29.9847,1.87666,-6.66388,-5.59217,-53.768,-9.74513,-23.0633,1.28956,7.58779,-103.908,-108.441
192,4246,14,187,96.4,43.745,37.2601,-5.41592,-18.5278,-15.4048,4.83541,-16.9911,12.0174,-13.0658,-31.3523,-16.5091,-0.306883,-32.7008,7.14652,-7.05571,-5.55216,-54.5389,-11.1051,-20.995,1.92815,6.96577,-104.237,-110.551
193,4268,21,151,82.8,36.4951,39.4375,-5.78903,-16.1078,-13.2922,3.8045,-15.019,15.725,-14.1446,-32.7276,-14.2402,1.28079,-29.1391,4.43622,-6.24725,-7.38946,-58.3637,-10.5797,-19.628,0.670487,0.833915,-105.031,-107.992
194,4290,19,242,98.4333,53.2688,40.1286,-6.19167,-16.7526,-13.885,4.52128,-16.5333,14.5022,-15.4277,-31.3334,-13.9434,3.15645,-28.8023,4.63748,-7.19791,-8.55771,-56.8158,-12.2761,-19.4414,0.83264,-0.540207,-105.634,-106.024
195,4312,6,152,76.1,40.0408,40.1155,-8.65156,-15.2396,-14.146,4.02699,-14.1171,12.1705,-15.295,-32.1143,-14.0555,2.58106,-28.6561,6.59946,-11.3317,-6.49865,-56.5271,-10.7785,-19.7535,-2.09663,2.30903,-104.651,-108.236
196,4334,24,212,77.7,43.1686,39.4951,-6.4913,-15.6837,-15.4207,6.12042,-13.1184,13.3214,-17.2129,-32.856,-15.4195,3.11967,-30.1257,6.33694,-10.2446,-6.18014,-55.2175,-9.00079,-20.7436,-0.418276,3.93371,-103.227,-107.767
197,4356,27,190,88.7667,41.5108,40.4872,1.28735,-16.7198,-17.8226,5.11723,-13.1838,11.9671,-14.9694,-34.5881,-16.4819,8.35344,-27.8955,4.42323,-11.2194,-8.87979,-57.7091,-8.44703,-22.9922,-2.77011,0.171108,-107.962,-109.674
198,4378,30,183,82.7333,36.2148,38.8747,3.93476,-21.7436,-18.6243,2.32628,-15.3909,11.97,-13.8369,-37.7201,-13.1035,9.46197,-28.9223,5.27514,-10.2514,-11.8927,-57.3779,-9.09304,-19.8214,-4.78031,-0.488818,-105.938,-109.724
199,4400,19,211,80.8667,42.0326,41.1102,0.155143,-21.102,-16.9795,4.28466,-17.7241,12.8752,-15.0675,-38.7044,-15.8291,8.72963,-32.5003,3.41875,-6.2667,-11.9667,-58.0274,-10.3381,-16.2178,-7.37773,-2.49906,-105.902,-109.62
200,4422,13,210,97.6333,49.2008,43.5622,1.18988,-20.8723,-25.0943,2.26596,-19.3329,11.2901,-14.2153,-38.285,-17.8834,6.77426,-29.3303,-0.293596,-10.0763,-10.1055,-59.9224,-12.8078,-16.4833,-7.7822,-3.78653,-103.532,-112.156
201,4444,11,289,91.6333,62.3718,43.8373,0.506339,-21.0086,-20.9894,2.11998,-21.4007,13.9296,-13.7679,-36.2618,-22.2757,8.61853,-30.3589,4.65446,-9.1587,-9.41804,-58.8529,-14.2546,-16.1241,-9.41853,-4.48089,-104.741,-115.529
202,4466,23,278,99.5,62.0332,43.7656,-2.86071,-20.5352,-20.3118,1.50526,-22.1854,14.4933,-10.8064,-30.2457,-20.9584,9.08001,-34.7508,-5.32087,-8.30982,-8.88712,-59.4568,-14.0842,-17.0217,-9.79051,-1.29883,-104.08,-113.365
203,4488,10,348,131.133,76.3073,41.9021,-4.27027,-19.9778,-20.3304,1.95616,-23.2499,11.4147,-11.4369,-28.6914,-21.8716,11.4774,-33.1532,-3.53035,-7.22658,-7.39695,-57.2052,-15.6061,-20.5693,-7.77927,-1.71737,-103.55,-114.943
204,4510,13,204,79.8333,42.6429,43.3455,-3.48637,-20.5754,-21.1878,1.37254,-23.7486,14.9718,-9.734,-27.1787,-19.8147,10.4047,-30.3615,-5.26888,-7.97335,-7.08133,-59.2209,-16.8456,-21.321,-7.42524,-1.77197,-105.344,-114.071
205,4532,24,241,103.3,56.5223,44.2023,-5.55402,-24.1922,-20.3004,1.65794,-26.819,16.1239,-11.3242,-29.9885,-22.6509,13.5273,-21.0596,-5.88519,-6.00244,-10.4154,-59.3118,-16.4803,-21.3529,-4.75109,-3.1172,-104.927,-111.017
206,4554,26,237,105.7,59.4974,44.331,-4.54542,-24.9198,-20.9238,-0.693788,-26.8991,15.8689,-10.6416,-31.3049,-25.4002,14.8042,-23.5555,-5.80204,-4.92624,-9.28774,-57.7055,-16.0053,-22.5779,-3.86663,-10.0952,-106.175,-111.603
207,4576,21,350,101.467,77.724,46.2138,-4.2287,-25.5159,-20.4086,0.861697,-27.4688,15.9961,-9.08256,-29.7851,-23.6401,19.3741,-24.2268,-6.70511,-5.1543,-8.40956,-56.3015,-15.1442,-22.6579,-1.9981,-8.99468,-105.244,-109.905
208,4598,28,325,105.333,77.6106,46.0071,-5.54649,-23.6379,-18.0528,1.6827,-28.4439,17.9078,-10.694,-28.8286,-17.6991,19.4716,-23.5585,-8.67702,-2.53402,-7.67105,-56.5861,-18.3235,-24.5644,1.32319,-7.95525,-104.172,-112.017
209,4620,1,211,106.533,51.7072,46.8351,-6.46327,-26.6771,-16.6567,0.314335,-27.1938,20.6254,-10.7406,-28.2898,-18.1646,20.9661,-21.6639,-9.9837,-2.82728,-8.88789,-58.2165,-18.1039,-27.5176,1.41515,-11.9168,-101.221,-114.824
210,4642,9,269,105.4,58.6113,48.9329,-5.33103,-28.474,-18.0106,-0.187729,-26.1618,18.3104,-11.7585,-26.1014,-25.2842,23.1134,-18.2261,-10.437,-4.82871,-7.50291,-57.1259,-24.5567,-28.903,-0.877212,-10.2954,-101.329,-117.734
211,4664,8,207,100.2,44.8241,50.9179,-5.61106,-29.8656,-18.7874,1.66132,-26.4329,20.7368,-12.4903,-27.4663,-25.9994,23.3043,-23.0207,-8.87765,-8.36717,-7.41872,-58.304,-23.2808,-28.9935,-3.8069,-9.31956,-101.364,-118.265
212,4686,9,250,96.5,54.2172,49.731,-9.2316,-30.4088,-20.2529,0.670113,-27.9067,21.5532,-11.2541,-28.5497,-26.8261,23.486,-20.4162,-8.99063,-7.8836,-10.1143,-59.6471,-22.0581,-26.3957,-1.62137,-7.97639,-99.979,-119.698
213,4708,20,339,124.367,73.8178,48.3622,-10.3105,-31.3937,-21.3799,1.29356,-27.5249,21.9228,-10.0347,-28.5895,-28.3386,22.7875,-20.8394,-8.0832,-9.94158,-8.86598,-57.2223,-21.3315,-31.049,-2.77714,-6.26659,-101.355,-120.41
214,4730,37,285,100.033,54.0271,47.1635,-11.1837,-32.4685,-20.3982,0.582931,-28.4785,21.565,-8.87621,-33.0037,-31.8636,20.6745,-24.7919,-8.3793,-11.5447,-12.265,-52.2836,-22.6193,-31.9741,-5.12524,-10.6634,-100.592,-117.826
215,4752,46,373,140.567,75.2548,48.2737,-12.2282,-28.65,-19.0596,0.787361,-28.7689,21.1207,-11.3273,-33.3237,-33.5315,20.7576,-26.5722,-9.34489,-13.4113,-10.3939,-51.9966,-21.4806,-32.9237,-4.28563,-11.818,-99.1656,-118.597
216,4774,43,391,146.467,89.9505,47.6393,-10.1957,-26.8415,-20.9627,-2.52124,-29.1431,20.4663,-13.0995,-32.7562,-35.0794,18.669,-27.4344,-10.1962,-14.51,-10.5455,-50.2654,-21.5103,-30.5606,-7.07332,-10.7444,-100.013,-130.005
217,4796,53,397,151.033,86.9822,47.5029,-10.643,-27.2802,-20.9159,-3.43086,-29.5105,13.6671,-13.0531,-34.8852,-36.2452,18.6796,-26.5959,-9.29326,-14.1493,-11.8635,-46.1724,-20.6553,-31.5093,-8.10299,-11.951,-97.1128,-129.916
218,4818,50,484,170.3,92.622,49.1301,-10.2033,-27.2826,-19.7152,-3.88846,-34.4342,12.2073,-15.5787,-34.9743,-38.9328,18.0844,-26.758,-7.60994,-15.5017,-10.2416,-46.4978,-19.4152,-44.4446,-8.64026,-12.8069,-96.1164,-129.981
219,4840,41,591,165.7,108.862,48.4078,-11.0094,-25.3718,-21.4859,-4.46915,-37.2221,13.2923,-17.2651,-37.5564,-40.2299,16.1107,-29.0359,-9.62274,-16.577,-13.0123,-48.7229,-17.7609,-34.6282,-4.10936,-16.2913,-92.2932,-129.9
220,4862,47,636,212.3,151.975,46.9402,-10.0674,-23.3306,-19.7395,-3.67713,-40.1046,14.11,-18.8952,-37.0847,-38.7929,18.753,-26.0776,-12.1796,-19.0348,-10.6766,-45.8495,-16.4109,-33.1748,-3.93819,-18.2324,-92.9973,-131.77
221,4884,49,796,195.567,146.743,48.1926,-4.84968,-23.2253,-18.6203,-3.67483,-40.2694,13.7691,-20.9235,-39.704,-51.1998,17.5977,-25.5611,-13.0041,-20.7974,-6.51493,-43.9494,-17.6934,-31.6713,-4.64904,-17.8143,-90.5043,-133.269
222,4906,48,317,138.7,71.8289,47.1194,-4.39626,-22.9281,-20.7963,-4.69739,-40.4962,11.429,-22.7351,-42.5018,-49.1005,19.9103,-27.2668,-15.7272,-20.8396,-6.39472,-43.1593,-18.9227,-30.4582,-4.38123,-19.6591,-91.3094,-132.371
223,4928,30,514,189.8,124.663,48.1066,-3.61408,-23.2266,-22.5412,-1.98106,-40.5805,12.4294,-22.4964,-42.1386,-47.0282,20.9628,-24.2632,-17.237,-20.0794,-5.76545,-42.0606,-17.9459,-29.6812,-3.63802,-17.2198,-89.2841,-132.889
224,4950,19,414,167.3,125.994,48.1716,-3.79161,-23.122,-21.1798,-1.69092,-42.1248,9.57062,-22.4872,-43.4189,-51.575,22.5448,-22.1759,-15.4356,-21.1672,-6.87284,-40.8542,-19.597,-28.1258,-5.30745,-20.2134,-91.7492,-133.444
225,4972,28,403,153.067,97.777,47.4151,-4.19275,-22.9285,-17.1355,-5.31787,-44.0356,7.5735,-21.1165,-42.9038,-49.8587,23.1182,-20.2166,-15.5082,-21.3125,-7.01414,-40.9362,-17.3219,-24.9647,-5.57458,-19.9032,-91.0876,-132.463
226,4994,24,757,189.6,142.606,43.7747,-1.17725,-23.2598,-14.3863,-4.4515,-44.9346,7.52644,-21.1024,-41.2732,-48.6576,22.683,-21.4269,-21.0999,-23.2263,-7.3954,-39.0635,-17.0027,-25.2507,-4.48608,-21.4295,-92.0557,-129.975
227,5016,13,409,150.433,95.1658,41.9589,3.19372,-22.5893,-13.4483,-2.91009,-43.1794,6.97128,-20.5012,-40.166,-48.9313,23.5642,-24.0776,-25.4929,-24.3669,-6.42702,-39.7432,-14.9689,-25.0325,-6.51151,-21.156,-92.7647,-130.828
228,5038,16,437,143.367,91.0299,41.8179,3.45301,-21.3817,-18.0407,-2.52512,-39.1638,7.95315,-16.1092,-39.6614,-48.2174,24.3964,-23.5791,-24.9552,-24.8702,-4.57652,-39.3242,-13.5266,-26.4109,-7.29323,-24.2492,-95.0295,-129.876
229,5060,43,722,174.533,135.401,41.6175,4.41584,-19.5791,-18.4246,-1.30329,-41.0457,10.0569,-18.2596,-40.9426,-47.983,22.7028,-23.4583,-24.6645,-24.7911,-4.61804,-37.8734,-13.6634,-28.7591,-10.2535,-22.5518,-100.178,-132.808
230,5082,16,400,166.967,108.072,40.1947,4.71619,-20.0849,-15.8476,-0.480289,-41.3369,9.4844,-17.8791,-44.1469,-46.8887,22.1093,-25.2894,-25.6708,-25.5007,-5.15493,-36.5109,-17.0514,-27.0386,-9.74991,-23.3679,-101.725,-132.754
231,5104,26,321,151.267,79.3595,43.0015,2.85551,-19.559,-19.2533,-0.349337,-40.6909,10.4128,-16.6911,-40.3332,-48.2831,21.6523,-26.3541,-28.9574,-26.8652,-2.50781,-36.1415,-10.5026,-24.031,-5.43499,-23.6921,-102.848,-132.506
232,5126,31,399,158.733,98.1304,40.7945,4.57376,-16.1442,-19.5555,0.352469,-38.8723,10.6298,-18.2508,-37.0758,-50.2518,21.6914,-26.6001,-29.7292,-27.4924,-0.512268,-39.4925,-6.04585,-21.9637,-7.08581,-22.4051,-104.245,-132.502
233,5148,33,446,161.333,100.275,36.7577,5.00265,-13.0406,-20.4812,-0.543364,-38.9714,8.05484,-16.6705,-36.7854,-51.4766,22.8445,-29.2378,-27.7713,-27.1358,0.185284,-41.8224,-9.04942,-21.6954,-9.02513,-23.5129,-100.132,-133.583
234,5170,31,384,172.4,89.9853,34.8354,5.54905,-13.9463,-21.167,-0.939247,-39.1746,6.03353,-13.538,-36.3054,-50.9914,25.2871,-26.7796,-27.5915,-29.3523,0.133665,-42.7943,-9.18213,-20.97,-10.9004,-24.9386,-99.8212,-134.79
235,5192,40,672,228.133,171.539,33.4274,4.68163,-16.0989,-20.4035,-0.809072,-39.8731,4.28603,-15.1034,-35.663,-51.1342,25.7708,-27.46,-29.3834,-27.7668,-0.0960103,-42.1878,-9.34201,-21.0792,-9.85384,-26.3909,-98.5875,-135.612
236,5214,52,337,161.567,73.6603,33.8794,4.27964,-15.6437,-19.9058,-0.385271,-38.9737,3.40507,-17.0879,-31.1135,-51.7979,25.292,-28.9007,-28.2591,-30.4778,1.38585,-40.5082,-8.11627,-21.9046,-10.0833,-27.1817,-100.268,-135.145
237,5236,49,549,216.633,119.836,35.7292,4.33152,-14.6946,-23.1549,-3.04134,-38.7178,2.14777,-18.3723,-31.0106,-51.7988,25.8668,-30.9262,-27.1086,-32.8228,3.00275,-38.6269,-11.6275,-21.4797,-12.5415,-26.8542,-100.436,-134.24
238,5258,36,468,149.767,100.754,38.0425,6.2388,-13.1872,-24.665,-4.03521,-39.3552,1.29964,-19.8148,-28.4784,-52.8311,24.0292,-30.8075,-29.4469,-32.8604,0.732741,-39.2433,-9.52045,-23.7549,-13.2465,-28.4849,-98.2642,-127.703
239,5280,51,563,197.8,131.429,38.002,7.27199,-15.0364,-25.8315,-2.21879,-38.4927,3.69103,-18.4167,-26.7277,-49.6796,22.2757,-31.6324,-28.3243,-31.8729,-2.64736,-38.7747,-8.90685,-21.7575,-14.104,-28.7232,-96.3073,-130.145
240,5302,55,528,181.533,115.879,37.6241,9.8033,-17.3138,-25.7389,-1.22494,-36.4412,-1.24575,-15.83,-25.9893,-48.6983,22.7909,-34.033,-27.268,-31.7944,-4.36287,-39.6019,-6.44512,-23.1146,-14.0816,-28.9506,-96.3616,-128.657
241,5324,44,482,217.667,107.818,35.125,8.72305,-14.3491,-26.1673,-2.99473,-37.7672,-2.36369,-17.8131,-27.1789,-47.1765,23.7639,-31.7345,-27.7519,-32.5512,-4.1728,-37.9482,-4.80766,-22.1552,-16.799,-28.2717,-97.9357,-127.356
242,5346,54,944,263.033,170.369,38.5534,7.28932,-15.949,-24.1581,-2.44716,-36.8644,-0.835761,-17.1861,-24.5796,-47.8774,23.6069,-35.1285,-27.7615,-30.032,-3.13377,-36.8112,-7.9913,-23.9929,-16.7698,-28.3225,-98.3798,-127.506
243,5368,33,444,216.9,101.317,39.3791,6.97301,-18.1175,-21.9314,-3.39818,-37.0701,0.243835,-18.9932,-17.6536,-48.1896,22.7884,-37.0565,-28.4744,-27.4632,-0.648061,-38.6423,-11.4624,-24.3968,-16.7103,-27.7127,-99.7196,-128.695
244,5390,28,426,193.033,100.094,39.6855,6.47102,-19.2731,-27.4662,-1.48523,-39.9648,0.66128,-18.58,-17.7272,-46.9994,23.496,-38.8929,-31.398,-28.4438,1.18944,-38.2177,-9.75467,-23.441,-14.9472,-27.9719,-96.9238,-128.579
245,5412,42,691,191.467,143.122,39.8314,10.012,-18.1198,-29.0588,-4.57775,-41.6644,-2.12996,-17.1044,-19.1272,-44.5519,23.4761,-42.4315,-29.4855,-27.4872,0.91115,-37.0572,-9.59913,-22.8544,-16.1621,-26.433,-99.2996,-128.952
246,5434,41,678,219.8,155.774,40.9434,10.7837,-18.6474,-35.8295,-2.65579,-42.6497,-2.60931,-16.8589,-19.0606,-46.8384,23.4876,-42.6647,-30.0563,-25.7734,0.209581,-33.9498,-8.62576,-21.9612,-19.0189,-22.4801,-97.9069,-128.559
247,5456,96,505,214.933,103.642,41.5311,10.8882,-17.9873,-39.302,0.382905,-41.3955,0.179035,-18.0986,-19.2708,-45.0504,21.1556,-42.1199,-32.2416,-28.1229,0.951504,-33.917,-9.38179,-23.5337,-19.4978,-22.9853,-97.7127,-127.101
248,5478,31,736,226.3,152.867,42.2025,10.8584,-19.5935,-39.4242,0.0690469,-40.3627,3.88815,-17.6233,-23.0521,-45.5577,22.3371,-42.4042,-29.8407,-26.6512,-0.750233,-33.3672,-7.72019,-23.155,-18.3787,-26.3737,-98.6992,-128.557
249,5500,36,528,228.633,147.084,44.8294,11.6282,-18.9341,-34.6124,-0.43192,-41.398,2.91994,-16.6416,-22.3798,-44.7895,22.2348,-42.0996,-29.9735,-28.644,-0.523788,-31.7815,-6.84803,-24.9228,-16.8049,-26.7767,-92.9338,-129.075
250,5522,45,570,193.733,137.916,40.092,10.829,-20.0479,-31.6156,-2.65992,-40.3377,5.53135,-17.5929,-21.8798,-47.6306,21.4402,-42.0934,-32.1184,-26.5538,-4.51376,-29.3149,-7.67181,-23.6557,-18.6272,-27.6221,-92.5,-130.111
251,5544,74,320,168.867,74.4709,38.1538,12.6101,-22.3112,-33.4977,-4.76528,-40.2516,6.00694,-20.1913,-24.2788,-46.2027,22.4309,-42.84,-36.0974,-25.8987,-3.16806,-30.1374,-5.69285,-23.3092,-18.3888,-27.9719,-92.214,-130.936
252,5566,64,662,256.033,179.61,37.5716,11.8308,-21.4018,-32.2027,-0.818451,-40.4975,1.03851,-21.2477,-26.631,-44.6672,23.9911,-42.4419,-36.6052,-25.1664,-4.03476,-33.0653,-4.91212,-22.466,-17.5557,-29.7634,-93.268,-132.925
253,5588,22,873,271.767,218.796,38.2534,13.6564,-19.9536,-29.9063,0.0467926,-39.9609,0.628739,-19.1618,-27.6954,-42.2956,23.635,-42.4355,-38.7609,-25.0147,-3.3474,-31.6846,-5.99122,-22.5482,-17.7487,-28.4485,-89.0858,-135.374
254,5610,50,650,227.467,145.493,37.0079,13.3001,-21.0668,-35.1369,1.1781,-38.6107,0.0989048,-18.887,-26.9836,-43.0577,21.9324,-44.5865,-38.2914,-23.5233,-2.69253,-30.6023,-5.85288,-23.1865,-16.9722,-24.7199,-91.7536,-134.788
255,5632,53,580,211.667,148.686,38.1676,12.1088,-21.4885,-37.831,2.07561,-41.5945,0.507998,-22.273,-27.6732,-44.4442,19.3251,-45.565,-39.2503,-22.3294,-2.50288,-32.99,-5.84787,-25.2432,-15.1155,-25.4331,-91.2269,-135.943
256,5654,42,729,253.633,167.919,41.8357,9.76786,-22.6906,-37.1531,2.90612,-44.7233,-0.658661,-19.5974,-27.8999,-44.7027,20.7588,-45.9799,-33.8882,-22.7131,-0.127655,-32.7739,-7.77284,-25.3101,-14.9072,-27.5207,-90.4069,-134.787
257,5676,40,734,235.7,145.844,41.0726,11.1648,-24.1011,-39.5624,2.62907,-45.8985,-2.17087,-18.296,-28.9563,-43.362,21.4631,-44.6461,-36.4865,-23.3429,-2.26347,-33.3366,-7.05764,-23.3406,-13.2234,-27.5644,-92.309,-130.827
258,5698,80,653,227,146.619,40.8667,7.82555,-25.4472,-38.6513,2.41481,-47.804,-2.0559,-15.4372,-27.7916,-43.1568,17.0941,-47.9147,-35.7208,-22.7136,-4.09335,-34.2458,-8.60583,-22.7231,-12.2623,-24.9495,-87.1895,-133.004
259,5720,43,531,200.633,120.856,38.892,7.39328,-27.2605,-37.352,5.79941,-46.9587,-1.21095,-14.4431,-25.4649,-44.6268,20.8699,-48.2363,-34.5239,-22.0751,-4.52248,-33.6199,-9.21922,-23.7141,-6.51184,-26.5486,-87.3441,-132.095
260,5742,9,543,200.767,118.815,39.9142,8.41705,-27.8017,-38.0423,7.61751,-44.7123,-3.47089,-10.9562,-25.5859,-44.7684,28.6733,-47.5399,-35.183,-22.8595,-7.00366,-33.0117,-9.90996,-25.1485,-0.724124,-28.2273,-85.9347,-132.114
261,5764,56,534,225.333,128.662,39.9071,8.95265,-28.0491,-40.6792,6.28884,-42.0084,-0.733992,-7.04961,-24.9849,-45.3754,20.5574,-45.5801,-37.5752,-24.1674,-8.10465,-32.5623,-7.17875,-24.6626,-3.32757,-30.4588,-85.2181,-132.441
262,5786,58,905,251.6,199.149,39.934,8.48608,-27.133,-38.196,5.40796,-43.126,0.282776,-6.54469,-21.9369,-49.6009,21.895,-42.9837,-37.2018,-22.0932,-7.2748,-27.6886,-8.32184,-24.6111,-5.17337,-32.1564,-83.8612,-132.236
263,5808,54,544,218.067,128.713,40.6705,10.2329,-27.231,-35.1563,5.55584,-42.3978,0.598445,-6.10937,-23.0317,-50.2256,14.701,-41.3435,-36.8458,-24.2433,-13.6028,-27.2057,-7.08329,-25.6587,-3.93579,-32.4054,-84.1603,-132.408
264,5830,15,586,219.133,146.724,41.4142,7.24692,-24.0188,-34.4678,5.94848,-42.8594,5.1471,-5.97082,-21.2102,-46.8927,21.4998,-40.4287,-37.9301,-26.2964,-12.0689,-31.2681,-9.33763,-25.2858,-1.55023,-31.4871,-84.0176,-130.865
265,5852,47,738,196.267,163.338,36.5029,9.6588,-26.5909,-30.3497,6.89501,-42.8903,6.5632,-5.53267,-19.3343,-47.4558,21.6771,-40.2179,-36.8376,-27.3122,-13.5917,-31.597,-10.1597,-24.5686,-2.95128,-31.7116,-84.8266,-131.057
266,5874,25,795,203.167,163.001,36.9925,9.61958,-26.7289,-31.2189,9.83604,-44.2665,9.37388,-6.05537,-18.75,-49.1876,24.657,-43.6715,-38.0444,-27.686,-11.9961,-29.556,-11.908,-23.3135,-1.64247,-33.6082,-86.005,-130.6
267,5896,23,582,186.367,125.57,42.9457,8.55759,-28.6721,-33.0718,8.06777,-44.2626,8.61807,-5.2231,-18.3023,-47.748,26.773,-42.712,-36.5633,-28.2138,-10.7448,-29.8241,-12.3619,-22.3013,-2.25005,-33.0977,-88.1156,-128.659
268,5918,42,502,213.767,108.467,43.7187,8.88289,-28.7744,-35.0006,9.48902,-44.826,6.35503,-5.38063,-20.8725,-47.4019,25.7125,-43.2022,-34.2784,-27.9057,-12.7781,-29.6234,-11.9438,-20.8099,-3.09292,-32.1079,-86.6312,-132.197
269,5940,33,315,145.9,92.1675,43.7757,10.8039,-30.0579,-35.7504,9.92822,-47.0808,3.94909,-6.59537,-21.539,-49.5719,24.859,-44.6061,-34.2241,-25.225,-16.5732,-27.1208,-8.08071,-23.4118,-4.26559,-31.893,-88.8249,-131.885
270,5962,36,904,230.167,179.52,43.9229,18.6807,-29.5239,-31.3109,12.696,-48.6431,0.000757838,-7.17061,-20.2931,-49.1684,23.0792,-43.677,-34.2136,-23.6629,-15.2365,-29.0291,-8.64869,-23.9197,-7.05112,-28.5476,-87.0292,-134.505
271,5984,46,464,176.9,111.009,47.2446,19.0095,-28.7093,-30.5674,14.5229,-52.3455,-1.89258,-4.88709,-19.5567,-51.1384,24.3547,-43.8074,-35.0914,-21.7765,-16.948,-32.0407,-11.7476,-24.1229,-8.81509,-29.6768,-86.7833,-135.304
272,6006,49,1038,219.433,177.653,43.5424,16.2384,-29.3004,-27.7707,15.9426,-50.6531,3.87009,-4.93682,-19.5961,-50.5297,28.1479,-45.2837,-34.6278,-24.6723,-14.6422,-29.7444,-9.84478,-26.3699,-13.4736,-31.8127,-87.8325,-138.545
273,6028,7,471,164.867,108.012,43.4466,14.0689,-29.2363,-24.9997,17.5874,-50.7855,2.92243,-4.37118,-16.7319,-51.7846,29.1232,-48.6064,-33.2031,-24.3293,-14.618,-29.949,-10.5723,-26.445,-16.9711,-32.4531,-90.4382,-135.02
274,6050,27,458,196.6,114.384,43.4627,15.5159,-28.6168,-25.8105,16.7354,-48.4437,0.455684,-5.36355,-16.2193,-47.3109,31.2654,-47.9935,-35.3037,-23.6491,-10.9383,-29.4573,-9.83518,-26.7059,-18.0765,-31.7622,-90.6251,-131.857
275,6072,61,760,201.367,139.182,42.5221,14.3625,-27.6672,-24.1204,17.321,-48.5998,-3.48267,-8.98098,-16.637,-48.1496,32.2701,-48.1372,-39.4408,-22.4452,-14.5595,-29.3153,-8.16778,-30.3311,-14.0953,-34.3982,-92.7262,-135.92
276,6094,28,360,165.233,84.0401,43.9957,11.3918,-24.9913,-25.3823,15.779,-48.2931,-3.71495,-11.0234,-17.846,-46.9386,32.0358,-46.3348,-39.8106,-25.3673,-13.8401,-27.4163,-8.2982,-30.0703,-15.1733,-35.1389,-92.1393,-136.983
277,6116,8,556,164.1,120.203,43.4313,11.0851,-24.6169,-24.1462,13.7661,-47.4568,-2.05237,-9.45435,-18.7836,-47.2964,30.4167,-42.065,-36.6712,-26.6681,-14.2776,-26.5877,-5.95869,-29.5349,-14.4999,-35.7056,-92.2403,-136.616
278,6138,43,545,168.667,112.764,45.2592,10.6473,-26.3783,-25.6935,11.679,-45.9897,-1.79914,-7.97771,-17.5293,-50.1926,30.8382,-40.1937,-37.0039,-28.1094,-11.8969,-25.1359,-3.30404,-31.5803,-14.2953,-35.3082,-92.9092,-135.679
279,6160,18,397,168.333,104.576,44.8909,14.4589,-25.0191,-24.1452,13.9677,-45.27,-3.56879,-7.23078,-16.0963,-52.5306,27.8442,-41.4779,-34.5378,-28.5501,-12.2636,-30.1114,-2.04653,-30.9462,-12.534,-35.0627,-88.8923,-137.925
280,6182,48,746,246.233,170.345,43.8191,14.8031,-27.929,-21.6709,13.9645,-43.8957,-5.84443,-16.4156,-12.5755,-52.6883,28.1556,-43.7643,-33.0504,-27.6435,-11.212,-36.9578,-2.8744,-30.7753,-11.8494,-34.1843,-90.352,-139.177
281,6204,53,675,190.6,150.123,42.8689,11.3138,-29.369,-24.1066,14.0995,-42.3393,-4.198,-14.747,-9.67088,-53.5384,27.5435,-46.4004,-32.2337,-25.2498,-8.30564,-38.249,-7.31403,-31.0219,-12.7457,-36.721,-90.9335,-139.635
282,6226,49,667,217.433,151.957,43.0968,10.4965,-29.5078,-25.162,12.6105,-42.5642,-13.0813,-11.6199,-11.3102,-54.7962,28.7576,-45.1755,-31.4663,-27.0566,-9.14917,-38.9777,-6.12394,-30.0879,-12.6493,-34.989,-89.8103,-139.838
283,6248,23,820,205.767,155.687,40.6239,11.2031,-31.3168,-26.273,11.1142,-42.0415,-15.1579,-11.5302,-11.3675,-56.0646,26.244,-46.7792,-34.2451,-22.4495,-8.31738,-36.5591,-8.05557,-35.7383,-12.5064,-32.9957,-86.9622,-138.281
284,6270,59,801,231.867,171.658,37.0531,11.6686,-31.7437,-27.1853,9.41313,-43.5262,-14.8916,-12.2978,-11.8341,-50.6633,24.7499,-47.7588,-37.3236,-22.5742,-9.68976,-35.4827,-11.5968,-34.2093,-14.1807,-33.0083,-86.6234,-139.205
285,6292,50,500,174.067,113.928,35.8401,10.6281,-32.7869,-28.8532,9.1018,-44.3701,-15.0997,-15.604,-13.4592,-52.7963,21.8922,-51.9191,-45.6098,-21.718,-10.8175,-33.8442,-9.67122,-35.1804,-14.5284,-31.3953,-87.7374,-140.733
286,6314,38,989,261.133,227.809,35.7594,8.82304,-30.3032,-27.0866,9.95623,-43.853,-13.7253,-19.0702,-13.426,-52.5572,21.3563,-49.181,-41.3257,-20.7258,-11.1815,-32.174,-10.1654,-32.1226,-11.1869,-31.1966,-87.8693,-141.402
287,6336,49,537,211.1,126.076,32.9129,8.85186,-28.9299,-27.6555,6.48886,-44.2788,-10.9817,-18.8222,-12.6558,-52.53,23.6675,-49.0194,-43.3951,-21.6733,-10.5629,-31.6642,-10.3536,-35.7631,-12.9256,-32.0839,-89.638,-140.323
288,6358,36,632,222.8,161.076,33.168,7.68832,-28.626,-26.6383,7.61195,-43.2942,-12.3182,-21.3157,-9.81336,-50.7062,24.3813,-48.9885,-43.5742,-20.7777,-12.4649,-31.7391,-9.48567,-36.8286,-13.7373,-30.4566,-89.3084,-139.442
289,6380,50,758,264.3,160.997,34.4671,9.43041,-33.4382,-26.6743,6.06224,-44.1801,-13.1253,-22.5092,-10.9465,-51.2614,23.5703,-46.4803,-44.8072,-22.4833,-11.4982,-31.7428,-8.8379,-36.3033,-13.4469,-31.3497,-89.8738,-140.516
290,6402,49,521,183.4,118.659,36.0394,9.98017,-32.7533,-26.5042,7.52976,-44.8836,-13.8414,-20.5563,-10.5563,-49.1273,23.7932,-46.2562,-44.9641,-23.097,-12.5971,-30.5932,-8.00704,-36.6083,-12.1417,-29.9478,-91.5299,-140.478
291,6424,43,630,191.9,123.751,37.8342,14.3719,-34.4123,-24.1975,6.00319,-42.8351,-16.6242,-21.471,-11.7719,-47.4399,24.3376,-48.4571,-44.7552,-22.8668,-15.4679,-28.2732,-9.27825,-36.0937,-8.54943,-27.8898,-90.247,-139.205
292,6446,13,679,239.933,152.549,37.8038,13.8409,-35.7972,-26.3859,9.42538,-44.8215,-17.0081,-22.5071,-8.89189,-48.8746,23.0022,-49.1736,-44.8484,-21.052,-15.4717,-27.2574,-9.71473,-35.9232,-12.1046,-28.9173,-94.9324,-141.192
293,6468,61,687,210,153.938,36.3339,13.3263,-34.9894,-27.3533,10.1898,-43.7593,-17.13,-22.8346,-8.57401,-50.7273,22.1183,-52.1662,-45.6788,-20.7603,-15.8276,-28.0017,-11.845,-37.6419,-8.67179,-26.549,-94.9163,-138.558
294,6490,44,758,260.833,182.626,37.3271,14.0016,-33.5348,-29.1405,8.47341,-46.5463,-17.9779,-21.2059,-11.4536,-52.2401,20.7475,-53.0291,-45.8429,-19.8465,-15.3616,-25.1239,-11.4069,-37.6808,-9.97126,-25.4931,-94.0763,-138.386
295,6512,59,468,193.7,127.191,35.226,10.5543,-32.4633,-30.9824,8.50242,-45.7196,-18.8456,-21.2812,-11.7552,-49.5895,20.4957,-54.0965,-45.1164,-21.3396,-15.5403,-24.7257,-6.65467,-36.6276,-11.0241,-28.0369,-95.8593,-136.871
296,6534,17,368,173.133,97.01,36.5741,9.66329,-33.3544,-31.1588,9.22244,-44.6975,-17.0483,-20.6974,-10.6155,-49.9517,21.9712,-51.181,-47.1031,-21.1322,-15.2001,-25.1638,-9.70011,-38.4086,-7.85129,-28.5528,-96.5176,-135.45
297,6556,62,624,209.3,134.391,37.9957,10.0786,-32.8322,-30.505,9.73315,-45.3684,-13.2978,-21.6965,-12.1332,-49.6462,21.6731,-52.0502,-44.2801,-21.1118,-15.9167,-26.7812,-12.2744,-40.0927,-8.09391,-28.486,-95.0506,-137.16
298,6578,36,442,177.6,118.12,39.4348,11.8955,-34.018,-27.9924,8.13654,-47.3285,-12.6537,-22.7396,-12.4385,-50.1849,22.4055,-54.3014,-44.9559,-22.5497,-18.49,-26.8926,-13.5699,-42.2539,-4.40259,-28.8293,-98.0119,-139.95
299,6600,45,431,181.5,102.445,37.8931,12.2274,-36.7059,-28.4482,5.42638,-50.181,-12.8683,-22.3437,-15.7247,-51.4079,20.6517,-53.8138,-46.4249,-20.0483,-19.1439,-24.4576,-14.159,-40.1227,0.626655,-31.2664,-94.9031,-137.806
300,6622,30,462,178.933,98.1368,37.5772,13.4073,-34.2494,-26.0973,7.15768,-50.2442,-9.43596,-20.6567,-16.4944,-51.9553,18.4291,-49.5562,-48.2165,-18.5021,-17.0062,-27.7878,-12.4109,-40.5344,1.93383,-31.9827,-97.6613,-139.736
301,6644,63,709,207.4,136.188,33.254,10.6687,-34.604,-28.3867,5.47839,-49.5434,-12.1782,-22.2128,-15.7098,-52.4549,19.1241,-51.7484,-47.4553,-17.9533,-15.5108,-30.387,-14.7049,-42.2842,0.587655,-30.9761,-97.4114,-139.606
302,6666,39,349,153.233,89.2771,36.4809,10.648,-35.2442,-27.5674,4.707,-52.309,-13.4911,-20.9581,-12.9221,-51.4441,21.8166,-52.2932,-47.9736,-18.2035,-14.6656,-29.5623,-13.5613,-41.3815,3.31017,-30.1562,-96.9916,-139.61
303,6688,46,483,167.8,98.6234,35.2096,11.79,-35.4796,-30.1268,5.37671,-52.1458,-16.5616,-21.2181,-18.1473,-56.167,22.6652,-52.8656,-48.2379,-17.4864,-13.1212,-32.1214,-14.8773,-41.8684,-9.66085,-31.8605,-99.2141,-144.406
304,6710,106,846,284.1,181.276,36.7395,12.3306,-37.435,-31.6697,-0.517087,-49.6003,-17.1264,-20.8276,-18.5184,-57.4905,19.9911,-49.8035,-49.677,-17.6958,-16.4595,-30.3068,-15.1635,-40.4105,-9.15189,-31.5632,-97.8891,-143.374
305,6732,52,944,281.367,190.652,35.0282,15.417,-37.6158,-30.9793,-1.14086,-49.1722,-16.2112,-22.2284,-16.7485,-56.6601,22.4519,-51.6193,-48.7811,-16.7517,-15.2015,-29.3497,-14.4933,-39.8107,-12.4151,-33.1451,-96.7722,-148.029
306,6754,63,753,274.267,168.837,36.4789,14.0379,-38.9835,-29.2874,0.267666,-48.4419,-17.4536,-22.0917,-17.6226,-56.9499,25.7906,-50.2958,-48.077,-14.5515,-14.1329,-29.4588,-11.2644,-42.2746,-12.269,-34.4995,-96.8549,-147.395
307,6776,66,892,270.267,178.83,33.7065,11.6556,-37.6958,-27.0758,3.03411,-50.7452,-17.3225,-23.6817,-17.3714,-54.2469,28.8748,-51.6831,-49.5542,-12.7603,-14.6399,-28.3292,-9.90458,-42.8459,-12.4051,-35.6042,-95.6387,-144.4
308,6798,47,462,158.333,81.9892,31.9483,10.2049,-36.6114,-30.6996,-1.24172,-51.5735,-19.5633,-24.3792,-23.1793,-54.8008,29.43,-56.4378,-49.9194,-13.0405,-16.7685,-29.5843,-10.1346,-43.8444,-14.8067,-35.7069,-95.1535,-141.848
309,6820,63,1030,216.567,204.732,33.0413,11.2822,-35.5649,-25.6683,0.330006,-51.5148,-19.4614,-24.6996,-25.2742,-57.0407,29.4656,-48.0101,-49.486,-13.2348,-17.7173,-29.0037,-8.76478,-42.3567,-15.4017,-34.1192,-96.0606,-147.405
310,6842,73,570,223.633,120.079,32.9596,15.4127,-34.8332,-24.9075,2.17494,-50.9273,-19.5727,-23.878,-23.8772,-56.683,31.5114,-46.4972,-48.5209,-12.1487,-16.7123,-30.1719,-5.88718,-42.2697,-19.897,-32.547,-96.2945,-146.543
311,6864,64,566,226.533,137.194,33.4907,18.6294,-34.2561,-26.6191,3.72752,-54.0217,-17.2434,-22.6348,-21.32,-57.8798,30.6052,-46.4123,-49.1613,-14.4431,-17.1303,-30.9645,-6.04303,-42.2797,-20.7378,-30.9658,-95.8647,-146.618
312,6886,89,1061,271.9,203.172,33.1848,11.5022,-36.8183,-26.0312,5.52959,-54.4381,-19.3615,-23.6097,-22.9193,-58.7843,31.0965,-44.2703,-50.5167,-16.2313,-17.8724,-28.3101,-6.53696,-43.5449,-21.1228,-29.805,-98.5082,-145.439
313,6908,69,458,169.667,90.7309,32.318,14.2546,-33.2481,-26.992,5.85612,-55.3903,-21.7354,-23.6969,-23.9268,-60.8557,33.0402,-46.4121,-51.3932,-20.6367,-19.8639,-30.0147,-5.1676,-44.4737,-21.1922,-28.6833,-101.031,-144.556
314,6930,47,295,163.5,72.3158,33.4387,12.8506,-34.6374,-25.4073,3.81591,-55.6096,-18.7747,-24.2895,-23.0958,-61.7521,34.18,-46.7309,-51.4188,-20.0934,-21.7194,-28.7627,-6.27242,-43.8969,-20.365,-28.066,-99.8716,-145.019
315,6952,14,566,182.133,128.01,32.5283,12.2091,-35.2851,-21.96,1.84311,-52.6129,-18.8607,-22.8135,-26.2163,-59.7709,29.1626,-42.2495,-51.1685,-18.4713,-19.9829,-29.056,-7.49527,-46.8214,-17.6382,-25.2982,-100.734,-145.327
316,6974,43,521,222.067,137.02,33.5482,12.8071,-35.7469,-23.4788,-2.50628,-51.4958,-17.6816,-22.0203,-27.3972,-58.1799,30.16,-42.871,-52.3792,-19.1644,-20.7251,-25.4055,-8.54124,-46.9,-21.3123,-25.4467,-103.837,-146.852
317,6996,36,546,202.933,115.3,30.8407,16.8881,-33.9569,-20.6456,-4.93192,-52.3365,-16.5686,-20.7608,-29.3346,-58.4383,31.3707,-41.194,-51.679,-21.1336,-23.2435,-24.5504,-12.1312,-47.4451,-24.5171,-23.7846,-105.319,-145.449
318,7018,46,603,216.6,139.38,29.5703,14.5907,-34.3393,-25.0769,-5.53295,-50.9719,-16.0739,-22.1371,-30.5122,-59.8151,33.5315,-42.3916,-48.5384,-22.4233,-25.277,-24.6822,-12.4182,-48.4982,-26.2848,-26.4793,-107.995,-144.502
319,7040,71,564,181.067,110.599,31.4017,19.0376,-34.0907,-23.9934,-4.98818,-50.4253,-14.1036,-21.5673,-28.1377,-59.1122,33.8481,-44.7831,-42.1588,-21.4334,-28.0302,-21.4791,-10.3681,-48.9818,-26.3123,-27.1084,-107.363,-147.901
320,7062,33,479,192.633,123.055,28.6998,19.7876,-33.7703,-24.6904,-3.57748,-50.8551,-16.9653,-23.936,-25.34,-58.3158,33.6116,-41.781,-43.4659,-22.6201,-29.018,-23.2848,-10.0877,-51.0666,-26.6767,-28.4789,-108.343,-150.17
321,7084,50,661,180.367,122.161,27.7504,18.268,-36.4903,-25.4059,-2.62836,-49.8689,-14.6616,-22.0992,-24.5631,-56.5183,29.7761,-42.1123,-45.9287,-21.9705,-28.8507,-21.3154,-10.3169,-45.7084,-33.1462,-27.707,-108.977,-149.666
322,7106,46,652,275.3,191.533,28.232,23.8385,-38.7297,-26.0507,-2.17008,-48.9746,-11.5918,-21.2827,-24.3046,-54.5906,29.8752,-45.23,-44.7114,-19.4896,-28.4069,-21.4848,-11.5099,-46.1311,-32.0158,-26.7457,-107.407,-151.3
323,7128,58,739,241.467,161.507,31.9402,24.104,-38.694,-27.1569,-2.09091,-48.7462,-11.3021,-23.103,-23.0109,-54.5733,29.3292,-41.1861,-44.0678,-21.0767,-27.1591,-23.9649,-8.63283,-47.0077,-32.9195,-25.2361,-108.166,-152.203
324,7150,31,724,243.133,180.346,30.7988,24.4048,-40.4043,-27.4509,-4.90321,-51.0759,-11.2432,-22.2481,-22.8419,-52.9436,31.9257,-36.6104,-42.6957,-19.4882,-27.7518,-27.4032,-10.3908,-43.7714,-32.7791,-26.554,-108.214,-152.228
325,7172,49,854,224.533,182.009,34.3762,24.3288,-41.686,-25.7617,-7.24224,-48.7079,-10.7888,-22.5963,-24.2409,-50.851,31.8142,-37.459,-45.9691,-21.2339,-28.279,-26.517,-13.1317,-44.5428,-33.8001,-26.3146,-108.886,-151.072
326,7194,39,476,245.7,137.11,35.8718,22.484,-45.0572,-29.6177,-4.8506,-48.7062,-13.1014,-24.9525,-24.9311,-50.8791,38.5453,-38.5607,-43.7836,-21.9715,-28.7007,-26.309,-12.492,-46.3871,-32.9621,-25.4273,-106.98,-152
327,7216,46,547,267.8,139.708,33.6883,19.0912,-46.0999,-28.9571,-2.43109,-49.2155,-13.8711,-26.3692,-25.6718,-51.5618,40.8785,-39.1725,-43.8346,-24.7604,-29.6607,-27.6218,-16.9846,-48.1584,-32.2871,-26.7213,-108.211,-151.721
328,7238,52,488,220.4,125.317,32.5511,22.6105,-47.1472,-30.494,-2.68472,-49.224,-11.5589,-25.4718,-27.4558,-51.8198,40.6497,-42.0843,-43.7073,-21.3183,-28.5774,-28.8554,-11.8695,-50.5053,-31.1845,-30.0288,-109.553,-151.212
329,7260,57,734,254.167,174.861,34.1777,23.5329,-50.5811,-29.5421,-1.55342,-50.1389,-9.55582,-24.3793,-29.035,-53.0416,43.6653,-40.5068,-44.4989,-20.4767,-28.6202,-29.7296,-10.154,-50.4521,-32.1381,-28.4513,-108.309,-151.85
330,7282,74,698,199.833,153.017,37.4567,23.3281,-51.054,-28.5996,-1.27069,-51.0192,-8.18172,-21.7379,-27.6497,-52.1396,42.4992,-40.2252,-38.6718,-20.4254,-30.9143,-32.1676,-10.8104,-50.7708,-32.27,-26.1745,-109.792,-151.93
331,7304,29,947,267.267,217.923,40.392,23.9988,-50.2976,-27.2371,-2.28403,-51.6072,-7.5041,-19.7802,-26.2826,-49.9811,43.28,-40.7272,-41.1887,-19.1084,-35.1339,-33.2363,-15.2161,-47.241,-33.052,-28.0963,-108.812,-150.041
332,7326,55,694,235.067,156.684,39.3879,22.8383,-51.1994,-29.7598,-2.89563,-49.4851,-4.77721,-17.2805,-25.1656,-51.3788,41.9377,-39.3815,-41.5819,-18.1177,-35.9462,-31.9193,-17.214,-42.2538,-32.306,-23.8639,-108.065,-150.166
333,7348,58,664,207.067,142.486,40.0351,21.7979,-53.9189,-28.5224,-1.30801,-47.8275,-7.36233,-17.3387,-29.9358,-49.4536,41.837,-41.6285,-40.6171,-16.1579,-37.9843,-31.6097,-17.8594,-43.1223,-32.2737,-23.8875,-107.699,-150.708
334,7370,46,753,273.5,201.079,40.5846,23.5919,-52.4511,-28.9077,-6.20482,-47.606,-6.34772,-17.2481,-36.0174,-49.0579,44.5356,-39.6589,-37.539,-13.7684,-37.995,-29.4142,-16.3712,-43.8802,-30.3123,-22.7129,-101.294,-151.687
335,7392,77,597,244.9,145.216,39.5864,21.864,-45.8262,-29.2987,-1.03923,-47.9615,-6.44156,-15.1335,-34.3951,-51.1353,46.0969,-39.5388,-41.1189,-13.0547,-39.8667,-28.6382,-16.9128,-42.7814,-31.9434,-23.1336,-98.5117,-151.55
336,7414,70,1046,242.967,191.009,39.6625,20.3506,-47.8409,-28.3639,-1.91924,-47.0996,-7.76557,-14.364,-33.0586,-52.7424,46.0778,-41.3591,-38.2803,-10.1759,-37.6853,-30.5588,-14.9427,-43.3518,-32.2523,-24.9158,-96.9072,-151.179
337,7436,57,695,230.033,156.358,38.019,18.2985,-47.4798,-30.0925,-2.57662,-49.1432,-9.79275,-13.3286,-34.6675,-52.6053,47.2466,-40.6463,-39.0664,-8.48502,-38.1167,-32.1056,-15.455,-45.0941,-35.2729,-25.9553,-95.0028,-146.753
338,7458,46,1010,270.133,190.772,37.7805,20.316,-49.8172,-29.4856,-2.73415,-48.885,-10.5733,-13.0838,-36.4794,-50.6386,48.2191,-39.3783,-34.3195,-6.88946,-36.2579,-32.3941,-17.2502,-45.5224,-36.1379,-27.3549,-94.9329,-148.201
339,7480,62,824,255.8,206.614,36.8149,18.0885,-47.9097,-31.2921,-5.05682,-47.5771,-9.01306,-11.031,-37.9548,-48.6708,46.6826,-38.6425,-37.3234,-4.80059,-34.8159,-31.7056,-17.0816,-49.4974,-36.9113,-27.9993,-95.1976,-146.333
340,7502,80,595,254.233,149.164,42.6061,17.6166,-47.6872,-30.9021,-4.4118,-46.6275,-9.80579,-10.4741,-38.6162,-47.8931,47.3388,-37.8576,-37.4674,-3.03728,-33.3883,-32.6639,-17.2211,-45.532,-39.0642,-27.9277,-93.4103,-145.929
341,7524,59,517,194.267,120.112,42.2564,12.9708,-46.8793,-31.9029,-4.09843,-45.6464,-7.66803,-14.008,-36.8289,-46.5063,46.2401,-39.631,-37.4403,-2.99503,-34.0517,-30.8047,-17.6289,-42.6866,-40.3091,-23.252,-94.6712,-145.431
342,7546,62,660,258.9,165.701,40.3291,11.6902,-41.6182,-31.5974,-4.5659,-44.1536,-7.35232,-14.4279,-36.4504,-45.8269,45.8438,-41.9597,-39.5262,-3.02174,-35.4802,-32.6027,-17.7355,-42.915,-42.3026,-24.1955,-96.7379,-146.203
343,7568,41,581,219.1,128.902,41.6231,12.949,-40.9592,-32.3364,-5.7294,-44.7112,-9.8919,-14.148,-32.9638,-45.9502,51.7371,-43.9,-39.1796,-1.6037,-35.9438,-33.8207,-17.9216,-43.3567,-42.6206,-21.7608,-95.0077,-144.356
344,7590,86,759,224.067,146.786,40.005,13.1045,-42.7894,-30.3964,-5.65929,-46.7079,-9.7125,-13.9998,-31.8927,-45.4647,39.5844,-42.0613,-40.4126,1.64931,-35.0791,-35.2092,-17.4993,-41.5903,-41.1871,-18.7523,-98.0245,-145.249
345,7612,32,646,223.933,129.323,39.4945,12.5596,-45.9057,-32.414,-5.93166,-46.5786,-10.7874,-13.3618,-29.5565,-45.8553,39.0132,-43.2138,-36.8911,-2.064,-34.9834,-34.2223,-17.7597,-42.8024,-40.8906,-18.3186,-96.1009,-143.235
346,7634,53,630,202.567,125.083,40.6142,11.4501,-48.1827,-33.681,-5.3271,-45.2522,-12.3116,-14.7538,-29.1446,-46.1237,39.4264,-42.493,-37.0411,-2.79387,-34.4538,-36.3545,-19.0264,-41.0685,-41.3495,-14.1722,-95.7231,-143.696
347,7656,65,534,220.2,123.378,41.7499,11.325,-48.3672,-31.8903,-5.27587,-44.9146,-11.3275,-16.4393,-30.4014,-44.1513,34.4857,-42.7597,-34.7528,-1.11355,-32.8774,-34.4208,-20.2439,-36.3863,-41.6153,-16.4889,-96.9486,-143.538
348,7678,49,612,202.8,133.793,42.3708,15.0556,-50.0501,-32.9717,-6.18335,-42.7239,-11.9052,-18.2255,-30.2805,-44.7055,36.0549,-43.4761,-33.8762,1.08574,-35.109,-33.2397,-21.5326,-36.4067,-42.9905,-14.806,-97.0589,-144.29
349,7700,54,636,240.5,130.454,42.9053,16.6531,-50.1629,-31.9168,-1.34669,-42.925,-10.197,-19.1389,-32.7405,-47.0624,39.0574,-41.8497,-33.9553,-2.83546,-29.9836,-32.8213,-21.2561,-34.9242,-42.6325,-14.6825,-95.7453,-144.451
350,7722,54,1025,328.867,263.625,43.9849,15.6335,-48.0383,-31.7463,0.850169,-43.5928,-11.0933,-11.6532,-30.2349,-46.9532,42.0057,-41.3962,-32.4119,-4.91728,-27.3591,-34.5418,-19.5858,-33.6635,-43.2195,-14.4827,-94.0657,-147.436
351,7744,58,658,259,161.01,44.403,15.4719,-48.9692,-32.5168,0.695736,-48.2331,-8.8076,-8.73801,-27.6683,-47.0995,40.0748,-41.7848,-34.185,-2.52806,-30.7441,-36.1086,-21.8256,-34.0929,-43.6677,-12.8384,-96.1792,-148.776
352,7766,28,687,238.3,161.345,46.9713,13.2429,-46.9574,-31.4996,0.596295,-46.4355,-5.88486,-10.2577,-27.5388,-49.8138,40.9832,-42.8393,-34.0552,-6.50626,-30.4367,-36.6102,-21.1211,-36.7566,-48.9791,-13.8753,-96.3724,-152.472
353,7788,64,760,240.167,166.978,48.4901,15.9243,-46.2155,-32.2607,-0.845873,-47.1462,-7.24767,-9.79049,-27.0791,-47.7991,41.0493,-43.191,-35.7806,-8.84385,-32.123,-34.4952,-19.59,-36.4214,-51.0828,-17.0564,-97.0288,-152.261
354,7810,45,985,275.033,213.853,48.1443,13.3975,-44.1836,-30.4039,1.22806,-49.221,-9.25667,-10.3626,-29.581,-54.0657,40.5658,-43.1584,-37.4543,-8.26167,-33.9548,-35.1244,-20.5816,-35.7179,-51.8326,-17.324,-93.979,-151.955
355,7832,54,598,275,129.624,49.0125,11.4017,-46.4988,-31.2251,2.35793,-49.2274,-8.84294,-10.5261,-29.3252,-56.5314,41.3028,-43.084,-40.3012,-7.28754,-32.7165,-37.3316,-20.5467,-34.1387,-50.6725,-16.6484,-91.8314,-150.529
356,7854,17,1337,272.9,266.262,44.1773,9.87645,-46.7105,-31.6471,2.03735,-49.7348,-8.8202,-12.502,-30.0558,-57.7371,42.1297,-40.6059,-39.4944,-10.1201,-31.9528,-36.4873,-22.0232,-33.1872,-48.9004,-17.9001,-90.2519,-151.699
357,7876,54,1220,294.033,250.335,43.9652,12.3208,-45.1115,-31.806,2.40851,-49.2151,-6.53662,-13.8799,-32.0318,-55.608,39.5528,-40.3762,-40.7083,-14.3768,-29.1867,-36.4681,-22.4945,-34.9658,-48.4244,-19.377,-87.3032,-151.186
358,7898,65,588,232.667,128.719,46.4655,7.17708,-43.1593,-32.1031,0.892103,-50.7961,-6.35907,-11.1177,-29.9384,-55.407,41.1222,-39.9289,-38.8155,-14.4512,-30.1103,-31.8657,-24.7886,-34.8442,-46.2314,-20.5772,-87.0244,-150.262
359,7920,41,520,218.5,133.296,43.4227,10.1709,-41.601,-33.6994,2.10829,-53.142,-7.89483,-8.70797,-33.3848,-54.6207,42.8644,-38.0726,-40.166,-14.8785,-29.5039,-34.4162,-26.0076,-32.4696,-45.2376,-19.8381,-88.6003,-151.563
360,7942,50,979,312.367,245.523,39.7353,9.35224,-44.5166,-33.9571,4.48539,-51.9624,-5.24098,-14.0183,-32.245,-56.5048,41.3194,-37.1183,-40.2713,-17.756,-27.4893,-34.3137,-25.9953,-29.2458,-45.3693,-17.6108,-88.5506,-160.136
361,7964,72,697,263.5,171.807,39.7626,9.42107,-44.7267,-33.6171,3.40724,-51.1796,-8.75718,-16.2109,-32.5256,-56.904,43.6819,-36.7498,-36.4074,-18.5117,-27.2304,-33.6279,-24.149,-30.349,-45.4108,-17.6338,-89.6135,-159.409
362,7986,42,1050,312.467,266.001,37.3204,6.71386,-47.3055,-31.0814,4.21949,-53.502,-6.31084,-16.18,-34.7683,-59.899,45.2431,-35.8814,-37.0376,-16.8305,-28.3794,-33.6276,-22.468,-28.0589,-42.2809,-18.1744,-90.6827,-158.589
363,8008,29,868,299.7,229.559,43.2754,8.44557,-47.9283,-27.3997,5.01869,-55.9335,-6.22352,-16.2168,-35.6649,-57.9095,46.1042,-34.5285,-38.0347,-17.5298,-29.5795,-33.8024,-21.3363,-28.5488,-40.8785,-20.0692,-88.0137,-160.518
