generation,agents,minScore,maxScore,meanScore,standardDeviation,w0,w1,w2,w3,w4,w5,w6,w7,w8,w9,w10,w11,w12,w13,w14,w15,w16,w17,w18,w19,w20,w21
0,22,0,4,0.766667,0.971431,-2.64888,-3.86112,-4.53692,-1.24547,-6.55157,1.8971,-14.5499,14.7912,5.75081,-9.60369,-15.4266,-13.7491,8.02523,-1.23655,7.19852,-0.855174,-0.177952,-5.10636,3.59397,-4.14629,-0.897301,-2.10692
1,44,0,6,1.03333,1.7711,8.87652,-5.33354,-2.81112,8.83514,0.546526,-0.773737,-8.80421,18.634,6.79172,-12.7369,-14.0607,-11.9339,10.8601,-4.44285,-0.741899,-0.569995,-1.60102,-8.9193,17.7622,-12.8581,-2.11025,-7.56991
2,66,0,3,0.633333,0.999425,5.46282,-5.79925,-3.54137,10.4902,1.52199,-1.59862,-7.908,18.5892,8.10296,-13.1684,-14.6607,-13.2549,12.2008,-3.6367,-4.90014,1.32278,-2.07743,-14.0823,18.1406,-11.6955,2.69208,-6.27766
3,88,0,4,0.766667,0.971431,6.63318,-10.7492,-2.60572,6.20649,1.01891,-2.95787,-8.14013,17.8434,10.9207,-9.00259,-13.3465,-14.3672,11.1564,-7.33737,-9.03005,3.34267,-0.275979,-14.11,14.9567,-8.97412,2.60656,-4.53103
4,110,0,2,0.366667,0.556053,4.14958,-9.78591,-3.52981,8.58384,-1.15504,-3.30292,-9.51949,20.5671,14.1804,-9.47342,-12.8829,-16.093,11.1025,-9.55064,0.700829,4.66365,-2.65646,-14.81,11.2745,-11.6438,4.4664,-2.38699
5,132,0,2,0.6,0.621455,5.50988,-8.88907,-6.64225,8.40544,-1.42042,-2.58133,-11.5717,21.1908,13.6889,-10.3914,-13.01,-14.5099,11.1793,-9.3196,-12.8335,3.80472,-4.05726,-13.0537,11.1804,-12.2136,4.82795,-2.7803
6,154,0,3,0.7,0.915386,4.33398,-11.1261,-7.50408,10.1979,-2.86912,-3.59257,-10.9446,17.0314,15.2652,-4.01232,-12.9469,-16.5148,8.95386,-12.7678,-11.9617,4.90742,-4.12254,-15.3349,12.7612,-12.2125,5.8699,-2.0277
7,176,0,3,0.733333,0.868345,4.9593,-12.5205,-8.43785,7.91702,-3.37423,-5.04254,-12.1408,16.8235,13.1027,4.3998,-17.1438,-15.0497,9.93644,-15.4023,-13.2857,6.24924,-5.50616,-15.9719,12.9756,-12.8519,6.05857,-2.1
8,198,0,4,0.933333,1.38796,6.15169,-13.2087,-8.73581,7.54839,-2.06928,-4.9714,-10.2028,17.1205,13.3284,0.502183,-16.8954,-12.8066,10.9672,-19.1633,-9.2885,5.36049,-2.46496,-16.2984,15.5058,-12.9294,13.157,-1.37609
9,220,0,3,0.7,0.987857,9.26458,-9.60701,-7.69013,6.38411,-1.98162,-4.20367,-10.5624,16.8176,13.8515,0.414593,-15.8399,-11.0322,10.7999,-19.0062,-9.22884,4.49001,-2.79401,-16.6034,16.6989,-15.1415,12.477,-3.64252
10,242,0,5,1.66667,1.42232,8.86668,-10.6048,-8.58112,5.19402,-2.28259,-5.84225,-11.5718,16.922,15.2609,-0.120574,-17.5643,-9.6496,9.93124,-16.1165,-10.3814,3.29118,-1.46728,-13.6724,15.3858,-14.1806,11.175,-4.91722
11,264,0,5,1.06667,1.17248,7.7638,-12.3786,-10.3986,0.806256,-2.85915,-4.51501,-10.692,18.2491,14.7547,-1.38455,-17.9624,-10.9528,15.1606,-15.1036,-10.7339,3.01144,-3.36677,-11.9563,11.8054,-13.5094,10.894,-5.81307
12,286,0,3,0.6,0.723974,8.76883,-12.3854,-10.3448,-0.0745281,-3.84496,-2.23787,-8.83826,14.7616,8.89667,-2.31849,-16.2065,-9.59567,14.029,-14.818,-4.12504,4.13113,-5.04392,-10.9075,10.826,-11.3999,11.5167,-4.19621
13,308,0,5,1.16667,1.39168,8.59243,-11.3017,-8.27773,2.61106,-3.38199,1.59346,-8.70113,13.946,9.97389,-5.91361,-17.4501,-11.5145,14.2422,-12.1641,-6.54317,4.19143,-3.73895,-13.143,13.3821,-8.10889,8.30743,-3.85073
14,330,0,6,1.23333,1.52414,9.46023,-13.7202,-9.11522,1.34916,-4.89724,0.663209,-7.78785,12.8698,11.0454,-6.76116,-17.9305,-11.1268,13.0837,-11.4558,-6.988,3.25504,-2.77018,-10.9925,13.401,-10.0068,9.48432,-4.93781
15,352,0,4,1.16667,1.05318,7.93283,-14.2324,-9.98117,2.91462,-5.92614,1.69602,-8.08929,10.4149,12.0702,-3.87295,-16.7258,-8.97037,15.0505,-11.8626,-6.79919,2.11448,-1.24719,-12.5442,13.1697,-9.45668,10.349,-6.37676
16,374,0,5,1.1,1.29588,7.73073,-13.5419,-11.8451,3.46439,-8.21594,-3.75983,-10.5354,11.3322,13.2952,-5.21591,-16.9197,-11.4528,16.2375,-10.5668,-7.33284,-0.180667,-2.31054,-11.7116,7.85644,-11.039,8.41858,-7.41906
17,396,0,10,2.3,2.33637,7.57726,-13.0423,-10.4944,-2.53884,-10.4502,-6.08082,-9.6393,11.2329,13.8102,-5.38207,-17.5091,-9.3367,16.4821,-9.40952,-5.66406,1.53414,-3.5764,-12.9956,7.05879,-9.24121,10.5946,-9.16611
18,418,0,7,1.66667,1.58296,4.72369,-11.6711,-15.0957,0.708563,-9.30641,-6.05167,-13.9021,12.868,11.2605,-3.14671,-21.1084,-12.5004,15.4071,-8.91716,-4.14535,-0.152236,-1.1614,-12.2878,7.45792,-5.30633,11.4153,-5.91237
19,440,0,6,2.53333,1.73669,4.59939,-9.89976,-9.35445,0.416932,-11.3157,-6.25891,-13.0589,10.4261,9.27955,-3.63421,-20.1578,-8.32165,15.2686,-7.60585,-4.09761,-2.68559,-0.44875,-13.1479,4.28694,-5.45007,10.2739,-13.7424
20,462,0,11,3.83333,3.09709,5.64208,-9.32933,-10.2243,3.35501,-13.8164,-10.7561,-11.2066,9.62466,5.86122,-6.367,-15.4721,-11.4982,13.2634,-6.16057,-2.84845,-1.2422,-0.0535528,-9.63521,5.18507,-7.10349,10.273,-13.8821
21,484,0,8,2.5,2.19325,5.72678,-10.1577,-10.5821,6.8156,-15.3541,-12.0983,-14.1204,11.6326,6.12621,-4.40084,-17.3264,-10.524,12.7797,-5.15078,-3.53551,2.47839,-1.87659,-9.70456,4.9432,-7.65012,10.651,-13.3004
22,506,0,17,4.56667,3.84782,6.63923,-12.9226,-10.1732,6.13741,-14.9725,-14.3971,-14.2848,11.2953,7.22253,-4.97029,-17.9677,-8.28818,10.543,-2.14353,-5.00718,-0.379111,-1.0947,-7.32999,2.40136,-9.53564,11.3603,-14.2525
23,528,1,11,5.16667,2.65334,9.32602,-12.5426,-10.3978,4.39999,-14.2688,-14.3764,-15.7708,11.9417,6.4827,-2.34088,-18.9762,-9.36701,7.33429,1.65014,-7.56927,-2.96349,-3.02601,-8.95811,3.9851,-10.3557,9.76683,-14.9637
24,550,0,14,5.36667,3.13471,9.75433,-13.4496,-11.8027,8.07992,-15.4835,-12.6266,-15.3809,12.1206,6.91955,-2.61579,-19.2594,-10.0105,4.3474,2.06047,-6.64547,-1.61018,-2.35016,-10.8364,2.4776,-10.4598,11.5438,-14.3279
25,572,0,14,5.43333,3.72025,9.63333,-10.9903,-11.5683,9.46349,-16.6719,-13.3983,-15.0142,10.6946,4.31628,-1.49455,-19.6915,-7.57312,3.34257,2.26539,-6.22054,-0.197721,-4.59587,-10.1793,3.30245,-9.21379,11.0269,-12.4152
26,594,0,16,5.16667,3.42489,12.4144,-10.4651,-11.5503,9.97037,-17.7976,-13.2465,-15.9973,9.50143,1.4891,1.43381,-13.2503,-8.07165,5.19713,1.50223,-5.38185,1.38465,-2.50138,-12.2108,4.49672,-10.3846,8.13413,-15.5518
27,616,1,14,5.63333,3.05674,10.8825,-9.50199,-12.2612,9.3142,-14.1351,-15.9375,-18.6287,10.9713,0.809534,1.85499,-10.5429,-8.25095,3.13282,2.03028,-5.49141,1.6205,-3.31391,-13.2641,6.94279,-11.2411,8.10091,-15.7426
28,638,0,13,5.93333,3.50304,9.46423,-8.4833,-9.88026,10.1998,-14.7737,-13.9935,-14.9108,10.8478,-0.263532,1.9107,-12.4523,-7.06494,3.94899,5.69835,-5.4716,0.665384,-2.01071,-14.5833,6.90575,-12.5666,6.01909,-14.6529
29,660,0,11,4.83333,3.21723,8.22237,-9.71671,-10.2919,8.45934,-14.7792,-11.543,-13.6514,13.3214,-9.16629,0.0138724,-12.7276,-7.45296,2.82674,5.23161,-6.07619,0.12628,-3.7967,-14.7228,6.62224,-15.4211,6.27811,-11.3684
30,682,0,19,6.56667,4.46969,6.77941,-13.7031,-10.5108,10.8924,-13.4548,-12.7191,-14.7094,13.8049,-9.57886,0.768854,-14.6373,-9.22446,1.81657,4.66404,-6.44902,0.375302,-1.96379,-12.9737,7.58677,-13.2912,6.36467,-16.6418
31,704,0,15,5.73333,4.05083,7.18563,-15.6536,-9.69115,12.2693,-12.364,-14.5573,-15.8848,16.1182,-10.0156,-0.674293,-13.7524,-7.38598,3.49187,0.887088,-5.72252,0.818606,-1.13311,-12.9503,6.33854,-10.0568,6.95018,-14.647
32,726,1,19,8.13333,5.47555,6.63661,-14.7039,-10.1104,15.1748,-14.7461,-15.903,-16.2151,16.3991,-8.74464,-1.92633,-13.1902,-11.9235,4.76945,-0.365004,-3.47183,-0.026376,-3.74446,-11.7,7.59513,-9.79223,7.08459,-16.2609
33,748,0,17,7.46667,4.4001,4.8477,-12.6542,-12.3964,19.2963,-14.6118,-16.0372,-17.9039,17.638,-8.94566,-4.10624,-12.8924,-9.61789,3.0275,-1.52053,-1.98673,-2.67395,-4.33706,-12.3357,9.32121,-11.6165,7.29334,-15.726
34,770,1,13,5.93333,3.74104,6.41303,-13.2107,-12.5042,19.5166,-12.5323,-16.0481,-17.5063,20.9429,-5.56408,-5.64417,-11.8735,-9.51125,5.9784,-6.49536,-2.57704,-5.52726,-3.38501,-11.4868,9.47084,-10.5998,4.70261,-13.5602
35,792,1,19,8.46667,4.28094,11.7118,-11.0972,-12.5906,19.133,-16.1064,-17.3819,-18.0955,21.12,-4.6915,-3.03064,-13.2487,-10.4694,4.87812,-5.03569,-2.36643,-7.1895,-2.90507,-11.5482,11.2159,-11.6614,1.84681,-14.4095
36,814,0,11,4.33333,2.38289,12.4397,-6.95061,-11.9367,16.4746,-16.1095,-20.2799,-25.6957,22.0785,-5.59858,-3.34605,-11.8885,-10.997,2.85077,-3.97693,0.977992,-9.02079,-4.02697,-10.359,12.8713,-13.408,1.12122,-16.2889
37,836,0,14,5.66667,3.39709,13.5722,-5.4128,-12.7182,20.0105,-17.1442,-22.0453,-26.6643,18.9496,-6.21585,-4.14862,-10.9381,-8.63655,2.39383,-2.38856,2.82699,-4.95803,-5.87668,-13.6777,12.0033,-9.08936,-4.30548,-16.6129
38,858,1,21,5.2,4.36601,14.4198,-5.39359,-14.6972,20.3348,-17.2257,-22.5488,-27.9303,19.3429,-6.55245,-3.63089,-12.012,-7.33846,3.17112,-0.969856,2.95888,-3.4795,-5.8094,-15.0901,10.7435,-9.48017,3.55149,-16.7874
39,880,0,14,5.86667,3.74841,15.8406,-4.85172,-15.8992,17.0862,-16.5994,-25.8948,-26.3057,21.0518,-9.70116,-3.54385,-12.1183,-6.79084,4.08554,-1.4603,4.04519,-1.62575,-7.72989,-12.4111,12.5735,-11.7355,1.21212,-18.0021
40,902,0,13,4.26667,3.21562,17.3449,-3.16217,-14.6702,15.9611,-15.2034,-23.662,-19.9134,19.502,-8.51976,-3.45083,-11.284,-6.04536,6.7123,-1.04648,3.46431,0.285268,-6.08591,-12.3692,11.7152,-8.60162,0.953334,-17.2026
41,924,0,11,4.53333,3.15937,15.9736,-5.46018,-13.7414,14.5498,-13.7573,-23.6804,-29.1593,18.0224,-8.3239,-1.20362,-13.3184,-6.41573,6.79671,1.58988,5.14582,0.454955,-9.16423,-10.2848,10.7549,-5.73915,-0.648771,-16.0304
42,946,0,14,5.7,3.73382,18.5708,-5.01382,-12.4715,14.9956,-15.9284,-21.9649,-21.6062,20.8581,-8.14228,-0.10587,-12.6868,-6.22774,5.13941,2.25497,0.641233,0.0274674,-8.93679,-9.74408,11.073,-6.83596,0.265451,-19.4657
43,968,0,17,6,4.32315,17.376,-1.71475,-12.0891,15.6221,-15.9868,-22.786,-20.6196,18.7512,-7.85484,-0.715483,-13.1971,-5.44723,4.88985,2.02447,0.108339,0.128732,-8.71875,-11.556,10.0726,-9.51888,-0.354996,-18.2919
44,990,0,12,4.63333,2.96512,20.5535,-1.02323,-12.0394,17.2655,-15.2424,-23.2142,-22.8841,18.5976,-5.96377,-3.30123,-12.5247,-4.42469,1.53103,5.01609,-0.849488,0.291586,-5.36622,-12.9333,9.37752,-12.2001,1.9469,-19.0823
45,1012,0,12,4.43333,2.93238,21.1252,1.20778,-10.5788,17.8928,-15.4613,-22.0783,-24.8269,17.6611,-5.45843,-4.39004,-13.9954,-3.43258,5.11544,2.91309,0.756941,-1.91681,-3.02702,-14.6738,7.39548,-12.5786,2.50591,-17.4545
46,1034,0,13,4.93333,2.98194,23.3665,-2.22439,-11.4258,19.1431,-15.9726,-21.9743,-23.0626,15.9516,-7.53152,-7.66982,-15.8702,-1.00188,6.29272,1.51202,1.50988,-2.41656,-2.84002,-13.2188,8.86392,-10.2215,2.24569,-16.4164
47,1056,0,13,5.5,2.87378,22.3832,-4.66774,-10.2113,19.2321,-18.4964,-23.4422,-22.8836,12.2353,-7.85656,-7.69422,-13.8428,-3.69546,3.48716,-0.239898,-1.08577,-2.10369,-4.02524,-10.0965,11.3582,-12.9762,1.87932,-19.652
48,1078,1,19,6.83333,5.02465,23.7679,-4.71321,-12.1202,18.3565,-18.7462,-23.2768,-22.8602,12.8979,-6.50052,-8.2459,-12.9506,-4.08499,3.63295,0.435124,-0.436235,-5.32255,-4.92406,-10.9468,11.6659,-17.1112,1.36337,-23.8766
49,1100,0,17,7.36667,4.83153,23.2308,-4.30087,-12.6465,15.5559,-17.6308,-22.9582,-23.4251,12.296,-5.38957,-9.14783,-12.8326,-3.25984,2.17027,-1.36344,2.41962,-4.63114,-6.2527,-10.5733,12.0305,-13.0809,-1.67385,-20.8997
50,1122,1,18,8.3,4.1034,21.2972,-5.35654,-13.1886,18.3253,-15.9845,-24.6003,-25.1925,11.9432,-5.56668,-11.4929,-11.0676,-7.14498,0.668935,-0.867725,0.678402,-7.60262,-8.50726,-8.52606,13.6007,-12.031,-4.37987,-19.4908
51,1144,0,21,8.46667,4.65894,19.1278,-5.78288,-12.4262,16.6845,-14.8857,-24.2818,-25.1138,10.9453,-5.46602,-11.2876,-9.4513,-8.5198,0.128664,-0.0103573,3.21146,-6.49283,-8.26947,-10.345,9.05229,-14.178,-0.0628535,-23.5302
52,1166,1,18,9.13333,4.0406,15.1143,-6.74558,-14.4743,18.5146,-12.9482,-23.0166,-24.8889,9.02573,-3.71415,-10.7406,-11.9419,-11.0562,-0.394844,-2.21603,3.8037,-11.7911,-7.80297,-10.4531,7.73504,-12.2046,-0.877774,-25.6011
53,1188,2,15,9.13333,3.72997,12.0403,-6.5129,-13.356,17.6892,-14.8304,-23.4298,-24.4593,6.83561,-3.98911,-10.1097,-9.7232,-8.86002,0.536976,-2.18289,3.98011,-11.4708,-9.42175,-10.6072,8.23275,-11.2543,-1.5564,-25.4158
54,1210,2,33,14.0667,6.10784,13.4144,-2.93596,-15.0819,17.0867,-15.1106,-22.2518,-26.8289,3.77439,-4.20337,-8.56081,-8.7434,-7.3242,1.38251,-3.9266,4.84438,-10.9688,-13.7192,-8.94139,5.06958,-10.6735,-2.05956,-27.903
55,1232,1,25,9.63333,5.69624,13.5084,-1.64478,-14.129,19.5896,-15.621,-21.3202,-25.7568,6.27689,-2.05965,-9.98915,-8.91403,-8.23792,1.46079,-0.706744,5.04502,-11.1211,-10.8309,-9.62596,4.82303,-11.9386,-4.47101,-27.2466
56,1254,3,34,16.7,6.98841,13.0303,-4.05818,-14.4983,17.3836,-14.4854,-21.4434,-23.6723,7.63317,-0.484449,-10.0753,-7.21543,-9.93252,0.0679958,-6.75074,1.94909,-14.1528,-11.8662,-6.40585,3.27476,-11.0812,-7.11099,-28.0749
57,1276,3,34,18.1667,7.36761,12.4612,-3.97341,-14.2927,16.3483,-14.0637,-17.8047,-24.4068,7.26979,2.31871,-12.2072,-6.47876,-8.51745,-1.17863,-7.74406,0.515747,-14.6874,-13.2413,-0.75632,0.21794,-13.9982,-5.9204,-27.1423
58,1298,5,47,22.8333,10.6741,12.7083,-4.09837,-14.984,19.6086,-13.4333,-16.4736,-21.1816,5.83261,1.05847,-12.0562,-9.57108,-10.5257,-1.71468,-5.48227,1.17729,-11.4434,-14.5457,-5.24065,-1.61008,-9.46609,-4.61632,-32.1723
59,1320,2,46,25.0667,12.1256,15.3548,-3.27463,-16.4752,19.6026,-13.1992,-15.9137,-21.772,4.4031,1.34288,-13.4226,-7.16358,-10.9082,-3.43855,-5.77412,-0.568716,-11.7943,-11.7274,0.601868,-3.78319,-10.5474,-3.18499,-30.876
60,1342,6,62,23.9667,11.0437,13.5832,-4.16138,-17.0968,17.0634,-12.6116,-15.4263,-22.6694,7.39159,-0.573489,-13.2996,-5.46524,-8.87724,-2.50274,-4.33872,-2.10755,-18.8657,-10.9954,-0.177357,-3.79095,-10.6998,-7.33121,-30.0078
61,1364,4,68,20.2667,13.4982,12.595,-4.74718,-16.6652,19.2302,-12.7904,-17.6122,-22.1481,7.62926,-1.58036,-13.8754,-5.86717,-6.23467,-2.36587,-1.92493,1.71687,-21.8274,-12.4337,-1.13615,-5.81354,-10.3826,-9.02402,-29.7599
62,1386,7,41,18.8,8.57985,11.004,-5.05706,-17.5464,19.0773,-13.3177,-16.3895,-22.8554,7.15134,-1.2839,-13.9309,-6.10037,-7.55047,-0.691116,-3.02869,1.1908,-14.4074,-11.5292,-1.87182,-5.88485,-11.0229,-7.89402,-29.6902
63,1408,6,65,32.8,14.2838,10.6006,-2.767,-15.6428,18.5722,-13.5722,-15.6824,-21.6807,4.73044,-9.00587,-16.5148,-7.31304,-8.46101,-1.41057,-3.1585,2.02031,-11.3006,-11.7564,-3.09816,-5.50998,-12.1829,-11.7441,-28.8614
64,1430,4,66,27.9,12.3326,8.59249,-4.01299,-9.60477,19.3785,-17.5266,-17.7712,-21.9686,5.37196,-9.78572,-15.9646,-7.59159,-6.00009,0.604171,-3.992,3.67349,-9.71192,-13.9138,-5.17388,-5.86022,-13.6194,-14.1816,-30.8837
65,1452,7,74,36.5333,20.0013,7.06059,-2.64506,-12.3302,20.0837,-17.8225,-19.6855,-22.375,3.29333,-8.48977,-16.7167,-6.65035,-10.1947,2.11964,-4.81535,4.23249,-12.0462,-13.7815,-6.68035,-4.93514,-13.2838,-16.4364,-31.7128
66,1474,8,116,47.0667,24.712,7.74166,-2.8484,-13.1297,18.2854,-19.1709,-19.6241,-20.8771,3.30532,-7.25515,-12.2404,-5.39649,-8.95856,3.82539,-7.81453,4.2467,-13.4326,-22.6607,-11.519,-4.53053,-14.0964,-19.7801,-33.3804
67,1496,13,93,47.6333,20.4053,7.9732,-1.92632,-9.81356,19.5944,-18.5696,-17.6323,-21.1504,1.68526,-8.90091,-9.68924,-4.25736,-12.3494,6.7143,-9.58189,2.76444,-13.0218,-25.8307,-13.6877,-4.46207,-17.4927,-22.3454,-37.4533
68,1518,10,79,42.7,16.7788,8.72734,-4.01896,-7.73283,18.6758,-17.6871,-15.136,-22.1993,0.11831,-9.2331,-4.74304,-5.33641,-11.8798,8.13225,-7.68217,0.36041,-14.7298,-17.1866,-14.5528,-2.46902,-16.251,-20.444,-43.2413
69,1540,15,101,57.4667,24.7048,7.41953,-2.65416,-8.21119,18.5633,-19.1806,-16.2875,-21.7638,1.00947,-7.35621,-4.70417,-5.94708,-12.1385,5.43228,-8.23261,-1.25158,-15.4906,-14.515,-15.8254,-3.86363,-15.0627,-20.9181,-42.494
70,1562,31,159,70.3,33.3665,8.53903,-3.18393,-9.51294,16.7759,-19.4946,-13.4622,-22.1033,-3.47079,-7.17028,-5.0504,-7.04148,-14.0389,5.25915,-9.73408,-2.45761,-16.9203,-14.7844,-17.8079,0.962491,-13.8171,-20.939,-45.2248
71,1584,20,87,44.0333,15.6789,9.1348,-0.015383,-12.8569,17.7883,-20.3193,-12.7559,-21.5733,-6.3903,-9.54262,-3.79419,-8.71373,-16.2003,6.0685,-9.39752,-0.412604,-19.2494,-14.6481,-17.5392,0.742528,-13.8292,-20.4421,-47.3528
72,1606,6,144,57.7667,33.8329,8.23672,-5.40958,-10.9148,18.1787,-19.7489,-11.5216,-20.0243,-8.19297,-9.18126,-6.78611,-9.21263,-15.0845,7.6695,-7.35781,1.27074,-16.2299,-12.2989,-16.1214,-0.623707,-10.6118,-23.9752,-49.3542
73,1628,13,224,69.1333,38.6538,7.45155,-5.05528,-11.4859,16.2477,-17.4966,-11.2454,-16.7413,-8.52691,-9.43301,-5.20071,-9.64548,-15.1745,6.83075,-8.47894,2.54731,-16.7017,-15.7624,-16.0343,-1.96979,-8.90738,-26.9749,-48.8226
74,1650,2,195,70.9,45.3898,6.28401,-5.83289,-8.73088,15.3895,-19.5091,-6.47781,-16.7586,-5.03104,-10.7756,-5.18629,-9.11334,-14.3281,6.63883,-8.21968,2.58802,-17.5328,-15.0271,-16.5405,-3.04152,-8.07252,-24.938,-48.1797
75,1672,9,191,72.1333,38.4732,6.39664,-4.18694,-7.8457,14.7401,-18.1543,-2.03342,-18.8935,-2.59377,-11.3605,-6.09852,-9.5228,-10.9741,5.81146,-8.85189,2.93313,-18.0195,-15.2534,-16.8704,-1.79234,-9.33352,-29.4729,-49.0012
76,1694,4,193,64.2333,40.4421,5.38645,-2.87043,-8.2189,14.1175,-20.0016,-2.06551,-20.4534,-3.36084,-10.6749,-5.94462,-11.3163,-10.7493,6.81862,-8.99562,1.73371,-20.7602,-15.2248,-18.3655,-3.45198,-7.16479,-27.4066,-45.4425
77,1716,9,145,69.2667,36.269,6.72477,3.49043,-8.08912,17.3368,-15.5449,-2.29883,-19.0389,-2.8436,-12.3466,-4.81548,-10.1105,-7.98784,6.28055,-11.1466,0.0180204,-22.2515,-13.0232,-17.7748,-2.98844,-3.9481,-27.4003,-45.7124
78,1738,7,171,71.1667,39.6946,3.39311,1.99227,-8.26871,17.896,-14.5952,-1.2099,-21.4481,-0.901022,-11.9064,-5.87965,-9.4481,-4.52054,5.29786,-13.0932,-2.3342,-22.8,-13.4467,-18.6157,-4.39811,-3.61556,-27.419,-45.2186
79,1760,6,167,69.1,44.2176,1.1996,1.83078,-9.53106,15.4326,-15.5267,0.471505,-23.3284,-0.963614,-12.6782,-6.41388,-9.55792,-1.2771,5.0744,-12.4394,-4.19209,-21.556,-10.6735,-18.2463,-3.57768,-2.45566,-25.4364,-46.6055
80,1782,5,293,92.7667,66.6135,3.25349,1.44633,-10.7417,10.8712,-14.2244,2.81856,-18.555,-1.62002,-11.3442,-4.75931,-8.9767,-4.54499,6.53399,-15.5936,-4.19569,-21.6011,-9.09377,-17.1505,-6.34936,-4.43918,-24.531,-50.3953
81,1804,22,285,119.5,70.3904,2.94478,1.38454,-9.85435,7.78144,-12.4772,1.90505,-18.0728,-2.72124,-12.6486,-8.87839,-7.70001,-3.62308,5.99362,-16.3833,-4.58902,-25.9557,-7.92637,-17.0165,-7.72769,-5.47727,-22.586,-49.3555
82,1826,21,268,128.3,67.2541,1.01412,2.06193,-11.1194,7.22454,-15.1997,4.04124,-18.1742,-0.738674,-15.2304,-11.0097,-4.82385,-4.43528,5.06018,-17.2917,-5.11137,-28.3379,-9.53614,-18.2887,-9.63785,-4.9882,-20.6979,-49.477
83,1848,54,523,147.1,95.0268,-1.66052,2.14217,-8.18735,4.33853,-16.8875,0.97302,-20.6871,-3.3809,-16.2927,-10.356,-6.24515,-4.90002,6.28572,-17.4674,-6.6842,-28.5077,-9.94954,-19.3097,-8.54628,-6.00691,-22.1797,-49.1676
84,1870,41,494,192.033,93.94,-5.27453,2.99784,-8.99989,4.24938,-16.7659,-0.239887,-20.3027,-4.89164,-17.5412,-10.9613,-6.96404,-5.23316,3.4742,-16.8564,-8.48688,-29.2969,-8.83605,-19.8151,-9.82761,-5.76276,-22.2516,-49.0372
85,1892,25,757,160.933,141.065,-5.12115,2.60222,-8.5206,5.61559,-15.0434,1.34997,-20.7567,-5.01169,-16.422,-10.1357,-8.60082,-5.20373,3.06463,-14.0662,-8.11901,-29.1612,-9.73424,-20.5828,-13.3043,-2.84599,-20.81,-48.3352
86,1914,13,540,154.467,100.007,-5.85047,0.567404,-8.19662,4.62373,-16.1561,2.78033,-20.763,-6.6448,-16.1147,-8.90801,-8.79295,-4.83949,3.6238,-14.9182,-6.97515,-27.9402,-8.71038,-19.1011,-15.5577,-2.60113,-19.7024,-49.5333
87,1936,26,326,134.033,88.6984,-5.71677,1.24813,-9.39252,4.50113,-14.282,3.66236,-20.7999,-4.24109,-16.3458,-11.662,-9.55944,-2.77878,4.13062,-15.07,-9.53787,-28.3016,-6.76039,-18.8202,-15.6121,-4.42427,-21.1585,-50.0219
88,1958,47,386,140.533,94.2618,-9.88121,-1.65862,-8.63568,4.88628,-15.3176,3.14676,-20.7835,-5.04095,-19.1231,-9.6794,-6.79169,-1.67552,5.34001,-15.9389,-9.7618,-24.7322,-7.24277,-21.8932,-16.8683,-7.08142,-19.1583,-48.1022
89,1980,5,685,152.367,134.559,-8.47684,-3.7128,-7.12123,3.05515,-16.8843,-0.1987,-19.1565,-8.53522,-19.8984,-8.14358,-8.11726,-2.00676,6.14685,-18.245,-11.1912,-23.5012,-7.9142,-19.2747,-16.896,-5.37428,-20.5228,-49.5636
90,2002,41,522,199.267,123.472,-9.5974,-6.01322,-7.70237,3.71274,-20.4202,-3.28358,-19.2447,-9.13443,-19.2994,-7.08055,-6.76154,-3.53478,4.89734,-17.4203,-11.821,-25.7021,-7.82786,-18.32,-14.4478,-4.16605,-21.3273,-50.1983
91,2024,33,661,207.933,143.833,-7.2161,-4.69647,-8.21936,3.53903,-19.4351,-3.45528,-21.929,-5.65265,-20.1015,-10.1916,-3.54133,-4.21517,-0.101187,-18.216,-10.6712,-24.9234,-7.69557,-18.1625,-13.1235,-1.72931,-20.9718,-53.3641
92,2046,20,577,193.167,132.486,-7.29552,-5.74096,-8.00186,5.97714,-20.0569,-7.176,-19.0989,-3.57847,-20.0898,-8.30374,-5.24945,-4.871,-0.00123496,-17.6593,-9.28005,-23.589,-8.43748,-16.9105,-16.1832,-3.1368,-21.7888,-55.5836
93,2068,11,319,129.2,87.9911,-5.94755,-6.38666,-5.84004,6.4521,-22.0903,-4.23762,-20.1113,-4.03951,-20.5501,-6.43632,-3.36186,-5.79839,1.81748,-17.755,-10.3195,-23.3604,-10.3138,-16.6954,-17.6356,-0.986228,-18.8241,-56.8214
94,2090,27,405,142.9,93.9796,-4.21117,-6.12243,-4.98534,8.30804,-22.5833,-2.22811,-18.6144,-4.60975,-18.8499,-8.63505,-5.0553,-3.90932,2.70915,-19.7135,-11.4751,-22.9604,-12.7211,-21.4713,-17.828,-1.44262,-19.3539,-55.6664
95,2112,38,298,137.333,79.8262,-3.90397,-7.97593,-7.62718,7.99939,-21.7883,-4.71891,-17.2761,-6.0427,-18.5658,-9.36789,-4.81436,-4.94846,3.24154,-20.2876,-14.0181,-23.509,-7.61029,-21.0136,-17.0543,1.11973,-21.5057,-54.856
96,2134,42,482,181.3,112.517,-3.27499,-6.54939,-7.51883,2.72642,-21.5419,2.04583,-10.0098,-6.75312,-20.2466,-12.0883,-1.92864,-5.36337,1.65273,-24.8556,-16.1584,-22.4662,-16.2893,-22.2749,-17.3632,-1.62378,-24.8431,-51.9956
97,2156,30,504,171.267,100.322,-6.311,-6.89147,-5.71001,1.48083,-22.8828,-0.477897,-11.0684,-7.4819,-22.297,-10.1417,-1.1656,-9.80475,2.06633,-27.1621,-15.1804,-23.9517,-12.378,-20.4558,-17.375,1.79841,-25.5701,-53.5159
98,2178,59,366,177.367,87.5401,-8.66654,-7.72477,-8.24773,1.00855,-25.0134,-2.99978,-11.2722,-5.28388,-25.4475,-8.79675,-1.92107,-14.3052,3.1221,-23.0258,-11.9553,-28.6492,-16.3592,-22.8686,-15.2412,1.21062,-25.2587,-53.2919
99,2200,36,312,146.867,67.6985,-7.65098,-8.25671,-5.62441,5.16655,-24.989,-3.8263,-10.3461,-7.43135,-25.0404,-7.27787,-5.21253,-14.4094,-2.49962,-20.763,-12.5734,-30.1669,-16.1,-23.2897,-13.132,-2.04012,-24.4433,-51.828
100,2222,57,349,161.567,77.7914,-9.94411,-9.49851,-3.72505,4.18306,-27.1298,-3.96689,-12.0146,-8.31269,-20.9567,-6.62852,-7.38194,-16.6104,-0.698433,-23.6303,-11.5122,-31.9428,-14.756,-22.2109,-11.9414,-0.165433,-23.3795,-53.3587
101,2244,16,318,136,73.1503,-8.72995,-12.7328,-3.04975,4.72052,-29.1159,-5.09995,-14.1555,-9.35918,-20.9523,-6.32074,-4.25656,-16.0957,0.12123,-24.2309,-8.77974,-28.9334,-11.6908,-20.246,-10.7594,-2.06716,-23.1211,-51.1235
102,2266,55,507,179.5,107.928,-9.16376,-12.2587,-5.14308,4.05364,-27.3831,-5.16397,-14.9039,-9.97015,-21.575,-6.37081,-6.498,-15.8583,0.197403,-25.1812,-9.8988,-29.6672,-8.14147,-20.9307,-10.9403,-2.71178,-21.9177,-48.3003
103,2288,30,318,127.967,75.6108,-12.5515,-10.7554,-4.89196,1.64778,-26.0949,-6.15314,-10.73,-11.1679,-22.622,-6.33253,-5.37756,-16.8741,-1.86556,-24.6836,-11.0704,-25.97,-5.68926,-20.3359,-17.7962,-0.86279,-23.1792,-48.0337
104,2310,33,478,182.133,116.245,-3.29303,-9.10792,-5.85558,1.98968,-27.9813,-6.58279,-10.0951,-13.6852,-21.5023,-5.54333,-8.3859,-16.4633,-4.77599,-27.3099,-13.0671,-23.7232,-6.65393,-18.9033,-16.5493,-0.184487,-21.4978,-49.106
105,2332,11,426,152.333,104.46,-4.96784,-10.8692,-4.97856,2.79905,-27.1327,-6.11083,-12.5341,-12.5769,-21.0806,-5.78809,-6.28487,-17.8185,-2.18287,-25.7948,-13.0131,-25.8638,-5.57417,-20.1148,-17.3383,-3.28479,-18.7211,-45.822
106,2354,22,862,208.167,177.273,-4.87605,-11.7629,-7.7688,2.14647,-25.422,-8.61136,-9.18828,-13.9263,-22.188,-4.67136,-5.49817,-18.162,-2.81831,-23.003,-14.7108,-23.4862,-6.66793,-19.8186,-15.3264,-2.87386,-19.407,-45.8479
107,2376,68,382,155.4,66.6305,-5.38726,-10.0652,-7.65909,1.73163,-23.2086,-9.33089,-11.7049,-12.2237,-21.8665,-3.84289,-3.92943,-17.6964,-0.1413,-24.4303,-16.9565,-16.5478,-6.38474,-21.2866,-15.1574,-0.366007,-17.5216,-44.2587
108,2398,27,319,145.6,78.1354,-2.6244,-11.3207,-7.99351,3.2128,-22.2191,-8.21295,-13.0906,-18.0285,-24.9808,-4.75533,-3.48029,-15.7472,-0.959517,-23.3508,-17.6665,-15.839,-6.9343,-19.0019,-16.0983,0.70857,-17.8948,-43.2572
109,2420,6,569,150.5,111.459,-8.10844,-9.58157,-8.17234,4.39123,-22.6474,-9.29291,-12.5506,-16.3908,-20.3863,-6.08119,-6.61653,-15.4728,-1.73078,-25.4534,-16.9603,-14.9852,-7.04611,-22.1078,-16.7287,-0.870073,-17.3524,-47.016
110,2442,53,394,196.333,94.0324,-7.76899,-10.3818,-8.39657,3.23211,-22.3586,-10.2414,-12.588,-18.2719,-21.6064,-5.57403,-5.68361,-18.0737,-3.35229,-23.2975,-17.0518,-15.4155,-7.26151,-22.2061,-15.5845,-1.0488,-18.7651,-49.7837
111,2464,29,581,214.433,134.017,-9.81103,-8.01606,-8.96659,0.955824,-22.8775,-10.6401,-12.9516,-18.7139,-23.5056,-8.44113,-5.49936,-17.1267,-5.89515,-22.4507,-17.1929,-17.1028,-4.77643,-22.5953,-15.1333,-1.32969,-17.1262,-50.6927
112,2486,72,1058,311.767,203.678,-9.26631,-7.32308,-6.3652,-2.09776,-21.111,-12.8259,-10.8188,-19.772,-23.1722,-7.32146,-4.89733,-16.5349,-6.83967,-21.8459,-16.0255,-13.4949,-5.99105,-22.3126,-16.0057,-3.03233,-17.3359,-54.3665
113,2508,66,684,234.733,145.586,-10.4283,-8.65501,-7.64307,0.168013,-21.1317,-14.14,-9.32951,-20.9588,-24.1577,-4.20094,-4.66374,-15.7384,-6.70786,-20.2417,-15.2895,-14.3711,-6.98831,-23.5935,-18.4395,-0.968259,-17.1974,-55.8814
114,2530,55,927,348.733,217.621,-11.9383,-7.39378,-9.69138,1.28411,-23.8191,-14.4417,-9.35191,-21.5431,-25.0135,-3.90161,-4.2853,-13.7138,-4.77228,-21.0553,-16.3405,-13.8611,-8.36081,-23.2833,-16.0678,-3.68049,-14.0942,-57.4245
115,2552,57,1102,339.4,295.063,-9.63895,-5.79501,-13.0401,0.949405,-20.3853,-15.7488,-9.43751,-23.0186,-25.4399,-8.25186,-7.93064,-16.3246,-4.56538,-20.3744,-16.3965,-14.7887,-6.68926,-20.4747,-16.1102,-3.99471,-13.0419,-57.463
116,2574,56,1192,441.3,303.126,-10.1099,-4.12865,-11.4082,1.77745,-19.6944,-13.0641,-10.1194,-18.4103,-24.4948,-8.20779,-6.70354,-12.6775,-4.96627,-19.0271,-17.2525,-16.9072,-8.82742,-21.3273,-14.2351,-5.65135,-13.5858,-59.7835
117,2596,26,842,324.2,215.704,-9.58788,0.022804,-9.88858,2.89728,-18.6977,-14.6311,-5.30323,-18.2951,-22.9456,-6.21072,-4.08524,-10.4053,-3.23486,-20.9321,-12.2753,-16.1779,-8.12859,-20.4036,-14.1728,-3.32175,-18.1428,-60.9995
118,2618,64,1332,437.7,261.089,-8.79584,5.50307,-14.9681,1.84987,-20.7103,-14.2244,0.410928,-17.7584,-21.7969,-4.37045,-2.56092,-12.1826,-3.28268,-21.8663,-8.84502,-15.7507,-10.0448,-21.2986,-14.7419,-4.40281,-17.1082,-62.5654
119,2640,42,1425,399.033,297.791,-10.289,6.15785,-15.7597,4.1362,-20.608,-15.4113,2.12006,-18.6487,-22.251,-4.97088,-0.685614,-13.0844,-4.20968,-23.6069,-9.03918,-16.9121,-9.33396,-24.0524,-13.4243,-6.24317,-15.6334,-62.5557
120,2662,41,767,241.667,152.392,-10.6664,6.65454,-16.612,4.25379,-23.5098,-15.4463,2.6774,-17.7599,-23.3232,-4.78748,-0.15224,-14.8968,-2.8277,-21.651,-10.5655,-19.7186,-7.06686,-23.8261,-13.72,-5.00674,-14.425,-61.8811
121,2684,31,910,300.367,242.989,-10.6076,3.19862,-16.9773,4.38984,-22.0905,-14.0576,1.64244,-16.0726,-22.2532,-3.57346,-0.702058,-13.7917,-1.64497,-21.986,-14.2609,-21.448,-7.8357,-21.8872,-11.2278,-3.43817,-9.95025,-62.6124
122,2706,63,1328,456.333,321.672,-11.5722,0.6437,-16.4009,4.5794,-19.5255,-13.289,2.48222,-18.4379,-18.7903,-4.96057,-3.85276,-14.8991,-2.44703,-23.7472,-15.0072,-22.2383,-9.9238,-20.2915,-10.753,-4.14235,-9.85443,-63.6757
123,2728,71,1419,550.767,307.534,-10.2703,0.60596,-14.3805,0.914733,-15.7192,-13.4487,1.06699,-20.0104,-17.6299,-4.12062,-3.69236,-17.2819,-4.11041,-23.7352,-11.3708,-18.8878,-8.91163,-21.924,-9.10871,-2.7302,-7.71908,-65.5907
124,2750,30,1784,492.2,397.881,-8.95118,4.316,-13.9183,8.07234,-14.2466,-9.96123,3.26953,-18.0255,-16.777,-4.02643,-2.03155,-18.3723,-5.23255,-22.1324,-12.3834,-20.0013,-9.42184,-21.0094,-8.44282,-2.92755,-7.90451,-67.0456
125,2772,78,1890,649.667,436.816,-11.9613,1.31627,-15.1839,8.09991,-14.9223,-8.75614,2.20988,-16.1981,-14.8001,-3.87927,-1.93631,-22.713,-7.11324,-23.5749,-10.1893,-16.9019,-8.87071,-21.0768,-7.6096,-4.59664,-7.11223,-67.6735
126,2794,156,2033,709.867,480.616,-15.1425,1.96507,-14.4804,6.56186,-19.4847,-8.84498,0.457687,-16.155,-14.0306,-3.88579,-1.71488,-22.8132,-9.00554,-22.5195,-8.03005,-15.133,-8.22318,-22.6883,-6.71287,-6.40803,-9.00557,-67.4668
127,2816,25,2211,641.167,572.428,-14.6162,1.40935,-17.1263,8.0159,-20.6649,-9.4218,2.5933,-16.5802,-8.29129,-6.11944,-1.14374,-24.8413,-11.4215,-21.0904,-7.93424,-12.6932,-10.7259,-22.5418,-5.26388,-4.39565,-8.59792,-63.8086
128,2838,112,4338,1095.6,920.496,-14.7398,2.83141,-17.1752,11.0982,-18.6203,-8.95536,0.20783,-15.9707,-8.33254,-6.22463,-1.59459,-23.5017,-8.18523,-19.9778,-9.09311,-9.60688,-10.8796,-21.0972,-4.95715,-5.20417,-8.53757,-64.4778
129,2860,10,2717,996.867,711.521,-11.9177,5.33121,-16.1326,12.2536,-19.1754,-7.50975,-1.50768,-14.9663,-6.64112,-4.90805,-3.6638,-24.8384,-11.2338,-18.7504,-8.45294,-9.37209,-11.9419,-18.4208,-4.47749,-6.31349,-8.76678,-66.87
130,2882,38,4097,1125.93,1084.98,-12.3352,4.80043,-16.4181,11.9201,-17.3105,-6.97979,-0.0145683,-17.2012,-7.04862,-4.61998,-1.71203,-24.0606,-11.1346,-18.4859,-8.35735,-6.75474,-11.4887,-15.7367,-4.94587,-5.85614,-10.0435,-67.0024
131,2904,99,5266,1413.37,1334.32,-13.9879,4.8515,-17.6427,10.1221,-18.5757,-7.0949,0.436954,-17.4946,-6.98517,-7.27773,-2.64577,-20.4133,-8.71537,-19.1725,-8.00471,-8.78184,-11.6731,-14.8927,-5.25392,-9.21094,-8.78693,-66.6166
132,2926,34,5636,1603.47,1305.72,-15.8545,2.74959,-12.8172,9.92914,-19.7253,-6.99628,-4.0678,-19.1083,-6.85371,-9.30331,-1.521,-19.2656,-7.08977,-19.266,-10.2908,-10.2541,-11.1877,-15.9698,-7.78803,-8.27306,-8.81717,-66.8721
133,2948,223,7892,1859.07,1464.92,-18.6841,1.36132,-12.5919,8.75066,-20.8566,-5.0426,-2.68161,-20.6958,-5.712,-9.08436,0.517012,-21.0615,-5.26722,-20.2033,-10.7545,-12.3149,-11.16,-14.515,-4.60609,-8.9981,-8.60386,-67.7051
134,2970,22,2318,858.1,600.773,-20.5823,0.863586,-12.2631,10.0052,-20.6602,-3.40814,-1.25854,-18.9722,-2.96676,-8.43242,0.549464,-21.993,-2.91982,-19.2865,-10.477,-11.0336,-9.32837,-12.7928,-2.46549,-9.07508,-10.1739,-69.7117
135,2992,178,10942,2231.2,2591.35,-22.0835,4.01349,-15.2451,6.87959,-19.2753,-4.34758,0.580128,-16.6681,-3.82378,-7.07859,-0.175664,-22.465,-3.31325,-20.689,-11.7594,-15.0671,-9.30038,-17.2299,-4.79555,-11.3134,-8.51707,-67.6965
136,3014,322,3871,1282.77,947.238,-17.8171,4.62842,-10.2281,7.12821,-19.0628,-3.21991,3.01278,-18.0145,-4.1434,-10.0013,0.539436,-22.0875,-4.79976,-16.9721,-12.615,-15.2549,-13.377,-18.3856,-5.72663,-13.4536,-6.78848,-66.9274
137,3036,113,7703,1410.37,1750.25,-16.3651,3.93059,-12.2393,5.84107,-20.5452,-6.15357,2.0125,-16.4902,-6.05225,-12.4167,1.67491,-22.5531,-5.80458,-18.2872,-14.3391,-16.7831,-13.7263,-18.3608,-5.74662,-13.5243,-7.74292,-68.4996
138,3058,162,10558,3322.67,2864.52,-22.6004,4.47108,-13.4525,5.73581,-18.2596,-6.33162,2.08381,-17.2497,-6.41609,-12.0176,4.26602,-22.2769,-6.06274,-20.2609,-16.038,-15.1529,-13.0215,-15.5447,-7.43352,-12.7464,-9.65158,-67.0086
139,3080,132,8130,2734.4,2134.6,-22.4381,10.4305,-15.2801,7.39836,-19.1799,-4.6688,1.15485,-15.239,-4.96562,-12.8235,5.12014,-22.2804,-5.95338,-19.1362,-16.7629,-17.9063,-11.0597,-15.3623,-7.42342,-15.5945,-8.1841,-69.3644
140,3102,338,16417,3387.57,3574.67,-23.1716,11.6826,-18.1945,8.30062,-16.9406,-3.92075,-2.37324,-14.607,-4.84416,-13.9151,4.81998,-23.0176,-7.5575,-19.9712,-15.6191,-19.1798,-12.2682,-14.0327,-7.99284,-15.0927,-8.78105,-70.884
141,3124,124,14872,4654.2,3733.84,-21.3495,14.1283,-19.1769,8.82428,-15.6473,-4.06917,-0.740234,-12.7669,-5.60211,-13.1494,7.60933,-25.8848,-8.23814,-20.9419,-14.7444,-17.9223,-9.9536,-14.8323,-5.72825,-14.5301,-9.22629,-69.8346
142,3146,176,24396,4169.53,5312.72,-20.5377,13.0751,-18.6742,7.88336,-14.4813,-4.34619,-3.65669,-11.8502,-5.00481,-11.18,4.50342,-24.3754,-7.61706,-19.0333,-16.058,-18.5444,-8.83892,-13.4701,-7.68542,-13.5751,-11.687,-68.4266
143,3168,370,15783,4661.03,4434.28,-19.1742,11.6304,-20.0008,6.03861,-14.2178,-1.03714,1.74075,-10.4005,-3.90492,-11.575,5.92514,-23.6859,-5.78625,-18.2772,-18.6755,-14.1394,-8.41631,-13.0337,-7.92612,-14.1304,-10.1021,-69.0491
144,3190,187,31968,7985.63,7947.28,-15.5517,13.5626,-18.9712,5.35873,-14.8454,2.50926,2.25283,-5.38628,-5.24519,-7.97968,4.76584,-22.2274,-6.55352,-18.5367,-17.9829,-13.9015,-4.68476,-14.263,-8.50811,-14.8629,-5.80891,-69.7269
145,3212,41,31118,6926.7,7869.25,-13.6148,15.1417,-18.8421,6.08372,-13.627,2.681,-0.28495,-3.31668,-5.21242,-8.02031,5.28921,-23.3707,-4.82524,-19.4882,-18.5418,-12.195,-4.47633,-12.8729,-9.02127,-13.4412,-4.62339,-68.198
146,3234,331,13212,4752.07,3366.02,-16.2687,16.7774,-18.5214,5.85669,-15.9119,4.63108,-0.82785,-1.16259,-5.26304,-7.0353,3.39773,-24.2661,-5.59998,-20.1803,-19.423,-15.2995,-4.49895,-15.8179,-9.20813,-11.4535,-4.52148,-68.4201
147,3256,210,9764,3900.43,2799.36,-13.6487,17.1243,-18.7545,6.94933,-16.5858,3.33839,2.28589,0.314069,-7.91311,-5.88108,3.51313,-26.9915,-5.36641,-19.3523,-20.1912,-16.0104,-3.97226,-15.8352,-9.57007,-10.9887,-4.62219,-68.017
148,3278,97,19221,4861,4831.33,-15.9927,14.4539,-15.8363,4.5518,-15.999,4.60211,1.36563,1.42209,-7.82582,-8.26853,4.99324,-27.1909,-8.52956,-19.718,-20.6981,-14.0904,-3.38845,-15.5475,-9.32199,-14.7572,-4.54317,-70.3747
149,3300,299,37575,12168.1,10120.4,-13.9682,13.7617,-17.7457,3.91489,-15.1152,4.45554,2.28715,0.10351,-7.38877,-8.30437,6.78899,-26.8583,-9.07196,-19.7292,-17.552,-11.3295,-5.57182,-16.5307,-9.48938,-13.6242,-4.8173,-71.8927
150,3322,455,44419,14121.9,11237.7,-13.9585,17.8434,-18.7592,2.98376,-16.1181,4.64236,1.77832,-2.6104,-5.00118,-10.0588,5.34882,-23.3134,-9.89076,-19.4277,-17.187,-12.1192,-8.31291,-15.263,-8.16338,-13.2355,-3.15058,-69.8545
151,3344,102,45087,13297.5,12326.1,-14.1556,15.754,-17.8693,5.77127,-14.622,3.12211,1.15158,-3.43205,-4.03841,-11.2922,4.80525,-24.1509,-6.52684,-20.4017,-15.6251,-12.3159,-11.4443,-13.6832,-6.21598,-13.1513,-2.23776,-72.3974
152,3366,90,24849,7408.77,6968.26,-16.6228,15.3166,-15.0641,4.73005,-11.5132,4.18535,2.1033,-5.07727,-5.21707,-11.4684,6.28212,-26.5694,-5.88593,-21.545,-13.1803,-11.6623,-14.3947,-19.8261,-9.60564,-9.72417,-6.2411,-73.0061
153,3388,489,46565,11038.6,12689.5,-14.8725,15.2433,-14.8598,4.52692,-11.5939,1.50521,1.70645,-4.64322,-3.85855,-7.88428,6.72457,-28.2374,-5.14388,-21.7245,-14.6362,-12.4072,-12.5493,-20.5919,-12.106,-12.1984,-9.52865,-72.8876
154,3410,302,29358,10143.3,7669.32,-13.7428,13.4939,-12.1592,1.99814,-12.7355,0.493359,3.16192,-5.04845,-8.40718,-6.09054,4.56054,-28.6084,-3.69115,-19.1245,-14.7329,-12.8324,-13.1172,-18.7111,-11.2599,-11.3328,-9.13865,-72.8533
155,3432,544,93247,15275.3,19717.9,-12.989,11.856,-11.3311,2.97218,-9.14448,-0.376745,2.06624,-4.35129,-9.47064,-7.84743,4.31298,-27.3092,-3.92009,-17.2516,-12.0607,-13.12,-11.8225,-17.1523,-9.20645,-13.3866,-7.15329,-72.639
156,3454,538,103970,21454.3,20386,-13.8413,12.413,-12.508,2.41488,-7.11105,0.339872,1.6134,-4.87765,-8.77709,-7.2445,4.59993,-26.8802,-6.90132,-19.1338,-11.2451,-13.0749,-12.2919,-16.1018,-8.96056,-14.1388,-5.67203,-73.8202
157,3476,768,44185,16558.9,14059.4,-13.478,12.3535,-11.1843,2.20304,-8.21318,0.093308,1.40818,-2.11621,-9.44769,-7.72242,4.55921,-25.933,-6.74851,-17.0936,-10.5386,-11.7429,-12.7368,-13.9492,-12.7638,-15.9165,-6.50227,-73.6377
158,3498,515,150745,32804,36718.9,-14.6519,13.3812,-12.7148,-0.84554,-5.49733,1.44365,0.386443,-2.58001,-5.91143,-9.15242,6.09727,-26.1502,-6.93561,-15.8684,-11.375,-12.0393,-9.47504,-14.9436,-10.2481,-16.6462,-5.25872,-73.7673
159,3520,439,56452,16777.3,17430,-15.2687,11.6666,-11.8394,-1.32343,-6.04731,3.68246,-5.81997,-1.40243,-5.64415,-10.0659,7.10935,-28.5309,-7.12412,-17.5834,-9.34342,-11.2902,-9.4038,-16.998,-10.104,-13.3108,-3.14859,-73.3304
160,3542,658,234253,32236.6,48471.1,-15.4247,12.082,-15.4604,0.669794,-8.22051,2.65721,-4.94641,-1.48375,-4.37999,-10.1286,6.77246,-28.1396,-7.41043,-17.4087,-10.6956,-10.3153,-11.765,-15.368,-13.0471,-13.4905,-3.66502,-73.3804
161,3564,936,71908,21130.8,18261.6,-17.4647,13.9224,-14.964,1.93676,-7.46897,-0.245536,-3.99323,-0.820632,-3.64958,-10.2096,8.19601,-29.7694,-7.89245,-15.8336,-9.60916,-9.41741,-10.7278,-14.3318,-14.9175,-14.9109,-4.92361,-71.4783
162,3586,2976,102894,29689.9,25122.9,-19.3931,12.333,-12.9834,0.362099,-7.73969,1.3221,-5.41101,-2.54698,-2.10256,-11.1517,8.89159,-26.3206,-9.83301,-14.7028,-8.9352,-9.49855,-9.71286,-11.9408,-12.2188,-15.2411,-6.15835,-75.1864
163,3608,341,40679,11226.8,9515.52,-19.7983,12.1808,-13.6285,1.41121,-8.19156,1.66864,-9.84964,-5.73972,-1.05612,-9.60918,7.05599,-27.2746,-10.3197,-11.1123,-11.3036,-10.5914,-8.25963,-15.501,-10.7783,-16.9619,-7.46235,-76.134
164,3630,1281,65054,12969.2,13324.6,-20.018,12.4275,-13.7925,4.88371,-6.60014,-0.174522,-7.56101,-5.07739,-1.93644,-11.7411,7.26699,-29.7015,-11.1298,-12.6915,-10.4388,-10.0009,-8.24681,-13.2445,-10.0403,-15.1329,-4.31971,-76.8628
165,3652,1495,72114,15359.2,16828.1,-20.0813,9.46023,-12.6166,4.28103,-3.81852,-2.21256,-8.68913,-3.85947,-2.28341,-7.21558,8.69824,-28.7833,-8.95695,-11.777,-10.0393,-10.08,-9.35515,-9.57497,-7.98903,-14.9643,-5.076,-74.9982
166,3674,751,193031,24393.2,37651.3,-17.9195,10.4453,-12.9179,2.74988,-7.16279,0.179806,-7.44368,-2.63869,-0.938886,-4.03971,7.85671,-28.2361,-6.69614,-11.5845,-10.2554,-10.0835,-11.258,-12.155,-7.70956,-13.1443,-7.87993,-76.5434
167,3696,365,140134,23560.9,27567.7,-18.8373,9.22587,-12.743,3.62244,-6.66071,0.0157356,-7.83553,-3.2033,0.552297,-6.9523,8.65878,-27.8547,-8.10863,-12.1695,-11.2878,-11.0138,-10.3456,-11.8045,-8.01765,-12.2805,-7.5016,-75.6152
168,3718,172,46958,14351.1,13980.7,-23.3754,11.9814,-15.2372,4.7471,-4.77477,-2.15086,-9.01926,-4.79284,1.96527,-8.44111,7.24174,-26.2522,-8.75344,-11.9749,-10.3195,-11.3927,-9.26111,-11.2168,-5.20487,-14.3625,-9.38546,-72.4658
169,3740,605,38654,13934.4,11573.5,-15.1351,14.3072,-14.8992,2.88343,-4.05958,0.590532,-8.19281,-5.69758,3.31712,-5.83101,6.91309,-23.5386,-6.98229,-12.5748,-9.35564,-13.4753,-8.93876,-11.0175,-6.01457,-14.335,-11.6324,-74.0253
170,3762,44,27045,7265.27,6603.28,-13.2441,13.4751,-15.2088,0.837155,-3.60379,-1.35689,-10.4184,-6.22229,5.08065,-5.68978,7.04162,-22.4915,-8.68586,-12.9261,-9.0193,-15.1739,-9.05134,-9.35526,-4.1381,-14.455,-14.52,-77.1371
171,3784,325,37142,11426.7,9345.91,-13.1568,11.8095,-14.8483,3.9675,-0.998484,-1.94165,-9.37687,-4.2168,4.93506,-6.07397,4.59553,-23.1466,-10.0118,-13.6733,-6.69725,-15.2114,-11.7063,-9.44933,-1.75647,-18.2604,-13.9223,-77.0172
172,3806,237,73336,14257.5,14578.9,-10.8083,11.4712,-12.1648,5.72569,-4.49559,-3.72801,-10.7209,-5.07391,2.66085,-6.09971,4.45225,-25.2887,-10.0201,-9.87833,-8.82635,-15.3383,-12.3346,-11.8497,-3.94912,-20.0063,-12.2017,-76.8415
173,3828,798,62978,13622.7,13761.5,-7.57563,11.173,-10.9555,3.26622,-5.29925,-3.94488,-11.134,-2.32804,1.72262,-5.02709,5.60932,-25.562,-11.192,-10.036,-10.8322,-13.5646,-10.9322,-11.5842,-7.66603,-22.4844,-11.456,-74.3009
174,3850,582,36557,11268.7,11091.4,-6.26818,10.6222,-12.8747,6.36102,-2.85306,-3.87507,-10.3451,-2.82973,2.31295,-8.19675,4.88367,-24.1982,-7.88821,-9.03918,-10.5893,-14.1354,-10.9029,-9.80001,-11.0247,-21.0869,-14.0273,-78.1531
175,3872,196,94143,16557.5,19504.4,-10.2558,9.79553,-11.274,6.4208,-3.54197,-3.47737,-8.87544,-4.32553,3.47952,-7.11854,7.74725,-23.6725,-6.47663,-11.1488,-9.43399,-15.9965,-14.5324,-9.93199,-12.4852,-20.6655,-10.6364,-76.9363
176,3894,1409,144194,28259.5,33426.4,-5.03691,11.7618,-11.0944,3.45213,-3.38938,-3.2093,-6.31424,-2.97496,3.4779,-7.60392,6.3175,-24.0847,-8.11028,-13.3086,-8.54416,-17.3998,-11.3885,-10.2642,-9.56887,-21.3354,-8.62607,-78.445
177,3916,438,112894,28882.1,28005.5,-5.8132,12.9541,-11.7537,0.344378,-3.48529,-4.07956,-8.75758,-2.92956,2.80951,-8.70636,9.01158,-24.3686,-9.50628,-15.7171,-8.48298,-15.585,-9.43145,-10.4682,-12.5787,-22.1948,-9.37729,-77.2723
178,3938,2809,124343,29942.9,29391.1,-5.26356,13.6564,-13.5386,-0.956645,-3.29709,-5.73037,-5.92524,-2.20121,1.21222,-11.3792,9.36637,-24.4168,-8.83302,-16.9239,-12.7849,-13.9498,-9.39779,-11.9013,-12.5744,-21.056,-12.0216,-79.2704
179,3960,86,132991,36758.3,37504.8,-6.02663,14.6551,-9.11028,-0.790517,-3.77766,-3.89006,-5.12502,-2.48417,1.47927,-11.9525,8.23332,-23.2082,-8.84552,-13.4647,-13.409,-15.4779,-11.6807,-11.9438,-13.2447,-21.6387,-10.0126,-80.3078
180,3982,650,195764,50546.9,49675.2,-5.96764,11.9005,-11.5388,-2.33662,-1.70578,-2.55167,-4.31346,-3.68428,1.63727,-10.3852,8.16312,-22.2965,-11.8902,-13.2778,-14.6853,-23.9605,-15.023,-14.7774,-11.2044,-21.8622,-9.25881,-81.269
181,4004,2410,79060,27597.9,19958.8,-7.1728,12.4356,-11.3934,3.6657,-1.65748,-4.35877,-2.8294,-5.31229,1.3166,-9.64125,10.2515,-21.471,-9.95571,-15.894,-14.175,-26.0466,-12.8835,-11.4099,-12.8574,-22.9346,-8.27901,-83.3613
182,4026,2153,115535,26300.2,25817.8,-6.98208,10.1582,-12.9684,4.21194,-2.49776,-5.43628,-2.49843,-4.62357,-0.245551,-9.27808,9.85803,-21.0976,-6.57294,-18.8115,-12.8687,-25.6009,-13.1719,-10.8919,-11.4909,-21.7717,-6.93285,-82.0506
183,4048,1687,119123,35814,28300.5,-5.25379,12.8438,-14.4913,3.92537,-3.57227,-5.47436,-2.59116,-5.58914,-0.156464,-10.5975,11.2203,-21.8119,-7.62952,-20.126,-10.9788,-24.0708,-13.4116,-10.1031,-11.4991,-24.2134,-5.60814,-85.1308
184,4070,1702,185492,54616.5,51769.7,-2.02018,11.1043,-12.8632,2.62855,-1.94966,-4.61089,-4.46708,-4.46408,-0.584276,-11.7459,12.3034,-21.9432,-7.67468,-18.5329,-11.7212,-24.0708,-14.2326,-12.0563,-10.9385,-22.3247,-4.25474,-84.6007
185,4092,526,378063,52780,72551.9,-0.986895,13.047,-14.6542,4.06022,-2.81436,-4.75375,-7.59104,-4.04497,-0.0906085,-11.391,12.383,-24.1787,-6.80876,-19.2819,-15.2828,-21.4041,-13.3585,-12.5546,-9.49653,-22.6902,-5.69316,-85.3754
186,4114,1739,164981,43316.2,42274.1,-0.310509,12.2978,-11.8525,2.39155,-0.529846,-5.70732,-6.18624,-4.22554,-2.90371,-11.9901,12.0442,-23.7824,-8.69818,-19.3606,-14.9442,-19.3554,-13.0362,-12.8741,-8.13158,-24.0608,-5.35772,-84.0135
187,4136,311,70178,22830.4,20089.6,0.344932,10.3129,-12.5661,0.399624,-0.50639,-5.01451,-8.10426,-8.05325,-2.55809,-12.3152,9.76284,-26.6944,-9.16832,-22.4513,-15.8967,-19.0891,-14.4322,-10.754,-6.98917,-24.8563,-6.33911,-84.2383
188,4158,573,76283,22210.1,20807.5,2.34518,9.42688,-10.549,-0.526466,1.58296,-6.52307,-10.6289,-7.08008,-0.960464,-13.558,10.1415,-29.5019,-10.2591,-20.3869,-18.237,-18.6981,-15.164,-13.054,-8.51689,-21.2158,-3.00955,-84.3989
189,4180,1960,59292,20183.8,16583,0.292567,10.3875,-10.7851,1.32775,2.2132,-5.75218,-11.0795,-3.87838,-0.603287,-10.6642,8.91902,-27.8983,-8.05649,-22.2545,-22.0535,-18.3317,-15.1548,-10.7888,-7.00072,-21.6821,-3.68616,-85.9108
190,4202,563,77840,17065.4,17904.9,0.369842,11.8549,-9.9215,4.29574,2.07312,-2.34861,-10.8764,-4.18806,0.0361338,-8.25891,8.41862,-27.8551,-10.9299,-19.1768,-23.1059,-18.3602,-16.7028,-9.89019,-11.7769,-21.7653,-1.86251,-85.0412
191,4224,106,119773,23605.9,27729,0.0456166,10.2096,-12.3648,-2.50035,1.74503,-2.65243,-10.5528,-4.04153,-1.03488,-8.67435,5.28656,-28.9667,-10.9851,-19.2915,-24.2699,-19.1744,-14.4954,-12.2067,-10.2495,-18.9867,-2.80112,-87.4327
192,4246,460,116912,31631.7,27862.8,5.61223,11.825,-13.7077,0.700649,2.1724,-1.84882,-9.72041,-6.83427,0.320615,-10.7843,4.81779,-28.9841,-12.8452,-20.8182,-23.7756,-18.9447,-14.3286,-16.2672,-6.98564,-18.5577,-1.27468,-90.0422
193,4268,554,100026,31425.3,25025.4,7.82383,12.2758,-15.0766,2.78979,-0.808916,-1.77129,-6.48876,-7.61262,0.373667,-11.2295,3.49798,-29.1559,-16.985,-19.5845,-22.7362,-17.3337,-14.3911,-17.8336,-9.18681,-17.2668,-1.43029,-90.6956
194,4290,1693,91453,28119.8,23723,8.87391,10.9071,-13.6857,4.15971,-1.30777,-0.600152,-8.10066,-6.36809,1.08342,-9.58247,3.48675,-29.5729,-14.4909,-21.5658,-23.1026,-18.8333,-14.8583,-17.4251,-9.42604,-17.6725,-4.29111,-91.1187
195,4312,27,102655,29222.6,29931,6.33742,13.6709,-10.0054,4.16534,0.579891,-2.48239,-6.02424,-6.88069,1.42141,-8.55598,5.86153,-25.9191,-17.0774,-24.4948,-23.2869,-17.4448,-16.358,-12.8332,-6.54643,-17.0345,-3.22162,-92.9283
196,4334,85,115228,22030,25190.1,7.46228,14.3328,-7.75716,-4.26982,-1.7162,-3.85077,-6.23757,-9.5587,1.23726,-7.0652,5.84518,-24.8326,-16.0072,-23.5655,-22.7831,-16.3212,-19.0156,-13.8031,-10.4391,-21.2325,-4.43043,-95.0463
197,4356,2999,423276,57850.2,81984.3,5.9379,12.8331,-7.55585,-2.0353,-1.76119,-4.68339,-2.83466,-4.72333,1.48301,-7.98203,6.25774,-26.0625,-15.4148,-24.7195,-23.8579,-16.0103,-17.2763,-14.4538,-11.5949,-21.452,-4.24351,-95.1986
198,4378,1102,219028,70411,64087.9,7.74548,12.911,-8.75575,-2.49798,-3.02701,-3.73605,-1.69265,-3.03423,0.932626,-9.13153,6.38066,-25.9604,-14.217,-25.4703,-23.0735,-19.3813,-18.6269,-16.8355,-11.924,-21.0178,-2.95888,-97.4376
199,4400,520,224547,67471.7,52652.5,7.67782,14.6676,-9.80214,-2.81667,-5.53139,-0.174681,-1.49695,0.52339,2.2241,-8.98994,6.33057,-24.732,-14.1472,-24.6101,-21.0828,-14.3147,-16.6014,-15.7483,-11.7222,-24.1149,-5.03711,-89.9258
200,4422,552,127081,35888.2,36439.5,3.29119,13.8343,-9.44963,-0.58578,-6.832,-0.957535,-5.06147,-1.13376,0.928682,-8.7019,9.14957,-26.0902,-15.2453,-27.0833,-21.2444,-13.7622,-15.8491,-15.4806,-11.4223,-21.3544,-9.01233,-88.302
201,4444,1356,163989,51841,48908.9,4.07026,12.9697,-10.1007,-0.545563,-7.38023,-1.85039,-5.46347,0.732298,0.929605,-8.93208,10.2454,-24.043,-12.5341,-23.7485,-20.6739,-19.3547,-15.6989,-14.603,-12.905,-21.2976,-10.6824,-87.5801
202,4466,145,110543,26751.7,29980.2,2.48546,11.7585,-11.3723,-2.24762,-8.34635,1.11889,-4.61056,2.52266,0.0556485,-8.2648,11.1587,-24.7266,-9.41428,-26.1895,-18.7673,-21.6764,-14.8694,-14.8261,-13.5136,-20.352,-10.3985,-87.3032
203,4488,1047,124631,33190.9,30534.5,0.59941,10.5301,-10.9784,-1.07749,-6.26827,2.34438,-5.33922,2.83172,-0.743819,-8.61109,12.031,-23.7126,-8.98672,-25.5924,-17.6541,-22.1991,-16.5191,-17.0169,-9.4448,-21.2009,-10.8536,-91.0911
204,4510,7331,180285,70128.7,42649.4,-0.257357,12.0316,-11.6415,1.89439,-9.9247,2.14088,-4.64777,1.77233,1.88204,-10.0195,8.74788,-23.07,-9.06576,-24.9791,-16.9951,-23.171,-19.2668,-18.7097,-10.0936,-21.9204,-10.2209,-92.3262
205,4532,2144,216868,53262.9,47918.8,-1.12785,11.8596,-10.6163,2.5137,-9.34704,7.75603,-6.24201,-0.904592,1.49108,-10.6484,7.2378,-23.1679,-11.0384,-24.9007,-16.6683,-25.1077,-20.0984,-18.4721,-10.3074,-22.877,-9.69389,-93.6031
206,4554,305,164205,35580.6,40942.9,0.157566,11.4945,-9.64872,0.550694,-9.91234,8.61067,-4.25656,-0.322613,-2.15591,-10.891,8.42789,-24.3761,-12.7206,-24.6805,-16.5887,-26.5515,-23.8698,-17.7502,-10.6774,-20.6295,-10.1462,-98.1062
207,4576,172,143331,25618.4,31268.9,-1.32683,8.75387,-8.10119,1.53993,-12.3313,2.01883,-6.72837,0.77541,-1.74137,-10.8881,6.99823,-26.6279,-12.8924,-23.342,-15.2223,-26.135,-22.353,-19.3037,-10.6409,-18.864,-12.4673,-98.1546
208,4598,233,86395,21430.1,21253,-3.21649,8.69453,-6.11449,1.81766,-12.0571,5.07359,-9.29855,1.66478,0.920972,-12.1604,8.07975,-27.2768,-12.7012,-21.069,-15.0978,-26.0412,-20.8294,-23.0225,-10.0743,-16.4291,-12.2913,-99.582
209,4620,18,25724,10018.5,7672.23,-3.3136,5.63194,-5.28151,2.27625,-14.1304,6.85503,-12.5768,3.0318,2.55009,-11.7518,8.67377,-27.5117,-13.4831,-20.2402,-15.3848,-22.7499,-19.4673,-23.1207,-11.8779,-13.3893,-12.6884,-97.5019
210,4642,173,40202,7837.4,8169.76,-3.15759,5.68613,-4.13637,0.0348572,-15.9231,6.06916,-15.1628,0.802129,3.04636,-12.1117,4.798,-27.8328,-14.1037,-22.8278,-16.2638,-24.2549,-18.5189,-23.9845,-11.8419,-14.7264,-11.792,-98.6871
211,4664,544,40183,10337.1,9962.07,-5.78232,6.81445,-3.30556,0.280841,-17.3231,5.02275,-11.9409,1.75117,0.876327,-12.3073,1.5374,-27.1592,-12.6654,-22.3526,-17.4681,-25.8892,-20.1861,-24.8031,-13.5247,-14.9437,-8.84385,-101.506
212,4686,226,31883,8838.7,8052.1,-4.29779,5.69697,-4.28281,-4.65142,-14.6856,5.04331,-16.4112,-2.72689,-0.654489,-14.3186,3.94087,-26.7856,-14.9725,-26.7949,-15.1748,-24.1636,-21.6601,-25.4667,-12.8589,-17.7697,-8.86876,-101.402
213,4708,166,31686,13987.8,8856.03,-6.92824,8.218,-9.44261,-4.2447,-15.4702,3.79541,-15.4434,-3.82954,0.166386,-11.6892,4.30538,-27.9775,-13.5912,-27.6384,-16.667,-26.5344,-24.6324,-24.8993,-16.0107,-20.7509,-9.21025,-103.043
214,4730,624,21573,9412.13,6370.87,-8.5256,5.94931,-10.4511,-4.87378,-15.5426,4.0123,-13.8369,-4.8967,-1.85161,-13.0913,4.43545,-27.5635,-14.2845,-28.5463,-17.2456,-24.6448,-28.2946,-24.7276,-15.4316,-18.939,-6.99947,-99.9664
215,4752,2765,73376,18325.5,17151.9,-5.48576,4.59941,-10.8944,-3.225,-14.0894,2.71822,-13.8452,-3.7323,1.25084,-13.3916,3.71279,-27.52,-13.5649,-28.4419,-17.6352,-22.9378,-30.1567,-24.5727,-14.6518,-19.0911,-6.28844,-102.377
216,4774,189,39084,10011,9140.12,-2.62106,8.54414,-9.33801,-4.60397,-17.3253,4.07726,-16.2908,-4.14421,1.50568,-15.3296,2.67972,-26.5555,-15.6635,-25.5752,-17.4967,-21.2667,-31.4702,-23.6766,-13.8531,-18.7369,-6.3038,-101.104
217,4796,452,38479,9521.13,9798.24,-4.62487,7.42532,-8.71203,-2.65278,-17.3893,4.27452,-13.0184,-5.7103,3.15336,-13.9789,2.47559,-30.6974,-15.644,-25.8697,-20.7382,-22.2892,-32.3655,-21.7789,-11.678,-17.1564,-4.75661,-99.0609
218,4818,438,38707,10224.9,9564.07,-6.41107,7.60462,-7.05584,-1.87849,-17.8058,3.3704,-11.5901,-5.14602,2.74444,-15.0847,2.32386,-30.1738,-17.7906,-27.2358,-23.0958,-21.3173,-32.2962,-24.0784,-11.3908,-18.1348,-4.55642,-98.3044
219,4840,384,35040,9422.13,8842.78,-7.63367,6.80356,-6.30353,-2.23168,-16.7343,4.03652,-10.3123,-5.07567,2.34618,-14.0684,2.82727,-28.5814,-14.7218,-27.0259,-21.8288,-28.7784,-28.303,-25.1537,-12.4697,-17.7676,-5.61092,-97.0013
220,4862,606,46261,10006,10789.6,-7.8827,7.01308,-6.01497,-0.56054,-15.9956,3.64668,-7.09964,-8.0024,4.68798,-12.2146,3.52411,-28.9669,-19.0442,-28.0557,-20.3903,-26.5995,-27.1216,-20.088,-11.1407,-19.7805,-8.5583,-98.1146
221,4884,247,25639,8411.83,7010.04,-7.04346,6.89361,-7.32592,-3.4508,-15.5349,2.57638,-6.45701,-6.65694,2.40323,-12.3777,3.38792,-25.7068,-21.7251,-25.5954,-20.5974,-30.5249,-27.7936,-18.1115,-7.93132,-22.7994,-6.96277,-98.8297
222,4906,977,94555,17518.1,18656.5,-8.32634,6.87191,-5.19671,-2.91789,-14.2287,-2.18036,-8.588,-7.71144,2.73742,-13.475,3.83937,-23.8701,-22.6537,-24.6889,-21.1356,-28.9879,-23.1716,-17.2255,-9.61174,-21.0487,-5.15957,-101.442
223,4928,397,171740,24421.7,34931.9,-8.88135,9.0206,-6.51525,-3.56281,-15.2432,-4.62436,-7.55676,-4.9103,0.569631,-11.7827,5.1136,-24.248,-22.8126,-24.849,-21.2132,-29.0719,-18.2982,-18.348,-10.2993,-24.0413,-2.46847,-105.008
224,4950,873,115705,28729.3,28577.3,-9.57162,10.2339,-7.79286,-3.25187,-13.0021,-2.0657,-1.86258,-4.16594,1.3941,-15.7025,3.37537,-25.5471,-23.0678,-25.5648,-20.4576,-29.8459,-21.042,-26.4745,-10.7784,-27.0709,-6.67411,-110.151
225,4972,530,108763,30514.6,24912.3,-7.6634,12.6848,-8.99128,-5.35481,-13.1028,-5.28339,-0.992572,-2.95389,-4.40759,-16.5186,6.93921,-26.7292,-22.546,-28.5437,-19.342,-29.5718,-20.9207,-26.6702,-10.793,-25.7428,-9.79328,-114.115
226,4994,1289,97543,28515.1,23209.3,-10.2127,10.7713,-9.01659,-4.55195,-11.972,-5.54715,-1.67976,-4.71384,-3.65508,-15.1354,10.3995,-26.0938,-19.2479,-29.7944,-17.2714,-30.4767,-23.2127,-21.6833,-8.65322,-27.0217,-10.6119,-118.2
227,5016,1084,191109,43242.3,39704.9,-13.0698,12.5645,-9.29329,-4.68159,-10.7487,-10.7043,-3.08761,-6.83072,-2.80103,-16.9493,10.0781,-27.2823,-18.1299,-29.9298,-18.1295,-30.2021,-18.6858,-24.5278,-8.45734,-28.8564,-9.93766,-116.048
228,5038,584,164518,42439,39967.1,-15.0281,13.2679,-8.81747,-5.02632,-10.9859,-9.5889,-1.47165,-2.72746,-1.569,-15.3675,9.25861,-29.178,-19.3118,-28.6921,-17.7666,-29.5788,-17.6861,-26.7354,-8.08111,-29.1491,-12.4015,-115.944
229,5060,1412,138815,42566.9,37273.3,-12.8388,13.2778,-7.77225,-6.59574,-12.2253,-8.22404,0.972317,-5.07539,-3.23567,-16.6649,10.4306,-27.7718,-19.0518,-28.7147,-19.5244,-29.4665,-15.9807,-27.4278,-12.2567,-26.4282,-11.1162,-117.159
230,5082,314,99438,36370.5,28202.4,-12.3477,13.4124,-11.7255,-4.53779,-12.7812,-8.16597,1.01089,-5.35923,-6.80098,-18.9903,14.2094,-28.2619,-20.7854,-29.5628,-18.471,-29.3591,-17.89,-28.5178,-13.3811,-26.42,-9.98983,-117.424
231,5104,340,272084,65610.6,66141.4,-13.9217,14.1653,-11.2578,-5.75072,-7.75939,-6.18895,-0.137076,-2.93031,-6.97339,-18.385,15.8269,-28.9854,-19.1092,-31.9397,-17.5561,-29.1235,-16.2564,-32.609,-14.7404,-26.5261,-7.26855,-116.004
232,5126,752,180029,57017.4,50212,-16.8354,14.7876,-11.6153,-5.14161,-6.8742,-7.17369,1.5448,-4.01345,-6.01895,-15.3745,15.1323,-28.8916,-18.8345,-31.4912,-20.1367,-30.9731,-13.5188,-31.1741,-15.8561,-23.1458,-7.38127,-116.396
233,5148,443,237252,79393.2,67621.5,-15.6029,15.7839,-11.7909,-5.52291,-5.21533,-4.61112,-3.13021,-3.66904,-5.59493,-13.9941,15.6448,-28.8491,-18.4193,-28.5608,-20.1293,-30.7971,-13.5126,-26.2521,-17.5922,-23.0874,-9.41516,-115.532
234,5170,555,250268,48802.8,53548.6,-15.9071,15.0911,-10.3738,-1.01278,-4.26982,-0.672413,-5.01846,-2.56971,-4.09698,-12.7243,17.9346,-29.3665,-21.0574,-33.66,-22.4637,-31.3867,-14.8152,-25.8786,-19.2025,-24.6056,-12.4003,-117.421
235,5192,1140,350753,77667,81752.1,-16.9906,17.399,-8.00072,-0.822676,-5.39407,0.0797817,-4.56967,-1.17812,-4.45342,-11.9376,16.0353,-29.6392,-19.2301,-29.9952,-20.4059,-31.6027,-18.0712,-26.9283,-17.8046,-26.277,-11.2843,-115.13
236,5214,415,391784,92769.9,84787.1,-18.1844,17.0937,-7.41697,-0.528247,-7.56966,-1.9194,-4.08449,-2.73755,-2.70446,-11.1939,15.6999,-27.1322,-19.4451,-26.9889,-20.7023,-32.2529,-14.2211,-27.5123,-17.5446,-26.8259,-11.4837,-116.671
237,5236,3119,226625,60005.8,60214.7,-24.0063,14.4094,-9.79852,4.237,-6.40131,-3.75609,-3.42676,-3.8354,-3.91025,-8.38755,14.5474,-26.5108,-18.9604,-28.7583,-20.5873,-30.9764,-15.7416,-26.4895,-15.899,-28.8867,-11.595,-114.789
238,5258,1955,321454,109181,105270,-21.8206,14.8156,-12.4768,1.4009,-4.32008,-5.40167,-2.7398,-3.41202,-0.0434973,-9.41338,13.237,-26.4812,-19.527,-28.7632,-20.9168,-28.9464,-15.7085,-27.6957,-17.4083,-27.8885,-10.0045,-116.761
239,5280,2437,549683,121782,133412,-21.0255,16.2166,-9.58985,3.21417,-3.97738,-5.58447,-2.93967,-2.74421,0.409939,-10.9151,14.2233,-28.0378,-20.1094,-28.3397,-20.698,-27.1773,-15.8497,-27.0788,-17.7505,-28.196,-9.41668,-118.591
240,5302,2535,307471,122098,95827.8,-22.9705,14.919,-8.13631,2.88579,-8.19684,-4.7876,-1.10025,-4.20935,-1.54153,-10.98,16.6478,-29.4198,-17.0915,-31.8294,-18.5344,-26.0268,-17.4703,-27.6516,-15.9927,-27.5457,-9.13416,-119.028
241,5324,1307,274688,59959.8,69172.3,-20.8303,15.5715,-8.31218,0.0408382,-9.59981,-5.1291,-1.18419,-1.83269,-0.674014,-12.1136,17.9514,-30.3502,-21.0923,-32.3045,-15.5975,-26.536,-16.2459,-29.4843,-16.5162,-26.5702,-6.59191,-121.74
242,5346,646,221905,61870.4,58627.1,-23.1491,15.7765,-7.57159,-2.34733,-8.55324,-3.54963,2.16856,-3.06286,-4.36701,-9.37927,16.8691,-28.4911,-23.3381,-31.5248,-17.4357,-32.0333,-20.2759,-32.9569,-14.1252,-26.5611,-8.06588,-124.706
243,5368,2220,188457,63657.5,52196.9,-21.9323,16.6296,-9.14404,1.29867,-7.25355,-4.71459,0.323837,1.30396,-5.24108,-6.90353,17.6821,-27.4609,-22.6435,-32.855,-18.7979,-31.1352,-18.2839,-33.7927,-13.3807,-27.3513,-8.83343,-127.279
244,5390,1460,406053,63582,84035.2,-22.4543,15.0781,-8.04686,0.492219,-6.08515,-2.97651,-1.72195,2.94386,-6.43798,-7.0751,14.8557,-29.0537,-22.5095,-32.4732,-28.0948,-31.6469,-19.1279,-32.2406,-14.0807,-27.0379,-7.83501,-127.068
245,5412,3873,194584,67232.8,54313.1,-22.6556,13.0027,-9.0325,-0.202651,-5.01179,3.55989,-3.07751,1.3453,-7.99432,-7.70821,15.1065,-26.0918,-21.4654,-32.7793,-25.7678,-30.2675,-19.2059,-32.5301,-16.9397,-26.5763,-6.1652,-126.452
246,5434,4108,224248,57568.6,58580.1,-24.2329,13.4647,-7.01824,1.95641,-5.07535,1.97731,1.99763,-0.551175,-8.48683,-7.85624,16.1162,-27.378,-18.6196,-34.647,-23.2588,-31.2263,-16.2052,-31.2335,-16.3758,-26.8342,-6.55086,-125.774
247,5456,167,222067,75333.2,61600.2,-24.6697,13.9876,-7.93916,0.48925,-6.99186,2.90712,2.80425,-2.30323,-6.3819,-8.0411,13.9706,-27.4084,-20.2948,-33.0702,-23.9411,-30.4231,-17.0461,-29.7951,-16.0414,-28.051,-4.7992,-128.533
248,5478,165,254722,65855.6,60909.4,-23.7951,14.3818,-10.2628,-0.945784,-8.03794,3.05345,4.8528,-3.77189,-4.06321,-8.99546,13.4847,-29.1508,-19.2314,-31.8529,-25.3312,-31.1128,-16.5259,-31.1831,-17.5082,-30.6083,-5.72371,-129.599
249,5500,1617,308841,98343.1,93475.1,-24.4912,14.9674,-9.11949,0.134162,-10.5802,0.407143,4.41128,-4.46209,-2.07202,-9.6812,12.93,-30.7839,-19.1446,-35.1693,-23.8547,-27.1712,-16.9916,-29.3253,-16.4892,-28.1792,-6.82845,-127.556
250,5522,3944,395091,107654,94811.7,-23.33,14.2569,-14.5115,-0.0418585,-9.90739,0.398026,1.81897,-2.0294,-4.32254,-12.6949,14.1504,-32.1543,-21.7669,-33.4678,-23.5884,-26.3407,-18.3273,-27.6188,-14.2473,-30.1091,-5.44801,-128.809
251,5544,487,250353,57020.9,63668,-25.841,14.4193,-13.6443,0.403192,-10.8884,-1.03141,4.14127,-4.52944,-7.15676,-9.87454,14.4636,-30.0439,-20.4848,-31.6016,-21.9034,-28.1516,-19.2358,-26.8671,-15.6362,-31.3522,-5.78157,-129.098
252,5566,299,235151,48553.3,55012.8,-25.2198,13.5267,-12.5893,0.482793,-9.14085,-2.31783,3.69747,-3.70194,-6.2306,-12.7123,13.0594,-22.8025,-21.583,-33.8585,-21.5771,-28.028,-17.1364,-26.3003,-19.0037,-32.8165,-4.46177,-127.886
253,5588,2441,166517,55480.2,48690.4,-26.4063,11.8788,-12.4437,1.5451,-10.4339,-0.649455,-1.20116,0.500003,-8.02244,-12.5212,13.6835,-22.436,-20.1569,-36.9853,-22.5017,-25.2561,-16.9441,-30.297,-16.3983,-31.2229,-6.4187,-126.06
254,5610,759,102716,33297,26555.9,-24.1182,11.1544,-12.6366,4.98881,-8.18898,-2.00324,-0.318206,2.36123,-8.86108,-11.1102,15.6001,-23.6304,-17.5348,-37.4505,-24.5542,-23.7344,-19.0986,-27.2071,-18.1948,-33.9599,-5.84392,-126.78
255,5632,197,158522,46403.3,48440.6,-25.7659,11.7413,-13.8369,2.57457,-5.3947,-4.78911,-0.821938,-0.436453,-9.45222,-8.64749,16.2106,-25.1757,-17.5192,-35.7303,-22.5476,-22.4284,-18.8804,-27.6481,-16.1049,-31.7068,-4.46877,-125.796
256,5654,1046,183010,48927.2,45365.9,-24.898,13.6899,-13.5922,2.45799,-4.82801,-4.60776,0.621193,-3.45081,-10.9823,-8.04021,15.8436,-27.0302,-19.4762,-35.4907,-21.1753,-21.6648,-19.1066,-27.5133,-17.9678,-29.3535,-2.83725,-122.133
257,5676,1997,209302,49443.6,47255.4,-24.0104,12.1651,-12.9841,1.89857,-6.9148,-3.84677,-0.21135,-2.9074,-8.1537,-7.31878,13.2043,-26.5979,-19.7356,-33.5506,-19.7719,-21.3222,-16.6769,-25.601,-17.4953,-30.0385,-6.11699,-117.026
258,5698,712,268562,64766.6,65386.9,-27.9381,13.4483,-7.20388,3.40006,-9.61625,-3.18262,5.64667,-4.35976,-7.12545,-7.78744,15.3514,-28.2871,-21.2253,-34.4965,-21.3339,-23.1509,-16.9588,-27.4713,-19.0966,-26.9578,-6.48816,-117.234
259,5720,342,236071,48152.7,48595.6,-29.0005,13.4093,-8.54967,-0.168422,-7.55426,-2.79536,4.22139,0.604055,-7.77138,-8.17163,15.4651,-28.4453,-21.1236,-34.7504,-22.4671,-19.576,-15.2065,-27.145,-17.7137,-26.3861,-7.83355,-118.248
260,5742,517,228884,65655.1,63453.8,-27.9884,13.8459,-8.00142,-0.42671,-7.99805,-1.514,2.96906,0.541785,-6.09479,-11.8969,17.5448,-29.4343,-19.943,-31.7582,-21.2393,-20.2881,-13.078,-29.3451,-18.5187,-26.2001,-7.70302,-121.525
261,5764,1544,254331,65192.9,63166,-34.455,15.8469,-5.49673,-1.78141,-7.58726,-3.30974,2.58029,-0.0540437,-7.84366,-11.285,15.6076,-28.7062,-22.0144,-35.2234,-20.6129,-19.4876,-12.7236,-30.1517,-18.5014,-23.0414,-6.90688,-124.636
262,5786,3548,232217,64127.5,59874.6,-36.8884,15.6142,-6.73762,-0.890912,-10.1396,-7.6178,4.08478,0.0969333,-10.5561,-10.3449,14.7937,-29.7691,-22.6412,-34.6799,-20.2516,-24.8581,-13.6989,-33.1054,-17.22,-24.2121,-9.77763,-123.003
263,5808,479,184560,55086.3,48257.3,-36.7104,13.6573,-7.00361,1.28339,-12.2928,-4.23466,3.06893,-0.2154,-10.4067,-15.4857,18.1551,-30.6078,-21.3958,-33.6313,-18.4196,-25.6115,-14.1966,-31.8964,-14.2973,-24.0709,-8.2351,-122.249
264,5830,445,164704,35517.5,38952.7,-37.9015,13.7702,-5.57066,2.12925,-8.42323,-4.79588,4.32421,-1.20339,-9.4811,-16.0295,17.0848,-30.2437,-20.4952,-32.5322,-17.5553,-25.1928,-14.3482,-30.9501,-16.9165,-24.7824,-12.0046,-122.072
265,5852,319,244795,56347.1,56582.9,-36.9581,11.8668,-5.82744,5.89241,-6.37611,-3.01635,2.16743,-0.70817,-7.68287,-14.3721,18.2769,-29.1749,-19.8162,-31.8054,-16.3998,-23.9587,-16.7725,-31.4012,-19.0041,-23.9135,-12.8704,-122.561
266,5874,3020,142224,32451.9,31387.8,-39.0597,10.4656,-5.35523,2.22894,-7.16491,-3.91401,1.81785,-1.79494,-7.60459,-14.5884,18.205,-30.4587,-21.0326,-30.8893,-15.3168,-24.1586,-19.8786,-30.097,-21.1116,-23.7249,-12.3088,-122.508
267,5896,1116,102807,34631.1,24597.7,-39.2868,11.6828,-8.8614,3.6656,-8.46542,-6.13071,3.57611,-1.48803,-7.55193,-15.0653,16.5291,-32.4333,-19.5147,-31.5089,-17.2579,-21.9106,-21.5719,-29.0633,-20.8885,-25.4819,-13.695,-121.434
268,5918,1867,287836,49311.5,52902.7,-36.3744,11.3462,-11.3645,2.69378,-9.37667,-3.52237,3.6371,-0.617014,-7.88116,-13.5772,15.2364,-32.4704,-16.8498,-30.3676,-17.7714,-21.7751,-17.0504,-29.3354,-21.3671,-24.7667,-13.3043,-118.925
269,5940,7056,228821,66656.6,49891.6,-34.1017,11.215,-13.309,5.25648,-9.42305,-3.91261,0.0639085,0.303174,-6.37582,-15.06,17.1141,-32.7117,-14.4499,-29.3606,-17.5823,-21.1327,-18.2847,-30.3049,-22.1346,-23.5952,-12.9239,-119.532
270,5962,7526,405665,82395.8,83216.5,-34.0912,14.2776,-11.147,6.93485,-7.36133,-5.43832,-1.12533,2.86848,-8.36009,-13.1772,18.6876,-33.7051,-15.189,-32.2762,-18.4865,-24.2494,-17.4772,-31.0049,-19.228,-24.4875,-12.5676,-118.602
271,5984,1194,241624,74053,72291,-33.2315,14.6595,-11.1118,7.76406,-6.53229,-4.55706,-1.11332,3.70297,-9.79218,-14.2022,21.3426,-33.8493,-16.6673,-35.228,-17.4999,-22.622,-16.6742,-29.8592,-18.0822,-24.9323,-13.837,-119.111
272,6006,919,207525,51166.3,51673.7,-36.3642,14.2071,-10.2856,8.55336,-5.33957,-3.42893,-2.04955,5.17824,-7.47298,-12.0638,23.599,-32.9669,-15.3439,-32.4153,-16.7616,-22.1101,-16.2842,-30.8725,-19.7113,-28.0308,-12.8402,-119.498
273,6028,1022,187112,44578.9,43753.5,-35.3174,14.8214,-10.9506,8.49695,-4.21237,-0.076792,-4.79896,2.93522,-8.52738,-9.71596,22.4344,-31.2288,-15.4769,-34.3934,-16.6333,-24.8681,-13.522,-30.3575,-20.4565,-29.7299,-12.2871,-117.921
274,6050,95,112615,27362.4,25981.6,-35.6718,16.6613,-11.1425,8.54925,-3.81992,-0.371942,-6.36159,2.50085,-3.20231,-9.25887,21.4449,-31.7124,-13.1943,-35.9493,-14.0718,-24.0153,-14.3806,-30.2081,-20.1799,-29.9541,-10.2564,-115.068
275,6072,6247,205979,65516.7,50908.2,-35.4545,18.7548,-12.3017,8.60647,-3.81435,0.0580048,-4.77593,2.99183,-5.87725,-9.53301,19.7293,-29.8761,-13.1845,-34.0881,-18.2349,-22.8417,-13.1416,-28.1113,-20.8817,-27.7326,-12.5294,-115.308
276,6094,5375,295100,62379.8,76363.3,-36.3649,17.8056,-12.3536,8.91092,-3.825,-2.12215,-3.45167,4.96242,-5.87848,-9.93028,20.301,-28.0275,-15.5736,-33.6646,-17.5074,-22.8614,-11.9695,-28.384,-19.2943,-26.1813,-15.8569,-117.054
277,6116,689,243707,44781.2,51711,-35.4593,15.4952,-13.9779,9.09211,-1.91843,-2.53621,-4.17477,3.076,-4.84564,-12.2882,18.7914,-26.7179,-16.7076,-31.8762,-18.1741,-23.2514,-12.785,-26.545,-21.0467,-26.1881,-16.5718,-116.907
278,6138,1254,189723,56680.4,48677.4,-33.2374,14.4663,-14.7137,6.37259,-4.34817,-2.45314,-2.04265,1.39446,-3.94091,-11.0122,15.6187,-25.5843,-18.6249,-30.8158,-18.9361,-25.538,-12.9025,-27.9596,-19.7744,-30.5949,-15.5752,-117.738
279,6160,1218,142873,40262.4,35811.2,-36.1773,14.0867,-16.2985,7.63938,-4.67065,-1.38477,0.0152886,3.36044,-5.70679,-14.5309,16.9495,-24.6845,-17.8283,-33.6896,-15.3553,-25.865,-11.265,-23.6121,-18.8531,-31.8751,-12.2866,-116.093
280,6182,535,219412,47396.5,52780.3,-33.343,18.1437,-16.5957,8.3524,-5.87931,-0.475575,-1.53555,5.90049,-6.75626,-14.1138,18.8116,-26.3488,-18.0564,-31.0004,-19.4451,-27.3963,-11.5707,-23.5571,-19.7242,-33.6352,-12.4804,-117.214
281,6204,1476,293842,75243.6,60924.1,-33.005,16.732,-14.0208,8.7768,-8.08677,-1.98707,-2.5167,2.19611,-6.51256,-13.6935,19.2768,-27.5739,-20.0574,-32.1584,-21.3957,-31.1077,-14.7883,-22.5218,-20.8168,-30.8489,-10.7099,-118.036
282,6226,429,371079,73596.8,78016,-31.4333,18.5247,-12.7207,6.969,-7.1241,0.312576,-0.832209,1.07552,-4.89171,-15.0792,18.2189,-28.7882,-18.6208,-30.4901,-19.4592,-31.539,-14.5457,-21.8024,-15.3357,-28.2388,-11.4318,-115.415
283,6248,5805,290871,72296.3,62550.8,-31.0615,19.4247,-13.9166,7.09133,-8.82138,1.95057,-4.52139,1.79844,-7.16522,-13.7176,18.0487,-28.2982,-17.4921,-29.0519,-17.8668,-28.3531,-12.9426,-24.3397,-11.4447,-28.4604,-11.0262,-117.084
284,6270,4056,203196,72520,56079.5,-33.2342,20.2709,-15.8996,5.71995,-8.64904,2.70349,-4.64701,1.87402,-5.176,-10.587,17.2436,-28.2709,-19.3822,-28.8891,-18.8341,-26.4479,-12.9108,-25.5854,-13.3138,-35.6962,-12.4261,-120
285,6292,6537,163802,52620.2,44907.5,-31.0686,19.6355,-13.4141,3.72445,-7.62867,1.75407,-6.78229,0.381801,-4.2194,-9.76703,19.5033,-29.4991,-16.5695,-30.5144,-18.9532,-26.0831,-13.9433,-28.4991,-10.8097,-36.06,-10.0546,-120.415
286,6314,1424,174679,47346.2,47422,-35.4323,19.5321,-10.9989,4.59439,-7.29317,2.27629,-6.05716,0.421011,-1.8029,-10.7046,17.0383,-30.5061,-14.5034,-31.6369,-21.0417,-24.7719,-15.6917,-30.946,-10.1219,-35.924,-9.22763,-118.842
287,6336,1476,190481,48829.1,52958.9,-35.1022,16.6245,-12.7391,2.4329,-9.02923,2.01139,-3.60269,1.6074,-0.581623,-12.9731,14.6377,-31.2977,-16.1353,-31.6306,-20.0239,-24.5031,-16.1255,-28.0814,-7.39447,-35.5844,-9.5027,-121.016
288,6358,643,188511,41119.5,37741.1,-32.4338,13.8667,-12.2996,3.69683,-9.81199,2.4443,-2.84836,-0.907071,0.279679,-14.5263,15.1958,-31.4915,-17.8365,-32.3405,-20.4022,-22.7453,-15.6512,-27.0676,-6.16434,-36.3166,-9.48795,-122.87
289,6380,800,162762,29311.1,37189.7,-37.0387,14.1213,-13.3187,1.86939,-11.0937,2.51342,-3.05194,-2.343,0.0476195,-13.2693,13.6694,-31.0221,-19.5183,-31.6756,-18.9974,-18.3353,-13.7982,-27.5865,-4.77849,-35.3862,-10.5274,-121.316
290,6402,591,100723,24363.1,24346.9,-38.6064,16.4652,-13.1991,0.409148,-11.5813,4.53925,-2.67569,-4.16167,2.26175,-16.8689,15.28,-29.069,-20.1448,-30.8096,-18.6242,-18.4117,-15.1661,-28.2952,-5.11004,-37.1415,-12.9126,-122.293
291,6424,797,159534,30482.2,31435.4,-36.6191,16.6059,-10.796,0.203633,-12.4619,5.48272,-0.6395,-6.22511,2.36792,-15.3585,15.7387,-31.1389,-22.9058,-31.5628,-19.4125,-21.1373,-16.8269,-30.3827,-6.74782,-36.4023,-12.4061,-126.823
292,6446,1639,319404,66142.9,67468.8,-36.2839,16.5003,-13.8212,-4.5946,-5.70922,6.48605,-1.09315,-10.3009,2.36815,-17.1319,17.9043,-27.7926,-21.6279,-28.9322,-17.9292,-21.2292,-16.9371,-30.0927,-8.91967,-37.5326,-14.314,-131.07
293,6468,1397,161530,46542,42924.9,-35.4802,15.448,-15.1529,-8.03908,-5.70682,5.37587,-2.31709,-7.91953,5.78846,-16.3896,20.1131,-27.6495,-20.2838,-30.156,-19.125,-23.8552,-18.7658,-31.6474,-6.06746,-34.708,-10.8991,-131.133
294,6490,39,151111,52722.9,46440,-36.543,16.7433,-13.9645,-9.20825,-3.80289,7.67104,-2.23551,-9.6843,6.51948,-17.921,20.1183,-29.0226,-19.5071,-31.2475,-19.401,-24.4426,-20.1659,-32.8759,-9.09912,-32.651,-16.5931,-133.296
295,6512,377,164834,45043.9,39681,-38.3147,19.9247,-15.3927,-9.82549,-5.5837,7.07957,-3.2044,-7.56278,3.92872,-17.2433,17.6639,-28.9736,-19.6065,-29.6396,-18.4539,-24.4175,-23.0592,-32.8088,-8.75941,-36.2197,-16.0658,-132.947
296,6534,3061,281988,70213,61115,-36.3028,19.4195,-17.4627,-7.64589,-6.013,8.15796,-3.03983,-10.6814,5.29642,-16.8607,18.3812,-28.801,-19.5284,-26.5196,-19.1737,-25.3517,-27.3492,-31.355,-11.0989,-36.0246,-15.9158,-133.387
297,6556,452,189910,44377.5,41191,-39.2931,17.9087,-16.2312,-8.18361,-7.77714,9.15327,-3.5546,-10.0524,4.09743,-15.6608,15.8301,-29.6906,-15.7086,-25.2077,-16.9654,-26.1137,-27.1316,-29.3817,-15.005,-36.2952,-19.7932,-134.214
298,6578,325,149521,46928.1,37012.8,-42.1724,19.6051,-15.5905,-8.50403,-9.23744,6.96852,-3.30435,-11.3033,2.93424,-13.1973,16.0504,-29.3137,-16.1044,-26.9819,-16.3367,-27.6145,-29.5759,-32.6342,-13.8955,-35.7985,-21.4026,-134.773
299,6600,2259,214064,54790.2,48703.1,-39.6254,18.7871,-15.306,-8.85042,-7.19635,3.55999,-3.44033,-10.6113,1.86816,-15.0666,14.9997,-28.7202,-17.7574,-27.4909,-18.1339,-27.3075,-30.5665,-32.3792,-14.6399,-33.8348,-17.2598,-135.286
300,6622,2533,208959,45634,47597.5,-39.4175,16.8726,-16.243,-8.72647,-4.83718,4.59151,-3.52427,-7.85825,-3.92702,-14.0719,17.5905,-27.9674,-18.6589,-32.278,-18.7057,-25.5589,-32.7602,-31.218,-14.7793,-31.9212,-13.72,-137.481
301,6644,15,215024,54649.4,58209.1,-39.5782,19.9578,-18.2782,-7.64264,-4.99529,3.85928,-2.06928,-6.47999,-3.32142,-14.0297,18.0623,-26.9594,-18.1582,-30.8701,-18.9081,-23.7399,-34.2773,-32.1083,-14.1077,-33.1238,-16.8789,-137.839
302,6666,1525,87166,34952.1,21740.7,-41.507,18.6454,-17.6376,-8.31694,-4.61176,4.14405,-4.67392,-7.54303,-3.67263,-16.534,20.3555,-27.977,-20.2775,-35.5914,-19.329,-22.8955,-34.6155,-32.2705,-11.4111,-28.9709,-14.7716,-135.303
303,6688,376,225385,36737.3,44086.6,-43.0428,19.6167,-14.2456,-10.4992,-4.90818,4.1049,-4.76991,-4.72841,-3.84707,-17.862,20.7103,-30.6749,-21.521,-35.1563,-19.1473,-22.7859,-37.1618,-33.7668,-12.1976,-27.7164,-12.9973,-136.353
304,6710,1738,79967,25219.5,18896.6,-41.6634,20.7461,-14.5909,-10.3019,-4.55333,2.70092,-6.06954,-5.96202,-4.77386,-19.5246,19.5413,-30.2172,-21.5204,-34.8885,-20.0421,-20.6118,-38.0541,-33.4388,-15.46,-27.9266,-10.3813,-135.575
305,6732,50,191133,40421.4,42616.7,-39.8238,21.0544,-15.3771,-11.6576,-5.75597,1.42661,-5.46767,-5.97085,-3.9569,-18.5991,20.6509,-33.2036,-23.1879,-33.8365,-19.8984,-20.4947,-34.6919,-32.6229,-14.5214,-29.376,-11.9572,-134.055
306,6754,2188,215309,53318.1,53826.7,-39.844,25.2889,-14.6799,-12.4525,-3.38167,1.42631,-4.52761,-3.52442,-6.23529,-17.0121,22.1543,-34.5478,-23.7375,-32.804,-23.0323,-19.0128,-32.9035,-31.996,-14.9622,-31.9426,-9.16729,-134.473
307,6776,152,117003,35103.1,27715.8,-42.2294,24.3129,-17.2746,-11.997,0.210956,1.33698,-5.29433,-5.0461,-5.16348,-18.8011,22.6973,-31.2891,-26.5935,-31.7649,-24.6742,-19.1355,-32.7803,-32.5642,-15.7764,-32.5685,-10.5137,-137.644
308,6798,5162,150937,46700.3,37251.7,-41.6677,24.6205,-17.4994,-12.3604,-1.50809,-3.32785,-6.53486,-4.93565,-6.91856,-17.0232,22.4634,-32.0017,-28.2027,-29.8185,-24.2176,-20.4573,-30.0207,-32.2661,-16.2977,-30.4662,-12.5631,-134.771
309,6820,1925,176134,37470.1,35328.3,-42.3839,24.4416,-17.919,-12.8994,-2.43171,-2.78886,-7.32024,-4.03828,-9.34909,-19.7935,22.1264,-34.3387,-26.5525,-29.0485,-22.8735,-20.0406,-29.1931,-33.4268,-16.2065,-30.0093,-10.484,-136.662
310,6842,1048,136986,40873.2,38186.5,-41.6519,26.9937,-15.0776,-12.7173,-1.64293,-1.79906,-5.29915,-3.26138,-9.19354,-21.6881,24.7982,-35.4228,-28.0679,-31.3358,-21.9776,-20.3807,-27.834,-31.814,-15.6634,-28.9473,-9.72265,-135.392
311,6864,95,117358,27295.5,30827.2,-40.9782,26.2198,-13.6212,-12.3855,-0.968384,0.0345403,-6.29892,-3.35058,-6.50104,-19.7179,26.8628,-39.0633,-26.7351,-30.5986,-21.6705,-21.5078,-26.2107,-28.7904,-15.2621,-29.4522,-12.9949,-137.65
312,6886,980,168672,48139.7,44542.4,-39.2285,26.0566,-15.294,-13.1604,-1.74087,-0.574306,-5.58618,-3.26189,-4.94965,-20.3475,27.8013,-37.3822,-27.0801,-33.6651,-22.5185,-20.3888,-24.48,-28.9685,-17.159,-29.9648,-13.8557,-139.595
313,6908,783,149481,40587.5,40168.4,-42.1311,23.5731,-14.4482,-11.5654,-0.137794,-2.30166,-6.393,-1.26169,-1.04321,-21.4827,27.0954,-36.764,-27.5393,-34.9237,-25.0147,-17.7072,-24.9862,-29.448,-19.2883,-32.4771,-13.1657,-135.188
314,6930,1427,140700,43579.6,38721.3,-39.3106,24.1778,-14.6958,-9.1966,-0.767201,-2.48122,-5.8976,-0.84254,-2.14123,-24.5539,24.4761,-33.6017,-32.6568,-33.6674,-25.9113,-22.1907,-26.3386,-31.1125,-18.7327,-31.1203,-12.9398,-135.401
315,6952,771,90070,25698.6,22748.2,-38.4407,23.0212,-13.9163,-8.41647,-2.35633,-4.56773,-6.98837,-1.55401,-2.13038,-26.1189,24.4428,-31.022,-32.7869,-33.8339,-24.6667,-23.6092,-26.0448,-30.5788,-12.0247,-31.6427,-12.7236,-135.488
316,6974,848,164025,31492.7,37031.8,-39.8018,25.4237,-17.0628,-7.38044,-4.86383,-3.51724,-5.87271,-3.33868,-5.05371,-28.9113,21.7363,-31.1593,-31.1577,-30.0196,-24.8488,-22.2617,-27.6449,-29.9012,-12.1542,-29.989,-14.8476,-134.991
317,6996,137,73659,26815.8,20908.8,-39.3484,27.0717,-19.9568,-6.44129,-3.73513,-5.84701,-7.62124,-5.2717,-5.82213,-27.4813,19.4464,-31.896,-32.1409,-30.6899,-26.153,-26.9751,-29.6811,-27.0921,-11.1373,-30.8798,-11.2033,-134.073
318,7018,398,125029,25715.7,24018.8,-36.9695,23.5135,-22.8649,-5.66951,-3.47062,-3.715,-9.83763,-6.95474,-3.15732,-30.1339,17.6079,-33.4808,-33.9004,-29.7253,-28.3069,-29.0469,-30.5627,-26.5034,-10.9883,-29.226,-9.77577,-134.392
319,7040,1972,89776,21253.2,21482.2,-37.3543,20.5886,-21.599,-4.92337,-2.19547,-4.02101,-7.02545,-3.0581,-4.32549,-27.8871,16.9979,-31.5416,-34.4831,-32.1737,-29.1624,-29.8793,-30.5771,-26.8425,-14.7813,-27.1362,-6.77439,-136.611
320,7062,413,90872,31461.5,25038.6,-37.3273,20.2059,-24.6053,-4.7954,-0.12725,-5.87498,-7.94804,-5.8981,-6.50626,-27.0339,16.9848,-32.8222,-34.6735,-31.5866,-30.9221,-29.1183,-31.8186,-22.3367,-15.1082,-28.455,-6.84854,-137.161
321,7084,414,117991,33746.4,33335,-36.1993,22.9806,-24.3744,-5.19176,1.66522,-4.85401,-5.69349,-5.43859,-7.69931,-27.4119,18.6744,-35.6438,-35.0768,-28.8828,-34.1219,-27.7596,-36.5394,-25.8917,-18.9976,-30.9461,-3.95416,-135.828
322,7106,2150,72628,26879.1,20622.2,-38.1981,22.9955,-26.4017,-8.9494,2.58678,-9.40402,-2.27496,-7.55636,-9.98526,-28.003,16.804,-40.0611,-35.2409,-27.371,-34.4343,-26.8272,-32.6294,-24.5105,-16.575,-28.7179,-5.60691,-135.449
323,7128,405,75064,16034.5,16188.9,-38.7141,24.5431,-25.1152,-10.2808,2.25668,-12.5841,-3.35569,-8.91039,-8.6436,-31.3856,19.2589,-42.3319,-34.545,-28.8462,-37.6924,-27.7545,-34.0418,-22.921,-17.0629,-30.2181,-8.37243,-136.709
324,7150,1794,56928,18500.9,15450.4,-39.7707,23.1142,-23.4945,-4.90492,1.1524,-14.076,-4.0127,-9.24374,-11.3407,-26.2577,17.884,-43.8042,-35.3628,-28.6497,-37.2317,-28.0999,-34.8942,-21.922,-18.6694,-31.9355,-6.8059,-137.28
325,7172,575,81967,21578.2,19807.2,-43.7111,22.7348,-22.6971,-3.68061,-0.42883,-13.4428,-3.62904,-8.16625,-3.82787,-28.8963,18.5072,-49.356,-35.1252,-30.5415,-37.0528,-28.4546,-33.8565,-21.4143,-18.6168,-33.9096,-8.88005,-137.516
326,7194,928,64944,17662.8,17320,-47.1981,22.9625,-21.9652,-1.54394,-0.99884,-14.4863,-4.74949,-3.52982,-4.41132,-30.1897,18.5015,-49.1643,-36.4344,-31.3005,-35.3781,-27.074,-34.1692,-19.7303,-21.0077,-33.1669,-7.47647,-138.439
327,7216,242,82731,24738.1,21927.7,-47.8937,23.1392,-23.0794,-0.998226,-0.856805,-15.6771,-6.77853,0.193222,-1.88238,-30.584,19.4623,-49.3612,-33.7298,-32.613,-34.9889,-26.8315,-32.9657,-21.9782,-21.3042,-33.6969,-7.70014,-139.557
328,7238,1795,104059,27700.7,26607.4,-46.4248,23.331,-24.2464,-3.41265,-2.71282,-15.6657,-5.68155,0.520629,-4.02006,-29.1094,18.3039,-49.5335,-33.4633,-32.2141,-35.3204,-26.717,-33.4564,-22.6673,-21.7701,-34.6752,-9.10545,-141.346
329,7260,1213,93096,25047,25399.8,-50.3788,22.0002,-23.8304,-4.02029,-2.4774,-16.1926,-6.19301,-0.825653,-4.28211,-28.328,17.355,-50.2385,-32.891,-32.909,-34.3102,-26.0995,-33.8583,-22.7832,-21.0747,-36.4857,-9.9043,-141.933
330,7282,2224,90911,29184.9,24159.8,-51.5621,20.9617,-24.1817,-3.11537,-2.23253,-15.5973,-7.42225,-0.0565895,-3.80009,-29.8666,20.1535,-47.6357,-34.1585,-33.4005,-34.8367,-27.8757,-33.9648,-19.8529,-21.1135,-34.5456,-10.1544,-143.942
331,7304,106,63083,14080.4,16627.8,-51.6029,20.7759,-22.1061,-4.03635,-4.08186,-14.5388,-5.31539,-2.49925,-4.35403,-31.8309,21.6976,-47.3861,-36.6249,-30.3943,-37.5257,-24.6383,-33.0924,-22.3179,-17.7096,-31.3508,-7.76573,-146.454
332,7326,313,56419,17135.2,13926.7,-53.9266,23.2697,-21.5468,-4.99968,-4.97355,-15.077,-4.45014,-1.71748,-6.17211,-34.6126,25.5881,-46.4294,-39.7548,-28.2485,-37.6885,-25.9547,-31.6712,-21.6697,-14.2178,-34.0531,-10.3922,-147.945
333,7348,426,37204,11183.5,9642.41,-56.0349,22.8724,-23.0119,-6.1485,-6.30625,-15.8596,-5.51634,-2.75758,-9.10094,-35.8564,26.3592,-48.2169,-40.7961,-27.3649,-37.5109,-26.7752,-32.4991,-22.6801,-12.5763,-34.2512,-10.4847,-151.064
334,7370,1021,50827,10582.4,11538.6,-54.5265,22.925,-22.1058,-7.16529,-3.80465,-13.9487,-5.78418,-5.90499,-10.6733,-33.752,25.75,-45.9662,-36.2176,-32.591,-35.5037,-27.1543,-32.6197,-22.2283,-13.6957,-33.5435,-9.37065,-154.628
335,7392,151,65027,17978.1,18169.8,-56.169,24.0144,-24.837,-6.03594,-4.51867,-15.9949,-4.60391,-2.77176,-9.76739,-32.9095,24.5115,-47.5326,-31.1704,-30.7603,-35.2451,-28.1564,-35.1016,-20.4781,-17.3434,-31.5135,-11.2503,-154.993
336,7414,499,83017,17224.9,18067.2,-52.0564,22.1794,-27.4219,-3.29485,-2.74525,-14.4248,-1.94084,-1.22555,-8.36312,-34.0738,23.8348,-45.1662,-31.564,-32.1704,-36.9547,-27.0107,-34.528,-21.2899,-18.1832,-29.8387,-11.5809,-155.096
337,7436,249,199695,30652.8,39739.8,-48.6359,23.4414,-28.1077,3.94885,-4.91234,-14.5563,-5.2261,-0.721817,-5.7677,-35.4095,22.3004,-42.8228,-33.6417,-34.1588,-37.8978,-30.2669,-33.7669,-22.6978,-18.2097,-31.4981,-8.9939,-156.581
338,7458,681,102815,16341.3,20437.8,-46.8415,23.5463,-31.7964,4.54796,-4.23381,-11.466,-4.11716,0.385775,-6.94664,-35.7005,23.4168,-40.7471,-34.0495,-33.6917,-38.3654,-28.1282,-33.4608,-22.134,-17.8982,-33.6991,-8.68484,-157.877
339,7480,1200,71156,28195.3,19522.8,-49.1168,22.9386,-31.9842,4.56295,-3.03064,-12.6533,-5.88719,-0.253906,-4.82543,-34.5457,26.0362,-40.8549,-38.1177,-33.1365,-40.1935,-27.3763,-32.3301,-23.3171,-16.3381,-35.6709,-10.7966,-160.673
340,7502,2200,69804,20872.9,16853.7,-48.3154,22.4473,-32.6118,3.1256,-4.20241,-8.16261,-6.21531,0.258708,-5.45494,-34.9448,27.3965,-45.1486,-37.8509,-33.1953,-39.8545,-26.4089,-35.0381,-21.9229,-15.7924,-34.6672,-12.9923,-161.871
341,7524,3440,85417,22852.7,20006.6,-49.8094,25.4234,-32.1476,2.80336,-3.31589,-3.85078,-9.54946,2.12236,-7.15636,-33.8747,28.8551,-43.9376,-36.5951,-33.882,-38.7901,-26.2643,-34.8248,-22.3228,-17.4404,-34.8183,-12.0467,-163.717
342,7546,554,52389,19582.1,16952.8,-47.1833,26.1628,-29.9784,2.90157,-4.40237,-2.51944,-12.2997,1.42976,-6.91771,-33.5291,27.8929,-44.6916,-33.8712,-32.9735,-38.5529,-28.045,-35.5354,-20.9381,-19.6497,-34.2191,-13.4814,-161.759
343,7568,164,119452,25253.4,29294.8,-47.8227,25.9512,-29.349,1.80216,0.718736,-8.49217,-11.6239,0.885301,-7.66253,-32.349,26.864,-44.8769,-32.3483,-32.3714,-39.874,-26.6801,-35.9325,-20.6209,-22.0726,-35.2535,-17.8344,-162.297
344,7590,884,231397,39188.4,49837.1,-50.0334,26.5534,-30.0443,3.69155,-1.81196,-9.64402,-12.4019,-0.754523,-1.10641,-32.839,29.278,-43.0307,-33.3692,-32.433,-38.6034,-25.7691,-34.7143,-23.1668,-21.9421,-36.6205,-16.4568,-162.345
345,7612,699,114747,24595.3,29078.8,-54.0944,25.5783,-32.4459,4.87612,-8.77429,-9.04298,-13.5399,-1.20405,-0.384693,-33.661,27.0406,-40.7347,-33.8041,-31.6517,-37.8171,-26.4792,-34.2327,-22.973,-20.1921,-36.9927,-17.3809,-161.645
346,7634,27,212769,37028.9,42093,-54.733,25.0145,-31.1005,4.88158,-8.31584,-7.84183,-13.4325,-0.350846,5.27654,-33.3435,27.3079,-37.9198,-33.497,-33.5227,-39.8646,-29.4587,-34.0049,-23.2538,-22.3098,-36.7695,-18.3288,-162.664
347,7656,915,345638,34639.2,62940.5,-51.0664,25.3459,-30.2367,6.40315,-6.88883,-5.90118,-9.60202,0.0559489,3.08805,-30.7845,27.3489,-39.5698,-30.6759,-34.5888,-37.9985,-28.0281,-33.9305,-22.8709,-21.4272,-37.2124,-17.6799,-161.359
348,7678,88,254393,43204.1,52075.4,-53.5641,26.1129,-29.3098,4.91278,-7.84506,-4.04611,-8.96345,-1.92229,5.57794,-30.9375,26.5441,-40.5545,-29.4378,-34.3031,-38.8234,-27.3186,-32.861,-23.2387,-19.1916,-37.4976,-14.5743,-161.836
349,7700,7320,312404,82086.5,66638.1,-54.3803,27.4697,-28.5255,3.17877,-7.55403,-2.16543,-10.042,-3.22479,2.65272,-28.5558,27.3405,-41.5331,-27.125,-36.6698,-38.984,-27.1653,-35.4249,-25.0884,-21.4673,-38.6233,-15.9848,-163.593
350,7722,1980,283048,72329.4,77443.6,-54.2391,28.5703,-28.8382,4.54051,-7.76319,-1.92842,-7.58547,-5.52338,2.59156,-29.4792,28.9411,-39.5737,-27.8748,-35.6565,-36.9697,-28.5517,-35.6455,-27.2515,-20.5809,-37.0858,-16.2574,-164.311
351,7744,4286,261672,69719.5,59401.9,-51.997,28.2746,-28.1955,4.02719,-6.87826,-2.42342,-5.12779,-5.38346,2.66067,-28.0642,26.4747,-40.2317,-26.4997,-35.0497,-37.6623,-29.6779,-35.1398,-27.2825,-21.7415,-36.435,-15.3558,-164.797
352,7766,2067,250340,74857,60886.1,-53.4759,28.7049,-28.5379,4.90496,-8.61242,-5.11964,-2.43742,-4.87008,4.71753,-28.5061,26.8743,-42.3565,-26.1977,-34.0745,-38.7831,-29.6901,-33.3482,-30.2356,-22.5118,-36.254,-17.567,-164.634
353,7788,4275,253504,66117.8,61508.4,-54.0712,29.3181,-27.2749,4.2468,-9.11048,-3.28239,-3.22952,-3.89379,5.75983,-26.587,21.5938,-41.331,-26.9353,-32.3794,-36.2152,-27.452,-36.3891,-32.6553,-24.565,-38.8469,-19.0959,-165.946
354,7810,711,251082,83314.6,71668.4,-56.1457,28.5821,-27.7395,4.94033,-9.23849,-2.57111,-0.810686,-3.30156,6.79593,-26.1693,21.4591,-41.9153,-27.9926,-36.3485,-34.5104,-29.3472,-39.1068,-33.1653,-25.3363,-40.7756,-17.7704,-165.726
355,7832,1055,130379,50574,34479.3,-57.9316,29.3691,-25.818,5.11555,-8.54597,-1.22756,-1.58916,-4.32648,6.48635,-25.4384,22.0465,-40.9952,-32.4312,-37.3517,-34.8592,-27.4902,-37.1632,-30.2726,-25.1221,-41.439,-17.9325,-164.452
356,7854,2617,202268,58509.3,54971.2,-54.3364,31.9514,-23.7109,5.30049,-8.01063,-4.30692,-3.18057,-3.49795,7.89644,-23.8866,21.6682,-41.379,-33.8445,-36.7961,-33.0315,-29.7442,-36.3215,-29.2003,-25.0354,-38.7751,-15.4469,-163.891
357,7876,784,393963,89558.2,89419,-56.5538,32.4659,-25.2363,2.75263,-8.39776,-3.09825,-2.45265,-3.9103,5.42672,-22.8227,21.9097,-40.1265,-33.0609,-33.2234,-34.3194,-28.5449,-33.4335,-28.9826,-24.093,-38.3563,-17.2779,-160.54
358,7898,1291,394677,96138.6,88775.8,-55.1629,31.4136,-26.7798,4.29263,-9.59853,-1.81449,-0.359818,-5.59741,2.9424,-21.0456,25.5013,-39.958,-31.9536,-31.6336,-32.5295,-25.5298,-28.7582,-29.9347,-24.0392,-36.8896,-16.2615,-159.342
359,7920,970,283035,80695.1,69154.3,-50.2675,29.9811,-26.1869,7.91002,-9.00124,-3.56085,-2.29447,-5.65157,0.886704,-18.6297,23.7668,-38.8716,-33.6673,-32.942,-31.9536,-26.0393,-30.0299,-28.6357,-19.7489,-34.2191,-17.4237,-158.251
360,7942,880,292087,94157.3,75292.7,-49.4246,29.1031,-24.0912,8.15966,-7.36769,-3.18971,-3.22603,-5.74533,2.1821,-17.9927,25.0714,-41.9819,-32.354,-32.6334,-28.1747,-24.529,-29.2059,-29.6308,-19.8276,-33.9599,-20.2572,-159.168
361,7964,633,193925,63585.9,56340,-47.2462,29.5073,-24.0641,3.89055,-7.18413,-1.83868,-0.727229,-6.81914,6.83223,-17.3022,27.7297,-42.1963,-32.2862,-35.7466,-29.5502,-24.895,-29.2319,-30.5457,-19.779,-32.6489,-22.8238,-159.393
362,7986,2987,310245,85336.6,83919.6,-48.3695,32.3753,-25.3618,8.27498,-3.64215,-1.65005,-1.07949,-8.84341,6.97427,-18.7612,27.2024,-38.0473,-29.1722,-34.1074,-30.008,-25.0759,-27.9369,-29.589,-20.5071,-30.3579,-20.0587,-156.99
363,8008,216,150954,44283.7,37219.5,-49.458,30.4933,-23.7709,8.96082,-4.6558,-2.08498,-2.08677,-7.41402,8.47791,-16.9028,26.7572,-34.8993,-27.2097,-32.1686,-27.569,-25.3857,-28.0948,-27.1123,-17.0803,-31.0162,-21.0856,-158.017
