generation,agents,minScore,maxScore,meanScore,standardDeviation,w0,w1,w2,w3,w4,w5,w6,w7,w8,w9,w10,w11,w12,w13,w14,w15,w16,w17,w18,w19,w20,w21
0,22,0,6,2.33333,1.56102,3.65789,-2.1739,-6.64056,1.20068,-2.65585,4.34437,-1.64663,-1.46668,-0.686456,-1.18012,-0.364608,4.06938,-1.71464,-0.980005,1.58945,-4.74992,-5.96138,-4.56462,-1.78418,-2.88721,0.572957,-2.11161
1,44,0,10,1.9,2.74616,1.35537,-6.49916,-11.3864,4.45334,-3.6151,5.03423,-2.41502,-5.41613,2.13471,-2.85318,0.438309,3.35865,-3.65862,-2.83046,6.71167,-5.34103,-6.14119,-11.536,-8.47561,-1.80748,7.15626,-6.04115
2,66,0,18,7.33333,4.13841,-1.63087,-7.29509,-13.489,2.54449,-2.40687,9.02407,-4.62261,-9.40299,0.256908,-3.2665,3.44452,-5.7941,-8.71393,-4.44812,5.71409,-2.46065,-10.8379,-14.3904,-10.9951,1.15966,6.26924,-7.10638
3,88,1,15,7.1,3.91593,-0.230735,-5.42728,-15.3249,-1.30417,-3.39463,9.66749,-0.0430362,-7.57775,0.573548,-4.29604,4.72112,-9.22398,-4.72981,-6.77883,1.28665,-3.39871,-12.3701,-15.4113,-11.0853,-2.60187,7.03893,-10.1112
4,110,2,33,11.8,6.5147,-0.872219,-5.24923,-14.6521,-2.83344,-2.83407,6.86582,-1.34173,-8.61853,-0.930941,-1.2273,8.12243,-10.001,-8.78094,-5.50108,-3.46783,-8.72694,-14.2797,-18.1083,-10.1775,-3.58781,5.01507,-10.8524
5,132,3,15,8.6,3.54868,3.29558,-4.86487,-14.8951,-3.45058,1.17988,5.68794,-1.29342,-7.17917,-0.924231,-4.41844,10.9686,-10.1865,-4.0323,-7.08641,-6.26559,-10.2862,-21.6718,-19.8763,-12.033,-4.43148,4.46618,-10.2782
6,154,3,35,13.1333,7.29068,1.82614,-8.35681,-14.6153,-7.92743,4.62243,3.51591,-0.967401,-9.51248,-2.20069,-8.1827,10.0994,-9.24991,-4.0933,-8.64488,-6.29448,-12.4925,-23.0029,-23.5071,-11.3719,-5.25835,5.85462,-13.2707
7,176,9,39,22.3333,7.76079,3.3902,-6.2608,-15.4431,-9.53228,-0.93706,0.966589,2.81656,-10.2286,-2.42396,-10.2912,6.64967,-8.25031,-4.92617,-8.62918,-2.0072,-19.7844,-24.7508,-23.2109,-13.7189,-5.05494,1.41408,-14.1475
8,198,8,56,25.6,11.4549,2.009,-5.56015,-16.9871,-11.9491,-0.847306,2.5445,-0.729851,-10.4987,-2.9064,-10.334,5.81523,-5.66698,-3.7034,-10.007,-1.7291,-19.5188,-29.7928,-25.0609,-15.7753,-5.07703,-5.56377,-14.7415
9,220,8,44,25.5667,11.8545,-1.80032,-5.65221,-13.6493,-15.0732,0.953429,3.98193,-2.26861,-14.2454,-1.55343,-8.00988,5.69957,-4.92502,-5.8938,-8.46177,-2.37585,-19.438,-31.4957,-29.0321,-14.2441,-5.38054,-3.78094,-15.7104
10,242,11,70,33.0333,14.4305,-11.0639,-7.43735,-13.1813,-12.9736,-1.94306,2.13638,-4.75423,-15.57,-2.57521,-11.7702,4.17432,-5.33728,-4.854,-7.00214,-2.08597,-18.3704,-31.9791,-28.5924,-13.1814,-4.50862,-1.82569,-18.3294
11,264,10,53,27.0333,12.6422,-18.2448,-6.27097,-12.9024,-9.11349,-4.79063,-2.53584,-8.57653,-13.2632,-4.47557,-12.8087,3.6058,-6.27284,-5.72452,-6.22749,-3.58585,-20.0658,-35.6172,-28.1726,-13.7445,-6.09307,0.233715,-18.1372
12,286,20,121,64.9,30.3433,-16.3499,-6.45228,-11.5366,-10.9924,-6.66195,-1.76515,-1.87263,-20.0974,-5.36113,-13.169,3.88523,-7.54443,-4.60001,-9.3467,-6.15437,-18.5979,-29.4462,-27.3467,-15.4446,-6.28145,2.05068,-18.6222
13,308,27,149,73.9333,29.2998,-21.1434,-7.64173,-12.1097,-11.3314,-9.82742,-0.355272,-1.63759,-21.0394,-3.62073,-13.1988,3.48272,-7.71927,-6.12582,-9.26645,-7.11007,-18.0711,-25.8451,-27.6036,-14.6344,-6.92456,1.84439,-21.6166
14,330,32,185,83.8,32.0134,-18.1098,-7.2151,-11.8876,-10.8016,-12.0113,-3.65076,-0.750112,-22.3379,-4.05678,-14.5739,0.105263,-9.66589,-4.42169,-10.1669,-10.2617,-20.9423,-24.3912,-26.5204,-14.4964,-5.95579,3.43769,-22.546
15,352,27,257,85.1667,52.474,-12.4697,-6.99052,-10.5042,-8.55478,-12.5825,-5.28532,-2.23855,-22.7399,-4.24444,-15.6956,0.399786,-9.16191,-5.5408,-10.4167,-8.17623,-18.5909,-24.5196,-25.8317,-15.7971,-7.45791,3.12613,-23.1551
16,374,17,231,71.9,41.8358,-13.1624,-5.6085,-10.5254,-7.64644,-13.4964,-5.46048,-1.85971,-23.6686,-3.77246,-13.8135,0.309999,-9.33375,-6.72499,-11.1474,-9.08327,-19.3444,-23.3399,-25.5466,-14.4933,-7.83193,3.06747,-21.717
17,396,28,200,76.9333,35.3748,-17.4033,-6.01668,-9.36205,-8.74965,-14.4826,-4.69627,-2.55661,-19.7733,-4.28225,-14.5354,0.383773,-9.6261,-6.18965,-11.5382,-7.3887,-18.0873,-25.3392,-24.8338,-13.5305,-7.74267,3.27069,-22.9788
18,418,39,154,73.3333,28.858,-8.06831,-7.9433,-9.59287,-11.8779,-16.5245,-5.68117,-2.11905,-19.7384,-4.13946,-15.5105,0.119393,-9.64887,-6.1344,-9.47102,-7.31377,-18.8653,-25.7613,-25.3395,-12.9709,-9.10075,4.27918,-22.8343
19,440,38,128,67.6,21.9193,-9.19317,-6.97359,-9.40574,-12.264,-15.347,-2.14712,-2.76752,-17.9257,-4.9684,-12.9811,-0.871758,-9.18055,-6.53163,-10.1589,-8.72005,-16.8163,-29.5774,-25.1603,-12.9731,-9.25874,4.68654,-23.5709
20,462,30,206,79.9,42.8947,-10.4865,-7.46844,-8.41249,-12.8811,-12.7435,-2.23265,-2.74439,-17.7235,-5.78525,-15.1536,-3.78123,-10.5413,-6.28706,-13.2568,-9.43316,-16.9698,-29.9471,-23.7343,-14.0236,-8.02456,3.6146,-24.5842
21,484,33,189,82.7667,39.8434,-2.81843,-9.10237,-8.30405,-11.7804,-13.6487,-3.54986,-1.10066,-18.8139,-2.05211,-14.2229,-3.8968,-8.81693,-7.10679,-12.3069,-9.12704,-16.8116,-28.9695,-23.0874,-13.8479,-7.49411,3.65654,-24.8737
22,506,30,244,101.933,47.2294,1.26965,-9.0955,-8.79558,-11.4595,-13.7757,-6.50387,-1.79427,-17.4899,-3.90598,-15.3348,-4.10245,-9.25753,-7.04018,-12.7019,-10.1444,-19.2759,-26.8623,-21.6434,-15.6291,-7.22487,2.91948,-26.9021
23,528,35,235,118.867,54.2864,-3.80109,-9.71733,-10.3382,-11.8426,-14.2447,-6.54509,-3.93333,-19.0824,-5.7188,-18.0721,-5.60985,-9.09488,-8.1867,-12.5949,-11.6392,-21.6845,-28.6185,-21.3009,-15.1605,-7.12878,1.50414,-27.5068
24,550,32,246,94.8,52.04,-4.25494,-8.7399,-8.91289,-10.321,-14.3013,-6.50453,-8.98585,-17.3676,-7.72513,-17.0919,-9.53341,-10.7596,-10.8653,-12.4614,-10.9659,-22.3823,-29.0319,-20.9322,-16.3784,-5.9179,-1.5839,-28.6174
25,572,43,249,92.1667,47.0415,-4.93894,-9.52127,-9.30648,-10.1413,-14.1015,-7.08608,-10.2726,-16.2927,-8.92253,-17.293,-9.57437,-11.4906,-12.1694,-13.0812,-10.9941,-21.9795,-28.9908,-22.2802,-13.3243,-7.98386,-2.71249,-29.6781
26,594,46,252,130.2,55.72,-7.36663,-8.80295,-13.6806,-10.5626,-14.5401,-6.85546,-9.10317,-15.1989,-9.71553,-18.5145,-8.94705,-12.352,-10.4358,-13.455,-9.27542,-23.3565,-32.0506,-20.7078,-15.9082,-6.08365,-3.37928,-33.3055
27,616,51,478,156.967,103.51,-1.23432,-10.8798,-14.6013,-11.0219,-15.1742,-13.3045,-7.91297,-12.9026,-11.2515,-19.5857,-8.55111,-12.0864,-9.73624,-12.8663,-8.58735,-21.4437,-31.5894,-20.9891,-15.6304,-6.27923,-2.35975,-35.259
28,638,20,366,147.733,86.71,0.0467824,-12.8026,-16.7158,-13.1722,-15.3294,-13.9771,-8.11533,-11.9899,-9.84892,-21.6134,-8.24628,-12.6791,-10.5859,-11.646,-11.9969,-19.9417,-30.46,-20.914,-14.8918,-5.22486,-2.08854,-38.4986
29,660,55,466,199.3,108.122,-0.685891,-13.4508,-15.9144,-12.9206,-15.4459,-13.6768,-8.14667,-11.2167,-12.5516,-23.0465,-10.8946,-13.7077,-10.1682,-12.5712,-10.6068,-21.2061,-30.9572,-21.9778,-14.4114,-5.37966,-3.82906,-41.0111
30,682,45,374,157.2,87.1287,-0.834443,-14.7146,-16.9538,-14.244,-14.9793,-13.679,-7.21488,-11.3917,-13.8255,-24.7294,-10.8102,-13.2907,-10.6132,-12.4386,-8.42885,-21.0714,-30.8559,-23.2408,-14.6178,-6.95677,-4.06156,-42.0059
31,704,42,400,163.033,85.4027,0.333494,-13.4947,-17.0814,-14.4897,-14.1215,-15.9569,-7.03346,-12.0905,-13.4236,-22.4627,-11.1993,-13.0422,-9.8171,-13.0942,-10.8446,-22.0971,-28.2107,-22.9571,-15.3237,-8.24553,-3.61428,-40.1559
32,726,51,505,198.833,123.878,-2.08363,-14.5855,-17.0815,-15.6536,-13.3067,-15.7194,-7.4372,-13.9438,-14.4137,-22.8349,-10.9522,-11.8105,-11.3649,-11.3904,-11.3563,-22.0655,-29.1626,-21.632,-14.7208,-8.37779,-3.66576,-41.0493
33,748,52,715,224.333,169.057,-3.06269,-15.3734,-16.3323,-15.4351,-14.5844,-16.6501,-8.6849,-14.7877,-14.8733,-23.3921,-11.805,-11.7717,-10.1609,-9.61242,-11.2174,-24.7436,-29.7397,-20.9594,-14.5992,-9.30138,-3.46764,-41.3097
34,770,22,353,163.167,86.8241,-3.38723,-14.4467,-17.4095,-13.7711,-14.8887,-15.0579,-6.89222,-12.0542,-13.9189,-23.4066,-11.9639,-12.8059,-11.8891,-10.6028,-11.5148,-24.515,-29.6004,-17.8525,-14.1811,-10.8822,-2.48296,-40.5852
35,792,48,345,129.333,68.234,-6.35557,-14.5426,-16.6471,-13.8586,-14.5551,-14.4237,-5.43855,-14.7052,-14.406,-23.6088,-11.2531,-12.775,-11.8066,-11.5823,-7.64034,-27.0909,-28.8652,-18.5502,-17.7683,-10.9056,-1.98334,-41.8127
36,814,64,398,172.533,77.0829,-6.89443,-15.4535,-14.1154,-12.6446,-14.2133,-13.7585,-7.23019,-14.7676,-15.6376,-24.5438,-11.0342,-13.4662,-12.7799,-12.706,-10.4871,-26.4166,-26.0205,-19.3614,-16.8455,-9.33573,-2.60971,-43.8565
37,836,37,349,137.067,77.0168,-10.4592,-17.8269,-15.0003,-14.2581,-14.4262,-15.534,-7.53452,-15.3157,-15.1413,-25.1269,-10.9577,-13.4167,-11.385,-14.9713,-10.7986,-25.6931,-26.697,-18.6509,-18.447,-9.02785,-3.54116,-43.5186
38,858,23,645,212.233,124.947,-11.9528,-16.877,-13.5936,-15.8593,-12.6361,-17.3289,-8.47805,-14.1322,-15.0197,-22.5331,-9.7352,-13.6806,-12.8483,-13.8424,-11.2928,-26.3733,-26.9655,-19.075,-19.7558,-9.62133,-4.59899,-45.5202
39,880,28,1061,328,240.502,-9.0903,-16.5623,-15.7084,-18.0092,-13.4059,-17.9746,-10.4501,-14.4465,-12.677,-22.1627,-8.51779,-14.0863,-13.1139,-14.8747,-10.5177,-21.485,-28.0343,-20.93,-18.3569,-9.70006,-3.62726,-47.5258
40,902,58,990,275.567,205.333,-7.38947,-17.5761,-14.6013,-16.9884,-12.4489,-17.6185,-11.7703,-13.4612,-12.9278,-23.0522,-7.47953,-14.5787,-13.2936,-17.9349,-11.5298,-18.9068,-27.8392,-19.502,-16.948,-8.20238,-3.5099,-47.7438
41,924,41,652,265.567,182.866,-9.57651,-17.951,-14.4923,-16.7695,-12.6923,-17.7691,-11.1654,-13.4864,-11.8832,-25.9487,-7.82599,-15.9695,-13.2213,-19.6775,-13.5168,-20.9841,-29.9562,-19.0322,-18.5339,-9.94591,-5.57688,-48.6831
42,946,55,666,196,125.87,-7.94035,-18.83,-16.0563,-16.2005,-13.4476,-18.3502,-11.2858,-10.953,-11.7259,-23.4207,-8.80223,-18.3773,-11.63,-15.7681,-13.5817,-21.9764,-30.948,-17.8058,-17.3442,-6.9786,-8.02416,-48.3377
43,968,26,872,238.5,166.199,-7.41292,-16.7117,-16.607,-18.0066,-13.2231,-18.8448,-10.4755,-13.1168,-11.4889,-26.028,-10.3421,-18.7231,-12.4562,-14.4026,-13.0423,-22.3146,-30.1196,-16.9915,-18.3729,-9.63571,-6.58212,-50.7072
44,990,37,791,226.967,156.896,-7.22769,-16.5469,-15.8518,-16.4398,-10.7058,-19.1547,-12.7839,-11.2378,-10.3112,-25.3729,-8.61993,-18.4382,-11.0603,-15.3616,-13.9317,-21.8154,-28.4405,-17.0113,-17.3687,-12.966,-9.88266,-50.6121
45,1012,65,460,191.633,101.801,-9.50212,-16.7651,-15.5709,-16.4642,-10.3139,-20.1319,-11.3406,-10.1333,-11.9617,-25.6602,-5.48822,-19.5533,-11.2747,-15.3013,-13.0461,-23.0361,-25.3463,-20.4379,-20.6526,-17.8518,-11.1477,-50.9457
46,1034,60,706,249.067,165.528,-12.2895,-16.9641,-15.6884,-15.7352,-10.6937,-22.5346,-13.6491,-9.9688,-10.8515,-25.5771,-4.882,-19.2517,-11.858,-14.4399,-14.1703,-23.6142,-24.4227,-18.0636,-20.7356,-16.2541,-11.0024,-52.0008
47,1056,73,703,330.033,183.919,-13.1587,-15.4935,-16.5243,-14.718,-10.0831,-22.9647,-14.8582,-10.8811,-11.5647,-27.1989,-5.77306,-20.8431,-13.4848,-14.8164,-17.5145,-24.8564,-22.0542,-16.895,-22.651,-13.4355,-7.44785,-51.7801
48,1078,48,996,343.767,229.785,-12.7702,-15.2481,-16.2725,-15.2429,-9.74815,-21.4661,-14.5626,-11.0704,-12.0069,-28.0153,-7.07002,-20.1503,-16.6284,-14.5226,-16.4117,-24.4523,-21.6038,-17.728,-22.4164,-11.9056,-3.72844,-52.4741
49,1100,70,1425,324.833,262.049,-11.5482,-14.88,-14.85,-16.8974,-9.2766,-20.5496,-13.4828,-11.3995,-10.5422,-26.3717,-8.82683,-18.3944,-16.4812,-14.5324,-14.531,-21.6753,-24.2229,-17.2458,-22.3312,-13.5288,-3.75189,-52.4441
50,1122,56,1318,448.9,268.83,-11.4189,-15.382,-17.7958,-16.706,-11.1934,-19.8872,-16.125,-12.707,-11.1388,-25.0044,-10.8416,-19.8599,-16.7456,-15.0696,-14.0166,-19.6102,-19.96,-18.6075,-20.6797,-13.1831,-2.68114,-51.8612
51,1144,54,1487,456.7,324.437,-12.0107,-16.1074,-18.4986,-16.5547,-12.8769,-18.0152,-18.5816,-13.4048,-12.5392,-23.7283,-10.1402,-18.2642,-15.7876,-16.2619,-13.2137,-19.3145,-17.9122,-19.0026,-18.4875,-12.9672,-1.59316,-51.6659
52,1166,67,1482,507.533,360.941,-12.7482,-15.9571,-19.7602,-17.4252,-12.7908,-18.8634,-19.8405,-9.03525,-13.1345,-24.2985,-8.65517,-16.6847,-16.415,-16.7924,-14.5731,-17.9731,-16.5544,-17.6673,-15.9353,-11.7969,-2.3725,-52.4623
53,1188,92,986,387.933,234.292,-14.6669,-15.756,-19.9019,-16.8999,-13.5481,-18.2947,-21.8536,-10.5488,-11.8596,-22.6809,-7.30956,-13.5882,-14.7005,-16.4657,-14.9292,-16.8606,-17.7331,-16.963,-17.1929,-10.9205,-4.59491,-51.2645
54,1210,71,2058,510.233,426.313,-15.534,-16.2693,-20.6433,-15.9735,-13.3609,-19.3623,-18.8299,-9.00422,-13.825,-21.0736,-7.34645,-14.6899,-15.0988,-15.4443,-15.6501,-15.1843,-18.69,-17.9538,-14.3548,-10.3017,-3.44192,-52.3422
55,1232,49,818,285.367,198.827,-16.4104,-16.1021,-19.7793,-14.7332,-13.4079,-18.8087,-19.0819,-9.89959,-13.4745,-20.2653,-6.75688,-13.1836,-16.0516,-16.4464,-16.7396,-13.5972,-19.0235,-18.3752,-16.0059,-10.2758,-3.27226,-52.7063
56,1254,40,853,340.5,209.311,-15.5603,-14.3887,-21.7053,-14.8151,-13.089,-18.4195,-16.9036,-12.0062,-12.9212,-20.3975,-6.16217,-15.8423,-12.9287,-17.4482,-17.274,-14.0429,-19.5453,-18.6192,-18.1913,-10.2718,-7.2744,-52.0555
57,1276,84,1307,379.167,277.551,-14.722,-14.8575,-21.8386,-11.1791,-13.9949,-19.4533,-17.5898,-13.0572,-13.7694,-16.7232,-6.37663,-19.9336,-14.7149,-17.6664,-17.1079,-15.6783,-19.7873,-19.7142,-16.2639,-12.4068,-5.32338,-52.3852
58,1298,87,1354,452.333,273.096,-13.7306,-11.8324,-22.5343,-9.92204,-12.185,-19.3791,-18.6695,-15.1312,-13.6644,-18.2478,-6.61998,-20.7702,-14.5467,-16.4252,-18.3948,-18.0282,-21.221,-19.502,-15.3426,-12.6421,-5.12021,-51.7682
59,1320,41,2731,622.467,607.224,-13.4429,-10.1218,-21.8999,-9.29592,-13.8236,-18.3351,-20.7623,-14.2873,-14.5066,-18.4602,-6.41509,-21.7074,-14.2903,-14.9568,-17.0642,-18.0169,-21.2624,-19.7362,-16.1281,-13.471,-2.8772,-51.5843
60,1342,126,2600,711.2,705.843,-12.8686,-10.501,-21.5868,-11.8517,-13.9864,-19.343,-19.2451,-13.4333,-13.376,-19.064,-5.78984,-21.2443,-12.5704,-16.0542,-15.9742,-16.8675,-22.6829,-17.1425,-15.1284,-13.7778,-6.86661,-51.5488
61,1364,185,3415,799.967,714.653,-13.1373,-10.215,-21.0278,-11.8494,-15.6313,-19.9411,-16.033,-15.7784,-14.5985,-17.8234,-6.55338,-20.0501,-13.4627,-16.9194,-15.5742,-16.3605,-22.5148,-16.0994,-13.0154,-15.9013,-6.24975,-53.3744
62,1386,46,2207,690.933,555.623,-14.4646,-11.3045,-20.3982,-13.0601,-14.7379,-19.3604,-17.4337,-14.855,-14.4238,-21.3015,-7.87462,-18.924,-14.3834,-17.5669,-14.7702,-12.8542,-20.7365,-15.5445,-13.1997,-14.5262,-8.43785,-54.8046
63,1408,107,4046,1114.8,973.13,-10.6536,-9.46863,-20.1714,-13.5235,-14.7267,-18.125,-17.2056,-16.0717,-14.4715,-21.2159,-8.65154,-16.244,-13.091,-16.6586,-14.2579,-15.1131,-24.4644,-16.7158,-14.2575,-13.4348,-8.36318,-58.438
64,1430,70,4598,886.067,884.788,-9.96143,-9.39815,-21.6257,-13.0414,-14.8301,-17.3081,-18.1971,-17.2578,-14.7136,-20.9589,-5.71075,-14.7477,-11.8265,-14.9815,-15.3434,-16.2583,-23.953,-14.7399,-15.0796,-14.1161,-8.23087,-54.741
65,1452,91,5867,1332.17,1152.66,-6.82507,-8.54226,-21.1728,-13.8271,-14.8191,-18.2662,-16.4587,-18.6564,-13.7363,-22.9652,-7.24241,-15.0077,-10.0735,-13.669,-16.647,-13.7574,-21.9764,-14.537,-15.2386,-14.0723,-8.31669,-56.1074
66,1474,49,6897,1426.9,1470.97,-8.39534,-8.50833,-23.6207,-15.6487,-14.3292,-16.7691,-14.7288,-17.6006,-15.1525,-21.326,-6.83536,-14.067,-10.1274,-13.4461,-16.6084,-14.4017,-21.5655,-13.9466,-18.1242,-12.4232,-7.30416,-61.414
67,1496,124,3484,1138.6,932.251,-7.2002,-9.54991,-23.5763,-17.8802,-13.5075,-17.8303,-15.2102,-15.9904,-14.241,-21.2702,-7.76963,-18.2702,-11.2324,-11.7855,-16.3009,-14.3585,-20.9239,-13.5369,-16.5383,-12.811,-8.0964,-61.1618
68,1518,131,3203,883.7,747.563,-8.01535,-8.90144,-24.9783,-15.4958,-14.9038,-17.6414,-14.4206,-12.8556,-15.1889,-23.328,-9.04149,-17.2464,-11.3075,-13.3288,-14.3498,-15.1262,-20.7171,-12.3219,-16.5303,-11.7615,-9.78917,-62.7722
69,1540,110,2341,872.1,581.268,-7.94761,-8.80011,-26.5977,-17.738,-14.8874,-15.4532,-13.8342,-10.2386,-16.3536,-22.498,-8.43355,-17.2579,-11.8142,-13.8594,-13.2762,-14.286,-18.8461,-11.9401,-15.5618,-13.8835,-8.51846,-63.2831
70,1562,123,3842,1537.2,1016.59,-10.0033,-7.44703,-27.1583,-17.4978,-14.485,-16.1564,-15.1387,-12.3242,-16.4669,-21.5812,-7.97503,-16.2701,-10.9623,-16.4483,-12.7325,-15.0368,-17.8303,-11.6033,-15.7336,-16.8179,-10.3833,-65.2176
71,1584,67,4457,1280.1,1028.93,-6.15256,-7.81972,-28.4305,-16.9645,-15.716,-17.5773,-17.66,-12.8563,-14.4349,-21.6545,-6.91169,-18.1176,-12.4668,-18.7876,-12.6017,-17.9436,-17.1524,-12.4381,-13.7386,-17.2955,-11.7612,-63.4233
72,1606,137,4603,862.933,889.89,-5.37502,-7.96487,-27.7295,-17.2121,-15.5002,-17.9346,-16.4247,-12.6232,-12.9106,-21.4829,-4.51005,-18.1246,-11.9627,-17.0364,-11.3901,-16.9337,-17.3638,-13.6701,-12.2621,-16.612,-9.40342,-64.0417
73,1628,67,3166,1146.1,858.341,-7.46168,-8.11503,-29.0107,-16.9513,-14.962,-18.8136,-19.2881,-13.1516,-12.632,-21.2458,-4.34193,-19.0023,-13.9026,-17.8782,-10.7176,-16.4365,-16.5169,-14.243,-12.9594,-15.8942,-10.9343,-69.0568
74,1650,75,4680,1427.1,1214.46,-9.04939,-7.77832,-29.0854,-14.4467,-15.7786,-17.7251,-19.8656,-13.5311,-13.8707,-22.6327,-5.39196,-18.8044,-13.6491,-16.5353,-12.4716,-16.4139,-18.2489,-15.0723,-12.9079,-15.3185,-9.69969,-65.554
75,1672,141,3421,1265.97,907.987,-9.4907,-7.16879,-29.5262,-12.4177,-13.3855,-15.9411,-19.9831,-12.8046,-14.1236,-25.3931,-6.13985,-17.9385,-14.6633,-13.8828,-12.4302,-14.1597,-19.0417,-15.6005,-11.4787,-16.5456,-9.19152,-66.5174
76,1694,130,5026,1447.33,1201.67,-13.4488,-7.21139,-29.5942,-10.8851,-14.1007,-17.5886,-22.8106,-12.6636,-15.3165,-25.6273,-6.56525,-17.6448,-14.9664,-11.5849,-11.2491,-13.958,-19.189,-17.7763,-14.035,-15.885,-7.62604,-67.0299
77,1716,69,5699,1340.6,1462.06,-16.5612,-6.81126,-29.5644,-11.3888,-14.5353,-17.875,-23.1221,-14.2706,-15.5491,-25.3669,-8.30719,-18.5467,-14.4287,-12.551,-11.8183,-14.5511,-19.0387,-15.8589,-14.2647,-15.6151,-6.43557,-64.808
78,1738,37,3959,1498.43,1181.77,-16.3824,-6.29131,-29.9989,-11.6991,-16.39,-18.0222,-22.1203,-13.5288,-15.807,-28.0877,-8.39844,-18.18,-12.9145,-10.097,-12.0866,-15.6585,-19.2014,-16.8621,-11.6473,-14.0364,-8.71023,-66.8975
79,1760,62,3251,1513.9,976.987,-17.3332,-6.76031,-31.8563,-11.1543,-15.0444,-17.4214,-22.1728,-16.4354,-15.9101,-28.6751,-8.00153,-18.8713,-12.6303,-9.44595,-10.3681,-14.4831,-16.5018,-18.0678,-10.145,-15.8085,-7.93482,-67.087
80,1782,83,4590,1003.93,881.045,-15.0865,-7.58882,-32.5821,-11.0314,-14.0604,-15.8134,-20.3842,-16.6506,-14.7814,-28.7106,-7.23289,-18.4007,-11.1674,-11.2077,-11.7782,-15.0015,-17.981,-19.4352,-10.1616,-17.6119,-7.38434,-68.1476
81,1804,248,2969,1033.77,753.064,-21.0743,-8.58304,-32.8769,-12.3112,-14.4038,-14.4989,-19.9794,-19.3232,-16.0577,-30.8491,-6.50908,-16.1682,-14.1011,-11.8171,-12.803,-17.0363,-18.4476,-18.2839,-10.0424,-17.6658,-7.31534,-68.9002
82,1826,114,5409,1510.57,1389.03,-19.7593,-6.52002,-32.6308,-12.7708,-13.7753,-14.1422,-19.3174,-19.5087,-14.8881,-29.9503,-4.96277,-17.1818,-18.117,-11.2997,-13.2691,-16.6091,-21.078,-17.8176,-9.93162,-17.5358,-7.41421,-69.2006
83,1848,107,5626,1185.33,1254.27,-18.913,-4.5651,-34.6003,-13.7367,-13.9143,-14.5945,-21.2797,-19.9034,-14.2379,-28.728,-3.50978,-17.2051,-18.4209,-12.6819,-14.7643,-16.1595,-20.4795,-18.4561,-8.70244,-17.1667,-7.68268,-66.7725
84,1870,71,9309,1734.6,2070.51,-18.1008,-4.64327,-35.4894,-13.9959,-13.559,-14.9814,-21.3546,-19.7522,-14.8222,-26.5293,-4.45005,-17.3047,-18.0741,-12.5901,-12.9581,-15.187,-18.6654,-16.0977,-10.4251,-18.5877,-9.25362,-65.4474
85,1892,141,6407,1521.23,1347.83,-19.2245,-5.5668,-35.7975,-14.1965,-12.5553,-14.5763,-22.2888,-21.1163,-18.1597,-28.2108,-4.85522,-18.5388,-17.2425,-12.1685,-11.0471,-14.9189,-19.7267,-16.1166,-10.3453,-16.8097,-10.4469,-63.3904
86,1914,112,4289,1181.1,1087.32,-17.0922,-3.41233,-35.4848,-14.53,-11.5652,-16.0291,-21.8292,-20.8861,-16.968,-27.3874,-4.13774,-19.6731,-16.6774,-11.2025,-10.4628,-14.5306,-18.8909,-15.3023,-8.98178,-15.9898,-10.0923,-65.6724
87,1936,171,6293,1293.8,1377.45,-18.8475,-3.53983,-34.9917,-14.7931,-9.34227,-16.9235,-22.2465,-20.4614,-15.8252,-27.6354,-4.68492,-18.1864,-16.7056,-11.2769,-9.68967,-15.126,-16.765,-15.7032,-7.73527,-17.8479,-10.4385,-67.393
88,1958,65,3905,990,876.231,-20.9797,-5.30398,-33.4071,-12.3146,-10.3822,-16.4979,-21.9453,-18.311,-16.7676,-27.5353,-4.96095,-19.9209,-18.4702,-11.6013,-12.6154,-17.2632,-16.8336,-15.1418,-7.52613,-19.1856,-10.7651,-66.8528
89,1980,223,6565,1454.1,1365.62,-22.2606,-4.19693,-33.6965,-10.4338,-11.2128,-15.6325,-23.6973,-19.3355,-17.3086,-25.5198,-5.10759,-18.22,-17.7263,-12.0022,-13.2856,-16.9081,-16.47,-15.5965,-7.27614,-17.327,-11.6164,-67.4674
90,2002,189,5592,1318.4,1197.36,-21.285,-4.41251,-32.3911,-11.7474,-11.7464,-16.0073,-23.2729,-19.9325,-15.7321,-26.4274,-2.50467,-18.2161,-17.0357,-10.98,-13.6259,-18.4423,-16.4357,-17.9172,-5.40583,-15.8719,-10.8875,-69.9061
91,2024,77,4980,1297.23,1213.72,-26.1319,-1.40345,-31.6167,-11.2123,-10.8719,-16.5197,-21.1933,-19.0745,-12.671,-26.1255,-2.55812,-18.0401,-16.7684,-12.5083,-13.71,-18.1376,-16.823,-16.4919,-6.08915,-15.9671,-11.9652,-68.3503
92,2046,112,10845,1617.57,2170.41,-26.4538,-1.36173,-31.8465,-11.2723,-11.0269,-17.8072,-20.8217,-17.8123,-16.0566,-26.5139,-2.81044,-18.2829,-15.8181,-15.6577,-13.8351,-19.1727,-17.0832,-15.5312,-6.41065,-16.1017,-10.6722,-67.8391
93,2068,232,4840,1472.13,1180.72,-27.0396,-0.807577,-32.8541,-11.2041,-10.8273,-17.8215,-19.7615,-16.685,-17.4342,-26.8804,-3.23583,-18.6054,-18.2401,-16.8548,-14.9501,-18.0226,-15.4498,-14.7215,-7.79642,-15.6459,-10.2137,-66.8826
94,2090,200,3616,1194.17,1055.25,-27.3859,-0.468242,-34.5184,-12.1007,-9.51696,-18.4418,-15.7739,-16.835,-19.6149,-28.7003,-3.52881,-17.797,-18.5934,-14.7042,-17.5613,-16.2136,-14.9704,-13.2176,-9.03935,-16.7394,-10.0201,-68.7057
95,2112,111,4651,1163.03,1245.64,-29.0336,0.969118,-33.4565,-12.3966,-10.6811,-19.411,-13.168,-13.9813,-21.2197,-32.7733,-3.41038,-18.1209,-18.2158,-15.8737,-16.0788,-16.102,-12.7597,-14.9699,-8.6031,-15.6812,-9.96361,-71.1579
96,2134,51,2583,855.5,704.74,-27.8137,0.830759,-33.0037,-14.5484,-10.6162,-18.2264,-14.8896,-14.3152,-22.1026,-33.7321,-3.9511,-17.554,-17.1828,-17.2797,-17.3516,-15.3019,-12.6697,-15.3037,-7.59577,-16.8629,-10.2498,-70.1125
97,2156,70,3496,1150.87,975.643,-29.0038,0.532256,-32.6074,-12.8009,-9.84058,-20.0967,-17.4162,-15.8447,-22.2588,-32.2434,-4.93543,-17.0482,-15.799,-17.2139,-17.4483,-14.5804,-14.4375,-14.5359,-6.79548,-20.2571,-11.1346,-68.9782
98,2178,44,2502,753.3,632.66,-29.6623,2.07924,-31.3907,-12.3233,-10.0718,-19.2399,-17.2793,-16.5469,-19.7272,-30.7678,-3.91161,-14.9512,-15.0248,-17.913,-17.3179,-14.3063,-14.5169,-14.523,-7.24885,-19.4959,-11.5812,-67.9626
99,2200,58,4729,876.433,963.41,-28.2282,0.738858,-31.1782,-9.54494,-11.0367,-19.3263,-17.4884,-18.308,-21.4784,-29.8689,-1.57732,-14.663,-15.5291,-20.3149,-19.3107,-14.1313,-13.6457,-13.6895,-6.86245,-20.7935,-11.7584,-69.1263
100,2222,120,7558,1626.47,1813.54,-27.3528,1.06071,-30.7609,-9.68579,-11.3077,-19.4076,-16.3153,-16.0197,-16.5485,-30.6125,0.769218,-14.3943,-17.1739,-20.1034,-17.014,-13.7464,-12.1754,-14.3817,-9.50752,-20.4497,-15.3556,-71.5712
101,2244,245,3360,1671.97,878.849,-25.2505,1.99098,-29.8689,-9.9925,-12.6408,-19.8404,-18.5065,-16.6811,-14.5658,-29.8175,2.11629,-14.4519,-16.3907,-18.4113,-16.4949,-13.9427,-11.7207,-15.0406,-11.2036,-20.1274,-16.3991,-73.4787
102,2266,96,4834,1186.63,1073.72,-27.7136,2.12052,-29.0548,-11.1889,-12.3455,-19.7701,-19.9993,-15.8076,-13.2378,-30.7573,3.14692,-15.0105,-15.5792,-15.1871,-18.7218,-15.5379,-11.1634,-16.0606,-9.909,-19.7319,-16.2467,-70.8403
103,2288,135,4864,1024.77,1074.41,-28.3358,2.53782,-28.6408,-10.6037,-14.6215,-17.6033,-19.7562,-15.3154,-14.9357,-31.8655,3.73968,-12.8452,-14.3471,-13.5529,-22.1957,-14.8968,-11.0461,-14.3983,-9.41882,-20.3913,-18.9224,-72.5544
104,2310,241,3446,1298.17,867.138,-28.6448,3.4115,-27.7841,-13.0036,-16.2219,-15.4051,-20.1808,-17.4629,-14.238,-31.9723,3.41558,-17.0748,-13.0157,-13.8756,-17.8949,-15.284,-13.0772,-14.6704,-8.57692,-18.6019,-20.6084,-72.2629
105,2332,211,7037,1927.87,1912.71,-29.8724,4.16948,-27.7868,-13.2146,-13.6736,-11.6648,-18.1859,-18.8449,-14.3074,-31.7788,3.13687,-17.8185,-14.3126,-13.9213,-15.9429,-13.4577,-11.9214,-14.3997,-9.36366,-17.4463,-21.7384,-73.2614
106,2354,163,5998,1482.57,1334.39,-30.0714,2.34092,-26.9042,-13.3711,-12.7407,-17.0652,-18.5179,-19.122,-13.9317,-32.0162,4.38014,-20.1221,-12.9452,-13.99,-17.3214,-14.9358,-12.1784,-13.3777,-10.3102,-18.2892,-22.5188,-70.8795
107,2376,142,3001,1002.83,812.334,-26.0051,0.461947,-27.0321,-13.2224,-13.6209,-16.6992,-17.9253,-19.1731,-12.8911,-33.1064,5.91485,-20.9714,-13.5587,-13.9397,-17.6254,-16.0886,-11.6534,-12.5037,-12.116,-18.8066,-22.2968,-69.186
108,2398,92,2288,974.1,620.791,-27.3272,1.46037,-27.5277,-13.8282,-15.878,-17.8625,-13.5063,-18.6624,-12.548,-35.3883,3.77676,-19.9243,-12.3467,-11.5428,-17.3339,-18.5016,-11.4453,-10.7433,-14.2853,-19.6293,-22.6589,-70.5151
109,2420,106,3736,1038.53,894.045,-28.6391,2.18169,-27.4675,-15.0323,-13.5108,-19.2434,-11.6941,-17.6152,-13.9272,-34.9003,3.20889,-21.2003,-12.7725,-12.6454,-17.4898,-19.8953,-11.1751,-10.8206,-13.6074,-16.6147,-23.2021,-66.8984
110,2442,47,2122,717.133,589.033,-25.7279,0.786239,-28.9797,-15.2446,-11.335,-18.5557,-12.5254,-18.0158,-13.8566,-34.9768,5.11437,-21.8125,-14.1831,-11.7831,-16.4514,-19.4601,-10.8571,-10.9905,-11.2246,-16.4172,-24.6497,-64.1394
111,2464,32,1770,425.133,427.447,-25.4282,-0.302982,-31.2003,-13.9234,-9.07274,-19.0464,-14.6912,-18.1425,-14.3588,-35.7992,6.0065,-21.5887,-12.6025,-14.8572,-16.291,-17.837,-10.5689,-6.99527,-11.7214,-16.134,-25.0891,-63.1558
112,2486,90,2314,465.567,470.677,-22.9297,1.73389,-30.1279,-14.9217,-8.73456,-17.8521,-16.5457,-19.6451,-13.7842,-35.6968,5.80187,-22.9875,-12.2442,-15.5586,-15.6148,-19.2184,-11.2925,-5.86151,-12.958,-16.8689,-24.809,-64.1492
113,2508,111,3121,809.867,802.358,-20.2392,2.42282,-31.2999,-15.3989,-10.7345,-15.8272,-16.1396,-19.9965,-16.1254,-34.2348,4.60356,-24.9432,-12.5208,-17.8024,-13.7196,-18.3617,-12.1519,-7.2403,-12.2859,-16.779,-23.923,-67.5513
114,2530,84,2623,840.533,584.453,-22.0291,3.12863,-31.4021,-14.8288,-10.3758,-18.4616,-15.5783,-21.0457,-13.0231,-35.5848,6.26018,-24.8742,-14.0224,-17.2708,-12.9603,-18.8009,-12.1468,-7.92405,-12.4075,-15.1507,-20.5881,-71.5162
115,2552,160,4848,997.9,1047.58,-21.546,3.32012,-31.2705,-14.4323,-9.86775,-18.7138,-12.8703,-21.4356,-13.6378,-35.1808,5.90695,-25.1438,-13.9594,-14.5577,-14.2285,-18.5565,-13.445,-9.16891,-14.5196,-14.4581,-20.9823,-74.6873
116,2574,171,3909,827,832.952,-22.1882,4.85305,-27.6042,-12.9219,-10.5537,-18.7407,-14.5017,-22.1374,-14.4677,-36.725,7.17211,-27.7043,-13.5016,-16.7952,-15.6913,-19.8594,-13.1201,-9.03836,-13.9388,-13.7606,-21.3764,-76.6633
117,2596,132,3344,979,775.04,-23.6934,4.95048,-27.9358,-14.7353,-9.19151,-18.9808,-15.4658,-21.964,-14.1676,-36.2915,5.93651,-28.3496,-13.1301,-17.8589,-15.0261,-20.3105,-14.4091,-10.3689,-15.5113,-15.0318,-21.5402,-78.2905
118,2618,84,2191,779.867,557.431,-21.4303,3.97646,-26.1168,-17.1611,-7.87954,-18.1768,-14.9164,-21.1004,-16.1413,-34.7672,4.60855,-27.9445,-13.2705,-17.367,-17.6999,-18.8769,-12.9712,-11.9984,-17.2127,-12.5891,-22.2233,-79.8878
119,2640,98,1916,622.467,473.341,-21.2047,6.32418,-26.6077,-14.9367,-8.01476,-23.6206,-16.7528,-22.7698,-16.9464,-35.0798,5.49932,-31.2176,-12.7927,-21.1892,-19.1284,-18.0846,-13.0731,-11.5542,-17.1238,-12.07,-20.1225,-80.134
120,2662,93,2913,794.6,618.793,-20.9215,5.35763,-25.2306,-14.2122,-10.4,-19.8919,-15.9928,-21.5124,-18.0057,-35.3948,5.47516,-32.5688,-12.7279,-22.9791,-19.8358,-18.7919,-12.1942,-12.2938,-16.9532,-15.5408,-19.105,-82.1021
121,2684,110,4665,1096.9,1083.2,-23.0591,5.62503,-26.7348,-14.2441,-12.0223,-19.9264,-14.9352,-18.6493,-16.6818,-38.0641,5.52994,-29.8287,-14.7775,-22.9762,-20.1297,-17.9369,-13.0742,-13.6593,-16.3003,-17.7166,-18.8117,-82.6251
122,2706,143,4640,1108.43,1020.84,-24.0327,3.86688,-26.882,-16.6797,-10.3475,-19.3356,-14.2375,-18.8097,-17.6464,-36.1419,6.26915,-31.9509,-16.0867,-21.6167,-20.9818,-16.6643,-12.7234,-12.7825,-18.2299,-16.9244,-13.5317,-84.9301
123,2728,129,3529,1136.53,900.662,-24.3762,3.78507,-26.7144,-16.7718,-13.8321,-18.0798,-13.5873,-18.839,-18.7811,-34.6909,7.07631,-31.9147,-18.3895,-22.7346,-19.1145,-17.8318,-12.8976,-12.1329,-19.3958,-15.351,-14.0387,-84.9454
124,2750,46,3672,1013.8,869.548,-23.7566,5.10729,-27.4163,-16.6028,-13.0426,-20.3292,-14.9059,-18.5371,-18.57,-36.2654,4.22907,-31.69,-18.5143,-21.3393,-20.8058,-18.0915,-13.231,-11.1454,-18.3482,-17.0864,-13.1582,-84.32
125,2772,226,7597,2329.07,1816.86,-25.4731,2.57771,-25.307,-18.6505,-14.6926,-16.8048,-15.2207,-17.5472,-17.8037,-33.6369,4.95778,-30.266,-17.437,-21.0796,-20.4197,-16.7023,-13.3999,-10.8503,-19.8683,-18.0445,-12.3356,-86.7871
126,2794,191,7169,1759.6,1613.91,-23.015,0.938895,-22.4471,-17.8686,-15.9456,-17.4289,-14.8682,-17.2475,-16.8158,-35.8233,5.80548,-29.5871,-17.1081,-20.4947,-24.1032,-16.3929,-16.2451,-10.0203,-20.1247,-18.7697,-11.1229,-85.7182
127,2816,91,6622,1750.4,1644,-23.1996,2.2717,-24.0199,-18.1001,-14.8134,-17.077,-16.7291,-16.2959,-17.577,-36.9673,5.72835,-28.1283,-18.4608,-20.3107,-22.0616,-16.0408,-15.3771,-8.74861,-19.1615,-18.3752,-10.0498,-87.7082
128,2838,176,7462,1617.17,1502.1,-22.6385,5.64334,-24.3445,-18.0227,-13.9735,-18.0796,-16.0799,-15.7276,-19.1567,-38.2198,4.27621,-28.9937,-19.2496,-20.6148,-22.468,-16.8966,-15.2629,-8.85022,-17.6606,-19.0805,-9.6374,-91.1487
129,2860,292,3730,1248.57,884.19,-21.5629,8.59274,-24.4851,-17.9805,-14.0208,-19.5932,-16.8044,-15.0213,-19.6473,-37.9735,4.49348,-27.7682,-18.807,-18.4694,-23.1302,-17.2784,-16.0105,-10.0135,-17.9238,-18.778,-9.74736,-93.0694
130,2882,125,7160,1979.43,1664.59,-24.5719,6.09375,-24.6545,-18.77,-13.6806,-20.2106,-15.5659,-14.6207,-18.057,-36.8203,2.79186,-27.3807,-16.8075,-17.9501,-23.2162,-16.4625,-15.354,-11.2162,-16.9717,-20.0249,-9.1857,-96.2559
131,2904,80,13268,1986.53,2438.29,-25.5074,3.13227,-27.0353,-20.5298,-16.1542,-23.5008,-15.4866,-14.9896,-18.8671,-34.3055,0.923648,-25.7029,-16.3924,-20.4825,-24.8,-15.4934,-14.4741,-12.6751,-16.4068,-18.7905,-7.66804,-96.123
132,2926,142,9228,2267.8,2267.96,-22.4758,0.651702,-27.7425,-21.5918,-15.5317,-23.4554,-15.2444,-17.8483,-19.669,-32.078,1.93599,-23.6406,-17.9278,-19.1,-23.3692,-18.016,-13.9137,-12.1208,-16.8907,-18.6788,-6.8895,-97.6705
133,2948,264,8780,1868.33,1885.77,-26.0133,0.554859,-25.7343,-21.2186,-14.4147,-22.5296,-17.9076,-17.4235,-21.163,-34.6774,2.86194,-24.2625,-19.4444,-17.331,-25.0143,-17.6692,-13.7529,-10.6003,-16.4134,-17.9021,-8.68379,-95.0264
134,2970,66,7808,1957.1,1998.14,-29.805,-2.1549,-25.8179,-18.7375,-14.3738,-24.1039,-17.1903,-15.9082,-21.7338,-34.6485,3.73586,-23.0387,-19.9672,-17.0684,-26.4465,-15.8217,-13.0164,-11.7169,-16.5466,-18.4687,-10.73,-95.8503
135,2992,32,7309,1445.63,1669.5,-26.6924,-2.35302,-26.4735,-18.4663,-13.7209,-23.1395,-13.9338,-17.0522,-21.7007,-35.7663,2.35275,-22.2976,-20.015,-16.3245,-28.8081,-15.8784,-13.7715,-12.1422,-16.3873,-20.0535,-11.2027,-97.3115
136,3014,204,7586,2314.63,1690.88,-26.6005,-0.0962504,-27.7247,-17.9552,-14.0571,-24.3298,-14.2652,-16.3915,-15.7821,-34.6719,2.74295,-22.2304,-20.9066,-16.0119,-25.7638,-16.0315,-11.0511,-12.5435,-16.3127,-21.6595,-13.3452,-101.288
137,3036,241,8306,2683.9,2199.33,-26.4522,0.753898,-28.5056,-19.3844,-13.5224,-25.8399,-15.5002,-18.1258,-17.1353,-35.0127,1.32768,-24.1779,-19.0094,-16.0894,-24.9619,-19.2181,-11.4162,-14.1675,-18.3183,-20.1559,-13.5742,-103.915
138,3058,58,9403,3018.67,2477.12,-29.3425,2.66738,-28.8754,-20.6196,-12.3322,-28.3855,-14.2756,-19.204,-17.8357,-34.3824,1.52162,-24.3521,-18.0268,-16.3971,-25.4692,-18.3021,-13.748,-14.9996,-21.2035,-19.9762,-11.6383,-105.194
139,3080,80,9467,2737.47,2455.62,-23.6247,2.75491,-29.2356,-22.5531,-12.6832,-25.8556,-12.1951,-18.7915,-20.0264,-33.8291,1.80939,-25.7474,-15.9034,-17.5072,-25.1627,-18.1644,-14.3434,-14.7757,-21.6824,-22.1586,-10.9218,-104.186
140,3102,154,4871,1755.07,1377.33,-29.055,3.14967,-30.1984,-24.3612,-13.3247,-27.5753,-9.8905,-18.3052,-21.1772,-36.2424,0.774563,-26.5174,-19.0316,-19.3543,-24.9947,-17.1047,-14.9506,-13.9377,-19.5779,-22.5454,-9.71093,-105.865
141,3124,140,3392,1427.63,918.814,-31.1198,2.20179,-29.0026,-24.42,-13.8177,-26.4855,-8.1387,-19.4083,-20.0394,-38.0617,1.02471,-26.7275,-19.3873,-19.7564,-26.3846,-16.9092,-14.9947,-16.5717,-21.4698,-22.3728,-10.332,-105.306
142,3146,76,10427,2094.93,2637.68,-30.505,0.657514,-28.8282,-25.7154,-14.6223,-27.5096,-9.09149,-21.644,-20.2427,-37.2214,1.93643,-24.6343,-20.1702,-21.246,-25.3659,-16.7786,-14.4986,-17.7894,-16.9576,-25.0769,-10.8308,-105.241
143,3168,45,8247,2631.87,2111.56,-32.8086,0.362782,-27.8237,-27.4243,-15.2205,-27.577,-12.2827,-20.5422,-18.0774,-38.4218,4.0571,-25.6055,-20.4256,-23.5523,-23.8052,-15.4944,-15.834,-17.9833,-16.1849,-25.0684,-11.9878,-109.701
144,3190,50,8060,2437.7,2215.91,-37.2713,0.843282,-28.4194,-25.7975,-16.2353,-27.8536,-9.94692,-25.9977,-17.1762,-37.7078,5.22763,-26.6793,-23.411,-25.2583,-22.6492,-15.6852,-17.2822,-16.2677,-17.8888,-29.5873,-12.0919,-110.033
145,3212,193,9371,3110.37,2411.62,-36.8311,1.35262,-29.4346,-26.5706,-12.783,-23.3153,-9.56741,-27.7069,-17.3235,-38.4538,5.6714,-26.0452,-25.2173,-26.6639,-21.8612,-15.1886,-16.6717,-15.284,-17.9485,-32.9353,-12.5552,-111.856
146,3234,117,10332,2526.67,2463.02,-35.3608,2.15491,-30.8431,-26.4119,-10.9231,-23.4171,-8.55309,-27.1994,-17.5207,-38.9942,5.27228,-25.48,-26.014,-26.9942,-22.1206,-16.291,-15.3672,-16.6669,-17.6508,-35.3139,-11.2913,-112.448
147,3256,36,9722,2794.57,2416.16,-37.6006,0.871974,-31.8821,-25.6907,-10.6394,-23.0665,-9.20224,-24.8114,-16.5712,-40.2644,4.22385,-26.5793,-30.2466,-26.7903,-21.6037,-15.8943,-16.1963,-15.1234,-15.1365,-34.9278,-12.8521,-114.296
148,3278,149,8934,2223.1,2102.5,-32.8461,-0.0257557,-34.1024,-25.6491,-14.6539,-23.8738,-7.41828,-27.3792,-15.4362,-37.6363,2.22372,-26.039,-26.8143,-27.0974,-22.5364,-16.7834,-15.0988,-16.7755,-15.5083,-34.8724,-12.8893,-112.995
149,3300,146,8568,2197.27,1815.62,-35.4657,0.808117,-36.0797,-24.1158,-15.6877,-23.6264,-6.11994,-27.4156,-16.9857,-37.6997,3.94159,-26.8609,-28.3792,-27.7017,-21.7497,-17.5576,-15.6301,-18.5261,-15.4511,-34.7234,-13.4877,-113.039
150,3322,134,4875,1565.63,1420.32,-34.6831,-0.752829,-35.5142,-25.2457,-15.7921,-26.2806,-4.83416,-25.4647,-17.4928,-38.0692,1.4923,-24.4334,-27.4819,-28.3685,-20.9992,-18.1277,-18.356,-18.3289,-16.3601,-35.9002,-14.0335,-112.685
151,3344,62,6290,1831.43,1680.83,-34.0462,0.118589,-35.0377,-22.1312,-17.193,-24.3146,-5.03533,-27.0859,-18.0816,-36.6385,0.259815,-23.6649,-26.1772,-27.1227,-21.0473,-17.3844,-18.5989,-18.8306,-14.3282,-33.0493,-14.0749,-113.633
152,3366,158,17975,2595.4,3577.82,-33.6642,-1.41144,-36.4186,-19.4536,-17.9282,-23.5273,-8.37986,-28.1594,-18.7444,-34.549,-0.796397,-21.747,-25.9135,-26.2746,-21.5158,-15.8756,-19.6597,-19.0561,-15.9093,-31.4532,-14.0767,-114.632
153,3388,180,7161,2360.93,1845.71,-34.4691,2.70372,-36.1753,-20.3022,-19.0121,-23.7617,-7.63922,-27.2024,-18.4603,-34.4472,0.133763,-22.3457,-25.9757,-26.9826,-21.8804,-17.3648,-20.5532,-19.2024,-18.2159,-29.2831,-15.308,-114.65
154,3410,81,4958,1645.63,1469.53,-35.7673,0.0366598,-34.7389,-21.2535,-16.1362,-25.6459,-7.70734,-29.1838,-17.0836,-34.6556,-0.526767,-23.1231,-26.966,-26.9152,-20.7631,-16.1781,-20.4628,-20.2719,-19.2779,-24.8737,-15.3825,-114.829
155,3432,118,9654,2289.27,2071.52,-36.1138,-4.16073,-33.1422,-20.5484,-15.078,-26.4732,-7.95325,-29.1287,-18.0039,-35.5561,-1.68308,-23.3763,-26.3721,-27.0503,-22.402,-18.1192,-23.2447,-20.5319,-16.97,-25.7518,-16.7943,-113.234
156,3454,161,8112,1952,2005.34,-35.0311,-2.55429,-33.448,-22.6385,-13.9202,-25.0389,-8.96744,-28.733,-19.0872,-36.0029,-1.93033,-23.2015,-26.2766,-26.5771,-23.2112,-19.2353,-27.3364,-21.1009,-16.466,-26.743,-16.4888,-112.977
157,3476,198,6608,2277.57,1749.58,-34.3774,-3.89524,-32.1071,-20.8345,-14.0408,-25.2402,-8.01765,-30.3403,-15.1018,-36.1065,-2.96718,-23.7495,-27.158,-25.6955,-24.2773,-17.6808,-30.494,-20.6004,-15.6691,-28.1122,-14.1167,-113.917
158,3498,189,12181,1924.9,2151.53,-34.4089,-4.81812,-33.6029,-21.573,-12.9331,-23.5102,-11.0787,-30.7947,-13.6504,-33.7578,-3.5563,-24.2271,-27.4031,-25.9792,-25.1792,-15.7364,-28.2675,-20.1039,-17.0831,-24.9346,-13.8722,-113.622
159,3520,492,10360,2957.53,2911.65,-35.1308,-1.31653,-31.6263,-24.4682,-12.9992,-24.7418,-11.9201,-32.0537,-13.6267,-30.5314,-3.46055,-25.9788,-29.1857,-26.45,-26.1677,-19.6333,-27.3288,-19.1024,-15.779,-27.4899,-15.0468,-113.256
160,3542,126,10741,2398.63,2117.94,-35.28,-1.67148,-32.9321,-23.6659,-12.8774,-28.3495,-11.3275,-31.5063,-13.0845,-29.8339,-1.72571,-26.9914,-29.6323,-23.9026,-25.4889,-20.9941,-24.2282,-16.0523,-16.3963,-27.1067,-16.136,-111.253
161,3564,106,4758,1770.47,1285.15,-34.3745,-1.88383,-34.2924,-22.8051,-14.3343,-31.9427,-10.1776,-31.3742,-14.8167,-29.606,-2.5349,-28.6454,-31.6598,-24.7817,-25.5067,-19.4363,-22.6929,-17.1224,-16.8535,-26.6359,-16.5315,-111.482
162,3586,137,6528,1738.37,1697.73,-32.4052,2.48853,-33.446,-23.6758,-12.2165,-27.039,-11.5462,-32.0805,-15.4764,-31.7824,-1.73888,-26.1436,-35.2274,-22.2932,-25.341,-17.9295,-24.8427,-16.8969,-15.704,-25.5286,-17.1617,-112.946
163,3608,44,6221,1264.5,1277.96,-31.4228,3.2945,-33.2384,-23.5077,-14.1126,-27.2309,-11.782,-30.4947,-14.4635,-33.5308,-0.723247,-26.17,-33.8396,-21.0441,-24.1735,-18.514,-21.6889,-18.3647,-16.497,-23.0567,-17.1342,-114.142
164,3630,244,8853,2325.77,2482.06,-32.5233,5.32813,-30.895,-23.0381,-15.5607,-29.049,-14.2655,-28.862,-15.0588,-32.4608,-0.948918,-26.1279,-33.6205,-19.731,-24.2294,-17.6136,-18.4478,-19.1584,-18.232,-26.3609,-16.5119,-116.909
165,3652,154,10327,2290.7,2233.82,-31.4432,3.95075,-32.5624,-24.2626,-15.2927,-28.6128,-15.4832,-28.2207,-16.0326,-34.3646,-0.37761,-24.3102,-34.2455,-17.0133,-25.1452,-17.4553,-19.2194,-17.705,-19.0584,-24.0408,-17.3637,-120.124
166,3674,160,4273,1781.07,1243.01,-31.7954,1.43324,-30.5921,-24.8709,-14.8965,-28.3188,-16.417,-29.4504,-15.5941,-35.1529,-0.253829,-21.8899,-32.1225,-15.6676,-24.9644,-17.8782,-18.1276,-19.9536,-21.9399,-21.5923,-17.7121,-119.259
167,3696,431,6146,1801.03,1378.15,-33.9538,-0.00671992,-29.9869,-24.9635,-15.057,-26.904,-18.1857,-30.6307,-15.8211,-35.0926,0.0765769,-20.4126,-33.0047,-18.1465,-25.7975,-17.5506,-20.0141,-20.2389,-23.3699,-24.7139,-17.9702,-119.732
168,3718,132,2955,1556.47,910.333,-37.2099,2.5333,-28.7951,-24.7631,-15.2917,-25.5622,-18.7845,-30.2357,-16.1104,-36.8855,-0.0494156,-23.0799,-33.2924,-19.3178,-21.3731,-21.0345,-20.1401,-20.1805,-25.4298,-21.9375,-17.3434,-118.426
169,3740,95,7788,2785.43,1939.42,-33.5701,2.84534,-29.2195,-25.0399,-15.0937,-26.4995,-18.2013,-29.615,-17.1463,-35.0124,-0.241935,-23.0163,-33.2746,-20.9861,-18.6005,-23.5875,-20.6225,-21.2903,-23.7268,-23.7168,-17.8899,-118.329
170,3762,145,15584,3153.57,3154.75,-33.1549,-0.380329,-26.6689,-24.5772,-16.0552,-26.4929,-17.9201,-29.2954,-16.0547,-34.7453,1.325,-23.8303,-32.3436,-17.9906,-19.6897,-25.1196,-20.5108,-19.1279,-21.999,-22.9804,-16.6314,-118.15
171,3784,390,14910,2575.17,2859.27,-32.7057,-0.0652833,-30.4553,-26.2634,-15.0973,-25.0139,-17.478,-29.4979,-15.3609,-33.8749,1.51435,-22.949,-30.7102,-16.1714,-18.8655,-28.0905,-20.8516,-20.7099,-22.8032,-24.2946,-18.3854,-117.275
172,3806,376,5881,1946.3,1635.71,-32.996,-0.616818,-28.7877,-27.4926,-15.321,-26.0515,-17.5583,-29.2967,-14.9463,-33.5517,1.08601,-25.6854,-31.7336,-16.689,-17.4002,-26.7665,-20.3467,-20.0217,-22.268,-25.9538,-18.5433,-117.516
173,3828,338,5906,2054.87,1457.32,-33.0995,-0.230682,-29.0849,-27.6208,-15.559,-24.9934,-15.0571,-29.5223,-15.1313,-32.4229,0.154676,-26.3241,-31.6009,-17.8059,-19.1175,-27.8595,-21.5272,-19.0331,-23.8519,-22.9643,-18.4342,-115.91
174,3850,249,7908,2653,2176.53,-32.0402,-2.76657,-29.0085,-28.1427,-16.4487,-23.5622,-17.5308,-30.9628,-19.2352,-33.7911,-0.0983432,-24.3923,-31.1889,-17.6334,-20.0023,-25.6479,-22.3031,-19.2657,-23.5826,-22.9412,-16.0795,-114.67
175,3872,144,4790,1933.57,1423.05,-28.7462,-2.34814,-28.8736,-28.1211,-16.6886,-24.612,-17.0769,-29.4843,-19.1617,-34.6591,1.37593,-24.9342,-29.551,-17.5502,-21.3702,-22.9202,-22.8265,-19.686,-25.3831,-22.8813,-17.3604,-112.905
176,3894,241,5019,1725.97,1383.24,-28.7488,-0.0326155,-28.3575,-26.1647,-16.1518,-24.8343,-16.6243,-31.4742,-18.3388,-35.4087,1.66963,-23.3869,-30.2855,-16.4678,-20.634,-23.4293,-23.0856,-19.5007,-24.3235,-22.655,-16.2842,-114.745
177,3916,152,8346,2296.53,2188.45,-28.3373,-1.11044,-29.2615,-26.525,-18.1942,-21.9549,-18.2234,-31.7366,-19.0916,-34.6042,1.11612,-23.7972,-31.5522,-15.8837,-21.5432,-22.2904,-22.5089,-20.9702,-24.8424,-22.994,-16.3543,-114.842
178,3938,197,9322,2901.73,2634.35,-28.7803,1.18846,-27.5968,-27.098,-16.0019,-21.1276,-19.0056,-32.265,-19.4969,-36.0446,-0.34575,-24.0966,-28.7656,-17.2624,-19.3625,-23.4278,-22.779,-21.2318,-26.6084,-21.8711,-16.1126,-115.895
179,3960,129,4250,1644.63,1271.59,-27.9251,0.98593,-27.1554,-29.1659,-18.0671,-21.3763,-21.0537,-32.0449,-17.6819,-38.0207,-2.08661,-24.5282,-29.3043,-17.587,-18.418,-24.4625,-24.2866,-20.7426,-28.7639,-20.49,-17.9535,-118.496
180,3982,16,9728,2056.4,2157.28,-31.4973,1.00342,-26.3759,-30.8256,-20.8293,-22.3639,-25.033,-32.8077,-18.4174,-36.0361,-2.32615,-24.4979,-28.6313,-18.7729,-18.9186,-25.6237,-24.3119,-18.1456,-27.3952,-21.1766,-16.091,-119.874
181,4004,105,9907,2280.47,2093,-34.3778,2.45586,-29.4049,-29.9279,-21.8261,-24.9662,-25.47,-32.2096,-17.9663,-35.6828,-1.92906,-23.3926,-27.7556,-18.9127,-25.2633,-24.5099,-25.8968,-18.946,-28.0743,-19.7336,-16.0443,-119.564
182,4026,34,6886,1874.2,1713.5,-29.0279,3.12809,-30.5157,-30.4923,-22.7101,-23.7037,-19.9044,-30.7215,-15.0578,-36.4069,-1.74245,-20.9705,-27.6235,-19.0656,-25.8111,-23.4151,-26.4608,-18.6178,-29.0476,-20.9989,-16.4448,-119.638
183,4048,173,8031,1515.07,1479.91,-29.5837,2.19377,-31.2598,-32.8821,-23.2132,-26.3282,-24.5106,-31.1498,-16.5728,-35.1591,-1.74168,-25.0133,-27.9809,-19.8842,-27.1269,-24.3714,-26.2092,-18.7834,-28.6446,-21.3586,-17.843,-121.263
184,4070,108,6393,1868.47,1417.28,-30.4788,0.826493,-31.3897,-33.4832,-21.1298,-26.0644,-24.7812,-31.1327,-14.5908,-37.1675,-2.92613,-28.2897,-28.6932,-19.3902,-24.2433,-24.0936,-26.6575,-17.5375,-29.6049,-21.8843,-18.4224,-122.203
185,4092,122,4259,1609.4,1099.88,-31.2679,0.657224,-31.7874,-34.1595,-22.7801,-24.0986,-26.7631,-29.8944,-15.5344,-37.3726,-1.07866,-27.5966,-28.5206,-16.3292,-22.9352,-25.7984,-27.2847,-18.868,-28.3933,-23.4854,-19.5971,-123.318
186,4114,126,10474,2574.2,2555.44,-31.9506,0.221979,-31.5226,-31.5018,-22.0567,-23.6687,-26.2055,-28.9321,-17.1759,-37.5286,-1.56836,-28.321,-27.265,-19.1323,-22.6386,-24.2312,-27.8154,-18.2315,-26.0683,-24.1672,-17.5394,-122.461
187,4136,356,13328,2894.07,2839.11,-34.4362,1.93284,-28.094,-31.0372,-23.6454,-21.2594,-26.7013,-28.1908,-16.5722,-36.2287,-1.40056,-30.5903,-27.2997,-17.666,-21.903,-25.2956,-27.5902,-18.9753,-24.1324,-24.6619,-19.4466,-120.772
188,4158,97,8763,2257.4,2135.4,-34.7222,0.351237,-27.565,-32.156,-20.4932,-20.1013,-24.3907,-27.8708,-17.0642,-36.4494,-0.537478,-31.7455,-27.5423,-19.3839,-21.8762,-22.6717,-28.6209,-19.768,-25.3856,-21.7068,-21.1524,-120.949
189,4180,122,9180,2498.9,2493.58,-36.3579,2.97861,-28.0744,-33.4275,-20.5183,-19.7354,-23.5161,-27.8453,-18.5122,-35.7111,0.855901,-26.9929,-28.6994,-21.0237,-21.362,-25.0526,-29.2754,-18.7187,-23.7295,-21.0579,-22.6919,-121.004
190,4202,165,2946,1335.77,852.34,-39.0556,2.51026,-26.6487,-33.2695,-22.7657,-20.8551,-25.22,-28.9589,-16.2814,-36.763,0.739274,-29.1935,-27.7209,-22.5211,-18.7286,-25.662,-29.1677,-18.5128,-26.3579,-21.2967,-24.1138,-120.231
191,4224,94,6920,2401.07,1937.4,-38.607,0.515052,-25.4817,-29.8928,-21.6492,-20.7083,-25.5393,-28.7406,-16.9473,-38.8251,0.137622,-22.6659,-27.0344,-23.1691,-16.596,-24.9211,-28.5011,-17.6862,-23.0719,-21.82,-19.8066,-118.026
192,4246,134,9958,2977.6,2578.6,-37.6878,1.33027,-25.7138,-29.6033,-22.0373,-21.7142,-24.9323,-28.395,-15.6569,-39.2802,0.0237721,-23.4316,-25.1048,-23.3034,-15.2627,-24.1095,-27.3924,-17.2209,-21.1414,-23.6119,-17.8442,-119.637
193,4268,17,13411,3296.3,2931.44,-37.9858,0.186595,-26.0871,-29.7083,-23.658,-20.2648,-23.3499,-28.3811,-17.7378,-36.4052,1.19176,-28.7975,-23.2291,-21.6959,-14.1801,-25.6317,-26.9968,-17.8768,-18.5013,-23.2402,-18.2657,-121.817
194,4290,159,10652,2598.2,2387.82,-36.3116,0.269975,-27.946,-26.0805,-24.509,-18.4141,-24.7517,-28.2523,-17.6031,-36.2314,1.09387,-30.8178,-23.1116,-25.1671,-13.6604,-27.7827,-27.2206,-19.2646,-19.6263,-24.483,-19.7791,-118.683
195,4312,91,7475,1738.97,1722.88,-37.94,0.320508,-26.5254,-24.8475,-22.9058,-17.0179,-24.1439,-30.523,-14.2119,-34.1934,1.84915,-29.3624,-26.1336,-26.592,-16.1688,-26.5606,-28.7724,-18.3029,-23.5157,-23.2801,-20.1917,-119.101
196,4334,77,7605,2668.23,2421.88,-39.5614,-0.638607,-26.4118,-28.6999,-24.0497,-17.4342,-26.3055,-27.673,-13.0553,-32.9019,-0.764214,-28.4399,-29.4126,-25.5294,-13.1554,-24.5152,-30.2913,-18.6742,-20.7249,-23.2668,-19.6718,-120.418
197,4356,128,9446,2523.77,2433.1,-41.6849,0.87202,-26.3614,-26.9862,-22.418,-18.6823,-22.5429,-25.8903,-11.5264,-37.3826,-1.07259,-28.5163,-29.8684,-25.9591,-13.4862,-22.3664,-31.9856,-18.1233,-21.2668,-24.5866,-19.0539,-118.692
198,4378,127,11580,2403.27,2358.97,-38.0884,0.741283,-25.5992,-25.5086,-22.6939,-19.2081,-22.488,-24.4462,-11.2089,-37.4263,-2.31894,-27.0313,-28.7924,-25.0527,-18.1736,-21.19,-32.2381,-20.0818,-19.9874,-23.8729,-19.0579,-118.915
199,4400,133,12283,2267.53,2461.89,-36.5189,0.81016,-25.6764,-25.2925,-20.7922,-20.8961,-20.303,-24.3096,-13.0158,-39.1742,-2.72513,-26.9036,-25.7245,-25.6038,-15.1784,-21.0664,-35.9821,-20.2304,-19.2989,-23.1981,-17.9216,-120.255
200,4422,97,6125,1615.2,1585.21,-37.6781,4.13806,-26.3859,-25.5262,-21.1268,-18.4445,-20.9322,-25.1168,-15.1048,-38.2497,-1.88094,-27.3825,-25.7189,-25.402,-15.5427,-20.0852,-35.407,-19.7388,-18.6782,-24.6842,-19.6598,-117.808
201,4444,174,11891,2141.03,2297.5,-35.6755,3.38123,-25.6382,-28.2368,-18.7216,-16.4682,-20.2478,-25.3924,-15.5353,-38.1188,-2.00494,-29.5311,-24.9461,-23.6629,-18.6949,-19.748,-36.2356,-18.6672,-16.7696,-26.7947,-17.7909,-117.2
202,4466,187,8930,2378.63,2272.51,-34.4689,4.30291,-26.3702,-29.0994,-20.9528,-18.3294,-21.0189,-21.0637,-13.6084,-38.5792,-0.220124,-29.7407,-26.085,-22.364,-18.5707,-17.2791,-33.8471,-19.3465,-15.9075,-26.7319,-21.0046,-119.235
203,4488,107,10935,3299.7,2864.51,-32.1585,3.25967,-28.0755,-29.5157,-24.9683,-21.2534,-20.6979,-23.2842,-14.3278,-36.6656,-0.280201,-30.7651,-28.129,-24.009,-19.6947,-20.623,-32.3124,-16.7692,-15.5438,-27.8649,-20.6617,-120.574
204,4510,75,8647,2788.57,2181.92,-29.7453,2.44595,-27.8089,-28.4941,-23.7834,-21.3807,-20.8018,-27.696,-14.1452,-34.9871,-1.6178,-31.5665,-28.0695,-26.1153,-21.2087,-21.2984,-31.3676,-16.8212,-13.1534,-27.4135,-21.5104,-121.147
205,4532,152,9634,2799.17,2732.2,-29.5282,0.98629,-29.7245,-25.3997,-23.9688,-22.7259,-21.1071,-25.9432,-13.2601,-33.5244,-2.4791,-29.0058,-28.5416,-28.3117,-23.2698,-22.1904,-31.5073,-16.838,-15.8555,-25.6964,-19.7189,-125.264
206,4554,103,14536,3002.07,3437.5,-29.8286,2.25533,-28.8174,-24.3911,-25.153,-23.6927,-22.1549,-23.4889,-15.19,-32.5421,-2.72419,-26.8516,-27.5478,-30.5453,-22.2404,-21.6107,-30.6387,-17.1453,-16.6763,-27.5341,-20.3409,-125.62
207,4576,364,8178,2577.53,2275.17,-28.197,0.737392,-26.3993,-22.9213,-27.3061,-24.9286,-20.2467,-23.1562,-13.9868,-30.2107,-3.23909,-27.422,-27.5653,-32.6992,-22.9121,-21.5703,-33.4231,-16.425,-18.8804,-25.6136,-20.5661,-126.262
208,4598,99,10590,2578,2579.33,-30.0358,0.780553,-23.5543,-21.6212,-26.4605,-24.3049,-18.39,-20.2951,-12.7835,-31.4859,-2.37514,-28.2875,-28.2026,-37.835,-22.7904,-22.1642,-32.866,-16.8463,-21.8819,-26.7466,-21.2494,-126.781
209,4620,248,7431,2536.23,2223.28,-30.898,-0.433549,-25.0103,-21.624,-25.568,-20.4132,-19.3266,-21.5806,-13.9153,-31.9519,0.0558732,-27.9033,-27.8022,-43.0537,-24.1685,-23.2491,-30.4693,-15.0671,-23.5099,-27.9358,-20.3953,-126.6
210,4642,58,9250,2005.43,2116.77,-30.679,-0.963004,-19.3667,-20.6601,-27.506,-19.6345,-20.0568,-23.1479,-12.4693,-32.2007,-1.47541,-28.5666,-26.3157,-45.2876,-24.7606,-23.3736,-33.6821,-15.5807,-26.0362,-27.3382,-21.0854,-127.693
211,4664,303,5879,2013.87,1693.54,-31.3568,-1.3876,-19.7995,-18.9514,-25.1802,-16.7586,-18.6136,-23.5775,-11.7457,-32.1213,-2.47011,-28.7194,-27.3254,-41.4693,-24.0683,-23.8965,-36.6508,-16.0473,-27.6624,-26.1329,-20.362,-129.982
212,4686,75,7872,1542.6,1708.17,-32.9092,-1.47159,-20.3273,-20.2387,-24.1683,-14.1472,-19.8468,-24.9257,-11.2608,-32.6021,0.445308,-29.2997,-27.3558,-40.7559,-21.2241,-24.4547,-35.6764,-13.7685,-25.8236,-24.9871,-21.5856,-129.46
213,4708,175,7423,1753.73,1581.3,-33.2773,-3.89258,-20.4103,-19.6308,-24.1352,-14.3842,-18.3067,-26.7104,-11.8353,-31.2234,-0.937606,-28.6091,-27.6869,-42.2431,-18.5273,-27.7218,-35.6384,-16.8522,-24.6471,-25.6198,-21.1673,-132.82
214,4730,202,12069,3205.97,2924.4,-34.6046,-4.83583,-21.319,-19.3009,-23.9957,-14.3234,-18.7132,-27.3672,-11.824,-29.7875,-0.239455,-29.8151,-26.1644,-39.4727,-19.5279,-26.47,-34.4836,-19.6539,-25.5999,-24.6026,-16.5873,-135.338
215,4752,150,16819,3481.03,4466.95,-33.9166,-5.74178,-20.4408,-20.0125,-21.7435,-12.4922,-18.2296,-26.1241,-13.634,-28.6233,1.80734,-29.1696,-24.8058,-42.0088,-19.4708,-30.0121,-35.071,-20.2365,-25.5239,-24.9115,-16.0431,-135.164
216,4774,225,18706,4118.27,4273.44,-33.7477,-4.79823,-23.1955,-19.1112,-20.2124,-11.9095,-19.8043,-26.5273,-16.3109,-27.5831,-1.42268,-32.8113,-24.9838,-40.7734,-19.0764,-27.2709,-33.443,-18.9283,-24.3703,-26.2937,-15.652,-137.139
217,4796,108,12424,3673.57,3069.14,-32.601,-4.00614,-23.2923,-19.8371,-20.6265,-11.0528,-20.4491,-27.3066,-14.8217,-26.5716,-1.83345,-33.2787,-24.2662,-40.6083,-18.1317,-28.8289,-33.5152,-20.0525,-23.8895,-27.0861,-14.5439,-136.848
218,4818,152,16525,4234.3,3981.53,-32.7159,-3.44043,-26.5617,-19.3023,-19.1168,-9.5723,-20.4464,-27.8076,-17.3161,-27.2979,-0.300836,-32.5267,-24.6636,-40.0862,-18.3257,-27.9373,-32.5939,-21.917,-25.0207,-26.9241,-13.9064,-137.155
219,4840,152,13116,3974.93,3517.07,-32.6985,-2.10463,-26.8506,-20.7881,-19.9901,-8.9709,-20.6696,-24.9078,-17.857,-29.651,-1.25421,-31.4234,-25.6791,-39.0937,-18.368,-28.1018,-32.5597,-21.6476,-24.4402,-26.9931,-13.4993,-139.086
220,4862,91,13795,3056.7,2727.61,-32.357,-2.17321,-25.2062,-20.5542,-15.8544,-8.56568,-20.1228,-26.1058,-16.1917,-30.4446,1.10758,-31.6507,-23.6122,-38.9219,-17.9655,-28.7894,-33.3527,-22.6906,-25.0948,-26.5571,-14.2455,-135.78
221,4884,233,14541,4133.77,3821.13,-32.9077,-1.26882,-26.2258,-19.9298,-16.8982,-10.1241,-17.1841,-24.6525,-15.2968,-30.9677,0.852863,-31.2777,-23.5985,-34.7315,-17.6107,-30.695,-33.9398,-20.8229,-24.1127,-27.1666,-14.3566,-136.032
222,4906,122,19144,4862.27,4774.29,-32.1132,-2.83863,-24.5701,-20.6126,-16.5163,-10.9262,-16.6448,-26.1567,-14.312,-29.9441,0.535526,-31.5581,-23.1702,-34.5929,-17.0268,-30.8538,-29.6403,-20.0862,-23.361,-26.1312,-14.5995,-137.814
223,4928,77,21629,5596.8,5619.2,-33.8,-2.10937,-24.6078,-21.2316,-15.655,-10,-19.5397,-26.7075,-13.0691,-31.6301,1.32626,-34.4811,-24.0618,-34.9999,-18.6537,-29.7118,-29.5612,-21.4939,-21.7418,-25.3505,-12.4387,-137.554
224,4950,297,19993,4135.53,4371.19,-34.0791,-1.39591,-24.2495,-22.5595,-16.7222,-6.99246,-19.2329,-26.1141,-12.9081,-31.2017,0.232739,-34.2541,-24.4966,-33.436,-17.7183,-29.8051,-29.6537,-20.97,-21.0148,-26.1648,-15.9565,-138.064
225,4972,111,20377,4468.97,4054.2,-35.0361,-0.208264,-24.7828,-23.4773,-17.4347,-9.19322,-20.9976,-24.9736,-14.0192,-29.9073,1.14096,-33.7669,-23.382,-33.2376,-22.0963,-29.6327,-30.1009,-23.6867,-19.6115,-25.4592,-14.1655,-138.819
226,4994,223,12906,4599.1,3537.45,-33.8704,-0.988606,-22.9548,-22.2502,-16.9041,-8.09878,-21.6523,-25.0595,-14.1606,-30.7539,2.45851,-33.3931,-23.8495,-33.425,-26.217,-25.9088,-29.593,-26.6676,-22.3233,-24.355,-14.6896,-137.655
227,5016,339,24170,6370.3,5858.93,-33.065,-1.33509,-23.8303,-21.2817,-17.4302,-6.06372,-22.0014,-24.9973,-14.4003,-27.4316,2.77978,-31.9469,-24.242,-28.103,-24.3521,-27.8944,-29.4067,-27.2789,-21.7778,-26.4709,-12.7983,-136.93
228,5038,53,8709,2888.97,2273.81,-31.6151,-0.892233,-23.6914,-22.4182,-18.4061,-9.17702,-18.054,-26.0707,-14.08,-29.7808,3.3925,-34.4198,-22.9407,-30.747,-24.3939,-27.6962,-30.6865,-26.3306,-22.1044,-27.3814,-14.5996,-134.643
229,5060,116,13997,5312.27,4340.36,-31.4975,-1.2476,-24.6168,-22.2143,-17.7005,-9.30985,-17.2787,-26.8003,-13.0861,-30.3946,2.86824,-34.9003,-23.1041,-30.1512,-23.4591,-29.3282,-30.4177,-26.2983,-23.4116,-27.5566,-13.4526,-134.675
230,5082,9,19511,5582.3,5321.67,-33.7775,0.659299,-25.0906,-24.226,-19.5651,-7.41422,-17.8086,-26.5012,-13.0553,-28.2252,2.17999,-33.2127,-24.0979,-28.5593,-26.2979,-28.2966,-31.899,-25.8746,-22.8626,-27.9436,-12.7949,-137.115
231,5104,217,17836,5212,4461.06,-36.2598,1.44427,-25.9644,-23.4699,-19.1648,-8.05586,-18.5688,-26.4006,-12.3642,-29.7578,2.30218,-35.4681,-23.8345,-27.224,-23.0273,-30.2315,-33.1965,-27.6841,-23.7832,-29.0395,-13.3696,-137.477
232,5126,91,19494,5452.53,5486.45,-35.5547,1.54907,-24.4518,-23.7867,-18.3006,-7.8717,-19.5822,-25.4515,-9.80628,-28.2772,2.64472,-34.2376,-24.7867,-26.2247,-25.292,-31.7108,-34.6468,-25.3944,-23.2421,-29.0337,-12.122,-138.377
233,5148,71,27295,6433.77,6114.64,-36.8067,1.16753,-24.1759,-23.4515,-18.7616,-7.58765,-18.0828,-25.9152,-7.68746,-26.5156,3.07503,-32.33,-24.6424,-26.7649,-24.473,-28.0844,-34.095,-27.1451,-23.4772,-29.2574,-11.3035,-138.386
234,5170,250,24224,5411.27,5456.47,-36.0474,0.459946,-27.1972,-23.133,-20.1812,-5.85631,-17.1683,-24.7336,-6.45023,-26.1623,2.4645,-28.3145,-24.7767,-26.2978,-24.2645,-28.1225,-33.4944,-27.0217,-20.6389,-29.8479,-5.73285,-139.79
235,5192,224,18893,6274.17,4911.87,-34.796,0.893719,-25.6683,-23.0235,-18.1418,-6.58177,-15.248,-23.3229,-7.44457,-27.1215,2.78411,-29.4758,-23.3168,-26.5979,-23.4582,-28.8489,-33.109,-27.5875,-21.6805,-30.3262,-7.77449,-141.07
236,5214,224,50208,9426.17,10440,-36.9743,1.225,-24.7437,-21.3994,-17.5534,-6.27043,-11.3089,-21.7539,-7.69568,-27.0695,3.34725,-27.6131,-24.7676,-26.6738,-25.8081,-29.56,-31.947,-26.2137,-22.3139,-30.869,-6.8544,-141.865
237,5236,395,26304,8643.3,8039.81,-36.5619,1.75668,-25.487,-23.7809,-18.3184,-7.40422,-11.302,-21.2338,-8.04077,-27.9613,2.08106,-26.1552,-24.1451,-27.9777,-21.7485,-29.8458,-31.673,-26.9783,-19.2533,-31.2938,-5.34815,-142.792
238,5258,225,25800,7296.3,6273.1,-35.8121,2.12739,-26.2207,-23.1373,-17.07,-7.17854,-13.3753,-19.5609,-8.52453,-28.9192,2.41764,-24.6068,-23.046,-26.5516,-21.8233,-31.4521,-31.9183,-25.6235,-20.8512,-31.8129,-6.36227,-147.988
239,5280,401,22400,7409.43,4696.35,-35.0905,2.61795,-26.9355,-23.2432,-17.5561,-7.9862,-14.0592,-22.1009,-8.58579,-29.7099,2.19161,-25.3608,-23.0462,-29.3698,-20.505,-31.7503,-35.2797,-23.6997,-18.9144,-30.7593,-4.87012,-148.348
240,5302,475,33664,7448.33,7139.67,-35.1928,1.30619,-27.951,-22.1167,-16.3629,-8.66023,-12.6224,-22.7521,-11.0058,-28.376,2.4561,-24.8547,-22.7032,-30.9485,-22.9588,-32.9095,-35.2664,-24.0862,-18.2637,-30.2348,-1.52451,-150.887
241,5324,101,31549,5974.5,6497.9,-36.4711,3.59905,-30.4505,-21.9603,-17.098,-8.0484,-10.2191,-21.0176,-11.6262,-29.348,1.25946,-27.6258,-24.1222,-29.4639,-21.6204,-32.2574,-39.4653,-25.7569,-17.3415,-30.916,-4.2963,-153.561
242,5346,96,18087,5705.17,4242.16,-35.8211,4.72172,-30.7721,-21.6293,-18.2953,-10.089,-10.0778,-24.2744,-10.157,-30.1366,1.59339,-29.2226,-21.6102,-29.1994,-21.7403,-32.3439,-41.0984,-25.0826,-17.8755,-28.3562,-0.381416,-151.972
243,5368,214,37291,7531.2,7783.29,-35.2883,7.34016,-30.9089,-21.5874,-19.0907,-10.0898,-10.2906,-24.2032,-8.11424,-29.7478,0.511123,-29.1332,-23.5049,-29.8691,-21.8699,-30.8985,-40.5867,-25.7261,-18.5145,-28.1184,-1.13995,-151.207
244,5390,69,14989,4603.87,3843.05,-37.8933,8.31476,-29.6539,-21.1724,-20.1735,-9.11357,-8.0896,-24.5708,-14.0743,-31.2008,1.25186,-27.4721,-27.016,-30.9962,-22.848,-30.2661,-41.485,-25.0553,-21.2416,-27.8253,-0.978184,-150.897
245,5412,661,21678,4887.37,4399.37,-38.6698,9.07998,-31.9238,-20.6137,-21.7497,-8.49962,-8.70341,-26.4953,-14.8499,-33.8495,2.79517,-27.1871,-27.2188,-30.9257,-21.8432,-27.1354,-39.784,-26.7214,-20.217,-29.2046,0.392191,-152.585
246,5434,152,19120,4545.63,4815.48,-38.5814,7.62648,-30.2683,-18.0883,-21.7283,-8.61715,-7.46614,-27.4922,-17.4084,-34.2959,2.86733,-28.7893,-28.6895,-30.444,-21.6572,-28.4991,-38.7309,-26.5733,-17.1975,-28.1944,-3.77212,-153.827
247,5456,344,15492,5422.47,3965.78,-38.2764,7.61291,-29.0411,-17.3192,-23.8035,-7.89792,-7.71606,-28.4108,-17.8992,-34.0743,3.05779,-28.3081,-29.9813,-32.0143,-21.5045,-29.6495,-38.6218,-27.3174,-17.9087,-30.4308,-6.29636,-155.974
248,5478,279,19563,5335.17,5171,-37.2611,7.3314,-27.5241,-16.9321,-23.4892,-9.25116,-8.0125,-28.5723,-15.1815,-34.178,4.58873,-28.7775,-30.2389,-27.9714,-20.8855,-28.9121,-38.4197,-27.4907,-18.4643,-34.4985,-6.31801,-155.705
249,5500,667,31043,8768.53,6862.74,-36.4404,8.40044,-27.6058,-16.8021,-23.9407,-7.48625,-7.80308,-28.4629,-12.7598,-35.2199,5.60337,-30.3685,-29.0662,-30.8034,-20.7967,-29.9786,-38.3172,-26.7984,-17.286,-35.2896,-4.67429,-156.794
250,5522,159,33879,8217.57,8991.97,-33.8472,8.18092,-27.9374,-15.7834,-22.8605,-5.33583,-9.25902,-28.9936,-12.1625,-36.3325,8.29064,-31.7776,-30.6358,-31.6662,-20.9979,-27.3533,-36.9276,-29.0325,-18.4343,-34.9711,-4.81897,-156.422
251,5544,959,30809,8080.03,6675.52,-34.7606,9.58698,-27.4052,-14.2955,-23.3518,-5.64113,-9.91981,-23.9383,-13.6302,-35.7923,6.84044,-35.198,-31.6534,-33.7607,-21.413,-28.4794,-35.7462,-24.5298,-17.3089,-36.413,-5.73907,-155.368
252,5566,1094,43366,9415.1,8884.89,-31.3062,9.2493,-26.3133,-14.968,-23.1977,-5.02848,-9.3661,-26.4224,-13.2873,-35.0509,7.29828,-41.0178,-27.9749,-35.1628,-20.7234,-28.4071,-34.4535,-26.4273,-18.2374,-36.9204,-5.91499,-153.222
253,5588,591,35849,9880.17,9140.68,-29.3321,8.0067,-27.2816,-14.7116,-21.6806,-5.73543,-9.88744,-26.7104,-13.9235,-32.6209,7.4017,-41.8711,-27.8365,-35.3312,-22.1312,-28.7718,-36.9842,-26.528,-18.8994,-37.2517,-7.65727,-150.445
254,5610,115,22712,6281.1,6267.25,-31.5277,7.62848,-29.0315,-16.7595,-22.9445,-6.05159,-10.4359,-27.2522,-14.0348,-32.6122,8.71128,-41.3991,-27.9734,-34.0108,-20.3537,-29.0348,-36.6036,-26.0041,-18.7136,-36.5563,-10.658,-152.809
255,5632,449,62495,9068.33,12927.3,-32.514,7.8572,-30.547,-15.5273,-21.639,-7.25665,-11.5314,-28.5124,-13.1502,-32.0994,6.19793,-40.4758,-28.2533,-34.7064,-19.9126,-27.4501,-36.0305,-26.3243,-17.5108,-37.3111,-7.83608,-153.395
256,5654,186,23942,8093.33,7431.87,-31.6786,7.86315,-28.544,-14.9209,-21.1894,-7.16669,-12.2728,-29.1731,-14.4947,-31.5853,8.53545,-41.4741,-28.6783,-35.3983,-21.179,-27.6212,-36.7708,-25.5073,-18.4269,-36.4905,-8.95368,-153.631
257,5676,298,36942,7873.1,7455.9,-32.898,6.82939,-30.4948,-15.0662,-19.0468,-7.6904,-11.3845,-27.7891,-12.869,-29.6072,7.34767,-39.9725,-28.9019,-35.3232,-21.0353,-26.2274,-38.596,-26.4936,-18.5882,-36.3166,-7.61892,-153.347
258,5698,539,23222,7310.47,5987.96,-34.4796,7.83746,-29.513,-12.5619,-18.1301,-6.96049,-12.9447,-28.4912,-12.1222,-29.2483,6.20457,-39.0564,-29.5514,-36.9472,-20.4319,-26.5094,-39.7732,-27.3651,-17.1137,-35.5031,-8.29805,-152.296
259,5720,225,29497,11051.3,7966.85,-35.0516,10.6569,-26.9099,-11.2884,-17.3778,-7.53814,-13.1326,-26.7773,-10.817,-28.3015,6.31567,-39.2847,-30.7255,-36.5406,-20.5555,-26.6642,-38.8759,-29.6288,-16.3857,-38.5463,-7.85961,-153.349
260,5742,18,52250,18457.9,14930.9,-34.6977,9.77207,-23.786,-10.1411,-15.2559,-6.607,-12.1678,-25.5714,-10.4163,-27.259,7.17517,-39.8293,-30.564,-37.0541,-20.8173,-28.7355,-38.1458,-31.2016,-15.9802,-36.8686,-7.33592,-154.885
261,5764,1642,84527,16805.8,18291.5,-35.6712,11.5226,-23.6287,-10.7759,-15.8713,-5.54623,-11.8713,-25.2247,-9.47685,-26.2735,6.34216,-41.179,-28.8278,-38.612,-22.489,-29.1104,-38.3298,-30.2185,-15.891,-35.5099,-5.98309,-155.057
262,5786,685,75740,15697.6,15353.9,-36.7214,12.8686,-23.3922,-11.6834,-18.046,-6.36725,-13.2513,-24.1016,-8.95385,-26.162,6.96835,-42.7596,-26.8232,-40.4402,-23.8591,-31.8172,-39.2158,-28.1314,-18.8425,-35.7261,-3.82469,-153.802
263,5808,1631,34855,11795.3,9821.35,-34.7553,9.24843,-22.0077,-13.3552,-20.2567,-4.54126,-12.2925,-22.7131,-8.96997,-25.3209,8.78854,-42.4131,-26.7503,-38.8318,-23.813,-31.3123,-38.4389,-28.9626,-16.8151,-36.9273,-3.05849,-152.893
264,5830,553,37474,10701.8,9768.06,-37.3897,7.82539,-22.0715,-13.3656,-21.7869,-5.55143,-12.1348,-22.8644,-13.7922,-25.5444,9.89372,-43.144,-26.1015,-41.2941,-24.0372,-32.68,-38.012,-30.1222,-17.9434,-37.6543,-2.67261,-152.284
265,5852,116,50972,9210.43,10059.8,-36.0148,9.35453,-21.7847,-12.9354,-18.3392,-8.136,-11.3396,-23.8478,-13.9863,-27.1896,10.3064,-44.1198,-23.6391,-47.8105,-24.0004,-35.1552,-36.3117,-30.4441,-19.657,-38.9862,-2.16113,-151.209
266,5874,144,27805,6748.53,6639.91,-39.5622,10.0585,-22.3383,-14.9347,-17.0504,-11.3162,-11.4424,-23.762,-13.3492,-25.3604,9.05617,-44.33,-23.6285,-49.6369,-24.2525,-37.0398,-35.0487,-29.3283,-17.1697,-39.2147,-5.73551,-151.317
267,5896,176,33221,8973.07,7528.41,-43.3961,11.1031,-22.1375,-13.5653,-17.5752,-8.30696,-11.3074,-23.0304,-13.451,-27.4048,10.6997,-45.0194,-22.7969,-49.1308,-24.1743,-38.9754,-33.635,-30.5867,-19.489,-38.6568,-6.1407,-148.675
268,5918,454,46175,7834,9292.44,-41.0517,9.63835,-20.2969,-14.0053,-18.7504,-6.6211,-10.8243,-21.6359,-13.3977,-28.0421,10.8037,-44.4662,-23.0194,-50.0643,-23.4709,-37.0412,-36.4927,-30.1049,-19.7193,-37.1901,-7.71416,-151.597
269,5940,127,26532,7773.63,6684.44,-40.3037,9.31612,-23.2226,-13.6986,-18.9775,-6.46289,-11.2849,-22.694,-12.1915,-27.6028,13.2476,-40.8478,-22.6122,-48.5089,-23.4341,-35.5634,-35.1959,-33.4135,-22.5328,-37.4747,-8.18423,-152.643
270,5962,567,51283,10886.4,10633.9,-41.2614,8.07758,-24.555,-12.8249,-19.2608,-4.35831,-10.3364,-20.1017,-9.97547,-27.9479,11.9562,-42.6836,-21.3193,-43.9253,-25.3594,-36.4967,-35.8999,-33.9238,-22.7948,-38.3337,-10.2106,-152.508
271,5984,482,44414,11861.9,9493.5,-42.183,8.51888,-23.8914,-13.2008,-19.4059,-1.69777,-10.7691,-22.3089,-10.8683,-29.3606,12.63,-43.4406,-20.4841,-49.973,-25.3247,-34.7654,-37.7451,-34.4463,-24.6978,-38.4557,-9.45012,-156.05
272,6006,218,52645,15036,14821.3,-39.676,9.5674,-25.2403,-12.1697,-21.1551,-1.32925,-9.95069,-21.6323,-11.2709,-30.8302,13.9906,-44.8882,-24.6793,-45.8006,-22.8518,-35.4986,-36.5617,-33.0167,-24.5367,-37.8054,-9.8971,-157.699
273,6028,220,40011,10596.4,7905.26,-41.163,11.604,-24.8781,-13.152,-20.7577,0.568445,-10.5189,-22.8754,-11.6864,-30.716,14.0743,-45.5397,-23.1873,-46.6108,-21.6489,-34.6479,-38.581,-32.7815,-23.6221,-38.2102,-9.6236,-153.386
274,6050,87,101466,14275.4,19761.6,-41.1872,9.76916,-24.2258,-12.2627,-19.5065,1.9584,-10.0448,-20.3096,-11.0539,-31.0896,14.4973,-44.2895,-21.9431,-43.5709,-21.6161,-33.5927,-40.0927,-32.8024,-24.2158,-37.8279,-8.46981,-153.941
275,6072,270,39324,13116.6,12356.2,-41.5772,9.67887,-23.4752,-12.208,-19.0338,0.68058,-7.95137,-21.0776,-11.1987,-32.207,15.3458,-43.5082,-22.5696,-38.7249,-21.2329,-31.5899,-41.8874,-32.6426,-23.1494,-38.1244,-9.1233,-156.799
276,6094,464,61107,14435.1,13778.6,-42.1911,8.68189,-23.7964,-12.1191,-19.5153,0.838393,-6.01171,-19.7132,-9.81691,-32.8036,15.343,-42.2961,-21.7381,-38.5292,-19.7028,-29.9465,-41.885,-31.6465,-22.7095,-37.9173,-10.135,-160.668
277,6116,667,57673,13893.5,12699.2,-46.5227,9.09826,-25.6414,-11.118,-19.0519,-0.350747,-7.63011,-25.0411,-7.67539,-32.4002,15.0212,-40.542,-22.3136,-37.3349,-18.8209,-28.2519,-40.7987,-36.0961,-24.4645,-38.9331,-10.255,-159.925
278,6138,887,43121,16287,11389.1,-46.5757,9.10541,-26.4371,-11.7071,-16.7808,0.732173,-5.25291,-23.1352,-8.22605,-32.9356,13.8872,-39.8136,-22.3203,-34.9259,-17.1642,-28.2576,-37.0333,-37.2492,-23.3541,-40.4197,-10.6751,-162.493
279,6160,735,41121,13242,13181.5,-48.4733,9.21144,-26.5425,-12.5318,-19.378,-3.28769,-5.56536,-21.901,-8.14441,-34.5185,14.8381,-39.7456,-23.1373,-38.121,-15.0041,-29.8023,-34.4969,-39.0266,-24.0049,-40.6794,-10.272,-162.074
280,6182,44,46262,16424.5,14936.7,-51.0545,7.84362,-26.3894,-10.3274,-17.7548,-2.37644,-4.1946,-19.8365,-6.86539,-33.9087,16.8876,-42.5645,-23.5322,-35.4888,-13.8435,-30.0773,-35.3464,-39.5278,-23.8726,-42.1209,-11.6268,-164.125
281,6204,95,89400,18942.9,20657.6,-53.3803,7.5295,-25.7873,-7.68289,-17.013,-5.01766,-4.83504,-20.3935,-8.59295,-28.8049,17.9322,-45.3422,-22.8675,-32.0563,-14.5457,-30.6674,-36.6894,-41.2727,-24.2375,-40.3743,-12.4691,-165.603
282,6226,739,96757,17432.7,19809.7,-54.1082,7.16233,-25.7598,-7.85326,-20.6854,-7.03078,-7.99438,-19.1513,-7.65894,-32.5261,19.2898,-45.7862,-25.6418,-30.2228,-13.8052,-29.3787,-35.4344,-40.9531,-24.2312,-38.4612,-12.5106,-170.263
283,6248,488,57479,15089.6,14156.4,-53.8309,9.26854,-25.3372,-8.99814,-20.9945,-6.71088,-10.2652,-21.099,-6.23578,-29.2473,19.2347,-46.071,-26.9082,-32.1039,-16.0885,-27.3274,-37.0629,-40.336,-26.5938,-39.1506,-12.7469,-169.291
284,6270,583,53557,15803.9,13838,-53.956,9.23685,-23.1121,-10.0875,-21.3713,-8.17469,-12.4702,-19.8397,-5.68792,-34.1271,21.0208,-46.8034,-25.9622,-31.6811,-16.3427,-27.2641,-36.381,-38.5813,-25.6567,-38.6967,-10.8292,-169.194
285,6292,73,41993,16696.8,13418.3,-53.0985,9.93888,-23.6869,-8.54472,-20.4538,-8.03215,-12.6577,-19.1903,-5.52988,-34.9351,21.0505,-47.377,-27.5327,-29.6213,-16.4396,-27.9467,-37.0009,-36.3032,-26.919,-36.8433,-10.939,-172.427
286,6314,242,72674,22736.6,19701.1,-50.2817,13.2578,-22.3029,-10.0889,-21.9878,-8.56178,-8.93511,-19.501,-4.8484,-39.2822,20.9165,-45.827,-26.7936,-29.5686,-18.5881,-28.1887,-36.2162,-38.729,-28.5052,-37.6301,-10.8145,-175.026
287,6336,684,70325,15573,16668.9,-48.1156,12.9837,-23.1537,-10.4283,-23.3133,-7.20671,-9.51583,-20.6355,-3.6631,-37.9771,19.5517,-46.802,-27.7975,-30.1845,-18.3419,-25.6363,-35.3429,-36.6691,-29.0297,-37.5855,-10.8095,-174.249
288,6358,169,98941,22526.6,24840.2,-48.2121,12.5655,-22.6755,-9.08974,-25.5863,-9.96094,-7.36899,-23.5035,-6.27861,-36.1609,20.1566,-44.6761,-27.0541,-31.5258,-16.7515,-25.8943,-36.5198,-36.7006,-30.305,-37.1659,-11.2215,-174.243
289,6380,475,62023,15787.8,14468.5,-48.3771,12.5493,-24.4739,-10.8454,-25.5266,-11.2948,-4.64272,-21.9741,-6.4996,-36.0102,18.7912,-46.2469,-26.6664,-32.0813,-17.499,-27.1066,-35.211,-36.924,-30.6429,-36.9027,-11.3288,-176.046
290,6402,216,53659,13433,13286.5,-48.3745,13.1715,-25.7865,-10.7243,-24.5103,-12.2721,-5.16056,-22.1674,-8.79181,-34.3785,18.863,-46.4506,-24.5457,-30.601,-16.5155,-27.6804,-38.0941,-35.2532,-29.571,-37.5628,-10.3267,-175.652
291,6424,5929,79764,20543.3,17669.7,-48.9744,10.9953,-24.6544,-11.4827,-24.2723,-11.2807,-6.00968,-21.8591,-9.47699,-34.0251,20.8968,-48.9294,-24.2713,-31.6973,-18.5703,-28.2785,-35.9268,-38.9317,-31.1766,-38.7399,-9.62419,-171.047
292,6446,1107,55004,17310.3,14804.8,-48.7852,13.4153,-26.0663,-9.47573,-24.8149,-11.5094,-5.24094,-19.797,-7.14662,-33.329,19.5737,-46.9411,-22.8843,-32.8097,-20.1345,-27.8891,-36.9703,-41.8524,-29.9541,-37.0904,-8.12116,-167.07
293,6468,889,53378,16691.3,16676.2,-47.5075,13.7797,-25.667,-7.11732,-24.7255,-10.4049,-5.48234,-17.5762,-7.25192,-32.0939,21.4339,-46.8132,-23.9071,-33.8348,-18.8492,-29.5255,-36.2808,-43.8149,-31.3208,-36.8918,-8.22027,-168.599
294,6490,58,76915,21641,19326.8,-48.9543,14.7793,-23.952,-7.81541,-25.3023,-11.1594,-7.29549,-17.297,-8.38793,-31.6504,21.8837,-46.5713,-23.085,-33.0871,-20.1746,-29.9456,-37.1262,-42.6627,-31.163,-37.4097,-9.31012,-172.117
295,6512,155,84828,21316.5,24341.1,-47.8544,13.9078,-23.5291,-7.77242,-24.6701,-11.3625,-4.97988,-16.9113,-7.8765,-30.2898,21.9944,-46.4062,-21.7733,-35.7205,-17.3308,-30.211,-36.7522,-42.645,-31.0976,-40.622,-9.40816,-169.723
296,6534,380,114372,26065.7,30485.5,-49.4091,14.1369,-22.6563,-10.9067,-23.977,-12.7217,-9.08339,-16.6459,-7.35975,-27.7775,20.9073,-44.7115,-20.8621,-32.9959,-21.3596,-32.4988,-35.6478,-42.524,-29.0358,-39.1889,-9.3525,-170.131
297,6556,912,152111,36377.7,34841.1,-49.4312,15.2607,-20.8102,-10.8871,-23.4783,-11.7537,-9.17382,-19.7919,-6.37118,-26.6664,23.5734,-43.7318,-21.693,-30.4689,-21.898,-31.1735,-36.8048,-41.9991,-26.7943,-38.273,-9.9161,-171.553
298,6578,821,72566,22991.9,21530,-52.7097,14.4728,-21.4203,-12.6877,-23.6486,-12.4754,-6.82564,-20.179,-6.36151,-26.625,25.1217,-43.3203,-21.1475,-30.6175,-20.8408,-30.0935,-32.4695,-41.5689,-27.168,-37.5054,-11.7114,-169.569
299,6600,144,171051,25594.2,34959.6,-54.7611,14.1615,-22.6745,-11.0386,-23.2207,-12.4639,-6.34568,-17.2568,-4.49744,-26.0145,22.5025,-43.0224,-20.8954,-30.4304,-19.8572,-31.7959,-32.3741,-40.869,-26.2468,-38.6472,-9.34007,-169.32
300,6622,127,122201,36797.5,38063.6,-55.5688,13.7282,-22.1069,-9.28398,-20.8655,-10.1474,-7.18626,-16.2713,-7.9163,-25.5601,22.888,-41.6476,-21.3877,-30.0592,-22.8727,-31.8842,-32.1866,-42.1613,-24.9446,-41.3788,-9.71227,-168.781
301,6644,1183,129883,25256.1,26678.5,-54.769,14.7158,-24.3338,-10.5194,-20.9355,-10.6246,-6.73898,-16.2914,-8.15149,-26.5662,20.0494,-41.1057,-20.7804,-31.4237,-22.2548,-32.5443,-32.8258,-42.3319,-26.4303,-41.244,-9.58603,-170.73
302,6666,763,309719,56636.8,65640.2,-56.6366,15.8964,-23.971,-11.4542,-19.583,-9.73729,-7.80814,-14.6989,-9.1713,-26.0656,18.8337,-39.8562,-20.8961,-31.9865,-23.9246,-34.7832,-33.3769,-40.4962,-26.6634,-39.5573,-10.1443,-169.775
303,6688,126,154730,49563.2,49992.4,-55.3831,15.6764,-25.2806,-10.7263,-19.9677,-7.48903,-6.70246,-13.1659,-8.77937,-23.508,17.6513,-40.9926,-19.087,-32.4774,-24.6357,-35.9699,-32.7712,-41.7072,-28.1941,-40.2609,-9.86057,-170.859
304,6710,671,224102,42501.5,44780.4,-56.409,14.8567,-24.4135,-10.9908,-20.1541,-5.32462,-8.06838,-15.4181,-9.03839,-22.8572,19.4294,-42.1749,-19.4629,-31.3171,-22.3304,-35.5544,-33.1594,-41.635,-28.2989,-42.3081,-11.2922,-171.521
305,6732,963,126270,39885.2,35275.6,-54.8516,15.3089,-25.1287,-11.0519,-17.9902,-5.25944,-8.30715,-18.0124,-7.6665,-22.3314,18.203,-38.8464,-19.0192,-32.3253,-18.1748,-33.048,-34.2891,-42.0696,-29.1989,-46.0341,-11.0809,-172.396
306,6754,2172,174103,39433.2,37142.5,-53.5111,16.5264,-26.0376,-8.78026,-18.7383,-3.30413,-9.40368,-17.4927,-9.57891,-21.1308,16.7123,-36.3141,-19.1723,-31.1457,-20.3135,-33.6129,-36.7263,-41.8674,-30.7026,-44.3323,-10.5491,-174.448
307,6776,426,130269,35175.1,33446.4,-50.47,13.7856,-26.3614,-10.1123,-18.1735,-5.37069,-7.99719,-17.2998,-10.6627,-21.0616,18.4445,-37.6401,-19.1759,-31.9602,-21.1932,-33.8596,-34.5682,-41.8042,-30.1575,-40.767,-11.86,-175.646
308,6798,3088,116921,42115.8,33213.8,-50.9688,15.085,-26.1444,-10.6201,-17.4451,-2.6463,-7.68946,-15.2793,-10.9766,-24.1849,17.6889,-34.2653,-18.948,-34.196,-21.0242,-32.8377,-34.6301,-42.0469,-30.1034,-43.0467,-10.6591,-175.916
309,6820,1465,211799,45299.8,48466.9,-49.1452,16.9014,-25.1523,-10.7702,-15.7844,-5.5658,-6.36451,-17.9512,-10.6321,-23.0503,18.356,-34.939,-17.1132,-33.9289,-19.0348,-31.5671,-34.4828,-39.8423,-29.8413,-41.7069,-11.2432,-177.553
310,6842,607,131161,34223.4,33555.2,-49.2161,16.7289,-25.6796,-7.9197,-16.6232,-4.57432,-8.41978,-16.507,-11.0165,-21.4627,19.7843,-34.9587,-17.8079,-34.1398,-20.1431,-31.1356,-34.6079,-40.0819,-29.3306,-43.983,-11.786,-176.51
311,6864,958,293613,66442.8,59637.2,-50.3759,16.3615,-23.982,-8.21094,-17.9405,-3.34691,-10.2586,-14.7958,-8.89257,-21.3514,22.7025,-35.4328,-16.8673,-32.1505,-21.9934,-30.6738,-34.9487,-38.9788,-30.2136,-42.5705,-11.3571,-176.132
312,6886,1887,245568,61548.1,59783,-50.0222,17.4112,-23.8932,-5.93853,-17.1291,-5.74921,-8.73802,-15.1518,-6.28636,-20.5616,23.3179,-36.738,-17.1005,-31.8385,-23.532,-32.3427,-33.2787,-38.5499,-30.3193,-45.1296,-11.4779,-178.079
313,6908,148,228604,52283.8,50356.6,-49.484,17.0717,-23.6311,-4.29794,-15.364,-3.9909,-10.076,-15.6795,-4.69683,-20.528,23.1586,-37.0617,-17.4293,-32.8672,-23.2441,-30.7728,-35.4195,-37.8873,-31.7397,-47.4501,-11.2143,-174.16
314,6930,347,201910,51013.5,56931.6,-46.3848,16.2537,-22.422,-3.39596,-14.7314,-1.65972,-13.9246,-17.1364,-4.18381,-18.6606,22.6923,-38.212,-16.3925,-33.8224,-21.9513,-28.5387,-35.7011,-34.9644,-30.209,-50.756,-9.35917,-171.795
315,6952,1494,308841,70009,65177.1,-47.0574,15.7106,-20.5642,-1.24405,-16.9866,-3.58733,-10.1544,-17.7382,-3.15485,-18.772,20.0268,-36.68,-17.3272,-35.5164,-21.78,-28.6238,-35.3473,-35.5913,-30.1286,-52.3205,-10.1979,-172.297
316,6974,4590,167237,48723,40834.6,-47.87,13.3933,-20.7781,-2.11161,-15.4691,-4.43467,-12.7819,-19.7113,-2.16446,-17.0319,18.8314,-37.914,-16.6478,-34.8873,-22.0259,-30.0014,-33.2011,-33.2836,-28.9224,-52.7408,-9.20209,-171.713
317,6996,798,165570,53474.5,42644,-49.6193,10.5344,-20.5915,-2.76528,-17.5339,-5.1629,-9.53501,-18.1253,-3.20876,-16.634,17.7701,-35.9704,-16.5718,-36.0853,-22.7639,-26.351,-32.7952,-32.8531,-28.4403,-53.8835,-8.78983,-172.29
318,7018,177,100105,24068.3,23464.6,-48.3316,12.8805,-20.1971,0.562171,-18.5033,-6.58852,-9.48253,-18.8795,-1.71095,-16.5467,18.1467,-35.1019,-16.3217,-37.6206,-21.5345,-29.0285,-32.1205,-32.7157,-30.9615,-51.0569,-10.437,-172.705
319,7040,2374,135733,33465.6,30385.6,-46.7184,13.2444,-21.9415,1.96409,-15.9739,-7.4282,-8.5146,-19.0998,-1.41689,-18.8046,21.1599,-35.2048,-16.2942,-36.1016,-22.9246,-27.5854,-32.0115,-32.9256,-30.5269,-52.3741,-10.5317,-172.727
320,7062,216,144771,41093,37796.8,-47.1002,12.2187,-22.2646,1.56713,-16.5859,-7.23146,-4.48714,-19.1809,-2.56469,-20.8346,22.4158,-36.7118,-14.6879,-34.6745,-23.3146,-28.1879,-32.8832,-32.8227,-31.8626,-51.1571,-12.5478,-169.492
321,7084,1311,164399,59389.1,48821,-46.1905,13.7661,-21.0523,0.703162,-17.7057,-5.96593,-5.32588,-18.7348,-0.99234,-19.8356,22.8641,-39.4667,-14.6678,-35.4903,-26.5963,-31.1041,-36.1107,-30.9798,-31.3169,-51.9677,-13.1905,-170.812
322,7106,4666,140364,53515.8,37174.1,-46.4623,15.1362,-21.3086,0.920666,-17.73,-6.23475,-8.15818,-18.2432,1.10074,-16.4455,20.4334,-39.8223,-15.3098,-33.4897,-25.1265,-31.8532,-35.5477,-32.6618,-31.5314,-52.0561,-13.4826,-172.061
323,7128,748,228605,54042.2,54293.8,-46.4404,16.0269,-18.8556,-0.293786,-16.274,-5.28616,-8.10278,-16.267,1.48941,-16.8835,20.6074,-40.7317,-13.8652,-32.7136,-26.7358,-31.3252,-34.5497,-31.7924,-31.7531,-52.8319,-12.753,-175.697
324,7150,563,187793,43853.4,47811.6,-45.9862,16.1912,-18.8334,-1.57506,-15.4121,-4.47206,-10.5021,-17.3777,3.27156,-18.9989,16.8648,-42.7485,-14.837,-33.1546,-26.3683,-32.6423,-34.3574,-30.6879,-33.3269,-55.111,-9.89596,-174.92
325,7172,2236,334012,58799.5,64958,-44.306,15.7135,-19.1395,-1.3443,-16.7291,-1.97904,-8.69791,-16.0166,3.74055,-21.1551,20.3071,-43.014,-13.3002,-34.4638,-26.4864,-31.8944,-34.4343,-30.0587,-33.5485,-54.1997,-10.8176,-177.932
326,7194,618,252745,64248.1,64966.9,-47.9965,15.875,-19.2614,-0.310534,-17.7218,-1.52044,-9.14345,-17.9642,3.56632,-22.6022,20.5121,-43.1392,-14.7384,-35.4031,-29.9451,-32.3344,-33.1756,-30.3022,-33.0031,-54.8993,-11.4193,-178.677
327,7216,1327,193045,54815.8,47551.7,-46.985,13.8175,-20.3967,-2.56722,-16.6772,-1.70608,-10.4274,-17.3759,5.74937,-24.9916,20.9917,-42.4489,-13.8676,-35.5424,-31.9663,-32.0364,-33.2718,-29.667,-32.3494,-56.1566,-12.3555,-175.838
328,7238,3661,125658,49274.9,36250.8,-47.289,13.2455,-20.4657,-2.07725,-15.966,-1.2664,-8.50757,-15.8597,6.21067,-24.0896,20.7579,-41.849,-14.8781,-36.9864,-34.0465,-31.9499,-33.6373,-32.0524,-32.9225,-55.1564,-12.4568,-176.924
329,7260,1157,221160,56323.8,56543.6,-48.7621,14.0791,-21.9294,0.275301,-18.1952,-3.07741,-8.56505,-16.78,5.45897,-24.2061,19.9184,-43.4725,-15.7886,-38.5884,-33.9,-33.5752,-32.5833,-31.1451,-32.7215,-54.7901,-12.0622,-176.352
330,7282,6117,203264,58922.8,50612,-47.6077,12.8667,-18.2209,-0.0391283,-18.191,-4.06571,-9.11514,-16.2352,3.60204,-24.3447,21.256,-43.6241,-17.3713,-38.6139,-33.3151,-32.7507,-33.0223,-30.9949,-32.7953,-53.4351,-13.8502,-176.259
331,7304,3281,210488,54025.7,47675.5,-48.3391,13.2077,-17.6066,1.09285,-20.4858,-4.56426,-9.18133,-14.8043,4.95789,-25.2113,20.7445,-42.8692,-17.4353,-37.8732,-32.5201,-32.3573,-33.0378,-31.9325,-32.0578,-54.3501,-12.1348,-174.724
332,7326,594,283671,53680.1,57451.2,-47.7646,12.6518,-19.4407,3.37034,-20.6937,-5.22447,-5.57262,-15.4298,4.16637,-24.7863,19.5112,-44.2438,-19.0228,-39.8741,-32.626,-30.8822,-33.2276,-33.0319,-32.8789,-53.4686,-10.9339,-172.772
333,7348,1318,389027,69451.9,84631.3,-49.6392,12.7504,-18.9011,3.37868,-20.3167,-3.43499,-1.40417,-13.9987,6.37656,-24.4818,20.7546,-44.9429,-18.1875,-41.866,-31.523,-32.5997,-32.5987,-32.8316,-32.1278,-54.4928,-10.4841,-174.679
334,7370,2551,168774,58416.7,54762,-50.3791,14.2441,-19.5768,5.30074,-19.7891,-6.55903,0.464097,-14.3032,4.59375,-23.8852,21.7139,-45.1798,-17.3572,-43.2111,-32.0232,-32.9944,-30.2233,-32.6013,-33.0439,-53.782,-10.2373,-174.14
335,7392,230,230363,65874,67135.9,-51.6316,15.1112,-19.1783,6.62527,-19.8562,-6.16278,1.69002,-15.2051,5.78633,-24.5851,22.1387,-44.2319,-17.5619,-42.9385,-30.7253,-31.1281,-29.5143,-31.2095,-31.624,-53.3381,-11.197,-174.908
336,7414,2049,226526,57733.7,51349,-50.3601,14.3581,-20.6529,4.95064,-20.5212,-0.642245,0.0468716,-14.4433,5.58855,-24.9303,24.5786,-45.2188,-17.7274,-39.5013,-31.3677,-29.074,-29.6012,-32.2664,-30.9721,-54.0858,-11.527,-174.531
337,7436,5070,373133,82337.9,96784.4,-50.3265,16.7268,-20.6485,3.17161,-19.3274,-1.20206,-2.08092,-13.861,5.98331,-25.9611,24.0239,-44.6063,-17.4549,-40.2862,-32.0554,-29.3999,-29.8006,-33.2647,-31.2609,-52.2475,-11.777,-174.344
338,7458,1306,231834,61497,68724.4,-51.1116,16.5633,-22.2516,2.65704,-20.297,-0.600523,-1.29681,-12.4316,6.03855,-23.8155,24.4728,-45.4193,-16.2666,-37.204,-32.5183,-29.0472,-29.7271,-34.4745,-29.4372,-51.3247,-12.6977,-173.439
339,7480,855,231271,73470.9,71150.6,-51.3099,17.7019,-21.3181,3.63113,-18.4799,-1.26961,-1.91019,-13.6148,6.41448,-25.9612,23.2574,-45.0788,-16.1985,-38.6471,-33.4415,-28.464,-29.3686,-34.5013,-29.2032,-51.4637,-13.8308,-173.57
340,7502,117,278375,79298.4,74046.8,-51.5432,17.9518,-24.1674,3.33343,-17.2851,-1.48525,-5.13396,-12.5806,6.84369,-23.4498,20.3113,-45.1801,-18.5521,-34.9283,-33.1834,-28.3124,-28.5098,-33.7688,-29.7869,-52.3865,-12.1216,-173.282
341,7524,2514,213006,67782,63008,-52.5741,17.296,-25.1918,2.22594,-17.1844,-2.32951,-3.23147,-12.6472,6.26524,-25.7474,20.7586,-46.4039,-18.2346,-34.3891,-34.2846,-29.2255,-27.687,-34.1786,-29.8064,-53.3138,-9.74691,-172.251
342,7546,2409,200474,69203.9,56385.7,-55.3907,17.7399,-22.127,0.76879,-21.0356,-0.195811,-3.41241,-14.2658,6.61729,-25.8269,20.9516,-44.9492,-16.2061,-36.9738,-32.7236,-29.9686,-27.387,-33.8541,-28.6961,-52.2297,-11.5824,-170.144
343,7568,775,218364,60074.1,63864.8,-56.1041,19.5796,-20.6976,0.980581,-22.0217,0.107774,0.797223,-14.1289,8.33179,-25.5526,22.0104,-45.1101,-17.4019,-36.6954,-34.1272,-29.6976,-27.8754,-33.8795,-28.4368,-54.4159,-11.2153,-169.135
344,7590,225,393128,55230,73686.3,-55.436,19.5867,-18.7092,2.17369,-22.4342,0.753412,-1.18016,-13.2179,8.22037,-24.0969,20.8325,-45.6099,-18.2413,-36.8243,-33.6879,-32.3554,-28.1878,-32.673,-27.6754,-52.882,-10.8878,-168.309
345,7612,5255,497908,70671.3,92969.5,-55.2371,18.2523,-20.0486,1.98722,-21.1841,-1.51515,-2.64348,-12.5294,8.6643,-22.8972,19.8696,-47.067,-18.1873,-37.0684,-33.65,-31.3779,-26.8032,-32.9578,-27.6079,-55.7748,-11.3367,-168.906
346,7634,5669,237907,57417.9,60484.2,-59.8124,18.8016,-23.2028,3.31086,-19.9009,-1.9909,-2.05442,-15.3251,7.38865,-24.0686,19.195,-48.577,-17.4048,-37.6444,-35.7347,-33.7948,-26.9261,-30.8479,-27.4208,-55.6855,-11.0315,-168.212
347,7656,1069,186186,60263.2,57021.5,-58.8038,17.2332,-23.5061,3.69213,-21.1179,-2.75833,-0.768382,-16.4262,7.90239,-24.6501,19.3377,-47.4909,-20.0831,-36.7932,-37.45,-34.151,-28.3283,-30.3235,-28.1019,-55.1019,-9.46942,-170.589
348,7678,460,341796,50661.5,75974.7,-57.6678,15.4952,-22.1239,3.26091,-21.0929,-2.709,-3.00945,-17.344,7.87763,-25.6052,21.1589,-47.7883,-19.495,-35.2655,-34.7388,-34.5935,-27.8443,-31.2007,-26.3284,-56.3431,-10.9163,-170.486
349,7700,1420,324178,61147.5,78138,-58.5777,14.3427,-21.9971,3.76904,-18.4993,-3.06143,-3.89061,-16.4846,7.60421,-26.745,20.5231,-47.8158,-18.9214,-34.2093,-33.9406,-32.7309,-27.7936,-34.3126,-29.7433,-57.245,-9.38499,-171.638
350,7722,356,199946,46659.3,48417.1,-58.995,15.3035,-22.6641,3.58426,-18.1647,-2.60031,-6.07622,-15.7419,7.30532,-26.2551,21.4033,-46.9377,-20.2303,-36.5106,-34.1376,-32.6253,-29.3649,-31.4301,-28.5646,-59.6051,-8.35151,-171.044
351,7744,2076,312794,74545.9,75197.6,-59.2881,17.212,-21.8879,2.75706,-16.6541,-2.8736,-7.92141,-15.9621,5.80433,-26.6053,20.0238,-45.449,-20.7632,-33.2869,-33.1749,-31.359,-29.981,-30.4114,-29.7714,-59.8134,-7.18193,-171.509
352,7766,1361,390329,76008,76839.4,-59.2094,16.4743,-21.9849,2.95522,-15.9838,-3.84868,-8.56977,-14.0928,7.00539,-27.0118,20.3889,-44.3367,-20.4439,-33.1477,-33.2411,-31.5744,-29.5714,-29.9254,-27.8137,-59.702,-8.48166,-173.079
353,7788,629,324280,112400,87765.9,-60.1641,16.226,-20.4077,1.76137,-16.433,-1.95695,-8.52165,-12.8351,5.90427,-26.3477,23.6506,-44.3436,-21.9729,-32.4753,-31.2987,-33.1996,-31.295,-30.0663,-25.9875,-57.3382,-9.29785,-173.725
354,7810,1207,285617,78462.6,69786.3,-60.1531,18.7623,-19.6925,0.682165,-14.8429,-1.30994,-10.3653,-14.3896,6.38814,-25.2878,23.7193,-43.6846,-23.19,-31.4246,-31.7101,-33.0426,-33.0909,-29.4001,-25.741,-57.4141,-9.51508,-172.262
355,7832,853,294177,77101.2,79487.2,-58.9872,19.2359,-17.7043,1.31258,-12.9559,-2.52992,-11.8595,-15.3139,2.548,-26.2886,23.3827,-47.3925,-21.4024,-31.6266,-34.8645,-35.102,-33.8032,-31.2805,-22.7632,-54.3256,-10.3337,-172.613
356,7854,3363,347785,87198.1,84929.1,-58.0503,18.1296,-18.6218,1.19553,-13.805,-2.81672,-14.5,-14.6951,2.73567,-26.5943,24.2336,-50.4017,-20.9445,-31.8215,-38.1585,-34.798,-32.1455,-31.0171,-23.187,-54.7524,-8.65934,-171.827
357,7876,4196,127873,50382.2,37093.1,-59.7866,18.7832,-17.3824,2.5787,-14.5293,-2.66462,-12.4898,-12.9586,3.89335,-27.5443,26.1136,-50.6341,-18.8991,-31.4299,-38.323,-35.2017,-31.0667,-33.0865,-24.8533,-56.6181,-9.45626,-172.726
358,7898,753,311131,77744.5,80544.1,-59.0078,18.1406,-18.4692,2.20494,-15.449,-1.62975,-12.8157,-13.2682,4.33191,-29.0463,29.9421,-51.3626,-18.7571,-29.595,-36.2131,-35.9307,-30.0256,-34.2471,-27.1178,-56.1578,-7.13737,-173.819
359,7920,4425,156243,55254.4,43144.8,-59.7281,17.272,-16.831,2.55595,-14.6542,-2.64919,-9.85615,-14.5562,2.01187,-29.8211,29.3722,-50.2113,-21.7919,-28.7997,-35.4653,-35.6571,-30.8176,-34.2898,-30.9933,-58.5243,-7.37423,-173.248
360,7942,2286,221633,61620.3,51928.3,-58.5371,17.1165,-18.9185,2.55524,-14.6122,-3.08445,-9.06904,-14.0428,0.712558,-27.9909,32.3309,-50.0583,-22.207,-25.3251,-36.1501,-35.747,-30.8495,-34.1551,-29.2689,-55.2048,-3.23108,-174.143
361,7964,1627,337388,57968.5,68408.4,-57.6099,18.9226,-19.7443,1.24195,-12.9138,-3.2213,-9.48084,-12.8573,3.3823,-30.7361,30.2291,-50.9641,-21.58,-25.3344,-36.7018,-35.8329,-30.1745,-31.4741,-28.7645,-57.6929,-5.92108,-174.619
362,7986,2383,266980,64044.5,64253,-57.3638,20.3147,-19.3354,2.98662,-11.6307,-2.6854,-7.9695,-10.6054,3.71255,-29.1198,29.5,-50.4809,-20.8228,-24.1978,-35.5955,-33.5317,-29.7379,-30.5027,-27.2162,-55.2005,-8.33456,-176.457
363,8008,458,247675,66224.2,65872.4,-60.1022,20.432,-18.8562,-0.358969,-10.7258,-3.35922,-9.32126,-11.7992,1.39903,-26.5758,29.8922,-48.3181,-24.0025,-26.8566,-35.8414,-31.9941,-29.607,-30.888,-27.6952,-55.0871,-7.45309,-175.594
