generation,agents,minScore,maxScore,meanScore,standardDeviation,w0,w1,w2,w3,w4,w5,w6,w7,w8,w9,w10,w11,w12,w13,w14,w15,w16,w17,w18,w19,w20,w21
0,22,0,4,0.833333,1.20583,-4.44483,1.57356,-4.45422,-2.59926,-1.52924,-1.49994,0.446056,-0.00581651,-3.3186,2.83138,-2.12044,3.82648,1.04652,-4.5572,-2.58428,1.15064,-4.33574,2.60928,-3.33145,-1.44273,-4.38702,-0.669589
1,44,0,3,0.366667,0.808717,-3.12709,0.186862,-6.75799,-1.7134,-2.03264,-3.02284,-2.31297,-0.11999,0.0302381,-1.14603,-5.23128,2.64942,1.57437,-9.50953,-8.41934,0.801485,-2.89866,5.68296,-1.28827,0.588072,-2.21286,-1.93298
2,66,0,9,2.43333,2.26949,2.15473,3.63098,-5.89551,-5.60482,-2.2344,-2.65968,-4.75427,-4.9479,1.20512,-1.93902,-6.1358,3.33223,0.177068,-2.6534,-12.3358,5.97302,-2.03985,5.21793,-0.326745,-6.1239,0.0632791,-2.33726
3,88,0,12,3.13333,3.18112,3.66646,1.17519,-5.3337,-2.28683,-2.0725,-6.91374,-4.62348,-6.03416,-0.101921,-5.11278,-6.85938,5.00661,-2.46193,-8.00928,-11.6178,3.79781,-0.788399,5.02341,0.755043,-7.1226,-2.42874,-1.65202
4,110,0,5,1.66667,1.49328,0.871892,3.42502,-6.58961,-1.29264,-2.71621,-8.14669,-5.70838,-7.50614,-2.42872,-2.06006,-6.84841,8.47223,-3.1643,-8.90556,-15.5289,2.65777,0.264546,3.52614,0.608469,-9.62619,-0.860101,-2.00952
5,132,0,6,1.23333,1.38174,0.577638,-3.42386,-5.83858,0.621129,-4.25808,-9.68531,-6.15737,-5.28456,-2.36216,-6.82774,-7.35519,11.8943,-0.729628,-9.30451,-14.0087,2.75427,-2.03042,6.3252,-4.4321,-10.7132,-1.25343,-3.95811
6,154,0,7,1.6,1.84951,-2.7017,-0.383119,-4.27486,1.30018,-2.84673,-11.5535,-3.56129,-5.7107,-1.24058,-6.83996,-9.35231,11.9099,0.119023,-9.66168,-15.6782,3.01883,-2.5483,5.62391,-3.77544,-10.4767,-0.388852,-2.84433
7,176,0,6,0.866667,1.4077,-4.55144,5.33276,-4.4593,1.39175,-0.499793,-14.4202,-5.3288,-5.49756,0.203727,-6.81858,-14.6885,14.7119,1.14298,-15.7052,-10.0017,4.80117,0.210483,5.63645,-3.64434,-9.97489,-0.685883,-2.67424
8,198,0,5,1.23333,1.38174,0.0428827,4.51524,-6.2657,0.334929,-3.98374,-13.2296,-5.35595,-5.14165,-0.0646275,-8.27861,-16.973,15.7835,0.539895,-17.9109,-10.0004,2.84446,-0.462704,3.8739,-4.77991,-7.42322,-1.1188,-1.11202
9,220,0,8,1.96667,2.22033,-0.806637,5.78131,-5.68408,-1.11618,-4.55441,-14.1408,-4.38759,-5.7472,1.43435,-9.10797,-17.633,15.2769,0.300131,-17.4795,-11.5227,-0.419725,1.8234,5.13878,-4.14135,-8.11274,-0.546943,-1.49724
10,242,0,6,1.56667,1.45468,6.57318,5.59806,-7.45672,-0.583941,-2.61039,-13.7077,-5.66004,-6.35287,-1.49509,-9.08744,-14.8571,14.7066,1.45468,-14.1872,-11.972,-5.69582,2.33099,5.35965,-3.01261,-9.09346,-1.24009,-1.30569
11,264,0,7,1.8,1.901,5.45723,4.5044,-11.6258,-2.12025,-2.06848,-13.7164,-4.91931,-7.16133,-3.637,-15.8634,-14.9259,15.1671,2.98871,-12.3414,-12.381,-7.46005,0.583272,4.38633,-4.09293,-12.8224,-0.748634,-1.5451
12,286,0,8,2.06667,1.79911,4.39177,2.85178,-11.8231,-3.03257,-5.56818,-13.9994,-5.89685,-7.7153,-2.33759,-14.0553,-12.7438,15.455,3.41744,-13.4814,-11.5768,-7.66362,3.67098,5.67351,-1.42552,-15.1046,-0.211634,-2.25138
13,308,0,6,2.13333,1.88887,2.88652,3.82229,-13.6483,-3.18958,-10.9287,-14.2652,-4.97473,-8.58711,-1.82413,-14.9695,-11.9067,14.3294,5.99345,-15.2934,-13.2141,-8.16436,6.99933,4.38505,0.339593,-13.6052,1.54191,-2.20303
14,330,0,8,2.8,2.17192,6.07733,3.3148,-13.9023,-3.79463,-11.0052,-15.596,-5.32423,-7.03431,-2.21354,-15.7851,-10.7755,14.2361,5.8367,-19.0149,-16.0336,-11.3674,7.26883,4.07998,-2.25766,-11.3869,0.287152,-3.94132
15,352,0,10,3.8,2.85754,8.05024,5.46194,-12.9248,-3.92949,-14.4758,-14.9523,-7.45596,-8.1033,0.295383,-15.8461,-8.91126,13.236,3.2886,-20.3796,-16.3939,-10.5763,6.40013,1.22116,-0.0842016,-12.1109,0.606661,-5.78879
16,374,0,10,3.76667,2.56882,7.71341,6.93638,-12.3298,-4.08526,-15.7435,-13.6396,-5.94656,-7.19142,3.29035,-15.3926,-10.0421,11.7927,2.56293,-21.2011,-17.7085,-13.4436,6.84546,2.77394,2.31629,-12.2183,-1.31514,-6.46121
17,396,0,16,6.06667,4.63817,6.8353,6.84277,-12.8017,-2.94839,-18.2746,-12.8366,-5.97217,-3.63461,5.64678,-15.7225,-8.08145,13.3167,-1.98467,-20.2405,-19.3521,-12.6406,5.78344,2.29298,2.51174,-10.2896,-4.66734,-6.91054
18,418,0,19,6.66667,4.10495,1.17025,5.78224,-12.4999,-3.75226,-23.6575,-14.3004,-5.15849,-3.6033,5.42412,-15.9021,-7.99741,9.30599,-0.312323,-19.4733,-17.6823,-12.7789,6.90421,0.508469,0.426572,-12.8135,-4.51654,-8.99359
19,440,2,18,7.63333,4.31903,0.0472815,4.21989,-10.2611,-3.72043,-25.6356,-23.0778,-5.2761,-3.50521,3.81308,-15.0313,-8.0891,10.258,-2.57888,-20.0792,-17.3544,-12.1672,7.20081,-1.06288,-2.09269,-9.86346,-4.78346,-10.552
20,462,1,17,6.66667,3.70771,2.33958,5.28193,-9.64587,-5.84162,-24.0048,-23.3632,-6.28405,-4.9388,2.36315,-11.4245,-7.64208,10.3788,-1.96118,-17.8448,-17.6809,-10.2974,7.03587,-2.54299,-1.4142,-12.5083,-6.70913,-9.05766
21,484,0,13,6.13333,3.77591,4.77921,6.12409,-7.43394,-6.70326,-23.4483,-18.4713,-5.61337,-5.22816,3.62499,-11.3125,-7.83772,11.9645,-1.58681,-22.2146,-20.508,-10.5934,7.4154,-1.99066,-1.33637,-10.577,-6.92573,-9.51319
22,506,1,17,6.83333,4.09443,2.97612,6.26332,-7.36893,-5.54343,-21.7248,-20.0886,-7.85852,-1.56512,2.15164,-10.8871,-6.69008,9.68358,-1.58837,-20.4793,-19.3991,-13.5673,8.32435,-0.703897,-0.50031,-8.7934,-8.06328,-8.79717
23,528,3,21,8.1,4.02878,1.3345,6.48946,-6.08608,-5.16621,-22.1032,-20.1063,-5.80484,-0.658158,-1.83968,-8.9518,-8.49935,11.0107,-2.12612,-17.8637,-17.4943,-14.0429,4.62163,-0.212705,-2.17255,-7.0523,-5.77603,-8.33687
24,550,0,19,7.43333,4.36825,2.26651,5.8879,-5.11179,-5.45732,-21.736,-19.105,-6.46446,-2.46894,-2.42455,-8.4648,-7.5051,11.7905,-5.30955,-25.8409,-16.5196,-15.0161,4.47395,-1.20351,-1.56652,-7.24254,-3.5801,-8.10186
25,572,2,25,10.4333,5.50663,3.98132,7.84509,-4.44721,-4.44616,-19.5406,-18.4234,-10.4885,-6.7079,-3.5757,-8.60233,-6.53549,10.7722,-8.82815,-26.7711,-17.1438,-14.7238,1.94712,1.12324,1.80353,-6.32324,-4.03723,-10.5433
26,594,3,48,15.6667,9.36366,2.56006,7.74315,-8.7137,-6.04614,-16.4324,-19.8321,-8.73766,-6.41071,-6.04607,-10.1393,-8.01029,11.026,-10.8494,-23.5605,-16.7602,-10.3735,-2.67507,-3.39697,3.67492,-6.668,-5.70868,-11.3894
27,616,4,32,13.4667,5.9465,3.05361,8.62449,-6.10607,-5.82925,-19.4725,-19.4397,-6.1929,-9.35528,-3.33876,-7.90871,-6.86991,11.2806,-11.0659,-27.5569,-16.1062,-11.6598,1.32177,-4.27869,1.56648,-7.43003,-9.93315,-10.0884
28,638,2,39,16.7667,8.79139,5.26265,8.68212,-10.0248,-6.74684,-19.4366,-23.7134,-7.08052,-9.85118,-5.6983,-8.23474,-8.07396,9.62593,-13.9563,-23.2928,-14.5236,-13.1328,2.5706,-5.93349,0.303321,-6.39713,-7.48679,-12.9855
29,660,4,39,17.7667,7.69094,5.09706,6.0147,-11.6765,-6.34061,-17.1647,-21.8615,-4.50965,-10.5687,-4.64589,-9.66858,-6.84389,7.83679,-14.8554,-19.0001,-13.1347,-11.8628,2.81214,-5.70554,-0.690013,-5.97997,-7.85557,-11.6106
30,682,6,77,30.8,16.0783,4.16136,7.23471,-10.9215,-6.74965,-14.5499,-20.8552,-2.69204,-9.84667,-5.81128,-9.38026,-10.3619,5.49558,-14.215,-16.4732,-12.2317,-10.9051,0.31177,-3.44004,-0.304275,-5.99119,-8.12764,-15.0859
31,704,11,106,48.1667,21.6955,2.49579,5.39337,-9.71244,-6.56241,-6.88383,-19.561,-6.96899,-11.549,-5.49284,-9.70004,-8.73316,3.84984,-12.9247,-17.563,-12.5636,-9.8442,1.5372,-2.98651,0.195015,-5.25692,-12.3447,-17.9336
32,726,19,180,78.2333,41.0598,2.91753,5.69004,-7.2833,-6.77756,-8.61071,-15.6909,-6.76755,-10.6378,-4.6828,-10.7624,-8.64503,2.44297,-12.5589,-16.7757,-11.5145,-9.52566,-1.01482,-4.98156,-0.759501,-6.59587,-15.0686,-17.5704
33,748,18,191,83.9667,45.5219,1.55088,7.11497,-5.27418,-7.53395,-11.1501,-16.8928,-6.64183,-14.1342,-5.93078,-9.2693,-9.49215,2.02912,-12.5978,-14.0441,-12.3423,-12.7414,-2.41277,-6.97573,-0.395772,-6.56887,-13.1495,-18.9452
34,770,44,251,90.9,45.3829,1.60843,5.85951,-5.68042,-7.88201,-11.9935,-12.6684,-5.15803,-13.8332,-7.54823,-9.29562,-9.85609,-2.7934,-11.523,-14.4133,-12.0996,-10.3596,-3.90914,-6.62437,1.29444,-8.49735,-11.9678,-17.2364
35,792,41,218,94.2667,39.7518,2.44641,5.72189,-6.21499,-8.2243,-10.6361,-12.3597,-5.95996,-13.3822,-7.11939,-12.2851,-9.08415,-0.922158,-11.1689,-14.3686,-11.9482,-9.39873,-4.7967,-9.19131,1.94474,-8.81981,-12.6688,-17.7975
36,814,19,182,77.1667,35.6129,1.12965,8.06112,-7.07618,-9.55213,-10.4256,-12.8669,-6.31675,-13.9689,-7.84444,-11.4789,-8.22488,-0.420409,-10.1018,-14.3205,-13.298,-10.383,-4.10117,-10.3385,1.50587,-9.61614,-16.906,-18.3931
37,836,52,483,117.633,79.5173,-2.08234,6.52277,-8.12795,-11.3118,-7.95867,-12.4387,-5.84607,-14.0858,-7.66374,-10.5196,-8.44765,-2.54791,-9.62169,-13.2137,-13.0652,-13.1617,-4.66916,-8.89079,0.51596,-11.1419,-14.4457,-17.983
38,858,39,205,94.9667,40.0753,-3.38301,8.57558,-8.82712,-11.034,-8.77543,-12.2427,-5.90597,-13.9337,-7.45101,-11.3518,-7.91268,-1.85624,-9.53039,-14.6321,-15.1889,-10.6467,-3.56508,-8.12578,-2.01122,-12.3307,-14.7854,-18.3827
39,880,23,194,94.2667,40.2046,-3.45111,7.24051,-9.65799,-11.409,-9.37342,-9.56069,-6.30625,-12.9255,-7.71448,-11.0313,-7.81263,-0.741571,-12.5421,-14.0838,-15.9804,-13.1102,-5.34707,-8.94771,-1.00313,-12.4996,-16.153,-19.9776
40,902,52,269,125.167,54.9358,-2.20425,7.6827,-9.87836,-12.5185,-11.3488,-9.84373,-7.34824,-14.0071,-8.27383,-10.94,-10.5042,-2.70851,-13.4982,-13.3663,-15.8823,-11.8535,-7.5551,-10.1648,-0.930203,-14.8096,-15.3797,-23.026
41,924,21,261,118.667,54.3871,-1.51985,6.76822,-9.5171,-13.204,-10.6793,-10.7739,-7.94659,-15.9635,-10.1466,-10.8445,-11.6052,-5.68102,-13.5942,-13.1007,-15.0984,-11.9659,-5.3017,-12.3816,-0.526255,-14.6611,-14.7177,-22.4901
42,946,32,232,108.967,49.802,-2.90902,6.06731,-10.9902,-13.7291,-11.2903,-10.6127,-9.50772,-17.465,-9.58689,-10.6001,-15.5561,-3.86388,-14.3389,-13.2631,-15.502,-11.5683,-6.16723,-12.9175,0.90269,-13.9031,-15.9281,-23.8715
43,968,44,311,117.533,56.2198,-3.85079,4.31836,-10.1728,-12.4564,-11.6209,-11.5006,-10.7244,-17.1838,-10.5618,-10.5126,-15.9763,-4.13824,-15.9738,-11.952,-13.3247,-11.3315,-6.78416,-11.8491,0.547945,-13.0284,-14.9773,-23.5587
44,990,26,247,106.133,51.3237,-5.73964,4.20349,-7.8486,-15.4541,-11.9459,-10.8319,-10.0161,-13.856,-11.2274,-9.44725,-17.6938,-5.03367,-13.9147,-10.8759,-14.1848,-11.2886,-7.28513,-8.49393,0.485049,-14.0106,-14.3874,-24.0034
45,1012,48,185,111.8,37.8285,-4.53446,3.45727,-7.44817,-17.0076,-12.4488,-9.73969,-9.02432,-11.7662,-10.9109,-7.70263,-16.947,-5.35801,-15.3078,-11.6171,-12.6257,-13.9812,-7.88578,-7.95582,-1.45487,-14.9473,-11.6105,-23.9194
46,1034,28,306,115.067,58.605,-3.05768,3.38851,-6.29147,-19.5736,-13.9304,-9.48277,-7.54864,-9.10146,-11.7206,-7.87767,-15.6377,-6.33842,-16.1777,-12.8862,-12.0814,-14.157,-7.22619,-9.06693,-1.55254,-12.2974,-15.265,-24.2358
47,1056,34,275,111.4,59.625,-6.10428,3.14304,-8.92372,-18.3343,-12.3505,-9.21967,-6.73603,-8.82775,-14.6261,-9.57422,-15.352,-4.64198,-16.1333,-12.886,-13.3492,-13.0277,-7.68368,-10.2758,-3.76533,-13.7921,-18.4375,-23.7647
48,1078,43,302,123.333,60.7671,-10.526,6.10801,-8.82815,-19.8635,-14.3239,-8.55043,-8.12484,-9.92209,-16.1423,-8.40526,-13.191,-3.20149,-15.4567,-12.1896,-13.2475,-12.8616,-7.76334,-10.1655,-3.70526,-13.3392,-18.267,-22.7274
49,1100,46,398,138.733,84.5246,-10.2247,5.13894,-11.4106,-19.3195,-13.2264,-9.98322,-9.79175,-9.58698,-13.7338,-8.33116,-13.9451,-3.26203,-15.5514,-9.13731,-12.9827,-12.6678,-9.45795,-8.26328,-2.27987,-15.2145,-19.6639,-24.7259
50,1122,42,248,110.933,50.3676,-8.22326,4.87015,-12.9796,-18.2499,-10.8734,-9.19936,-9.6071,-8.98893,-14.3108,-7.40321,-12.2336,-0.406612,-17.5795,-7.45471,-12.429,-12.1082,-10.7307,-7.39769,-1.82824,-13.1658,-19.4732,-25.7418
51,1144,47,327,144.033,64.8662,-6.85761,5.35032,-11.8849,-17.3376,-9.68167,-8.43465,-10.0055,-8.04613,-12.3122,-7.53395,-11.1545,1.38319,-17.5801,-8.10652,-13.4582,-11.4373,-11.0242,-6.55697,-2.59174,-13.1454,-19.8901,-27.453
52,1166,41,251,119.333,61.3758,-6.81568,5.56557,-13.6843,-16.3882,-9.47687,-8.86848,-10.4002,-7.46512,-11.3706,-7.46863,-10.6916,-1.39882,-15.3971,-7.80069,-14.6321,-13.2932,-12.1498,-7.40807,-3.7817,-9.19772,-21.3726,-26.8737
53,1188,16,281,137.767,71.3542,-4.74576,5.95811,-11.4689,-16.7596,-9.96243,-8.34554,-9.8691,-6.75954,-9.84392,-7.75177,-11.3908,0.611927,-13.807,-6.28883,-16.2424,-13.8063,-11.6834,-9.65078,-5.14649,-9.40383,-21.5339,-27.0975
54,1210,33,174,106.367,40.8306,-5.38986,5.40221,-10.1332,-16.3089,-12.2664,-7.57441,-7.63895,-7.18709,-12.801,-6.0555,-13.0396,0.143929,-13.7755,-5.29915,-16.0305,-13.5595,-11.1987,-9.15124,-6.24916,-10.0999,-20.4536,-26.567
55,1232,50,338,133.8,68.14,-2.39374,3.08017,-12.2374,-14.1628,-18.0476,-6.21885,-8.01596,-6.50806,-13.9752,-7.11819,-15.4415,-0.690788,-12.6345,-6.42554,-15.9997,-13.7253,-10.8143,-10.6628,-4.9412,-10.9491,-18.4784,-25.7143
56,1254,37,277,98.6667,51.2124,-3.31536,4.55871,-11.9199,-14.3525,-17.9151,-4.90852,-8.88089,-7.09106,-12.033,-8.30029,-15.2229,-0.498113,-14.4861,-7.45857,-16.4262,-16.0314,-11.1342,-12.8279,-3.87458,-11.3725,-21.7847,-25.7912
57,1276,46,283,133.367,56.7241,-2.56605,5.74058,-12.6458,-13.9735,-17.5076,-5.62338,-9.50841,-9.70928,-11.8643,-9.61147,-15.7905,-2.22657,-14.9499,-8.34049,-16.4973,-17.2641,-12.4115,-13.0743,-6.72885,-11.2822,-18.6971,-28.2863
58,1298,42,304,125.167,67.7638,-4.07224,5.74885,-11.4367,-15.4694,-17.7551,-7.20339,-7.28295,-11.9554,-13.3044,-10.3853,-15.1162,-2.44825,-14.401,-5.77461,-16.7021,-16.8109,-11.1113,-13.4016,-4.69687,-13.2501,-23.3933,-29.3405
59,1320,23,290,125.933,56.3902,-2.91105,6.47941,-14.3223,-19.9508,-18.0041,-7.42641,-11.2644,-11.9332,-12.4213,-14.0145,-17.6378,-3.20489,-13.8594,-6.60644,-15.5514,-17.4323,-12.1595,-12.3737,-5.8072,-13.9696,-26.1524,-27.003
60,1342,28,257,97.3,50.9416,-3.54082,5.61563,-14.7587,-17.7196,-17.1924,-5.70515,-10.1986,-12.7228,-13.6018,-12.5716,-18.5928,-2.1421,-16.2488,-5.01324,-15.8017,-16.8815,-10.6642,-16.4272,-4.92098,-14.6318,-28.3805,-26.6211
61,1364,44,232,101.4,42.2869,-2.66582,4.73896,-16.3263,-18.4132,-17.4882,-4.28597,-12.5547,-13.1267,-14.1546,-11.4211,-16.7613,-2.61011,-13.8571,-8.11984,-15.8023,-18.1985,-11.5186,-17.0819,-6.2024,-11.6653,-26.3171,-24.4732
62,1386,29,181,98.1,46.043,-3.52442,2.01318,-17.5162,-19.3193,-15.7841,-4.30651,-11.6608,-12.7485,-14.3041,-10.1445,-15.183,-2.56801,-14.3473,-11.4839,-14.7762,-17.18,-12.5404,-16.8636,-6.07828,-10.827,-28.5218,-27.7965
63,1408,30,246,121.067,51.2202,-4.14928,1.94733,-18.5021,-17.8962,-14.0855,-3.04017,-11.9244,-12.5265,-15.8542,-10.3681,-14.2452,-2.66535,-18.3593,-10.5527,-14.408,-16.4575,-12.2377,-16.7046,-6.83254,-12.3884,-27.4873,-29.6192
64,1430,37,304,108.033,56.5975,-5.83458,3.14347,-18.8411,-20.1053,-13.4308,-3.36109,-12.665,-13.3063,-19.2976,-9.02076,-9.7996,-3.6981,-14.0262,-9.51056,-15.1006,-16.6083,-12.4476,-19.405,-7.02094,-15.0788,-29.7746,-30.7809
65,1452,38,317,133.567,63.3151,-4.7587,5.02428,-18.5198,-18.1361,-13.2096,-5.80084,-14.6049,-13.6314,-17.4284,-10.6763,-8.72303,-3.45579,-18.3449,-8.01389,-14.1321,-17.1966,-11.1581,-19.3459,-5.43903,-12.4369,-27.7906,-33.9431
66,1474,58,266,133.833,51.1206,-8.70383,4.91288,-19.8349,-19.9283,-9.6448,-3.38784,-14.3439,-14.1867,-12.0608,-10.9293,-7.49461,-4.20555,-18.8883,-8.02408,-13.4909,-16.7007,-11.1547,-21.0697,-6.19422,-13.5399,-27.9427,-34.6041
67,1496,44,310,142.7,72.157,-8.61154,6.00788,-20.3857,-16.643,-11.1173,-2.88972,-15.3562,-13.6902,-8.19977,-11.2844,-8.28621,-5.13723,-19.0461,-5.69414,-14.766,-17.1694,-11.8308,-22.8288,-5.62002,-13.1107,-26.9261,-35.79
68,1518,29,380,154.9,81.0153,-10.9775,6.8964,-20.1746,-18.5226,-10.6322,-4.62676,-14.5422,-10.1917,-12.7575,-9.85758,-10.9072,-7.77639,-19.949,-5.43579,-14.3792,-14.9075,-10.1738,-21.5075,-6.62152,-10.582,-26.6813,-35.5603
69,1540,32,337,128.167,78.5674,-11.4924,5.17831,-18.877,-19.2876,-10.5426,-6.04169,-13.704,-8.58601,-7.28068,-11.9173,-9.77031,-10.1968,-20.9012,-5.09842,-13.7767,-15.8264,-9.64792,-21.5205,-6.68937,-11.7005,-27.383,-35.3703
70,1562,32,372,141,88.9913,-11.5148,4.04071,-19.7331,-18.8179,-9.78206,-10.097,-10.831,-7.26557,-5.20504,-11.2711,-10.0544,-11.7486,-21.5086,-5.59524,-14.4936,-15.1103,-9.01854,-21.1334,-6.87398,-11.7618,-25.7734,-37.2836
71,1584,46,491,139.033,84.9074,-9.06644,3.29707,-22.3588,-18.737,-11.4739,-11.5311,-10.5058,-7.34216,-8.60927,-10.7345,-5.34519,-11.9089,-21.0324,-6.36798,-13.5718,-14.2585,-8.61156,-20.645,-7.22018,-11.7149,-25.2216,-38.1387
72,1606,25,285,158.333,56.9164,-9.35419,2.65203,-19.745,-18.2192,-11.6198,-12.0672,-10.5858,-7.04776,-7.74365,-10.8043,-5.72969,-14.1773,-23.0673,-8.78982,-13.1558,-14.8993,-7.67024,-20.342,-5.63665,-11.9234,-24.2108,-40.2827
73,1628,54,424,176.667,78.3755,-12.631,4.24343,-19.8726,-16.8754,-11.0249,-12.5687,-11.8835,-10.1212,-6.9774,-10.8292,-3.88737,-12.4744,-22.4047,-8.14164,-11.6176,-13.5261,-8.30422,-18.9386,-2.1119,-11.7432,-25.2474,-39.5734
74,1650,79,669,253.333,159.031,-13.98,3.3137,-21.151,-17.2039,-11.9114,-12.9652,-12.1821,-10.7251,-6.52803,-13.2795,-5.6739,-11.2554,-20.0279,-7.43371,-11.0132,-11.4297,-10.2506,-18.044,-1.92457,-15.8983,-25.8753,-40.1963
75,1672,50,446,178.067,102.604,-12.2948,2.34163,-20.5814,-18.7588,-12.0123,-12.0324,-11.4336,-12.2766,-5.80871,-12.8942,-5.90998,-10.4505,-19.0999,-8.22886,-10.9069,-11.1801,-8.67285,-18.7219,-3.61793,-18.3745,-27.3343,-41.3164
76,1694,62,697,210.933,119.443,-12.3336,3.25797,-19.2434,-20.2171,-10.0867,-10.3979,-11.2065,-13.2225,-5.52241,-14.5509,-3.17037,-10.9479,-17.5992,-12.3567,-10.737,-11.7953,-7.50796,-18.1747,-8.15924,-13.3051,-30.2989,-43.3196
77,1716,52,644,208.033,134.998,-13.4946,3.36485,-17.2106,-18.57,-11.2267,-9.99515,-10.6379,-11.9715,-6.12668,-15.3661,-4.3312,-13.5465,-15.5101,-13.4485,-9.84749,-12.3764,-8.62453,-18.0819,-8.34033,-11.3459,-30.4678,-47.1433
78,1738,57,461,159.433,92.8773,-12.3845,6.54823,-18.8904,-19.4559,-11.8604,-10.8341,-10.0979,-11.1247,-7.99233,-17.2065,-5.15005,-17.4062,-16.8535,-14.3324,-11.0574,-12.0712,-7.71349,-16.1609,-7.58289,-8.71949,-29.7116,-45.2736
79,1760,30,1234,327.533,289.211,-11.9317,6.50145,-17.0045,-17.8436,-13.2155,-10.1661,-10.8824,-11.817,-8.9748,-16.9095,-1.83678,-13.041,-17.9812,-14.0556,-11.3796,-12.6381,-6.97946,-17.3385,-4.83311,-9.44284,-29.9756,-46.7472
80,1782,44,831,285.767,203.787,-17.8801,7.23185,-17.8932,-16.5016,-12.7952,-8.45081,-13.4932,-11.4139,-7.17387,-17.2923,-1.97519,-13.6048,-16.6922,-13.3351,-10.8441,-11.4855,-7.89257,-19.4019,-2.03201,-9.29555,-31.8865,-49.6887
81,1804,53,692,284.333,183.582,-14.7261,8.14496,-18.8597,-17.3228,-10.2298,-8.69095,-13.1428,-13.9978,-6.94911,-17.8358,-0.923291,-11.9528,-16.4739,-13.1772,-11.2142,-8.73764,-11.8512,-19.4155,0.415869,-8.17253,-32.5837,-50.6561
82,1826,77,703,239.633,135.396,-12.2195,7.5817,-21.5236,-16.921,-10.5816,-7.72425,-13.5255,-11.8116,-8.69354,-17.2579,-0.658722,-12.9208,-15.967,-13.08,-7.50557,-7.31089,-12.7674,-20.6231,0.38581,-7.3021,-33.3005,-51.1919
83,1848,63,495,201.167,99.4901,-11.9224,9.62439,-16.7101,-16.5961,-10.8541,-7.00187,-13.4557,-11.9435,-7.88623,-15.7942,-0.538305,-13.7146,-16.3346,-15.3512,-8.75194,-4.9576,-13.715,-19.7701,3.4061,-8.08777,-36.741,-53.5071
84,1870,47,455,208.767,124.898,-11.4973,8.37719,-17.4513,-15.7175,-10.6858,-5.50577,-14.1287,-13.5443,-8.33859,-15.3799,0.560796,-15.1904,-14.6516,-17.8712,-10.7622,-6.50396,-9.4766,-21.4551,3.79062,-10.4739,-37.0561,-54.7338
85,1892,62,593,232.1,133.264,-10.113,7.7954,-18.0683,-15.8711,-13.7562,-3.75009,-13.6794,-11.8036,-8.79028,-16.1633,1.49139,-10.5569,-11.5118,-14.2937,-11.9334,-9.19234,-10.639,-21.0104,4.13638,-10.4518,-35.2665,-54.7967
86,1914,66,1057,319.5,243.392,-9.97136,5.88016,-15.6569,-15.8495,-13.733,-4.96236,-14.3886,-12.8397,-8.60309,-18.8899,3.78918,-12.4542,-10.486,-13.2427,-11.8862,-10.1908,-10.622,-21.1848,2.305,-10.1311,-32.8869,-53.4836
87,1936,26,969,272.4,211.771,-9.31905,6.92164,-15.3344,-12.8717,-15.0945,-4.57333,-14.3936,-13.865,-6.26241,-17.5415,4.64801,-9.96786,-10.642,-12.4513,-10.4588,-10.7198,-12.5084,-21.3961,4.00738,-11.8003,-32.0019,-52.4797
88,1958,50,721,291.2,166.518,-12.0385,7.60484,-20.514,-14.1575,-16.6494,-3.33032,-13.9756,-14.126,-7.08581,-16.4239,3.22518,-10.4343,-10.4543,-13.4967,-9.56676,-10.3092,-12.5143,-20.0208,4.06638,-12.1929,-33.2525,-54.0654
89,1980,70,944,364.933,216.165,-13.5388,5.87143,-22.641,-14.6127,-16.9753,-3.95168,-12.2655,-12.5479,-7.86977,-15.4956,2.55121,-10.4119,-11.8063,-13.5807,-9.4351,-11.3564,-12.3043,-19.2782,2.64966,-11.3427,-32.8173,-53.5383
90,2002,38,697,246,170.465,-16.0611,4.06598,-22.166,-15.0112,-16.4302,-4.13138,-12.393,-11.3443,-7.42818,-14.3851,1.67794,-9.6222,-11.6368,-15.8275,-8.28912,-11.8751,-14.178,-18.3602,3.96602,-11.672,-31.777,-54.2167
91,2024,61,899,277.7,178.053,-19.5922,5.69494,-21.8004,-13.7608,-16.0107,-3.63338,-13.265,-9.13451,-7.22897,-15.8674,1.59049,-9.57573,-10.4654,-13.1857,-12.3762,-11.4351,-14.714,-17.6894,1.98032,-10.7417,-32.0451,-55.0792
92,2046,57,1838,306.767,337.673,-18.7789,5.37969,-23.1018,-13.4129,-14.1453,-3.83904,-10.334,-11.2535,-5.83022,-16.3316,1.09311,-9.70761,-12.351,-11.9727,-11.9677,-13.3331,-16.2815,-16.2103,2.71466,-11.2366,-29.089,-55.0054
93,2068,94,780,282.233,201.009,-18.871,4.51922,-21.5106,-14.1528,-14.2361,-5.86128,-8.85701,-10.8236,-5.12295,-18.0753,2.31998,-9.86762,-10.6075,-11.8687,-11.8514,-12.1601,-16.8208,-14.288,1.11029,-12.1386,-29.8258,-54.3419
94,2090,45,784,282.967,152.092,-21.5961,2.47809,-21.0263,-12.5534,-14.4313,-4.85277,-9.58259,-8.82937,-5.03137,-19.6781,2.69337,-10.594,-10.6207,-13.7453,-13.641,-12.1495,-14.8286,-15.2219,2.00042,-12.7911,-30.6839,-56.145
95,2112,94,1073,336.6,219.622,-19.9917,1.44273,-20.0863,-13.1955,-10.3958,-2.02853,-9.94266,-9.95252,-5.15128,-20.1915,4.52382,-9.17785,-8.75059,-14.9731,-13.3335,-12.1647,-12.9207,-15.7432,-1.35634,-12.1887,-28.5142,-55.1267
96,2134,68,1113,380.033,278.701,-17.1814,4.36623,-18.5907,-14.9243,-11.58,-2.10525,-7.82773,-11.3935,-6.8743,-18.9009,3.97012,-8.75969,-7.65661,-13.8298,-11.534,-9.93889,-12.6944,-14.3231,-1.46732,-13.5014,-29.3677,-54.6879
97,2156,80,1029,420.067,243.56,-15.8447,3.26871,-15.9605,-13.3715,-12.2541,-2.40711,-8.06668,-10.9488,-5.11034,-17.7872,3.18351,-8.07185,-8.89918,-14.1519,-14.1152,-9.23492,-10.64,-13.117,-1.54962,-12.2534,-29.8474,-54.5194
98,2178,70,742,299.9,163.771,-13.9599,0.943192,-16.8465,-13.0459,-15.3417,-3.26109,-8.70118,-11.0877,-6.34325,-18.378,1.76143,-10.0974,-10.8605,-11.7231,-15.655,-10.0618,-13.5341,-13.2662,-1.70662,-11.8538,-30.8524,-53.1277
99,2200,83,1044,345.333,234.509,-13.0872,-0.857671,-16.5621,-11.8633,-14.4253,-3.61506,-10.3434,-8.96461,-7.59088,-17.423,1.20963,-10.8272,-8.36763,-13.4195,-17.5171,-10.3093,-13.3947,-13.4217,-5.43083,-12.1536,-30.5617,-53.9744
100,2222,47,937,395.667,260.849,-14.9157,-1.028,-16.0453,-11.9719,-14.5839,-4.78271,-11.077,-6.23635,-8.30508,-19.0574,3.27423,-7.70322,-7.4008,-12.7565,-16.6444,-8.47837,-11.8746,-12.1126,-5.90822,-12.3585,-28.257,-54.1382
101,2244,104,1671,501.467,364.535,-15.7344,1.8856,-15.376,-11.441,-14.7043,-4.38207,-12.4783,-7.26739,-9.85355,-15.7976,2.62498,-9.98785,-4.74905,-11.8595,-17.2968,-6.50768,-12.4588,-11.3104,-6.92591,-12.0336,-28.1819,-54.1516
102,2266,133,2780,674.967,577.626,-12.5977,3.77705,-15.8705,-9.95122,-13.4776,-5.35249,-11.6381,-7.9714,-11.4352,-13.1266,2.50909,-9.993,-6.46308,-13.2977,-15.2245,-9.01241,-12.472,-13.2758,-7.1462,-11.7719,-28.2377,-56.8033
103,2288,57,1904,496,459.872,-10.6307,0.416503,-15.333,-9.57536,-11.4205,-4.39444,-13.5132,-8.57382,-13.088,-10.6087,2.50893,-9.11717,-7.61476,-12.7428,-13.6648,-8.59798,-13.4858,-13.5232,-7.02347,-13.6193,-29.2216,-56.7218
104,2310,51,919,369,247.037,-10.7481,1.69541,-14.9527,-10.4085,-12.2641,-3.08208,-11.3982,-8.43836,-11.5559,-10.4499,3.66971,-10.4085,-8.28626,-12.2134,-14.0475,-9.20931,-13.6941,-11.3806,-7.87093,-13.4682,-29.8745,-55.8467
105,2332,24,1571,382.767,324.775,-14.1062,2.03092,-16.8729,-11.0061,-12.2876,-2.29747,-10.0995,-8.28079,-7.6679,-10.0782,1.60116,-10.6203,-9.18458,-11.7142,-13.9775,-10.5755,-14.6953,-10.8317,-10.0645,-13.448,-30.0249,-57.6694
106,2354,44,1375,382.067,289.298,-15.0915,0.824271,-17.1892,-10.9432,-15.3362,-4.49091,-9.9869,-9.13566,-5.43917,-9.40418,2.17956,-10.9647,-9.65152,-12.8133,-14.6647,-12.0394,-16.1101,-8.94733,-8.49454,-14.7359,-29.7394,-57.1889
107,2376,142,1244,510.067,298.758,-17.0279,4.02966,-16.1818,-9.78627,-14.5134,-2.57926,-9.01525,-10.273,-6.26006,-11.1508,-0.183248,-11.3176,-8.40896,-13.7074,-14.68,-11.1061,-18.2125,-7.76581,-11.7469,-13.2915,-28.8426,-58.1291
108,2398,100,2092,565.233,536.047,-15.1378,6.25059,-14.6079,-9.06584,-13.1063,-1.06213,-8.91356,-11.425,-8.07252,-9.98502,2.04597,-12.4861,-8.63701,-15.0713,-13.693,-10.6626,-18.9942,-7.22528,-12.6195,-12.9942,-30.4012,-59.5743
109,2420,62,2160,524,481.069,-13.8096,4.94783,-16.511,-6.62309,-11.7579,-1.81771,-8.10196,-12.5954,-7.55551,-9.13516,2.07587,-14.0518,-10.5263,-15.9494,-15.1998,-12.983,-16.992,-6.5211,-12.8124,-11.2075,-31.0616,-60.0924
110,2442,73,1513,435.6,370.041,-10.7024,4.90562,-17.1834,-5.51136,-12.0967,-2.44741,-8.7568,-13.1625,-7.75864,-9.92417,1.34025,-13.7276,-13.1917,-15.5822,-16.9223,-13.0503,-17.0602,-7.63356,-11.7179,-10.4975,-31.0644,-60.0466
111,2464,80,1681,368.733,304.803,-13.0265,3.66974,-19.2521,-8.67064,-12.9849,-4.63451,-8.94677,-15.1233,-7.13794,-9.05285,-0.99952,-11.949,-12.8687,-15.4162,-19.2323,-13.5861,-16.5531,-7.26454,-12.7662,-14.0756,-30.8692,-59.4826
112,2486,74,843,352.067,243.829,-13.4262,3.95001,-18.8506,-7.84984,-12.4915,-3.56581,-9.96552,-16.1383,-8.31909,-11.2154,0.814834,-11.9607,-17.3423,-13.5064,-18.7173,-14.0561,-15.2393,-8.92164,-11.3561,-14.5376,-30.7265,-60.0974
113,2508,60,891,349.733,215.807,-10.4671,5.10045,-19.4719,-7.37494,-13.2541,-5.03968,-9.27478,-14.2959,-6.63827,-9.2556,2.33938,-10.7039,-17.7657,-15.2881,-20.0166,-12.7141,-13.3329,-6.73859,-8.11576,-14.3174,-28.9646,-59.9984
114,2530,63,900,427.2,250.215,-10.2054,5.76949,-21.1631,-7.68656,-13.1698,-2.20627,-8.81722,-12.5158,-7.69856,-6.8309,0.838858,-11.6454,-16.4949,-14.1928,-19.0796,-13.6217,-14.361,-8.83769,-10.2234,-14.533,-25.9272,-59.4397
115,2552,41,1312,463.4,332.285,-9.46493,6.2335,-21.2048,-7.84098,-12.9672,-2.44528,-10.0528,-10.3683,-9.78325,-6.65262,1.99216,-12.1693,-15.9402,-15.9981,-18.2557,-13.4583,-14.492,-8.17621,-10.2897,-14.8656,-26.5447,-58.9413
116,2574,38,2033,527.933,461.435,-11.2099,4.92781,-19.5035,-9.50579,-12.0386,-2.90998,-8.46923,-10.1319,-11.786,-5.57302,1.49853,-12.8507,-13.5588,-15.4188,-19.7864,-16.3605,-13.5997,-10.7902,-11.8189,-14.2444,-25.9634,-61.6323
117,2596,101,4220,837.867,860.214,-11.2786,5.83285,-19.1903,-8.68251,-13.7563,-3.83158,-8.04774,-12.2572,-12.405,-6.72185,2.30027,-12.7848,-13.281,-13.9324,-18.3692,-17.3642,-11.6948,-10.9276,-13.4388,-13.7523,-25.643,-65.4264
118,2618,130,4593,1000.7,1019.98,-11.0172,6.25253,-20.244,-8.34844,-15.0859,-3.51147,-6.8786,-15.2054,-11.6659,-6.4716,3.40026,-12.9724,-9.48394,-16.2351,-17.8209,-16.8773,-11.7699,-11.0756,-13.0193,-15.381,-24.1695,-66.8398
119,2640,118,1416,523.2,393.567,-11.6254,4.74331,-18.4933,-8.80677,-14.692,-3.26146,-9.99587,-13.8698,-11.3595,-6.60905,5.09473,-12.9741,-11.3603,-16.088,-18.7266,-15.7539,-11.6718,-13.8094,-13.2303,-14.8905,-23.9114,-64.4002
120,2662,98,1756,670.7,420.453,-15.9316,3.84019,-18.504,-8.65385,-15.7862,-1.77383,-11.271,-13.4037,-11.6994,-7.95777,5.79044,-12.5482,-14.4536,-18.1154,-17.2002,-16.7716,-10.2243,-12.2739,-13.8638,-15.6407,-26.7482,-66.7262
121,2684,142,2529,656.733,502.135,-12.1958,3.61951,-18.5044,-10.7469,-15.9979,-1.86588,-10.825,-11.7458,-13.167,-6.01414,1.39517,-12.0635,-12.5291,-17.8953,-17.57,-14.0197,-8.87106,-12.0731,-14.6579,-15.7893,-24.8615,-66.2332
122,2706,46,4429,966.067,885.449,-12.8145,3.99354,-16.9646,-10.385,-15.0834,-2.69285,-11.7127,-8.77429,-14.0434,-9.02595,1.80733,-12.544,-12.3366,-20.0481,-17.5192,-18.2783,-10.1398,-13.1974,-14.6275,-14.0623,-22.9661,-68.7168
123,2728,63,3134,725.367,631.587,-14.234,4.69154,-17.6699,-8.66348,-15.7127,-2.02819,-13.4436,-9.67193,-14.0235,-10.1,-1.11307,-13.5216,-10.9478,-23.1827,-19.2426,-19.6827,-11.9091,-14.2763,-15.256,-15.4312,-24.2928,-69.0016
124,2750,153,3969,1011.33,1025.83,-13.8939,5.36361,-16.9794,-10.4101,-17.2374,-2.15949,-11.7275,-10.6999,-12.0528,-10.7767,-1.4374,-13.1406,-9.90154,-22.6462,-18.1537,-19.3062,-14.5125,-13.9446,-15.3716,-15.5371,-18.221,-68.2256
125,2772,208,4406,1309.97,932.456,-13.5746,5.649,-17.6947,-12.3773,-15.8635,-2.93777,-10.9358,-12.1218,-12.4015,-10.7777,-0.720957,-13.7861,-10.1638,-22.3722,-17.8118,-17.194,-14.934,-12.772,-15.6834,-16.8474,-19.7025,-68.9202
126,2794,77,4124,1235.33,1014.06,-16.1455,5.81116,-17.7074,-12.6704,-15.855,-3.46295,-10.7885,-11.7055,-11.1836,-9.33243,-0.377834,-13.8262,-10.5046,-22.4442,-18.5404,-17.8565,-14.8628,-11.1229,-13.0381,-18.0458,-19.5969,-67.9169
127,2816,142,5455,1168.5,1205.12,-18.1086,7.3084,-17.7137,-14.7195,-17.0104,-5.13271,-10.7314,-11.5785,-13.1674,-8.28635,-0.273343,-14.6354,-9.1964,-19.6652,-15.3587,-15.7814,-13.909,-10.1351,-12.5913,-14.6661,-20.0321,-67.5785
128,2838,192,3999,1394.6,978.677,-20.6856,4.43339,-18.2452,-14.9306,-16.6128,-5.08318,-9.70829,-12.8323,-13.8048,-10.5471,0.219346,-13.0486,-9.36081,-17.8999,-15.5749,-15.9304,-12.6379,-11.5185,-11.9115,-12.1763,-19.8401,-67.6671
129,2860,20,6849,1171.87,1572.19,-12.2295,1.66103,-19.1042,-11.3268,-16.1253,-9.886,-11.6347,-13.5492,-14.1026,-10.8198,0.010553,-14.9287,-8.17827,-17.667,-15.5729,-15.4436,-12.5385,-11.0703,-10.7902,-9.70956,-19.4013,-66.606
130,2882,86,7225,1591.13,1613.81,-14.4555,2.65232,-16.7951,-8.83762,-16.0834,-7.26122,-10.0432,-11.6258,-16.0828,-11.3561,1.07415,-18.5947,-7.78026,-16.9681,-15.4735,-16.4025,-12.391,-10.6646,-9.56604,-11.3279,-18.6935,-67.6576
131,2904,254,8844,2274.2,1983.97,-14.6359,4.23403,-16.5786,-6.38511,-16.5344,-7.58266,-11.6927,-11.592,-15.8827,-11.6828,0.339846,-19.1559,-7.75599,-16.5157,-16.746,-16.5516,-12.8685,-12.5134,-10.0262,-11.5882,-18.9353,-67.0362
132,2926,35,5602,1177.37,1325.17,-12.8984,1.74735,-17.2056,-5.70229,-16.73,-4.52559,-10.6132,-9.62661,-15.799,-13.0469,0.57467,-18.5125,-8.34799,-16.8614,-16.1569,-16.1954,-10.4593,-11.8149,-11.0773,-11.38,-19.2305,-67.3689
133,2948,129,3480,1130,947.578,-16.4278,0.232912,-16.2135,-6.86174,-15.5723,-2.73589,-10.9471,-10.717,-19.5967,-13.5478,1.2446,-17.7376,-4.43665,-15.9169,-13.8121,-14.4645,-8.10625,-10.8909,-13.6378,-11.2063,-20.5732,-66.6302
134,2970,130,2682,765.333,701.747,-12.9677,-0.523112,-14.681,-5.45546,-15.2487,-4.33131,-11.4505,-11.5775,-15.3034,-14.3139,2.06795,-19.4634,-4.90188,-16.5139,-15.3994,-15.6314,-9.84912,-8.90444,-15.3325,-12.2426,-22.8092,-66.9396
135,2992,119,2752,966.467,768.262,-12.7986,-1.26297,-15.2168,-7.28174,-10.2945,-4.81029,-12.9237,-9.88454,-18.0634,-13.851,2.49743,-18.9287,-3.91882,-18.263,-16.3887,-16.3504,-10.2235,-11.399,-16.8091,-11.6073,-22.3888,-66.659
136,3014,128,2174,733.767,607.758,-11.0148,-1.50271,-15.843,-6.6456,-10.1127,-4.14039,-14.6538,-9.52099,-19.8936,-15.3438,2.30335,-19.4958,-4.75238,-19.5696,-13.4537,-16.578,-11.0995,-13.3443,-16.3347,-11.9218,-23.0938,-66.7676
137,3036,102,3066,934.833,836.319,-13.121,-0.203898,-11.8839,-7.1671,-11.6598,-7.05816,-14.5867,-9.74761,-18.4182,-13.9131,0.789777,-19.3949,-6.32159,-20.7663,-13.0639,-15.0244,-11.6994,-13.4036,-14.7139,-10.7146,-20.9911,-68.0892
138,3058,234,4633,1449.6,1250.27,-13.1806,-2.14377,-11.354,-8.19347,-15.0423,-10.4843,-12.3715,-10.268,-19.5481,-13.8265,2.05322,-19.4203,-5.79115,-19.0223,-13.855,-16.747,-12.0649,-16.0248,-14.535,-9.64006,-18.508,-68.3791
139,3080,130,3021,1240.23,837.125,-14.1608,-1.90485,-14.4737,-9.82248,-14.6478,-11.276,-12.6601,-11.2625,-19.5599,-13.7894,2.70989,-19.4035,-8.06697,-19.5899,-12.8805,-17.0793,-12.5203,-15.0796,-14.9537,-9.58694,-14.7013,-68.8889
140,3102,40,8917,1808.17,2161.62,-14.4396,0.120078,-14.7477,-8.23699,-15.8515,-9.95545,-12.9368,-11.5529,-20.1721,-12.4261,1.29634,-19.7779,-10.2281,-18.3914,-12.3168,-16.8959,-15.1039,-14.7102,-14.8919,-9.20134,-15.0543,-70.034
141,3124,165,10627,1894.27,2220.14,-13.9696,-0.955117,-16.3308,-8.47071,-14.1404,-10.5947,-12.8097,-12.93,-20.9487,-10.6606,-0.184891,-20.1365,-9.55581,-16.674,-10.4492,-15.7857,-16.0692,-15.1211,-14.4143,-8.30849,-14.3186,-71.2122
142,3146,33,6420,1617.07,1386.85,-14.2504,0.0591033,-17.0629,-6.67484,-12.2628,-10.0919,-12.3403,-12.752,-19.8409,-11.6276,-0.365182,-19.0545,-10.1741,-18.6819,-9.24829,-17.8223,-16.5205,-15.627,-16.1421,-7.72852,-11.6178,-69.3942
143,3168,82,5103,1564.5,1314.25,-16.9237,2.20213,-15.9669,-10.1876,-12.5578,-10.0131,-13.4059,-12.3165,-21.0028,-11.6388,-1.71383,-19.509,-11.3881,-16.5302,-11.8507,-20.1423,-15.727,-13.4753,-14.5094,-9.82497,-12.6043,-68.2488
144,3190,236,7059,1944.63,1594.59,-17.9401,-0.196541,-18.424,-10.6492,-13.5046,-10.4946,-12.7163,-12.1256,-18.023,-11.6794,-3.02173,-18.9853,-11.5804,-19.4686,-14.3012,-19.3876,-16.0591,-12.1393,-15.423,-10.0369,-10.1321,-68.1846
145,3212,110,6910,1550.03,1595.24,-19.3685,-0.11478,-18.5033,-10.3204,-14.2367,-8.66288,-13.0449,-12.5927,-17.1047,-9.70531,-4.47209,-20.2766,-11.7297,-18.6117,-13.443,-18.6548,-16.1576,-10.5954,-16.5189,-11.6377,-11.3427,-67.6323
146,3234,133,8229,2343.8,2127.53,-19.7723,-0.240185,-18.205,-12.0726,-12.5032,-7.80046,-13.087,-14.1918,-17.552,-10.5221,-3.57595,-19.8352,-9.80941,-18.9023,-11.7004,-20.4698,-16.1647,-11.3613,-15.6606,-13.9679,-6.50813,-69.4385
147,3256,185,7561,1867.67,1963.83,-17.9016,-0.639407,-19.007,-12.6615,-15.8666,-7.90825,-11.8274,-11.5447,-19.0721,-13.751,-3.40631,-20.3158,-11.3292,-22.0211,-10.4826,-18.851,-15.4732,-11.2301,-14.5811,-14.2061,-6.1087,-69.5953
148,3278,84,7194,2565.27,2132.99,-17.467,-1.39602,-18.1479,-10.698,-17.1463,-8.33676,-12.883,-10.5452,-17.5737,-14.5408,-4.4897,-19.0867,-12.9269,-20.1185,-11.0416,-19.2786,-16.3357,-12.5278,-15.3894,-14.5042,-3.95615,-70.5682
149,3300,88,11237,3061.13,2615.11,-18.1369,-1.52332,-17.4678,-10.3471,-18.2002,-7.5291,-13.2889,-12.2259,-15.6921,-14.3719,-2.68324,-18.6623,-12.8789,-15.199,-11.8519,-16.1461,-16.389,-12.7062,-15.9862,-14.7181,-5.28969,-71.3466
150,3322,316,10755,2525.83,2248.27,-18.2773,-3.33589,-17.6495,-9.65927,-17.3658,-6.03049,-13.9547,-12.0747,-17.2475,-15.9699,-1.36045,-17.4398,-12.2699,-16.2052,-10.1175,-17.5362,-15.23,-12.9133,-16.8318,-15.8868,-7.3178,-68.5272
151,3344,25,15149,2416.67,3431.62,-18.3725,-3.61543,-17.3417,-6.55752,-18.6917,-5.10521,-13.9176,-11.5483,-17.1517,-15.034,-0.899342,-17.8586,-12.5654,-17.5076,-13.547,-20.6444,-13.4294,-13,-14.3302,-15.0915,-7.52687,-68.8944
152,3366,66,9513,2042.43,2212.83,-18.9529,-4.34767,-18.8914,-8.04158,-17.7631,-4.51244,-13.0747,-10.9665,-17.2156,-14.7154,-2.88228,-17.2727,-12.8886,-20.0304,-14.4007,-20.0455,-15.0389,-12.862,-14.2226,-14.0889,-5.85471,-66.821
153,3388,112,4421,1281.73,1124.81,-18.8828,-3.52208,-15.8316,-10.2268,-18.5424,-5.07044,-13.3477,-9.42713,-17.1751,-12.4198,-2.99919,-17.8797,-11.7617,-26.5114,-15.2057,-18.854,-18.6512,-13.6051,-15.0301,-12.5382,-7.70007,-64.3789
154,3410,169,5330,1402.5,1126.9,-21.0166,-5.16945,-14.8667,-10.7984,-18.524,-6.97656,-15.0391,-9.59665,-19.8519,-11.1329,-4.73969,-18.2941,-11.3923,-24.6767,-14.5346,-17.7421,-19.346,-12.0226,-16.4031,-11.9897,-6.45223,-67.5337
155,3432,178,5081,1902.93,1475.63,-21.2106,-4.41542,-15.916,-12.1544,-16.3101,-6.01615,-14.2518,-9.65451,-19.23,-12.2983,-3.34906,-16.4425,-11.1128,-21.1179,-15.8331,-18.1313,-18.6202,-13.5118,-16.4376,-12.3584,-6.27114,-68.0628
156,3454,474,4914,2411.07,1462.34,-20.6811,-5.59658,-15.4195,-11.5555,-16.1705,-6.47495,-15.1873,-11.5675,-17.8665,-12.0427,-3.23892,-13.4833,-11.91,-20.1995,-17.3795,-17.6636,-20.6384,-13.5655,-16.0353,-14.4923,-5.27945,-70.0014
157,3476,93,6732,2275.53,1653.73,-22.4993,-6.9707,-18.5805,-13.4378,-14.7067,-8.98437,-15.3912,-11.1815,-13.6999,-13.2089,-4.66863,-13.1814,-11.8124,-20.4943,-17.0781,-16.8824,-20.9924,-14.5409,-16.5567,-15.0136,-3.37576,-74.1296
158,3498,79,10086,2719.57,2234.86,-24.9445,-7.67559,-18.4455,-11.6668,-13.9246,-9.94724,-13.2997,-10.7445,-13.7065,-15.9082,-5.5517,-14.375,-13.325,-19.4496,-16.1594,-18.5855,-21.2356,-14.3797,-15.5943,-14.47,-3.56528,-75.4422
159,3520,296,6732,1962.27,1550.11,-26.088,-6.61037,-18.0388,-9.32022,-14.5858,-9.63821,-13.6962,-8.30002,-12.9733,-16.1429,-4.81146,-15.2744,-12.4638,-20.5763,-16.2077,-17.4959,-21.8419,-13.6885,-15.6893,-13.9012,-1.66409,-73.6073
160,3542,97,4957,1886.93,1531.25,-28.7758,-7.41542,-18.9785,-8.39865,-15.0057,-10.4916,-13.9801,-7.52076,-12.4441,-15.1206,-3.48869,-14.7763,-12.7674,-21.3996,-16.0048,-19.8822,-22.0269,-14.4971,-16.0162,-16.3342,-5.50371,-76.6498
161,3564,275,6312,2279.33,1803.96,-27.751,-7.01516,-17.1875,-5.06974,-17.1171,-9.16351,-15.5567,-5.34112,-12.3264,-13.8379,-3.53583,-16.2987,-10.4719,-21.0859,-15.7626,-20.2436,-20.7512,-15.0961,-15.546,-16.5093,-5.71529,-78.877
162,3586,68,12627,3033.73,2874.68,-28.008,-6.00003,-15.919,-4.53726,-17.5581,-8.63263,-16.2197,-4.79591,-13.304,-13.6966,-1.72734,-18.7638,-9.62958,-20.651,-15.8295,-20.0219,-22.1677,-14.6586,-16.362,-17.0826,-6.79368,-79.384
163,3608,76,7923,2714.4,2274.3,-25.4952,-6.20597,-13.5621,-3.25203,-16.5441,-7.54714,-17.8142,-6.62531,-12.816,-14.7691,-2.77759,-19.4214,-8.2571,-21.0126,-16.6037,-21.8233,-19.1603,-14.2245,-15.7246,-17.4553,-8.41654,-81.8784
164,3630,219,8932,2581.9,2282.92,-24.4668,-4.63676,-15.7136,-2.23431,-16.5119,-7.8491,-19.3019,-7.97342,-12.6021,-16.0119,0.110641,-21.4187,-6.24324,-21.3982,-15.5554,-22.9957,-17.381,-14.2968,-17.6834,-16.5154,-8.25926,-81.2704
165,3652,211,12696,3482.17,3078.03,-24.1654,-2.36403,-16.0875,-3.90868,-17.4534,-7.60525,-21.3376,-8.47545,-11.1174,-16.8795,3.8284,-21.4255,-6.62171,-22.0435,-13.1004,-22.9541,-16.5274,-14.2097,-16.9463,-16.5396,-5.96841,-81.4246
166,3674,125,11015,2679.03,2412.86,-22.5556,-3.89942,-15.729,-2.96276,-17.2375,-7.58232,-20.1285,-8.28214,-10.8383,-17.9915,3.54631,-21.0853,-6.61865,-21.7392,-14.3636,-27.5809,-17.8183,-16.2811,-13.4461,-18.2507,-5.39556,-82.702
167,3696,96,3229,1262,942.582,-21.1659,-4.55874,-17.7119,-4.059,-16.7162,-7.38082,-19.5913,-8.6121,-9.75469,-18.3856,5.61304,-20.9391,-6.13562,-22.0821,-14.5637,-29.3249,-20.2958,-16.0523,-12.4069,-16.4259,-4.53631,-82.3891
168,3718,329,3015,1381.27,828.251,-21.7659,-7.08291,-17.4805,-4.59057,-17.0452,-8.11969,-20.6902,-9.94593,-6.71645,-19.2474,4.14265,-21.5797,-7.37425,-21.8743,-14.4321,-27.3061,-19.0251,-15.4538,-9.33259,-14.966,-5.34299,-83.2047
169,3740,73,9838,2639.2,2525.51,-21.9573,-4.14663,-15.1964,-3.03545,-17.0666,-8.93519,-18.8108,-8.98094,-6.10463,-19.6699,4.29457,-21.1068,-6.79176,-22.0352,-16.5471,-25.1518,-17.0892,-15.5535,-9.85248,-12.9922,-7.18909,-86.2024
170,3762,119,5478,1874.23,1545.25,-24.2682,-4.83914,-15.6218,-4.44096,-16.7236,-8.91048,-19.1211,-8.28282,-6.19054,-20.3572,4.19901,-21.4059,-6.23934,-22.4707,-13.4584,-24.7221,-16.7176,-15.6363,-11.6615,-13.8545,-9.55691,-86.7354
171,3784,204,16063,4567.03,3927.78,-24.5287,-4.38302,-14.9881,-5.37434,-16.7271,-9.94567,-17.6483,-8.33233,-7.78201,-20.3916,3.56237,-20.5544,-6.61718,-21.729,-13.5538,-25.2752,-16.683,-15.2619,-12.8203,-15.6644,-10.3864,-89.0708
172,3806,272,11383,3618.2,3173.62,-23.7098,-6.06045,-17.3935,-8.05123,-14.68,-11.0534,-17.8991,-9.97148,-7.43065,-21.3863,1.53564,-21.3389,-8.15891,-21.1487,-14.1039,-26.4734,-19.9701,-16.4349,-11.8767,-13.4962,-9.89866,-87.4891
173,3828,35,11924,4705.2,3590.61,-21.1367,-4.40471,-15.8588,-5.91284,-15.2447,-9.62437,-15.708,-10.9655,-5.03981,-20.6494,3.21787,-22.2543,-8.48161,-19.3458,-13.5827,-24.4138,-19.1756,-15.7054,-12.7648,-15.0243,-9.76507,-85.9381
174,3850,150,7809,3128.03,2218.52,-20.2209,-5.60345,-15.4809,-1.76554,-16.0437,-10.2072,-16.8446,-7.75269,-3.56284,-20.4606,2.16716,-24.441,-7.33394,-17.1884,-13.5564,-26.0497,-19.5132,-16.2027,-11.5923,-14.6044,-11.1747,-85.6445
175,3872,455,21295,3369.87,4062.36,-17.6549,-4.66539,-14.0072,-2.41276,-15.4942,-7.04301,-15.7666,-5.50635,-6.75563,-21.6274,1.81274,-24.9954,-8.18315,-17.3539,-12.8242,-24.8647,-19.3296,-15.8962,-12.5702,-14.9262,-8.87806,-86.7402
176,3894,92,11523,2239.8,2409.77,-14.9233,-7.59525,-15.4651,-2.75462,-13.7856,-7.68385,-15.8253,-4.29127,-9.66865,-19.7069,2.57278,-21.1588,-7.5447,-17.8478,-11.3498,-26.5584,-17.4046,-16.5519,-7.54921,-15.2509,-11.2736,-87.0838
177,3916,349,9430,2330.57,1917.53,-13.5793,-6.87234,-13.6233,-2.20631,-12.8243,-7.50205,-15.2126,-4.05424,-10.2375,-17.2384,2.35877,-22.4917,-9.87054,-18.1803,-12.151,-23.4773,-18.138,-19.5111,-5.78055,-14.9305,-14.0153,-88.9233
178,3938,167,10383,2442.1,2255.3,-13.1693,-4.62331,-16.0028,-3.00881,-15.7411,-7.11056,-17.1309,-5.23544,-10.2164,-17.3755,2.05421,-24.7581,-10.0397,-17.1501,-11.4368,-22.0476,-17.446,-19.8782,-4.20024,-14.8128,-13.5192,-90.9585
179,3960,111,7450,2444.77,1903.46,-10.6948,-4.3299,-16.5759,1.61315,-15.9508,-7.90109,-16.3326,-3.44871,-10.8698,-18.9163,2.29668,-24.4327,-12.0596,-17.4778,-13.2279,-23.1161,-17.7592,-19.4064,-4.88346,-13.8165,-11.6624,-92.4605
180,3982,252,11042,3308.97,2892.33,-11.5091,-1.29807,-16.9042,2.43161,-16.7941,-7.39092,-15.3167,-0.752868,-9.17134,-18.1573,1.19863,-26.1221,-13.0074,-18.9465,-14.9566,-22.827,-17.0233,-20.6471,-5.28812,-13.4215,-12.7425,-93.6916
181,4004,141,21181,4427.9,4916.43,-12.2252,-0.803961,-17.9953,3.5953,-17.3583,-7.3226,-15.4056,-2.52214,-9.42474,-20.6176,2.0883,-22.7858,-12.1777,-21.0901,-15.4895,-23.0754,-17.9037,-22.6768,-8.42666,-14.6179,-12.9877,-93.9418
182,4026,141,13745,2475.33,3122.48,-15.2748,-0.95442,-20.0206,2.87297,-18.4888,-8.07315,-14.1033,-1.44713,-6.881,-20.1685,-0.416271,-24.4415,-12.9271,-23.1588,-17.8499,-21.8435,-17.3232,-21.8659,-9.97602,-15.4771,-13.2525,-94.7322
183,4048,63,6611,1833.5,1822.93,-13.669,0.62969,-22.5022,4.37795,-18.8991,-7.93341,-17.2215,-0.196338,-8.8095,-18.6831,-0.157581,-23.0473,-10.7707,-23.8355,-18.1956,-21.488,-18.529,-21.7987,-10.8327,-14.4491,-13.2341,-95.685
184,4070,116,29787,5420.97,6195.53,-12.8975,2.2352,-16.8592,2.28886,-18.8535,-7.41175,-18.8112,0.455189,-8.93592,-14.6638,3.01653,-23.5668,-8.502,-24.6001,-19.7136,-22.9483,-21.2924,-23.2833,-9.86513,-14.7611,-11.3152,-95.5279
185,4092,119,12960,2876.5,2677.01,-11.4078,-1.86424,-17.2151,3.82874,-18.9956,-6.40069,-20.2451,0.849026,-9.59054,-14.6335,4.52357,-21.6273,-11.152,-24.9722,-18.8328,-23.6143,-19.2941,-21.191,-11.2456,-14.8848,-12.8362,-96.4426
186,4114,207,13341,3754.57,3334.96,-10.5475,-3.33385,-16.22,5.72316,-19.1038,-7.6476,-20.9417,0.731426,-10.988,-13.9191,4.38892,-21.558,-8.54108,-28.6292,-18.1856,-22.7537,-19.4305,-21.4791,-11.0939,-15.4798,-12.9651,-95.6477
187,4136,155,7692,1574.83,1514.03,-10.2489,-5.42878,-15.8573,5.06833,-18.2027,-5.80193,-24.7823,3.05138,-12.3651,-13.2713,5.67774,-20.09,-9.96965,-28.5338,-16.6973,-23.2662,-19.689,-19.9768,-10.0041,-16.2299,-13.0251,-95.9203
188,4158,442,5930,2101.7,1510.24,-10.5072,-6.33696,-14.5324,5.00756,-17.9975,-4.53957,-22.818,4.45699,-13.2194,-13.4446,3.73612,-21.039,-10.8905,-30.6016,-16.3573,-24.0708,-18.1839,-19.3896,-11.1241,-18.3958,-13.4691,-96.6463
189,4180,97,5182,1582.87,1286.77,-10.5779,-7.26128,-14.6995,5.02041,-15.6691,-4.52718,-20.6849,3.86348,-14.4152,-13.1416,3.20847,-22.4181,-10.3796,-29.5641,-16.5333,-26.0885,-19.4445,-18.6122,-11.3044,-18.0182,-12.6981,-98.0553
190,4202,137,7950,2222.67,1719.2,-12.3208,-7.30652,-17.0586,3.70891,-14.5491,-3.85641,-18.756,2.75843,-12.8668,-16.7576,2.43441,-22.3055,-10.1055,-29.0979,-14.5769,-25.7069,-18.3621,-20.8836,-9.59215,-20.4196,-11.7233,-98.5759
191,4224,110,6040,2638.2,2022.56,-14.2643,-7.84927,-16.0923,4.29509,-14.9543,-6.55576,-18.0846,2.41552,-13.6541,-17.9451,2.65136,-22.4835,-11.7595,-28.9104,-16.0051,-27.538,-15.5174,-20.027,-9.79454,-19.7636,-8.66105,-97.6063
192,4246,147,10022,1417.57,1849.15,-14.3252,-7.77,-16.9562,4.61303,-15.4462,-7.62385,-17.9806,3.42846,-12.7503,-17.5936,2.96674,-22.6816,-12.4582,-27.5938,-17.3941,-26.8264,-14.1797,-19.8803,-10.8474,-18.2081,-8.21868,-95.558
193,4268,110,7314,2059.87,1923.93,-13.8912,-7.39153,-16.3156,4.09787,-14.684,-6.90164,-17.4138,2.88873,-14.6209,-18.5861,4.0811,-23.2678,-12.5781,-29.6784,-17.4467,-26.8841,-13.5164,-21.6811,-9.67347,-18.8878,-10.3035,-96.3244
194,4290,73,9717,2937.03,2510.41,-14.1143,-5.37191,-13.8959,2.31814,-13.8588,-6.72947,-14.2776,4.17202,-12.7724,-17.4413,4.19537,-23.0259,-11.9672,-29.3734,-19.1925,-22.3338,-16.9302,-20.2725,-9.69464,-17.1438,-9.11305,-97.8063
195,4312,110,12252,2971.23,3348.23,-15.1869,-4.71742,-12.1138,1.18351,-12.8395,-6.69157,-9.93661,4.12355,-12.321,-18.2744,3.53094,-22.4707,-10.8468,-27.0203,-18.2599,-24.0896,-19.6692,-18.5558,-10.5719,-17.4417,-10.6498,-98.7072
196,4334,43,15822,3567.47,3561.85,-16.685,-3.3355,-11.1351,0.745442,-13.6393,-6.32168,-8.43561,5.3219,-13.1955,-18.4523,2.77676,-21.9426,-11.6886,-27.5271,-18.795,-19.3833,-17.2274,-18.4115,-9.54186,-17.6327,-9.09976,-100.663
197,4356,190,17469,4914.97,5615.27,-22.0789,-0.583279,-13.7559,0.550508,-13.8761,-6.35145,-8.77514,6.69437,-12.6899,-19.0623,2.52511,-21.3269,-11.1913,-26.9877,-19.4538,-16.457,-17.8426,-20.6965,-12.4581,-19.3526,-9.88177,-100.367
198,4378,69,23783,7625.3,6304.9,-19.7867,-1.20203,-11.4395,1.61433,-14.7937,-8.72136,-8.88897,5.75904,-11.6694,-18.3724,4.66783,-21.1939,-10.7875,-28.3375,-18.5892,-15.1761,-17.8243,-22.0619,-14.7759,-19.8293,-8.24996,-100.996
199,4400,298,37125,6974.73,7156.06,-19.6484,-1.03587,-10.6193,-0.160898,-14.726,-8.62297,-8.16061,1.99851,-13.5664,-17.5717,3.65535,-21.1839,-11.3491,-28.5586,-20.1316,-19.9093,-19.1118,-26.0174,-14.7173,-20.9132,-7.82094,-100.965
200,4422,396,35376,7560.67,7843.71,-16.8628,0.122229,-11.5419,-0.218045,-14.4051,-8.74243,-11.0565,2.18264,-12.7824,-17.3041,5.27429,-21.2472,-10.7149,-28.752,-18.8065,-20.3672,-19.7429,-25.1664,-16.13,-20.6216,-8.00279,-100.382
201,4444,412,30328,8623.7,8414.12,-19.4374,-0.17638,-11.2847,-0.0527618,-15.3012,-9.07208,-9.86435,5.17771,-12.2695,-17.1564,4.45133,-20.2429,-10.182,-31.0775,-19.0454,-20.1631,-22.9806,-21.1699,-15.8895,-23.483,-9.45057,-101.662
202,4466,256,25406,5525.33,6484.78,-15.6945,-1.67895,-12.1997,0.68596,-16.049,-8.66112,-10.0185,8.53562,-11.8671,-18.2972,4.35997,-19.0093,-9.58877,-31.4028,-18.6213,-22.2127,-22.474,-22.5579,-16.6851,-24.6099,-8.08104,-102.03
203,4488,341,34888,8482.9,7801.39,-18.7508,1.71461,-12.2228,1.67543,-16.7015,-8.27766,-7.55819,10.9058,-11.6787,-17.7507,3.92859,-19.9578,-9.47625,-31.2312,-17.1166,-23.0188,-20.2712,-24.0092,-18.7953,-20.4871,-6.60996,-103.051
204,4510,508,34035,8674.27,7044.25,-18.7159,2.72684,-13.3706,1.23824,-15.9933,-9.99854,-4.59372,11.8754,-13.4398,-13.8397,5.56152,-19.8528,-10.5388,-29.557,-15.7927,-22.221,-18.2259,-22.895,-19.3072,-21.2136,-7.06139,-104.996
205,4532,504,36772,9848.6,9130.4,-20.5464,4.37887,-11.5951,2.13672,-15.1646,-10.8492,-6.37975,14.3899,-13.7413,-10.6042,6.63088,-20.7191,-9.16985,-30.2169,-15.2901,-20.1559,-20.0665,-25.4547,-16.9678,-21.4667,-8.23062,-105.053
206,4554,222,37046,10378.8,10197.4,-19.3256,5.41912,-12.6104,1.47641,-15.7833,-11.5733,-7.27857,13.4736,-14.1572,-12.6507,8.15412,-21.1207,-10.2353,-29.0214,-14.2805,-20.4709,-19.2322,-26.4168,-16.3815,-22.5422,-8.69304,-104.036
207,4576,758,45438,16071.4,12638.7,-15.7206,9.05191,-11.5303,1.08888,-15.7075,-10.2615,-6.53125,9.63123,-11.4334,-15.5582,7.65088,-22.5156,-8.31793,-25.693,-14.7287,-21.5873,-19.066,-26.6665,-16.8982,-21.2709,-9.93757,-103.092
208,4598,404,45500,11840.7,10566,-15.284,8.48823,-12.0699,0.432947,-18.0122,-10.5351,-7.87544,8.69754,-11.4778,-17.9629,7.2371,-19.6461,-8.83896,-24.7099,-13.575,-19.5136,-19.0751,-25.9954,-17.1111,-22.8559,-10.6166,-101.677
209,4620,293,50787,8906.03,12227.6,-16.2186,8.18501,-13.1036,1.05733,-19.5982,-10.0336,-5.2737,8.67155,-11.6507,-16.8885,7.26265,-17.4768,-8.72239,-24.5447,-11.4828,-21.0133,-21.2124,-26.2392,-15.3302,-22.7357,-10.6269,-103.512
210,4642,449,24555,6752.93,6194.11,-16.8615,7.97516,-11.2282,1.71807,-21.3914,-8.25211,-3.15854,7.1271,-11.3708,-18.5942,6.78198,-17.9759,-8.81646,-24.9387,-12.3956,-24.2262,-21.0725,-27.2289,-15.3039,-22.876,-10.5114,-104.545
211,4664,984,42911,11091.8,9676.29,-17.2086,9.90917,-13.034,1.47989,-20.5186,-8.43339,-1.72663,7.27034,-12.1535,-19.5398,6.82503,-18.1671,-13.0052,-25.1296,-11.9728,-23.5223,-18.3521,-26.1509,-15.1655,-22.9095,-10.7555,-104.496
212,4686,629,51898,10405,12384.6,-17.8689,8.55378,-13.8222,2.19467,-19.7038,-6.37466,-0.270105,6.2006,-10.3338,-19.1407,7.35822,-18.7761,-11.9108,-24.8815,-13.7067,-22.7754,-18.5797,-24.746,-15.0244,-21.7913,-10.558,-106.074
213,4708,322,55757,11100.8,11319.7,-18.0759,9.36371,-12.8251,-0.627266,-19.6716,-7.09255,-1.48317,6.50983,-10.7345,-15.1101,9.61486,-17.8807,-13.1073,-25.4258,-14.2359,-23.9774,-20.1568,-24.1764,-17.1088,-19.9027,-9.63888,-106.386
214,4730,247,43789,12370.4,12077.1,-17.8754,10.265,-12.137,-2.12408,-18.6561,-6.83159,-1.69267,8.13726,-11.652,-15.2046,9.90892,-17.8014,-11.5654,-25.3583,-15.696,-22.7574,-21.0477,-26.5062,-18.7851,-22.0511,-9.99516,-104.857
215,4752,1293,39529,14559.7,11937.9,-19.8132,9.49297,-11.9782,-2.62123,-17.5351,-7.52069,-2.07707,7.85355,-9.68882,-16.498,11.7696,-17.7123,-11.1254,-25.1376,-14.9164,-23.5717,-21.7972,-26.7574,-19.7599,-21.9112,-9.91954,-107.164
216,4774,1342,76068,17624,19332.9,-19.3918,10.5909,-12.9991,-2.36952,-16.7357,-5.98375,-1.39543,6.23523,-9.75756,-16.1489,13.0816,-18.1441,-8.28511,-25.3899,-15.3882,-23.7798,-23.2818,-25.8091,-18.4162,-22.9624,-13.2547,-107.531
217,4796,213,39930,11318,9806.91,-19.2194,9.91822,-12.7801,-3.10446,-16.1648,-6.67961,-0.150756,3.97307,-11.8944,-16.4918,11.7586,-19.8212,-6.44919,-24.6396,-15.0544,-25.6201,-21.8952,-25.2816,-18.3614,-24.0011,-12.4577,-108.338
218,4818,16,63822,20171.5,18798.6,-17.395,9.72709,-12.7671,0.0434694,-14.489,-4.96053,0.802738,1.59039,-7.36899,-18.0089,11.885,-20.2757,-7.17353,-24.1053,-14.7411,-27.3526,-23.9397,-26.8495,-17.8211,-24.6113,-12.1155,-110.153
219,4840,1266,137109,26643.4,28578.3,-16.4735,10.7753,-11.6644,2.1271,-14.1939,-5.7503,0.203761,0.397776,-3.37549,-18.5741,10.9295,-21.3849,-9.33666,-25.4355,-14.6637,-25.9545,-23.1008,-26.1929,-19.2306,-25.019,-14.0673,-108.617
220,4862,207,48156,11782.3,11768.7,-17.2522,10.781,-12.625,2.47397,-15.7466,-6.92664,0.295198,0.116172,-1.57406,-17.0527,9.80612,-21.8514,-10.5597,-25.8024,-14.9949,-28.4381,-23.3321,-26.9324,-19.7716,-24.9832,-12.3698,-109.057
221,4884,517,162018,32196.1,34384.9,-18.6074,11.8645,-12.9262,3.6055,-14.1442,-7.60434,-1.14058,-1.82499,-0.834708,-17.0191,9.21767,-21.1445,-13.2596,-26.5877,-15.4909,-26.7505,-23.9727,-23.5928,-19.842,-23.8915,-11.6285,-111.529
222,4906,2418,253774,38628.5,48384.2,-18.8154,11.7016,-12.6276,3.20996,-11.5992,-5.92067,-2.07522,-0.841704,-2.11499,-18.4712,11.3681,-21.5326,-12.2126,-29.4701,-17.1837,-27.6462,-25.3175,-21.8753,-19.4337,-23.2826,-13.8738,-112.358
223,4928,616,105315,40746.4,35233.5,-21.0693,11.6938,-10.9637,1.95106,-12.4015,-6.12667,-2.02444,-2.60973,-2.00857,-17.1983,12.9054,-22.0482,-12.9845,-29.5624,-17.5511,-27.6449,-25.3667,-21.8329,-18.7311,-21.8493,-15.1283,-114.106
224,4950,218,86464,27802.7,21401.9,-24.0131,12.2916,-12.0675,2.80338,-15.4997,-5.35437,0.358547,-3.12623,-1.95001,-14.2734,12.2657,-20.1714,-12.9161,-30.8617,-18.2735,-27.923,-25.5513,-21.145,-20.2082,-20.1417,-15.4898,-114.798
225,4972,550,71539,19403.9,19501.6,-24.8783,13.1752,-13.0083,3.57935,-13.0305,0.390689,-0.934224,-8.21986,-3.19457,-13.9074,10.4956,-19.4968,-14.0033,-32.594,-19.1269,-29.1663,-27.2788,-20.638,-19.1954,-20.6602,-14.2294,-114.941
226,4994,413,131966,26803.9,27155.4,-27.8071,14.0514,-13.8586,4.42494,-17.4644,0.572842,-0.249765,-6.33059,-4.99362,-13.2418,9.47753,-19.0584,-10.8315,-33.6562,-19.5098,-27.8535,-24.234,-20.5259,-17.4313,-21.1489,-15.5457,-115.719
227,5016,453,73544,16841.1,16391.5,-25.0698,11.5486,-14.4027,3.09519,-14.748,-2.52789,1.41135,-7.90158,-3.98725,-14.2493,7.53242,-18.7656,-10.6716,-33.8103,-18.0262,-27.8498,-25.7302,-18.6513,-16.7058,-21.3829,-16.59,-116.279
228,5038,422,20450,6219.33,6269.08,-28.1712,10.8868,-16.3231,2.86227,-14.5833,-2.06198,2.35013,-9.22745,-4.66922,-15.137,9.23003,-18.828,-10.7018,-35.5805,-19.424,-29.1178,-27.5971,-18.6076,-17.8328,-19.4643,-21.1881,-118.125
229,5060,482,29387,6799.43,6823.91,-29.7981,9.41841,-15.9924,2.60841,-15.3758,-2.35914,3.55417,-8.27566,-3.33649,-14.7827,10.5464,-16.7877,-11.8373,-34.4901,-20.9422,-29.2227,-27.6609,-19.3669,-18.3521,-20.5098,-18.9268,-117.117
230,5082,877,34758,9519.2,7773.57,-32.1966,10.2286,-14.0919,4.49563,-13.9329,-3.43005,3.26596,-8.41696,-2.03801,-13.1597,12.6669,-18.104,-12.6145,-34.9265,-19.1808,-29.6646,-30.1706,-20.0456,-17.7954,-19.9304,-20.1106,-118.615
231,5104,963,62030,16440.5,16339.1,-35.9929,10.558,-15.7098,6.6139,-10.5858,-3.84058,2.97587,-8.3675,-2.15182,-13.2206,14.7656,-16.6461,-13.4052,-34.4114,-18.8068,-29.526,-31.7751,-20.0415,-18.1022,-20.5356,-15.968,-119.551
232,5126,968,67736,17264.4,17066.7,-35.4845,11.9407,-16.5402,5.19581,-9.11929,-4.17549,3.10109,-8.59531,-1.73293,-13.1833,14.9589,-17.2051,-15.2276,-35.4945,-18.3435,-27.874,-31.6076,-20.5159,-17.1427,-22.1969,-14.6339,-119.094
233,5148,68,35872,12164.1,10355.7,-38.0203,9.96727,-16.1343,5.91612,-7.71041,-5.39253,6.25133,-9.16737,-3.83327,-11.8847,14.7621,-18.8955,-18.4586,-36.5781,-19.1352,-27.525,-31.5504,-19.2998,-18.9329,-23.9099,-14.5882,-118.486
234,5170,946,88572,16735.7,18210.6,-35.9175,12.673,-16.0217,5.85812,-7.06328,-3.6171,5.98459,-8.90354,-5.17217,-14.1128,16.4971,-16.9954,-20.4614,-37.8637,-18.7973,-29.8959,-32.1704,-19.5747,-18.6628,-23.5647,-12.7993,-118.521
235,5192,450,33899,10540,10714.7,-37.7576,12.8708,-15.2775,3.34519,-7.44749,-3.16453,8.15743,-9.4185,-5.03044,-13.7128,16.2141,-17.7862,-21.1204,-33.4466,-19.228,-29.3469,-35.2127,-21.6734,-16.4904,-23.6028,-14.9735,-120.469
236,5214,674,69180,13404.9,14140.6,-35.8885,13.1119,-16.2426,3.71833,-7.84614,-3.62144,9.44734,-10.1152,-3.83238,-14.4368,16.1073,-17.0292,-22.8587,-30.6859,-20.9553,-28.3345,-33.5812,-21.5531,-18.0466,-24.3334,-16.6203,-118.971
237,5236,283,58341,11917.5,13604.7,-33.6929,10.3777,-17.7679,3.20302,-7.04075,-4.03535,9.68732,-9.42192,-3.1424,-14.577,17.9274,-18.7794,-21.3116,-28.8938,-20.1289,-26.9293,-34.1594,-20.6068,-18.3413,-24.3415,-18.3066,-120.853
238,5258,357,24535,10520.5,7000.1,-34.1393,9.16457,-17.7201,1.22216,-5.77344,-5.47786,8.24241,-9.82453,-3.24317,-14.0772,19.078,-18.7988,-20.9261,-27.2378,-20.969,-26.8043,-34.9997,-21.1331,-18.229,-23.0518,-17.2037,-118.561
239,5280,255,60506,16333.9,15187.7,-32.5429,11.8698,-17.819,1.17625,-4.85678,-5.28031,6.09561,-12.3266,-5.01679,-14.4191,20.4811,-18.7114,-20.17,-26.2598,-24.892,-24.9128,-35.6822,-23.3248,-17.3649,-22.9943,-16.5537,-118.871
240,5302,621,82165,20184.8,23940.1,-33.0386,10.596,-17.6254,0.80146,-2.87703,-4.65064,6.35221,-12.7572,-4.3709,-13.1404,20.8767,-18.9155,-19.8846,-26.1269,-23.6796,-23.1951,-34.7889,-23.8378,-17.7678,-25.3434,-15.6057,-118.726
241,5324,995,76782,15937.8,16443.1,-32.8522,10.9153,-16.8595,0.938204,-2.73292,-7.42324,6.00395,-11.3747,-3.42466,-13.5099,19.4799,-19.6708,-19.0545,-26.7029,-21.3013,-21.0485,-34.2041,-29.0027,-18.6136,-27.0327,-15.7921,-118.191
242,5346,237,130983,23730.4,28575.3,-34.1858,10.8197,-13.8841,2.15088,-4.6486,-6.82523,4.88337,-11.2309,-1.79078,-14.1597,20.3056,-20.3693,-20.1723,-22.5874,-21.5872,-21.6671,-33.7186,-32.7689,-21.1522,-28.9858,-15.52,-118.741
243,5368,1925,143890,38135.2,37160,-33.6847,11.2789,-13.957,1.04952,-6.13383,-4.40822,3.77525,-10.7192,-3.489,-13.7759,21.6163,-21.918,-18.4803,-23.2542,-18.3854,-21.9415,-33.0852,-33.3121,-19.7333,-31.1623,-14.8646,-119.031
244,5390,2811,121617,43526.6,30822.7,-34.8241,11.7901,-11.3905,1.67423,-5.19738,-1.75782,3.89615,-9.05939,-2.7849,-16.318,21.9246,-22.5792,-20.5446,-22.6052,-20.6056,-20.7902,-32.9213,-30.7989,-20.4121,-31.4594,-14.2025,-119.978
245,5412,985,93752,35590.7,24504.5,-35.014,12.0849,-12.761,0.880609,-4.31275,-1.59682,4.91415,-9.778,-2.3773,-14.0712,21.6495,-24.2933,-21.2727,-21.884,-17.158,-21.4846,-34.0264,-28.0432,-21.1311,-33.8349,-13.4566,-120.527
246,5434,2056,199328,49497,48826,-34.6592,12.3658,-12.7903,2.44078,-5.27262,-0.270439,3.70246,-10.0086,-2.45766,-11.3828,20.2261,-24.9237,-20.5495,-22.1833,-16.6613,-21.4358,-28.0724,-28.8386,-21.0086,-34.1673,-13.6034,-119.648
247,5456,2702,249702,51006,61237.5,-34.0339,14.0986,-12.1639,1.56267,-4.20765,0.56959,4.12261,-10.3311,-3.64856,-12.1923,20.5381,-28.3529,-18.9627,-21.7644,-13.5526,-20.8002,-26.3338,-29.1878,-19.4466,-34.85,-14.3012,-120.766
248,5478,1897,212955,61531.7,50259.6,-34.5609,14.6609,-11.6933,-0.778649,-4.23537,2.18562,3.76496,-12.6197,-3.57652,-11.0677,19.224,-26.6856,-16.6916,-23.0322,-13.5743,-23.711,-25.571,-29.6311,-19.1363,-34.4702,-12.548,-120.473
249,5500,4176,237663,46410.2,46233.4,-35.5248,13.385,-12.5703,-1.35075,-3.12358,-0.0650306,3.3243,-11.0588,-5.22023,-12.9462,19.2512,-27.3651,-18.75,-20.7308,-11.5248,-22.309,-26.4113,-30.469,-19.7151,-35.7594,-12.9467,-119.665
250,5522,1614,139911,29498.9,30947.3,-35.7697,13.9989,-12.6493,-2.67909,-2.144,-1.31661,2.22648,-11.081,-7.94011,-11.9255,19.6677,-25.7952,-15.7179,-20.822,-11.7521,-22.4149,-23.9859,-32.2921,-18.9691,-36.6476,-14.7396,-120.633
251,5544,762,136241,53752.5,39818,-34.161,13.3451,-13.9249,-2.06143,-3.81106,-0.722567,1.11354,-11.7283,-5.81055,-12.5608,18.1193,-26.7388,-15.0861,-20.8109,-14.4972,-24.916,-23.5917,-32.1985,-18.3563,-33.656,-15.7335,-119.681
252,5566,230,166739,52527.8,43676.1,-34.0709,13.4369,-13.6075,-3.35253,-3.36196,1.26807,-0.587564,-11.3584,-2.40523,-10.4966,16.3856,-27.0544,-14.3107,-21.0386,-14.5783,-24.0335,-23.6054,-31.8751,-17.7878,-36.1038,-15.509,-119.881
253,5588,4668,265885,78958.6,60920.5,-33.9583,13.2868,-13.7579,-3.11428,-4.11834,2.36916,-4.79637,-12.1218,-1.57081,-11.1198,16.7542,-28.3019,-12.7907,-21.2584,-15.0118,-25.1073,-24.3854,-29.1498,-16.2295,-32.9798,-15.0276,-120.832
254,5610,2266,180818,56671.3,49552.1,-35.3988,14.2681,-14.0008,-1.67924,-1.4601,0.735612,-0.917041,-11.3958,-2.59518,-10.0251,16.3982,-28.7893,-13.6926,-20.0972,-13.2183,-23.075,-23.9587,-28.0741,-14.7623,-33.2525,-14.133,-121.221
255,5632,1360,194464,67786.7,60904.8,-35.5876,14.6394,-14.8923,-0.124659,-2.5916,0.0140114,2.77468,-12.5593,-2.93572,-10.0164,14.8331,-25.946,-14.0622,-21.7209,-13.4099,-22.9968,-23.624,-29.1159,-15.6268,-32.176,-13.4895,-118.696
256,5654,937,141477,46138.5,40029.7,-36.883,14.2768,-13.4244,0.0968131,-4.67697,-1.1136,2.22926,-11.6578,-2.91083,-10.8243,14.2354,-25.3856,-13.0835,-22.4775,-14.0883,-20.1251,-24.0306,-27.9205,-15.6543,-28.1221,-15.7427,-119.558
257,5676,959,325916,63114.4,67981.3,-37.88,11.2465,-11.0704,-4.55815,-3.64958,-0.0384368,-0.327154,-10.6195,-0.998646,-11.0851,13.7769,-23.8274,-14.5894,-24.3154,-15.3357,-22.5204,-22.8352,-27.1852,-15.074,-28.8094,-16.5408,-118.072
258,5698,9013,140315,50112.6,38207.3,-38.8865,11.5267,-8.32917,-4.72577,-3.19714,1.05314,-0.975795,-12.2172,0.734035,-11.2708,14.6132,-23.6798,-15.7512,-27.2351,-13.8587,-23.1202,-24.2608,-27.8331,-14.1924,-24.4687,-18.966,-119.14
259,5720,3425,145685,48657.8,41029.8,-39.1942,11.8251,-6.95974,-2.17011,-2.66796,-0.56949,-3.03053,-11.6443,-0.752977,-8.93191,13.7425,-23.063,-15.6002,-28.6829,-13.2917,-23.6548,-23.9858,-27.8103,-16.0137,-26.8701,-20.5096,-119.084
260,5742,4625,117783,35047,24900.3,-39.1704,11.5153,-7.19857,-1.8757,-1.80376,0.847897,-3.13215,-13.1193,-1.46987,-7.28446,16.166,-24.1264,-14.6508,-27.6137,-12.5643,-24.7924,-25.5239,-25.9502,-16.0307,-26.5326,-20.3523,-120.075
261,5764,609,169354,32564.5,32720.2,-37.952,11.1774,-7.90769,-3.25241,-2.75477,2.56577,-2.81948,-14.6992,-0.26079,-7.65727,16.0372,-22.4764,-10.0542,-28.8955,-11.7712,-23.9241,-24.2521,-27.8047,-16.0844,-28.3341,-21.8119,-121.779
262,5786,450,123567,37234.6,30282.4,-38.4394,11.8884,-7.92709,-3.47305,-3.91583,3.25041,-1.82861,-11.8801,-0.200892,-7.91512,16.2881,-23.8195,-10.9029,-29.814,-13.622,-24.0533,-25.9418,-28.7739,-16.7926,-29.5108,-20.4316,-121.633
263,5808,1288,121727,35907.2,37449.3,-38.1399,12.2765,-8.86617,-0.440194,-4.03646,1.82027,-1.79009,-13.2428,0.94813,-9.0967,16.3118,-26.9138,-12.4299,-30.9666,-15.5137,-22.5403,-24.9054,-28.4755,-15.8776,-29.623,-20.2908,-121.471
264,5830,3133,133880,37907.5,31696,-37.3865,11.3501,-7.86623,3.55012,-4.5658,4.16882,-2.42504,-12.6435,2.49753,-10.1404,16.8083,-26.7027,-11.6835,-29.6287,-15.6623,-19.5427,-26.5867,-28.8166,-15.8842,-32.9726,-18.0889,-120.236
265,5852,1805,144379,46242,38967.6,-40.6249,11.6462,-7.76226,1.43688,-6.01714,1.46549,-2.50407,-12.4675,2.45655,-10.0591,15.3447,-26.9654,-14.1348,-28.6249,-15.0165,-20.5123,-28.1587,-27.4594,-15.2054,-32.9308,-18.5409,-121.107
266,5874,1727,285165,46510.6,58546.4,-39.8702,10.128,-7.59374,1.0886,-5.77504,3.04832,-3.38074,-12.3144,2.72751,-10.3829,16.134,-28.1676,-16.3954,-29.5991,-12.3375,-19.5806,-27.3986,-28.1658,-13.9751,-32.3671,-18.0225,-123.789
267,5896,855,108905,31665.6,26044.7,-40.6086,10.3611,-9.32257,3.15777,-6.25873,1.47054,-2.68495,-12.7486,4.95849,-11.5806,14.6187,-25.0995,-15.4089,-30.5039,-11.8806,-19.7294,-26.5066,-27.3602,-13.3145,-33.4954,-18.9766,-124.164
268,5918,2039,158425,38874.7,38466.9,-42.3729,11.5945,-10.4782,2.15712,-6.37692,3.68672,-2.82518,-13.7814,5.36377,-9.40004,14.0201,-23.9971,-13.4132,-27.0666,-12.7597,-17.7404,-26.5132,-27.0576,-13.7607,-32.2923,-22.445,-124.842
269,5940,3799,76954,25163.2,21322.2,-45.9196,10.5085,-9.99051,-2.13283,-4.72686,1.28512,-3.52955,-14.1051,6.58849,-8.10329,13.9731,-22.6514,-11.7574,-27.7758,-13.824,-16.8597,-25.7113,-30.1333,-14.6397,-33.8219,-23.3351,-125.465
270,5962,730,105296,25176.2,25615.4,-48.4659,10.2289,-9.41513,-3.89409,-2.54726,0.820054,-5.08943,-14.4938,4.88982,-6.71863,13.0482,-21.604,-11.6271,-28.7726,-13.3988,-14.8984,-25.9085,-29.9196,-12.6696,-34.0018,-23.4132,-124.031
271,5984,449,63930,22736.3,13919.2,-48.4459,11.4736,-9.26141,-4.88054,0.5519,-3.67899,-5.92523,-16.2611,5.84238,-7.76907,12.284,-23.3744,-11.5273,-27.2484,-17.2382,-16.9616,-25.5202,-28.2395,-9.37469,-33.6496,-22.6048,-126.866
272,6006,1807,76637,24949.4,22345.3,-47.4156,12.8252,-8.35153,-5.62845,-2.62696,-4.30103,-5.58214,-17.5904,5.24755,-7.11803,10.3475,-29.0308,-12.7054,-27.4341,-18.005,-14.7387,-27.7285,-27.7194,-10.0577,-32.9292,-21.467,-127.21
273,6028,816,97314,33155.2,26691.1,-45.3125,14.0419,-9.59585,-4.93909,-2.97653,-3.60565,-8.17604,-16.9512,8.24513,-7.30571,10.3113,-30.9906,-12.9714,-28.7091,-19.2592,-17.4222,-25.415,-26.6979,-7.80199,-32.4887,-20.7991,-127.553
274,6050,633,142797,25896.1,33485.7,-44.9533,12.271,-10.4315,-4.93665,-1.8142,-6.27924,-8.21797,-13.0376,9.54855,-8.88475,11.762,-30.3665,-15.4996,-29.8042,-20.7282,-16.2545,-25.7908,-25.7448,-7.57661,-30.6502,-19.3635,-125.75
275,6072,692,63639,18342.6,15495.3,-46.1179,17.1744,-9.3343,-3.97632,-1.06341,-5.05262,-8.57438,-12.4441,8.68659,-9.41212,12.5336,-31.789,-16.3993,-28.2693,-19.1162,-14.0617,-26.4115,-27.1786,-7.03237,-31.0278,-18.6153,-127.043
276,6094,1552,170349,36160.6,33886.4,-45.5304,15.9864,-8.70036,-3.47945,-0.118716,-3.59471,-10.7015,-12.1159,9.53438,-8.93002,12.1467,-30.5578,-16.5425,-28.4721,-20.0798,-15.3858,-25.3447,-28.8233,-9.41136,-29.9358,-18.5616,-127.364
277,6116,323,211210,36915,48346.6,-48.7305,16.5523,-8.84662,-3.84959,1.29074,-3.06634,-10.8401,-10.9993,8.3252,-8.78952,11.1382,-31.2877,-16.8296,-28.6022,-21.5011,-19.9791,-21.1778,-27.7027,-7.41797,-30.6462,-18.8601,-130.033
278,6138,355,155576,36595.7,31627.7,-46.4243,15.6258,-9.70237,-5.60432,-2.12901,-3.78577,-10.7904,-10.8992,8.70649,-9.82238,11.8849,-31.3394,-16.9711,-28.3055,-22.0319,-20.4505,-20.9524,-26.5383,-8.78394,-31.3221,-17.2261,-132.002
279,6160,378,187488,49496.1,44276,-44.8076,13.7528,-11.6738,-1.63987,-1.99111,-4.93574,-10.4427,-12.8769,6.86097,-9.38848,12.2938,-31.2007,-17.6583,-26.7637,-21.8326,-21.4987,-21.0848,-26.5093,-8.39476,-31.6203,-15.8145,-134.8
280,6182,1703,105396,39081,26915.5,-43.8865,14.8312,-10.5475,-0.458333,-4.39665,-6.4361,-9.96281,-16.1735,4.75042,-11.0469,13.5168,-30.1834,-17.7464,-26.3941,-18.1991,-23.3072,-20.958,-26.5728,-8.15032,-30.3122,-15.568,-135.461
281,6204,351,339133,32621.6,63921.7,-42.1886,14.8544,-9.49199,-1.59958,-6.01354,-6.86494,-10.3878,-18.0432,5.28874,-10.5383,14.8794,-31.1785,-19.0458,-25.1473,-15.3745,-23.2171,-21.1838,-27.1523,-7.25253,-31.0742,-17.132,-133.69
282,6226,1770,128593,46116.1,34483.7,-41.5705,15.5359,-10.6,-2.21474,-6.68043,-5.6573,-10.1221,-16.8667,6.67096,-11.6943,13.6675,-29.9333,-18.2164,-26.261,-15.6705,-26.0946,-21.0708,-27.8792,-10.9979,-31.1997,-15.6662,-132.817
283,6248,7628,155914,50470,38082.5,-43.5718,16.6171,-9.41224,-1.99179,-8.03403,-3.37401,-10.2699,-13.9459,7.58722,-11.7881,13.9055,-30.6129,-18.7083,-27.6874,-19.1468,-26.1064,-21.2393,-28.5943,-11.8484,-29.8065,-17.9311,-135.387
284,6270,2615,198358,45018.2,45233.6,-41.6429,15.8551,-7.74125,-2.62818,-9.08623,-3.7532,-11.1804,-11.8224,5.75147,-11.8678,15.5112,-30.5806,-18.2377,-26.9371,-19.8762,-26.4699,-21.2761,-28.5875,-10.2325,-29.9006,-19.008,-140.142
285,6292,182,117903,42102.6,37522.3,-40.9756,18.8631,-7.78782,-3.61221,-10.3152,-2.53022,-6.63532,-11.994,6.61851,-12.9396,14.7986,-32.81,-18.0583,-27.0626,-22.6687,-25.8327,-20.9854,-27.1848,-9.16746,-30.5452,-19.7067,-142.517
286,6314,3775,231384,50989,45738.9,-40.9591,17.7063,-10.9289,-3.65399,-10.6339,-1.50787,-6.89311,-10.7529,4.03933,-13.6649,15.1473,-34.4087,-16.9599,-27.4583,-23.4369,-25.0123,-21.4221,-29.9787,-9.58867,-29.6769,-19.4521,-139.595
287,6336,36,189377,52961.1,52407.8,-39.8447,17.4699,-9.29664,-4.23825,-10.049,-0.0621376,-5.77612,-9.64315,2.03427,-14.4636,14.791,-34.2198,-18.1628,-28.7029,-19.5892,-21.9619,-22.0576,-33.6355,-8.96061,-28.623,-18.6245,-137.948
288,6358,196,239848,49354.6,58998.4,-41.8464,16.8015,-10.0529,-5.01708,-10.0548,-0.810413,-4.64855,-12.1187,2.1295,-15.854,14.2406,-33.9959,-13.7689,-28.0522,-19.9102,-22.3562,-22.0184,-31.2268,-7.6392,-29.1214,-17.0289,-135.451
289,6380,2535,148384,40498.3,42506.6,-42.6174,18.161,-9.84434,-4.90284,-9.73529,1.09731,-6.01238,-12.1975,1.64206,-16.0907,15.1198,-34.2234,-14.8174,-28.2296,-20.466,-21.7317,-23.4133,-31.3186,-10.1524,-30.7425,-18.14,-135.188
290,6402,303,146411,50758.5,38557.7,-44.064,16.5526,-11.3502,-3.5865,-10.5854,0.937252,-5.67335,-12.642,0.42887,-16.5193,13.3621,-36.8861,-14.6271,-28.9056,-20.8246,-22.3452,-24.9015,-30.2187,-13.3656,-30.645,-16.9665,-133.571
291,6424,4499,245228,73575.2,58690.7,-45.2928,16.5501,-12.0462,-2.5643,-10.1711,0.523987,-5.76854,-13.3243,0.531788,-16.3807,13.0336,-36.1411,-11.9479,-29.8912,-21.9644,-21.8985,-25.6891,-29.2645,-12.3688,-30.1763,-17.5905,-134.242
292,6446,1007,367895,72676.4,88419.8,-44.7157,15.785,-14.6467,-1.26187,-9.75387,1.22951,-2.29853,-13.9065,-0.524817,-13.9502,13.0605,-37.1164,-13.6288,-30.0717,-22.9749,-21.1181,-23.4985,-27.0889,-12.6964,-26.6299,-16.013,-134.594
293,6468,2123,214164,55820.5,51396.2,-45.3146,15.1908,-13.2983,-1.93109,-10.786,1.22761,-1.16718,-13.0901,-0.854601,-14.2746,14.5129,-37.5079,-14.6703,-26.3683,-20.4272,-19.1935,-23.6906,-24.9247,-15.752,-26.4531,-16.6619,-136.236
294,6490,905,295486,67408.9,62361.6,-46.0281,16.4338,-13.8467,0.272495,-8.68156,-2.38511,-2.64805,-11.8037,-0.676261,-14.4345,14.2572,-39.9677,-15.9881,-24.1492,-21.2647,-20.0421,-23.2061,-24.7621,-16.8746,-26.4994,-17.3575,-135.989
295,6512,1208,292416,64787.4,70588,-47.663,16.0465,-14.9383,1.24245,-10.1555,-3.08323,-3.06299,-11.3525,-1.76737,-13.1686,14.2522,-40.255,-16.9945,-24.2694,-21.3273,-21.5656,-24.7421,-25.2535,-17.7723,-26.1936,-15.9266,-135.973
296,6534,1540,140310,46674.1,38255.2,-47.7379,18.1137,-16.0445,1.51563,-7.92879,0.238237,-3.76545,-11.4326,0.516426,-13.9541,13.8603,-41.8283,-15.5416,-25.4191,-19.4248,-20.1002,-20.9872,-24.8974,-18.867,-25.8812,-16.6538,-136.138
297,6556,1154,220488,37587.4,45961.5,-46.771,17.7857,-16.5765,-0.339991,-7.30277,-2.58312,-4.9527,-12.4782,-0.748995,-12.1618,14.2617,-40.2901,-13.7719,-25.0174,-21.5814,-19.3237,-20.5149,-26.3539,-20.5263,-26.4511,-15.3304,-137.894
298,6578,713,295158,81941.5,80938.1,-49.5185,19.244,-16.8032,2.21776,-8.78434,-2.21721,-4.42736,-13.3391,-0.559099,-12.8995,16.3455,-38.9726,-15.4728,-25.1846,-20.6849,-22.3718,-19.9759,-26.6161,-21.0095,-27.5893,-14.8393,-136.965
299,6600,1975,249856,86092.2,77592.8,-50.7065,18.7911,-15.5637,0.660931,-7.01713,-0.647884,-5.36668,-13.1409,-2.08599,-9.9176,17.2509,-38.0964,-19.2552,-25.2623,-21.6625,-22.7481,-20.5005,-24.7732,-21.8276,-27.5583,-15.1362,-133.382
300,6622,1033,343994,90256,81369.9,-53.5012,16.9024,-11.8888,1.47328,-6.79681,0.873122,-4.27024,-12.9026,-1.95669,-9.04189,15.28,-38.0323,-21.0511,-26.4471,-22.5485,-23.4673,-22.4645,-24.954,-19.6267,-26.7957,-13.4659,-133.261
301,6644,4540,311743,82808.8,69953.5,-53.1948,17.7897,-11.5081,1.48876,-5.59443,-0.791336,-4.34369,-13.1397,0.0676892,-9.32057,15.5002,-42.7406,-21.8813,-26.1956,-21.9853,-22.468,-22.9896,-24.6018,-18.9174,-26.3841,-15.3267,-133.164
302,6666,373,152866,39428.7,39271.4,-54.9242,18.452,-10.1626,1.23962,-5.7631,-1.21877,-3.91197,-13.2486,2.90909,-9.9554,15.4213,-41.6753,-22.6082,-26.7544,-21.2095,-22.481,-23.2601,-23.3316,-20.5703,-26.5824,-16.6206,-133.867
303,6688,5404,213516,73586.7,50187.3,-53.9215,17.681,-9.32172,2.26842,-5.26151,-0.678301,-4.63243,-11.8856,0.701188,-11.212,16.2444,-40.9731,-22.8326,-28.2639,-21.3927,-22.2076,-23.5981,-24.6183,-18.6311,-26.2104,-17.6362,-135.451
304,6710,411,437816,65840.6,88446.3,-53.4294,17.6572,-8.00553,2.88571,-6.40216,-2.40609,-6.73276,-11.6571,0.110059,-10.7622,16.1453,-42.6161,-21.6983,-29.457,-22.9167,-24.6261,-27.1683,-25.2428,-17.7219,-25.4642,-16.5111,-136.357
305,6732,2155,268463,72971.2,70194.5,-53.4189,18.3258,-7.63396,2.45486,-6.73129,-2.10989,-7.77236,-8.22823,0.267805,-9.9267,16.453,-43.8936,-21.0115,-29.5471,-23.2665,-23.5302,-25.4943,-27.1351,-18.0263,-25.3154,-17.4808,-137.007
306,6754,1885,326245,76431.3,75636.2,-53.2839,17.8791,-7.8823,1.82597,-7.61933,-2.73725,-9.01429,-11.3357,-1.56481,-9.45306,15.2196,-43.3504,-18.952,-29.7261,-23.1856,-21.8233,-26.8513,-27.906,-19.8591,-26.427,-14.5551,-138.484
307,6776,2391,171987,53411.4,45696.5,-50.13,17.0054,-9.7458,2.74693,-7.44975,-4.10287,-9.16322,-9.53542,-0.318224,-11.0339,15.8836,-42.5242,-20.2387,-31.1267,-23.5335,-22.0078,-27.8287,-28.5621,-20.1025,-28.0209,-15.7536,-138.237
308,6798,519,581253,91132.9,110594,-51.9416,18.4387,-12.0269,0.72262,-7.3668,-3.47199,-6.22198,-8.07174,-0.780441,-12.3486,17.7673,-41.0605,-20.0946,-31.7021,-24.1856,-21.6141,-27.6061,-28.5405,-20.358,-30.1359,-16.5787,-140.687
309,6820,2811,327170,95928.1,86725.3,-49.3122,16.3735,-14.5443,0.720785,-7.42631,-3.48583,-7.21355,-8.47579,-0.218225,-12.0434,16.8509,-43.5424,-18.856,-31.6417,-24.6805,-19.8125,-29.0361,-28.8615,-19.0068,-29.4086,-15.8199,-143.153
310,6842,208,242343,63864.8,60988.8,-50.4466,14.701,-13.7452,0.851202,-10.0615,-1.88057,-7.03497,-9.76938,0.237871,-13.403,18.7815,-45.2354,-16.6145,-32.1355,-25.3524,-18.7332,-27.0942,-28.7498,-18.3124,-28.7794,-15.2716,-144.92
311,6864,1044,183298,67855.5,54728.7,-49.4346,15.0339,-14.491,2.1752,-10.5684,-3.50847,-6.60095,-9.68293,2.11737,-14.7138,17.7793,-46.6683,-16.418,-31.4364,-25.4218,-19.2394,-27.41,-28.9628,-17.2229,-32.2501,-14.0481,-145.104
312,6886,4427,261726,80292.5,57434.6,-50.8503,13.8607,-15.3798,4.04148,-9.5232,-7.15514,-5.97075,-10.8279,3.28453,-15.8362,17.9343,-44.2407,-15.8589,-30.5874,-25.5896,-19.5134,-27.9711,-28.3889,-17.9355,-29.4876,-14.3336,-145.728
313,6908,1459,151270,27961.4,29645.9,-51.8436,13.3792,-16.2424,5.29003,-9.03956,-5.39072,-7.64059,-10.6173,1.98168,-15.5596,15.4854,-43.7311,-13.2114,-32.296,-24.671,-18.2524,-28.9395,-30.1244,-17.1302,-28.7687,-14.3438,-146.168
314,6930,808,99183,29962.6,29337.8,-52.1012,13.7923,-16.8659,7.21641,-10.301,-6.19494,-8.51834,-10.1512,2.07806,-16.0832,15.8541,-40.7887,-12.1192,-32.5026,-22.4052,-18.5004,-29.7174,-32.0189,-15.7394,-30.9489,-16.0134,-148.472
315,6952,253,242946,62018.7,55657.9,-54.2002,14.633,-14.6243,8.74672,-9.05413,-7.58863,-7.50931,-6.48546,2.27132,-16.004,14.9942,-39.6428,-14.7294,-31.4186,-23.349,-18.4179,-29.1546,-34.0992,-15.0341,-33.0599,-17.675,-148.845
316,6974,1125,119543,30297.1,28379.2,-57.0527,13.0911,-12.1885,8.11084,-8.96711,-5.31792,-7.18829,-4.97879,1.83607,-15.7778,17.0052,-40.9876,-15.323,-31.186,-19.8629,-16.638,-29.9358,-34.3531,-16.2028,-32.5978,-19.1547,-149.99
317,6996,325,167575,56423.3,51959.6,-58.9965,14.1327,-11.2491,8.63336,-11.9954,-4.3209,-8.07648,-7.11282,1.43171,-14.2843,18.1367,-38.7386,-14.717,-32.576,-23.7566,-17.2994,-30.3266,-34.3021,-17.0938,-34.8766,-16.8906,-150.097
318,7018,3349,221772,70992.5,54752.5,-56.784,15.1778,-12.4015,8.8839,-14.3907,-4.60752,-7.53378,-7.1941,1.75793,-13.8889,16.8543,-38.6232,-15.502,-31.0036,-23.7094,-19.0512,-29.3972,-34.8039,-17.6923,-35.5773,-16.0756,-149.759
319,7040,475,197060,51481.5,45633.9,-55.909,14.805,-13.0113,10.342,-13.8156,-3.16466,-6.60904,-5.64552,1.14372,-12.6188,16.8942,-35.2759,-18.3664,-32.7568,-24.3733,-16.8196,-27.8652,-34.3592,-19.4651,-35.8864,-17.7025,-150.033
320,7062,180,132680,46043.8,38720.8,-55.6409,12.8734,-13.642,8.33887,-12.7729,-5.04423,-6.41442,-5.01229,2.33861,-12.439,15.9169,-32.8509,-17.8367,-32.2616,-23.8499,-18.0197,-26.3897,-33.4222,-18.0532,-35.9698,-16.1515,-149.25
321,7084,2404,172006,39441.6,38427.5,-57.53,13.8226,-14.4764,7.17289,-15.3255,-5.65058,-6.19517,-5.75502,2.60161,-11.4506,17.1105,-31.4965,-15.3895,-32.9723,-23.9901,-17.5147,-27.0195,-32.2203,-17.8166,-38.3663,-17.9487,-147.41
322,7106,2553,108877,37383.8,30777.6,-56.2876,15.1494,-16.4922,10.112,-15.2352,-6.481,-4.61504,-5.36093,2.06908,-13.9478,17.285,-29.2477,-16.1714,-34.4167,-22.3685,-19.0432,-27.1818,-32.1339,-16.4784,-40.6188,-20.1205,-146.834
323,7128,1014,115994,41906.5,29501.3,-54.7327,16.2542,-17.7245,8.576,-14.3296,-6.11441,-5.71867,-6.48305,0.773022,-13.868,18.4844,-28.369,-16.4578,-33.997,-26.7299,-18.2075,-27.1687,-32.5895,-17.8928,-36.9942,-19.2922,-145.724
324,7150,1592,143273,43521.7,37347.9,-56.9003,19.3463,-18.7712,7.15674,-14.335,-6.56053,-5.48354,-6.22447,-0.514584,-14.4385,20.1557,-31.3318,-14.2537,-36.4116,-29.7029,-17.5614,-28.6468,-35.1908,-19.8824,-34.6489,-20.078,-145.428
325,7172,68,190132,44349.4,42958.5,-58.9588,19.2774,-17.5503,6.79015,-16.8784,-6.48053,-7.25522,-6.56006,0.00846209,-13.1602,21.4963,-31.9923,-16.0596,-34.8192,-32.7453,-16.0907,-29.7323,-34.8371,-19.3616,-34.6546,-21.1148,-146.625
326,7194,324,136029,31683.3,33984.2,-58.2115,18.6788,-17.6342,8.54991,-14.5777,-6.2558,-8.8436,-7.77242,-2.96289,-12.5862,21.0105,-31.3487,-15.2309,-32.9985,-36.0866,-15.6936,-30.1843,-36.1583,-19.7283,-40.3012,-19.5751,-147.41
327,7216,1878,274131,66517.6,57941,-57.8613,18.9643,-17.0669,6.00982,-14.922,-7.7683,-9.51052,-8.47989,-0.051554,-14.9357,22.0311,-30.4209,-16.325,-33.0996,-34.1151,-17.8842,-31.7555,-37.7885,-19.1653,-36.9643,-18.2498,-146.709
328,7238,393,227857,54796,57316.7,-56.7034,18.7193,-17.4561,4.99264,-13.761,-8.06159,-7.85367,-8.73873,2.54694,-15.6343,22.6391,-32.6259,-16.7251,-32.3159,-34.8484,-18.0409,-31.9189,-36.6116,-19.2674,-36.9612,-19.1565,-147.698
329,7260,702,156030,43516.6,45088.7,-57.506,18.6953,-18.8914,5.09629,-8.67095,-7.90362,-6.82734,-7.69901,3.31859,-15.0354,23.4828,-33.4141,-17.2362,-33.8734,-35.9865,-19.2871,-32.2923,-36.7432,-18.8363,-32.9044,-19.4579,-148.232
330,7282,550,125294,37758.2,32708.4,-56.3261,20.0545,-19.0491,4.82652,-11.4247,-6.56234,-6.89062,-7.08114,2.8591,-14.958,23.3874,-33.1827,-17.4547,-32.6261,-37.115,-18.7968,-34.3442,-34.8245,-15.3963,-34.7089,-20.8897,-149.923
331,7304,214,232898,64711.1,65982.3,-55.3966,21.1248,-18.941,2.89864,-8.99445,-8.53223,-6.31362,-7.37708,2.39135,-14.8979,23.3225,-34.3415,-18.1615,-33.3994,-33.9176,-20.0534,-34.5847,-34.0681,-13.8925,-33.1213,-20.9149,-149.1
332,7326,1466,153057,29680.7,36932.1,-57.8458,22.8179,-19.2459,4.07684,-6.76351,-8.26302,-6.51199,-6.70045,2.24927,-14.571,22.2449,-33.6229,-16.3057,-31.7546,-32.0344,-19.3083,-34.0034,-36.2138,-14.8403,-28.0964,-21.5524,-148.667
333,7348,15,145216,35730.4,36562,-57.056,24.7132,-20.4055,4.75435,-9.97125,-6.63552,-6.04762,-4.59318,-2.37371,-13.8132,23.8973,-33.7186,-17.1281,-31.9502,-29.1918,-21.3052,-34.1989,-36.0561,-14.877,-28.4333,-20.1711,-148.506
334,7370,5265,188633,49587,46986.1,-58.8025,25.407,-19.2198,4.88087,-10.1157,-7.50389,-7.93836,-5.2317,-0.0496549,-14.2464,23.7119,-32.8721,-17.9576,-31.3013,-32.0926,-21.2225,-33.3271,-34.1757,-16.1871,-28.373,-21.4798,-149.381
335,7392,3176,223424,49671.5,52259.2,-56.6867,24.6151,-18.3162,4.37006,-9.08956,-7.27807,-5.13927,-0.379806,0.281176,-15.426,22.7505,-34.8,-15.9741,-31.2535,-31.0765,-20.9933,-33.8645,-34.7707,-16.6852,-28.4862,-21.3115,-147.943
336,7414,1059,133876,33852.4,30007.1,-54.6302,24.3903,-16.4276,4.31313,-9.5443,-4.96433,-6.85746,1.48289,-0.830804,-14.7106,19.9017,-34.8973,-15.8785,-30.9542,-29.8013,-21.1923,-34.5329,-33.8292,-16.5735,-27.0622,-21.1304,-147.491
337,7436,1633,120711,39959.6,32829.4,-53.5373,21.609,-17.5365,3.36112,-10.7904,-4.37932,-7.37927,1.08069,-0.55217,-14.3733,20.2536,-34.5484,-13.9311,-30.2293,-32.5763,-22.2343,-33.7217,-33.2836,-19.0338,-27.4765,-22.0631,-148.703
338,7458,3180,324671,54276.7,64668.3,-53.5223,21.7143,-17.5006,4.33608,-10.1503,-6.7477,-6.83877,1.22318,0.798041,-13.3821,21.176,-33.2262,-15.4292,-29.9323,-32.1235,-24.1248,-33.0023,-31.3311,-16.2893,-26.8463,-23.5095,-147.728
339,7480,2788,133441,38153.1,35783.6,-53.1188,23.0975,-17.815,3.79174,-14.8018,-4.33731,-4.70602,0.989349,0.123155,-13.9902,20.2325,-33.8615,-13.7207,-30.582,-29.9702,-23.7585,-32.3959,-29.8737,-15.1691,-25.5857,-23.0852,-146.818
340,7502,178,158338,43810.1,44032.2,-52.7278,21.0835,-16.8232,3.74156,-14.3143,-5.4492,-4.49372,-0.853087,0.138786,-12.7819,19.5987,-36.0913,-14.035,-29.7245,-29.2867,-22.8466,-33.0132,-27.9241,-14.2863,-29.0782,-22.176,-147.214
341,7524,2870,137512,42694.4,33867.6,-55.144,20.5135,-18.7355,5.14062,-11.2465,-2.90229,-6.23459,-3.6633,-1.01133,-13.6391,20.8592,-36.603,-15.534,-30.1898,-26.5467,-22.9697,-33.8963,-30.1178,-12.8451,-28.0484,-23.1539,-149.993
342,7546,1950,97220,34269,27352,-53.1082,17.6298,-18.7065,3.47935,-9.06767,-3.5417,-9.20796,-3.57488,1.14229,-13.4435,20.5128,-33.8425,-15.6724,-31.3415,-22.983,-22.7987,-33.4714,-29.8112,-12.9536,-28.6862,-23.0283,-149.512
343,7568,998,248502,50117,52548.1,-53.2958,20.1289,-20.0246,3.0592,-12.0863,-4.35143,-8.73942,-2.40622,0.640001,-13.0346,17.4308,-35.3504,-15.9661,-31.6227,-21.6573,-25.2111,-32.9335,-28.083,-13.9323,-30.432,-23.2709,-149.567
344,7590,1475,165828,49513.9,50779.5,-51.9904,20.4638,-20.501,3.3059,-8.86812,-1.91497,-8.87093,-3.3216,2.61365,-14.4295,16.1427,-35.2262,-17.846,-31.753,-21.312,-27.9937,-30.1369,-27.5846,-11.5449,-30.0936,-25.0819,-147.537
345,7612,1623,218922,43558.9,46685.7,-50.3814,19.1331,-19.7555,6.76666,-9.3327,2.74866,-8.67169,-1.51319,-0.905605,-15.7855,16.4617,-35.1502,-19.2695,-34.6638,-21.9709,-26.8937,-30.0776,-26.5364,-11.69,-28.7555,-24.0703,-147.07
346,7634,505,114880,37928.4,31780.5,-50.3573,19.318,-21.4883,6.28987,-9.04021,2.93986,-8.72658,-2.00034,-1.15453,-15.9465,17.7908,-36.444,-19.1053,-35.0782,-22.1036,-26.003,-29.581,-28.5074,-14.1717,-29.5227,-25.998,-150.694
347,7656,4343,425283,71675.4,90997.9,-49.7401,23.0626,-21.3033,6.24618,-9.88017,0.671921,-8.18649,-2.12285,-1.13567,-15.4492,18.7834,-35.029,-17.7026,-36.037,-21.4078,-25.0793,-31.4133,-27.5343,-15.7885,-30.0148,-25.4573,-150.592
348,7678,1851,204149,41208,46438.3,-49.7275,24.9784,-20.4914,5.65097,-7.59261,-1.80701,-7.60179,-1.78933,-1.24135,-14.815,19.1114,-32.6669,-17.6285,-35.4739,-21.159,-26.4857,-30.07,-26.8418,-16.9943,-30.1108,-24.6879,-150.162
349,7700,7442,219051,65582.7,48697.1,-51.1893,24.1183,-20.0028,6.66611,-7.18861,4.75678,-6.96474,-1.53969,-1.83045,-14.3537,18.605,-33.522,-18.908,-34.1079,-19.88,-28.4229,-28.4148,-24.845,-17.963,-29.251,-23.5548,-149.32
350,7722,42,118803,47086.7,35459.6,-50.9227,23.5238,-20.2042,2.6217,-3.09634,0.822716,-7.09334,-3.70167,-1.65873,-14.7102,20.1768,-34.8615,-19.1947,-33.0247,-21.4201,-27.2805,-29.8533,-24.3879,-16.4236,-28.8381,-24.0557,-147.186
351,7744,247,405876,63359.3,80172,-51.466,22.9579,-19.6544,0.655679,-4.96347,1.52821,-7.92741,-3.94446,-2.25583,-16.1871,22.0641,-36.0398,-21.6917,-33.9046,-22.5954,-30.2139,-29.4495,-24.8488,-20.3636,-30.3352,-23.9338,-148.456
352,7766,9158,289576,83212,72134.7,-49.7938,25.5016,-20.2367,0.721713,-3.94871,4.28698,-10.3876,-4.43331,-0.961502,-16.4624,23.1309,-33.8537,-21.7213,-34.9622,-22.0343,-30.7049,-27.6657,-24.2672,-19.8577,-29.8028,-23.5291,-148.075
353,7788,2085,474978,66473.9,99244,-51.9296,24.4105,-19.9984,0.639429,-5.50951,2.96774,-8.65139,-5.08225,-2.2743,-18.3116,22.7488,-32.9756,-21.4711,-34.778,-22.1019,-32.1439,-28.0407,-25.6496,-21.3129,-30.5678,-23.7638,-148.44
354,7810,442,165959,46816.6,45592.9,-51.1458,24.6475,-19.6675,-0.928039,-0.519902,2.15123,-8.58809,-2.76556,-2.36285,-22.7204,23.8212,-34.1922,-21.6018,-32.464,-21.5512,-28.6622,-28.8927,-24.998,-22.287,-30.1187,-24.5227,-149.58
355,7832,1744,167771,64538.6,51818,-51.779,25.2973,-21.8706,-1.38645,-1.67499,2.63219,-8.35858,-4.3227,-1.26036,-23.5367,24.8214,-31.8474,-22.2655,-32.4888,-20.793,-26.7621,-29.7514,-26.7291,-22.9348,-30.2501,-24.003,-149.374
356,7854,1461,147038,44679.7,40149.2,-54.3824,24.6942,-18.2856,-0.284805,-1.32406,1.47348,-8.43348,-3.49958,-3.6253,-23.1862,25.319,-31.3528,-24.5263,-32.1744,-23.5593,-25.8689,-28.1845,-28.5904,-19.4547,-31.0973,-23.919,-151.712
357,7876,1786,241326,60410.1,70978.2,-58.9045,22.8737,-19.7237,0.454959,1.1304,0.979467,-9.94611,-4.51847,-2.47735,-24.5182,27.8814,-31.5829,-25.3401,-29.6968,-24.5481,-28.5081,-28.8125,-27.5743,-18.3434,-30.3437,-22.6533,-148.831
358,7898,1417,266463,62811.2,54806.1,-55.69,23.0444,-19.7935,-0.602199,-0.81967,-0.420418,-9.61528,-4.19221,-1.79512,-27.1908,27.8724,-32.7248,-23.9,-29.456,-24.1399,-29.677,-28.4231,-28.0962,-18.8769,-32.9778,-22.1942,-150.17
359,7920,1659,214635,45631.4,52718.6,-54.5446,23.0547,-21.6244,1.69984,-1.2718,0.413434,-9.10612,-5.85114,0.124212,-27.0403,27.087,-32.3752,-23.4002,-29.6472,-24.1831,-26.4665,-28.606,-27.9349,-20.7012,-31.5642,-22.4142,-149.699
360,7942,1421,167231,54640.4,45325.5,-59.0623,23.001,-21.5468,1.15219,0.163924,1.07953,-7.35046,-3.95919,-0.20014,-28.3042,27.2807,-32.0397,-23.7148,-29.3473,-25.7639,-24.1463,-27.1489,-28.8154,-23.9442,-32.5748,-22.8061,-149.957
361,7964,4040,101361,36062.3,25237.7,-55.7793,22.2778,-18.1807,1.49674,1.1576,1.00986,-6.83317,-2.50805,1.52997,-27.9172,29.4584,-33.019,-25.8564,-31.3019,-28.9132,-22.0717,-27.8404,-26.0369,-22.4797,-32.1497,-22.0411,-149.658
362,7986,2363,131791,50002.4,41535.2,-52.364,21.0876,-18.2223,1.34978,1.82114,4.00566,-5.53255,-5.18127,-1.44344,-27.494,29.4945,-36.64,-24.3503,-31.2689,-28.4518,-24.4555,-26.6313,-26.0454,-24.4885,-32.7185,-21.4825,-148.423
363,8008,3329,140042,41763.8,37589.3,-53.4255,20.2706,-18.928,1.39772,-0.809456,4.87107,-4.928,-6.78453,1.63609,-26.8254,31.4105,-34.8751,-23.4156,-28.9139,-27.3847,-25.0542,-28.7903,-25.2054,-24.3842,-33.1683,-21.7097,-148.013
