generation,agents,minScore,maxScore,meanScore,standardDeviation,w0,w1,w2,w3,w4,w5,w6,w7,w8,w9,w10,w11,w12,w13,w14,w15,w16,w17,w18,w19,w20,w21
0,50,0,5,0.566667,1.16511,-0.285194,-0.749806,1.87555,0.330694,-1.55992,-1.83787,1.67393,1.08461,-0.609395,-0.153691,2.44586,-1.87638,1.13273,-0.137631,-0.816488,1.46818,-1.05066,-2.42935,-2.8701,-3.28182,-2.23218,0.381127
1,100,0,4,0.3,0.915386,-1.45286,-1.59702,3.29569,2.41304,-0.379458,-2.92453,2.02276,0.598719,-4.68852,0.969961,3.14439,-0.964456,5.59812,-2.46351,-0.992327,3.13187,-1.81927,-1.84982,-4.4523,-2.61191,-4.07905,-0.142885
2,150,0,12,4.76667,3.0477,-2.53048,-0.922871,2.12409,0.852347,0.607271,-4.3422,0.75877,-1.00149,-5.2582,-0.756426,3.0087,-1.12962,4.61699,-1.29211,-2.47188,2.81206,-2.10683,-4.40823,-5.04907,-3.13123,-6.18672,-3.12702
3,200,0,10,3.9,2.5911,-3.58468,1.03728,-1.3781,-2.01062,-1.98873,-6.55817,1.62864,-1.92777,-6.8332,-0.330761,6.34248,-3.66605,1.06663,-1.30302,-2.22783,2.88495,-1.57728,-6.96625,-3.67101,-6.20881,-8.5368,-2.01633
4,250,0,8,2.7,1.96784,-1.96422,1.09822,-7.57271,-5.29967,-4.94322,-12.0275,6.22012,-2.91087,-5.62611,-2.65349,6.47545,-3.49229,4.55594,1.46769,-4.42643,1.43765,-1.70098,-8.75883,-4.97129,-6.41933,-4.82866,-0.827776
5,300,1,17,5.43333,3.82986,-2.82971,0.372332,-6.01252,-5.39964,-6.16349,-10.6241,9.56404,-2.10457,-7.64554,-6.5566,5.0532,-2.60342,5.37318,1.99497,-5.58068,0.592889,-2.64488,-11.6175,-3.8804,-9.64784,-5.3047,-4.19093
6,350,0,9,3.06667,2.37709,-2.61995,1.25298,-5.84362,-3.77606,-5.44767,-10.6087,12.2765,-1.69029,-7.44358,-6.59559,6.29299,-5.76664,5.80692,2.36777,-6.11161,-0.201024,-2.51062,-16.6152,-2.7956,-10.0338,-5.81622,-4.03296
7,400,0,11,5.3,3.39523,-2.61171,0.260588,-7.23402,-1.64044,-4.82104,-11.435,10.8361,-2.25323,-6.90995,-7.59711,4.22753,-12.0341,5.92452,1.1858,-6.72656,-0.367092,-4.0066,-15.3927,-0.38408,-11.6122,-3.98318,-5.77707
8,450,0,9,3.93333,2.65139,-3.24483,-2.06189,-1.7134,-1.5112,-3.37638,-11.0746,7.80379,-5.13263,-5.52077,-5.65816,4.64637,-12.9167,10.5939,0.617595,-8.13103,-0.147201,-3.35083,-15.0531,1.55723,-13.6543,-6.09253,-7.09572
9,500,0,13,4.6,3.32804,-2.757,-2.65698,-0.811196,-3.70859,-7.35667,-10.4562,5.22584,-8.26309,-5.66958,-5.40102,2.21109,-11.8752,3.18136,-2.10431,-10.4565,2.21901,-6.54874,-16.5216,4.57795,-11.2862,-7.09348,-5.36076
10,550,2,16,7.4,3.3487,-2.89462,-2.41272,-5.40445,-4.21693,-9.09934,-8.30923,3.57244,-12.4316,-4.83817,-7.18811,2.98444,-11.6706,0.553551,-3.61353,-9.87467,1.95126,-5.96031,-16.3441,3.15859,-11.1802,-7.92445,-4.94482
11,600,4,29,13.8667,6.06706,-1.47316,-4.57619,-9.87329,-5.65885,-8.67857,-7.25775,0.657968,-11.2561,-5.293,-7.27988,2.15284,-10.4172,-1.55929,-5.31198,-9.08057,3.47686,-6.72033,-16.4696,0.974196,-12.4344,-10.0964,-5.77665
12,650,8,47,19.7667,8.32397,-2.33117,-5.84788,-14.989,-4.21653,-9.63099,-7.2379,0.0467754,-8.09184,-5.75482,-6.46619,2.67679,-10.9963,-3.61936,-4.17015,-10.2468,-0.640615,-9.49619,-16.9909,-3.88967,-13.6174,-10.3105,-7.39579
13,700,13,67,31.7667,13.3563,-4.07756,-5.08802,-13.3065,-6.20882,-12.8289,-9.27371,0.363534,-11.7743,-5.20926,-8.52655,1.85069,-10.0005,-3.30055,-5.44099,-10.3199,-0.253261,-7.65427,-16.5355,-4.27224,-12.886,-11.4776,-8.53298
14,750,14,83,36.2333,15.8934,-1.11918,-4.38453,-13.9522,-5.01331,-13.1833,-9.15483,1.33401,-10.9205,-6.20683,-10.0717,1.8838,-8.54061,-6.14988,-3.68947,-10.0937,0.291719,-7.5742,-17.6673,-6.25065,-12.8399,-13.0342,-10.419
15,800,15,93,45.9333,16.9745,1.00869,-4.01455,-12.5869,-4.30092,-11.9302,-10.0804,0.629436,-10.9668,-6.59391,-9.81256,1.91777,-8.6666,-6.83454,-2.92344,-10.4281,-2.65491,-7.1874,-18.2468,-6.193,-12.4265,-15.6079,-11.6157
16,850,15,151,52.6667,23.9559,1.39514,-2.86415,-12.2399,-5.25197,-10.4191,-11.4483,1.81761,-9.5961,-5.72279,-8.43653,2.73643,-9.42702,-7.53991,-3.46266,-9.6511,-4.96362,-9.68893,-18.2933,-8.20815,-13.0234,-20.3982,-13.4648
17,900,12,70,39.7667,14.885,-1.12894,-2.68314,-10.7029,-7.48035,-9.83971,-10.9282,-0.639579,-12.1944,-6.33989,-7.57997,2.4462,-10.8594,-9.09243,-5.75219,-12.1071,-8.81218,-11.2761,-19.5736,-10.2373,-12.9061,-23.6353,-13.7923
18,950,18,105,53.4667,20.1507,1.08734,-3.37122,-9.67255,-6.91069,-10.321,-10.2635,1.24297,-14.5147,-6.6806,-6.71386,2.07366,-11.5626,-7.64902,-6.42636,-9.46901,-10.4677,-11.7275,-19.1789,-11.7936,-12.9585,-24.3872,-14.5687
19,1000,21,135,57.5667,26.0062,-6.31779,-4.22676,-9.19941,-5.7641,-11.4972,-10.9983,1.84463,-10.9376,-5.80729,-8.74347,-0.416685,-11.6012,-8.38173,-7.80238,-7.64576,-12.4968,-11.7045,-17.6863,-10.7676,-16.228,-24.5302,-16.5824
20,1050,24,156,69.1667,30.6291,-5.80152,-3.33582,-8.88575,-7.97942,-10.5347,-11.5807,-0.717713,-11.4074,-5.23061,-8.00235,-2.18878,-11.3752,-8.33204,-8.71947,-5.7363,-11.0663,-12.365,-17.4457,-13.1243,-16.1498,-25.6304,-18.2634
21,1100,23,135,63.9,32.7091,-8.80757,-3.82911,-9.06129,-8.13621,-11.5672,-11.275,0.110853,-12.1563,-5.72647,-10.1239,-2.89368,-11.7262,-7.97232,-10.3672,-6.12304,-10.9971,-12.3389,-15.419,-12.477,-15.0797,-25.4464,-20.1741
22,1150,33,197,100.4,42.3398,-11.4938,-2.3303,-11.1695,-8.97881,-11.1781,-12.4456,-1.50434,-13.7003,-5.49004,-10.7928,-1.96337,-10.0087,-8.80746,-9.70245,-5.458,-9.31455,-10.9921,-14.3269,-11.6487,-13.2133,-24.6089,-20.7906
23,1200,24,255,82.7333,53.1581,-10.5406,-2.04058,-10.8796,-8.56337,-11.081,-13.483,-0.956554,-14.6624,-5.69411,-10.2898,-1.64722,-10.0462,-9.486,-10.7307,-6.75645,-9.20455,-10.1894,-13.7087,-11.4549,-15.4918,-25.5104,-21.7538
24,1250,24,198,82.7667,42.058,-12.2716,-0.770554,-10.972,-9.45427,-12.1842,-12.4171,-1.57295,-15.1819,-6.65752,-10.486,-0.98538,-12.4955,-7.62128,-9.15505,-6.37332,-8.28745,-10.8654,-14.6123,-11.9869,-14.2511,-26.1399,-22.2741
25,1300,36,304,111.633,58.5588,-14.9222,-2.12113,-10.3844,-9.182,-12.744,-12.2073,-7.12025,-16.1365,-7.18624,-10.4919,-2.30125,-12.7624,-5.11181,-9.02851,-7.26353,-9.4357,-11.3087,-14.3597,-11.7047,-10.3874,-26.2156,-23.3664
26,1350,29,274,117.5,60.8938,-16.5531,-0.688832,-13.3897,-8.24718,-13.8099,-12.6929,-8.03584,-18.4579,-7.0649,-11.7331,-2.38506,-13.4319,-5.20362,-11.8621,-8.97113,-10.2697,-12.9438,-15.2747,-12.3868,-12.8554,-25.0804,-26.3661
27,1400,29,348,131.1,73.5941,-17.9562,-0.692601,-14.5171,-8.27179,-12.0804,-14.5584,-7.88774,-19.7291,-6.81328,-12.3371,-5.9085,-13.4608,-3.93762,-12.6078,-11.0036,-10.3579,-11.8609,-14.9999,-11.7789,-14.6163,-25.8985,-29.0893
28,1450,56,510,158.067,104.678,-11.6069,-1.63323,-13.6188,-7.861,-12.3032,-15.3225,-9.36272,-20.9493,-7.82336,-13.7502,-6.41667,-12.5011,-4.98849,-13.3242,-11.8205,-9.09647,-11.3752,-14.533,-11.2593,-15.1394,-25.2505,-31.0196
29,1500,69,391,178.267,86.3613,-10.7135,-1.75786,-16.4701,-8.17875,-12.9055,-15.7872,-9.47609,-21.6954,-8.17031,-13.8854,-4.59248,-9.87732,-3.88602,-13.0789,-11.1292,-9.66783,-11.2555,-15.9338,-12.1699,-18.5895,-23.1777,-31.1301
30,1550,41,1347,270.933,233.12,-5.67023,-2.65416,-17.3615,-7.60235,-16.0009,-16.9995,-8.08672,-20.0773,-10.4364,-15.0929,-6.64474,-10.3542,-5.1536,-12.97,-12.0566,-11.6564,-10.7393,-14.4954,-12.8297,-14.7477,-21.8391,-34.0936
31,1600,58,890,251.6,196.122,-6.89239,-1.4918,-18.0905,-7.54333,-16.9717,-16.7402,-8.64969,-19.6099,-10.5738,-13.4182,-6.49671,-9.68167,-6.43492,-15.7074,-13.317,-10.7691,-10.0995,-14.3159,-12.3488,-16.6055,-21.73,-37.3033
32,1650,113,770,299.167,169.477,-5.30007,-2.45543,-19.5773,-6.42612,-17.7011,-15.8921,-8.17776,-19.4222,-11.2259,-12.8636,-5.27013,-10.8396,-7.1944,-15.1746,-14.5064,-10.3698,-11.6509,-14.882,-11.8903,-16.5963,-22.1982,-37.1917
33,1700,38,1084,310.967,260.099,-8.33677,-1.41093,-18.9327,-7.19248,-19.0007,-15.4012,-6.83086,-20.0161,-11.6799,-13.0013,-5.53498,-9.41115,-7.07897,-14.6048,-14.7845,-10.5916,-9.94197,-14.942,-11.0223,-15.2733,-20.6731,-38.9035
34,1750,53,1085,358.533,245.734,-7.87981,-0.578545,-19.7565,-8.16956,-16.9517,-17.0134,-8.18679,-19.7612,-10.4262,-15.5894,-7.42965,-8.05283,-6.71441,-14.9957,-14.45,-11.1414,-11.0549,-12.8708,-11.0647,-15.0241,-21.9989,-40.109
35,1800,74,2069,356.6,392.438,-7.16236,-2.6107,-18.6844,-8.03122,-17.0454,-17.4672,-10.7029,-20.3775,-9.50385,-15.4305,-6.58925,-10.9931,-7.06272,-13.4824,-14.0385,-12.7689,-10.3323,-14.5837,-10.4046,-12.8063,-19.3839,-41.9579
36,1850,69,1823,499.233,430.046,-9.82256,-1.83342,-21.0231,-7.84966,-19.0286,-17.0216,-9.92577,-19.9301,-10.011,-16.0014,-7.40908,-11.1442,-6.79293,-10.9127,-15.2484,-11.4466,-10.5849,-14.4235,-10.2373,-13.7427,-19.5445,-43.5026
37,1900,115,3685,836.867,743.42,-11.3918,-2.2892,-22.3736,-10.3935,-18.8013,-16.0246,-11.3547,-19.197,-9.9268,-16.9604,-3.59954,-13.0724,-8.9698,-10.6869,-14.4457,-12.0344,-11.7331,-13.3055,-10.0399,-13.5484,-20.9912,-44.5902
38,1950,60,3991,766,878.529,-11.1737,0.459633,-21.0905,-11.8924,-19.1967,-16.3876,-11.0297,-19.819,-10.2634,-16.7485,-3.24876,-14.3103,-9.78126,-11.0089,-14.8292,-13.7626,-11.9266,-11.3044,-9.0432,-13.0418,-19.7218,-45.8376
39,2000,53,1229,449,277.829,-12.9807,2.26458,-21.964,-12.6057,-19.6393,-15.6248,-9.88461,-18.019,-10.6599,-16.7077,-2.4383,-14.457,-10.5582,-9.81798,-16.4788,-14.558,-12.4497,-11.5494,-7.33777,-14.5686,-23.0523,-46.6885
40,2050,123,1992,561.3,415.198,-13.2068,-0.10036,-21.4909,-12.9185,-19.8179,-15.273,-10.9766,-17.7324,-11.9141,-17.0441,-4.31589,-12.0929,-11.2047,-9.85757,-16.3159,-14.8688,-11.6382,-10.6914,-9.60459,-13.1055,-23.4248,-48.5432
41,2100,62,3446,696.867,725.503,-13.3327,-2.32967,-21.3341,-12.7893,-18.8696,-16.4872,-12.7094,-17.2997,-11.44,-17.2729,-5.23001,-10.777,-9.44934,-8.14792,-17.4792,-13.7469,-13.0577,-11.0185,-9.05559,-11.7693,-23.0563,-50.0157
42,2150,126,1973,718.2,572.788,-15.3721,-4.79017,-20.7226,-13.6152,-18.0632,-17.8312,-13.1309,-18.6006,-13.6551,-17.8776,-5.66131,-11.2695,-8.57643,-9.45007,-17.9501,-13.1913,-12.9818,-11.2474,-10.7322,-11.6062,-23.2658,-51.0638
43,2200,154,4236,1243.13,1122.54,-15.1421,-5.86871,-21.4091,-14.0133,-18.3892,-17.1828,-14.2834,-18.5684,-15.2153,-18.4883,-5.6817,-11.6104,-8.6531,-10.779,-17.6599,-12.1307,-13.7451,-11.9201,-12.1793,-12.313,-20.0057,-51.2383
44,2250,218,2567,873.267,607.258,-16.3262,-5.58415,-22.0047,-13.1496,-19.4871,-16.5173,-16.4055,-19.0868,-13.8354,-19.1028,-7.50604,-11.314,-10.5773,-9.96891,-18.9588,-11.5747,-15.5254,-11.6603,-14.8378,-14.4825,-18.7189,-52.4086
45,2300,53,3362,689.367,712.786,-16.7695,-6.1013,-20.5157,-13.6565,-18.5628,-17.5456,-16.1895,-19.4527,-14.3537,-18.8547,-7.91449,-11.5246,-11.1407,-11.4279,-18.893,-12.4103,-17.1792,-13.7576,-14.5101,-14.8108,-19.1544,-52.2076
46,2350,68,3437,870.7,708.755,-13.2108,-6.36144,-19.6696,-13.5186,-18.8975,-18.9689,-17.3791,-18.0318,-15.3729,-19.3707,-8.40615,-11.3616,-11.6208,-12.3227,-19.248,-11.486,-17.6073,-13.1042,-14.7274,-17.4356,-16.3645,-53.9911
47,2400,45,3210,816.8,779.66,-10.9711,-7.23158,-20.2103,-13.0655,-16.7678,-17.8386,-16.7067,-16.9223,-16.1862,-20.0103,-8.31931,-11.6522,-9.21646,-12.5631,-17.8706,-13.9214,-14.8991,-12.2445,-15.7131,-17.1756,-17.4834,-55.4902
48,2450,111,5858,1065.83,1178.2,-11.048,-7.90201,-19.1577,-12.5221,-16.4495,-17.4128,-16.0261,-17.0295,-16.7768,-20.0523,-8.03128,-11.8748,-10.1772,-13.1754,-17.5679,-13.9806,-13.2386,-14.2921,-14.7333,-15.865,-16.0809,-55.9861
49,2500,38,3106,1132.73,894.485,-9.47324,-7.39088,-18.7537,-12.5192,-15.9859,-15.3982,-15.9937,-16.6454,-18.4272,-17.5827,-7.32882,-13.3438,-10.012,-12.3761,-17.189,-14.626,-14.2852,-14.6415,-15.3745,-14.9936,-15.8794,-56.3966
50,2550,86,3587,1096.5,1027.94,-6.85294,-6.32001,-20.8141,-13.2659,-16.893,-15.5642,-16.5856,-15.8697,-16.1763,-19.4947,-7.06115,-14.4452,-10.2283,-12.921,-17.4669,-15.104,-15.1639,-14.714,-14.3341,-15.7025,-16.65,-57.6629
51,2600,205,5727,1327.83,1266.75,-6.59669,-6.44649,-21.2763,-13.9606,-16.2654,-16.262,-17.2077,-14.9312,-15.4961,-20.2267,-7.06114,-14.2823,-10.7223,-10.8128,-17.196,-14.4249,-16.0052,-14.0145,-14.2234,-15.4899,-15.7752,-58.2618
52,2650,134,5768,1113.6,1150.94,-6.91921,-8.28923,-20.1471,-12.2994,-16.2683,-16.0159,-15.9148,-13.7315,-15.7482,-18.8789,-5.32821,-14.6927,-11.0201,-10.8729,-17.5466,-14.4171,-15.9367,-16.4376,-15.0157,-16.3049,-14.6856,-59.2177
53,2700,88,3078,801.033,614.135,-6.76245,-9.36084,-19.9806,-11.9461,-15.9922,-15.8235,-14.4736,-14.9283,-14.2053,-18.2563,-5.38071,-16.3746,-11.0909,-12.1689,-16.3893,-14.8213,-15.0095,-16.4177,-14.5322,-17.2166,-14.7483,-60.501
54,2750,123,7476,1881.23,1830.48,-6.96913,-9.26061,-19.4128,-13.0977,-18.2494,-16.0029,-16.0698,-15.025,-12.7045,-19.8823,-5.1276,-17.436,-11.2166,-10.4735,-16.2755,-14.61,-15.5637,-17.7156,-13.1997,-17.6419,-14.1479,-61.167
55,2800,78,4501,1068.8,1090.74,-7.42354,-8.59139,-19.7498,-13.4316,-18.0283,-15.641,-14.923,-15.0281,-11.4303,-18.8693,-6.06904,-18.5512,-11.1612,-11.0452,-16.9803,-15.0883,-16.853,-18.0372,-13.8926,-17.9356,-13.9848,-59.0592
56,2850,129,3720,1129.17,795.019,-7.92363,-10.2975,-20.5578,-13.3561,-17.7624,-17.0371,-14.2539,-14.4241,-13.2427,-18.4155,-5.70819,-16.8862,-9.39687,-12.2045,-15.5252,-15.0547,-17.3965,-17.5248,-11.2115,-16.9584,-12.9677,-60.4962
57,2900,187,5014,1340.4,1114.25,-10.2362,-9.64449,-19.1828,-13.5689,-17.6781,-16.6895,-13.5877,-12.0328,-11.7807,-19.064,-5.42777,-17.3226,-8.45393,-12.1616,-16.4284,-16.0043,-17.0379,-16.026,-11.7511,-18.1682,-13.0732,-60.8847
58,2950,154,7448,2029.2,1797.68,-12.6162,-7.27597,-18.4496,-13.8091,-18.1895,-16.2828,-13.9429,-14.0324,-12.8984,-17.4749,-5.34218,-15.3568,-8.9337,-11.691,-16.5331,-15.2971,-16.6789,-15.7426,-11.0208,-17.6214,-11.5561,-63.2444
59,3000,176,9998,2255.77,2090.37,-11.1011,-5.20467,-19.4924,-13.8547,-16.5871,-16.3627,-13.429,-13.3384,-13.3841,-17.1775,-4.65932,-16.4789,-8.82138,-12.328,-16.9198,-15.8193,-16.1007,-15.2505,-11.9309,-19.5462,-10.8758,-64.3044
60,3050,167,16428,2265.33,3123.28,-10.7957,-4.37139,-18.907,-14.3362,-16.9391,-14.8929,-13.2821,-12.9913,-14.9144,-17.0112,-4.63959,-15.4785,-9.97244,-13.1349,-16.9996,-16.3796,-15.5472,-16.3858,-12.8348,-19.0833,-11.6834,-65.3636
61,3100,62,5877,1929.57,1514.28,-8.95087,-3.38244,-18.3486,-14.5625,-15.9939,-13.5741,-11.3719,-10.6206,-14.3333,-17.2656,-5.57655,-16.7904,-10.1394,-11.9408,-18.159,-14.4398,-15.0947,-16.9105,-13.7646,-21.3352,-11.1924,-65.5857
62,3150,15,5520,1803.7,1370.4,-8.94687,-2.90204,-18.0049,-13.9391,-14.6597,-11.6784,-10.2329,-11.2676,-13.5356,-16.3096,-4.81269,-16.5395,-10.7556,-11.3881,-18.9717,-13.3512,-16.2364,-16.7775,-14.0647,-22.2376,-11.468,-65.5524
63,3200,439,7672,1827.63,1641.49,-8.5767,-3.01472,-18.3362,-12.7372,-16.4735,-13.3246,-12.328,-12.2408,-13.199,-15.8581,-4.98265,-17.0763,-10.9705,-11.4356,-19.6608,-14.9736,-17.1248,-15.6513,-13.6399,-22.5426,-11.4589,-67.3098
64,3250,171,5823,2071.13,1814.65,-8.26397,-3.08266,-19.7371,-14.8222,-16.7404,-14.5328,-14.1523,-12.5027,-12.4252,-15.5216,-5.40287,-16.4268,-11.1798,-11.698,-21.9179,-16.0229,-16.06,-15.8177,-14.1448,-22.7693,-10.8638,-67.3418
65,3300,108,4100,1609.37,1205.48,-8.87143,-3.64795,-20.3683,-14.8421,-17.6589,-14.6315,-14.1991,-12.7356,-12.3142,-13.2715,-7.89995,-16.2611,-10.0553,-13.7962,-20.9229,-17.2016,-15.6066,-15.5818,-13.2377,-22.7784,-11.1754,-69.2062
66,3350,334,4518,1717.43,1160.41,-8.41325,-2.85938,-20.6283,-16.1481,-16.383,-14.5761,-15.7497,-12.9471,-10.8619,-14.3444,-8.7274,-15.078,-9.80173,-15.372,-21.6903,-15.7553,-16.7282,-16.2462,-12.3294,-22.2877,-11.508,-68.9136
67,3400,88,6005,1364.3,1525.42,-9.88202,-2.39631,-21.4598,-16.903,-15.5288,-14.3134,-15.5392,-12.2748,-11.2204,-14.0359,-7.13674,-14.9812,-9.51032,-16.3256,-21.4101,-14.8387,-17.4713,-15.5778,-13.0625,-22.2766,-13.2853,-67.5565
68,3450,153,5538,1621.77,1277.13,-11.485,-3.68485,-20.8361,-16.0575,-15.2426,-12.8808,-18.6381,-12.6063,-13.1794,-13.4843,-7.45373,-13.4696,-9.69153,-15.9425,-21.3583,-13.628,-17.6953,-14.5634,-13.4399,-22.4744,-13.6655,-68.043
69,3500,186,7695,1682.37,1594.72,-11.9091,-3.78307,-19.9713,-15.45,-16.0647,-13.6275,-17.8417,-13.7371,-13.6511,-14.7786,-7.58113,-12.2853,-11.3706,-15.1156,-19.3895,-13.4196,-17.4075,-15.402,-12.9941,-23.3791,-12.8234,-68.1539
70,3550,74,7705,1621.87,1645.61,-13.4132,-4.94338,-20.2145,-17.5412,-14.5785,-13.5533,-15.8103,-12.9125,-15.0625,-14.8797,-8.51132,-11.2233,-13.4488,-16.0923,-19.3047,-15.1236,-16.1152,-16.9674,-12.5494,-23.0801,-12.2528,-68.5077
71,3600,112,5814,2318.1,1723.26,-13.2041,-3.85495,-19.1493,-16.2484,-14.784,-15.651,-15.5932,-15.0818,-14.4255,-16.777,-6.03986,-13.3434,-14.2556,-16.4047,-18.2161,-15.5408,-15.6921,-16.8829,-12.7641,-23.1812,-12.4147,-68.8143
72,3650,168,5704,1789.7,1643.73,-13.2407,-4.31714,-19.2399,-16.2742,-16.7179,-15.0893,-15.2605,-13.9446,-12.0758,-17.6395,-6.82032,-13.5835,-14.0544,-17.447,-17.7364,-16.2345,-15.4505,-15.6827,-13.33,-24.1717,-11.5005,-70.78
73,3700,89,4494,1682.23,1311.19,-12.4115,-4.34465,-18.282,-16.0666,-17.5254,-15.1322,-14.4064,-15.1478,-10.693,-17.2049,-6.5714,-12.6384,-15.657,-17.6773,-16.8298,-15.6829,-16.0764,-16.7763,-15.4037,-25.3307,-11.0359,-71.2368
74,3750,97,7580,2051.93,1811.69,-7.68396,-3.48335,-18.3335,-15.5614,-16.9476,-16.4711,-13.0739,-15.8288,-10.5181,-16.7678,-6.86843,-15.1858,-16.0844,-18.2534,-16.6553,-16.4281,-16.0988,-17.9111,-16.5405,-26.1522,-10.2098,-72.3171
75,3800,102,14397,1995.07,2978.2,-6.4242,-2.37011,-17.1593,-16.6657,-15.8168,-18.0672,-13.654,-12.7111,-9.94456,-17.4961,-5.45725,-16.2195,-15.598,-18.0287,-16.6964,-13.8739,-15.7747,-18.6898,-15.8988,-26.7977,-9.65519,-71.947
76,3850,136,6654,1834.27,1805.01,-7.76321,-2.10276,-15.795,-15.5025,-16.0359,-17.3928,-13.6843,-11.914,-10.3852,-18.0387,-5.50947,-16.1394,-15.9269,-18.5632,-19.2827,-16.1134,-17.1135,-18.2533,-14.9939,-27.1527,-8.86716,-72.0307
77,3900,225,6504,1917.87,1714.72,-9.33888,-1.2803,-17.5194,-15.2089,-15.6189,-17.0259,-13.2691,-12.5701,-11.8283,-19.4423,-6.68753,-16.1914,-15.4107,-17.2227,-18.806,-18.8819,-17.3115,-19.1915,-13.442,-26.9816,-8.72213,-73.1258
78,3950,91,15541,2701.43,3574.34,-8.20494,-0.120894,-16.8984,-14.461,-17.0869,-16.9014,-13.5708,-14.9669,-11.3487,-17.491,-5.80235,-15.4585,-16.7879,-17.9744,-17.8316,-16.6612,-18.4158,-20.2754,-12.5146,-25.097,-7.4864,-73.0552
79,4000,155,12712,2597.17,2681.4,-8.75714,-0.612412,-16.1679,-16.6468,-16.6989,-16.3338,-13.0812,-15.1739,-10.7427,-17.3986,-4.39408,-18.7909,-16.8378,-18.6034,-14.8701,-16.0928,-18.5023,-21.2327,-14.0702,-25.5395,-8.22291,-74.39
80,4050,84,7788,1852.97,1857.17,-9.79693,-1.77703,-17.1547,-16.2756,-15.5976,-16.1025,-12.4734,-15.5426,-9.66241,-16.8212,-4.98669,-18.7353,-15.7175,-20.069,-14.6755,-14.6227,-16.7322,-21.2085,-16.0426,-25.3482,-9.86213,-75.4163
81,4100,116,6065,2093.77,1564.59,-9.33591,-1.98923,-17.2097,-16.9444,-15.5515,-14.1627,-14.4564,-16.1813,-8.96321,-16.3799,-6.18553,-17.7413,-15.576,-21.2595,-13.4495,-14.8326,-18.1096,-20.7191,-15.4463,-24.9462,-9.59658,-76.48
82,4150,118,9566,2725.83,2457.13,-10.4614,-1.64373,-19.5259,-18.471,-14.7271,-11.6592,-13.7378,-16.1451,-11.6034,-15.1439,-4.8344,-19.3511,-14.9109,-20.1259,-14.5195,-14.6595,-18.4964,-19.7135,-15.7475,-25.2397,-8.922,-78.1792
83,4200,120,12427,2902.7,2868.38,-10.4445,-1.37291,-19.5873,-18.0276,-14.5271,-12.511,-13.7838,-16.1912,-12.2923,-15.7435,-6.37716,-19.8951,-15.4489,-21.2816,-15.2828,-15.8437,-18.2312,-21.1042,-14.9937,-23.5769,-7.52293,-80.1474
84,4250,246,14554,3249.13,3272.75,-12.8519,-0.405009,-20.0711,-18.3127,-15.4475,-14.1767,-14.7653,-13.8518,-10.9554,-15.2882,-8.70645,-18.865,-16.5061,-22.5081,-16.518,-16.9451,-17.6499,-20.1918,-16.2573,-24.7902,-6.90595,-79.2198
85,4300,101,11652,2796.73,2767,-13.0017,0.0392211,-20.1923,-16.8603,-15.4384,-14.8209,-15.8957,-14.0308,-9.83427,-15.2036,-7.62774,-18.393,-16.0559,-23.4796,-16.5316,-16.2099,-17.9001,-19.9125,-15.8577,-23.908,-6.34686,-79.1678
86,4350,117,6137,1926.9,1704.53,-10.6887,0.457027,-20.5211,-16.1753,-15.3625,-14.815,-14.1402,-12.1963,-9.40923,-14.9148,-9.1371,-18.0538,-14.8442,-23.9598,-16.0375,-16.6408,-17.5767,-19.1743,-15.935,-23.2458,-5.06575,-80.861
87,4400,173,20424,2736.47,3723.39,-11.6402,-0.411893,-20.0206,-16.6377,-16.0239,-15.2343,-12.2361,-12.5863,-10.7369,-14.3507,-9.42644,-18.7974,-13.9764,-22.1987,-17.1783,-16.8446,-15.6933,-19.8152,-15.4238,-25.6041,-5.61076,-79.6955
88,4450,124,5354,2018.7,1580.62,-13.3592,-0.254565,-20.3247,-15.5392,-16.7569,-15.3916,-12.7071,-14.9538,-8.44971,-15.0828,-9.59759,-18.4937,-14.6358,-24.0333,-19.5337,-19.6105,-14.8742,-21.2456,-13.5955,-25.3802,-5.85871,-79.2059
89,4500,235,8914,2583.4,2087.77,-17.7164,-0.483943,-21.2093,-15.3522,-15.7193,-15.3144,-13.4057,-15.1437,-7.25635,-15.4911,-8.63084,-18.8155,-14.6442,-23.241,-21.0614,-19.1545,-16.499,-20.5982,-13.3009,-25.396,-5.10433,-79.882
90,4550,63,7656,2170.97,2045.28,-17.7592,-0.375334,-22.124,-16.6293,-14.5922,-15.0016,-12.9426,-15.0423,-8.03747,-14.5614,-8.77208,-18.9482,-14.4581,-21.4705,-20.2622,-20.3854,-17.5254,-20.8239,-13.5324,-26.3529,-4.7133,-80.958
91,4600,222,10105,2978.2,2487.66,-16.2057,-0.181355,-22.4665,-13.8411,-15.1001,-16.0588,-11.5141,-15.3714,-8.28862,-15.123,-8.35441,-19.0356,-13.9252,-20.2264,-21.1116,-20.7488,-16.5046,-20.932,-13.4968,-24.8848,-4.66027,-83.3542
92,4650,320,16776,3533.2,3522.71,-15.9508,1.17042,-22.873,-13.6004,-13.9343,-14.2349,-11.0395,-15.2419,-8.98796,-15.328,-8.0017,-18.8083,-15.7154,-19.9583,-22.318,-19.8607,-17.6081,-20.2726,-15.1753,-26.6498,-6.08506,-84.4759
93,4700,118,9261,2643.13,2268.36,-15.4591,0.828156,-23.7101,-14.3132,-13.3456,-14.1262,-9.02072,-15.6462,-8.65519,-14.1228,-7.80153,-18.9214,-16.7726,-19.1527,-24.3534,-17.978,-17.6805,-19.1446,-15.7134,-27.0096,-6.71727,-85.6276
94,4750,93,11917,2902.03,2565.57,-14.1742,1.88412,-22.4666,-14.2842,-11.147,-14.4755,-9.12713,-15.374,-9.84893,-13.073,-7.67957,-19.1314,-16.911,-19.1626,-25.5635,-16.9044,-17.5834,-19.8457,-14.439,-24.7511,-7.40092,-85.0786
95,4800,239,10944,3431.77,2939.21,-13.8641,2.80515,-22.6447,-13.5118,-9.5109,-12.5655,-7.89513,-14.3855,-9.69926,-14.0138,-5.97936,-19.3687,-15.8394,-17.5889,-26.5743,-17.1395,-17.9319,-19.996,-13.7006,-24.1056,-8.12597,-85.6227
96,4850,370,14161,4672.4,3391.99,-14.5246,0.782177,-22.438,-13.3286,-9.92842,-14.2641,-10.66,-12.7344,-8.92225,-13.1915,-6.33997,-19.4324,-15.4995,-18.3791,-27.1205,-17.027,-17.8172,-19.3151,-14.0072,-24.8651,-7.83934,-89.6036
97,4900,470,14585,3462.27,3225.99,-17.8501,1.56422,-20.8063,-11.6583,-10.3965,-14.3158,-11.1389,-11.0394,-9.49066,-11.7387,-5.90346,-20.3691,-16.3062,-17.4727,-27.4742,-16.1321,-18.4166,-20.0256,-15.2,-24.7474,-7.13854,-92.3617
98,4950,227,7729,2550.03,1932.78,-17.9153,1.88144,-19.862,-12.1274,-10.9906,-13.8024,-12.4726,-10.4595,-12.3578,-11.8264,-5.99883,-20.0615,-15.9886,-16.616,-28.2865,-16.4081,-18.6661,-20.3421,-15.3495,-28.0392,-9.06498,-91.2615
99,5000,79,19831,4654.13,4603.27,-20.4584,2.33867,-19.9225,-13.5826,-10.5333,-16.2388,-11.5507,-10.6091,-12.7706,-11.2242,-6.16899,-20.2463,-17.4801,-17.6404,-26.6222,-17.0628,-18.7251,-18.5266,-14.428,-27.1848,-9.04152,-92.7468
100,5050,118,15929,3723.03,3529.33,-19.2306,1.66663,-19.8902,-15.8336,-9.42358,-18.3264,-11.6594,-11.1816,-13.0643,-13.1108,-7.01202,-21.6467,-17.4788,-18.1884,-25.2929,-17.7908,-18.783,-19.107,-13.3503,-29.2775,-9.87336,-93.3873
101,5100,57,5300,1999.77,1529.42,-20.0175,1.58092,-19.4909,-14.9943,-11.0132,-17.1347,-12.48,-13.185,-16.309,-12.8267,-7.64288,-22.3793,-18.3711,-19.0802,-25.6909,-19.6195,-20.9869,-19.9566,-13.7511,-30.9053,-11.4432,-94.8789
102,5150,389,11035,3406.53,3134.6,-15.08,0.951687,-21.2734,-14.6081,-9.33893,-19.1563,-10.6043,-13.0323,-17.7015,-15.4257,-7.64768,-22.2801,-17.6187,-19.3342,-24.5225,-20.9885,-19.9533,-20.4317,-12.6845,-30.1501,-9.71085,-94.9517
103,5200,104,14537,3101.37,3161.89,-14.3548,0.67466,-21.1024,-13.0278,-8.43919,-18.0694,-9.23892,-11.9754,-18.3227,-12.6366,-8.52493,-23.0279,-17.8484,-19.2567,-23.1702,-21.1399,-18.63,-19.977,-11.2462,-29.5171,-10.1531,-96.5986
104,5250,201,9632,2894.03,2266.94,-18.1357,0.139407,-21.8237,-13.4412,-8.53075,-16.6606,-7.23512,-12.4107,-19.1864,-12.5376,-8.90703,-24.0936,-17.7415,-19.4751,-22.4877,-21.7162,-20.4487,-22.3663,-11.0512,-29.6272,-10.4144,-99.7141
105,5300,61,14518,3630.17,3398.2,-23.4145,-0.769019,-21.7778,-13.3612,-8.06936,-18.2685,-6.87537,-12.3698,-17.6161,-11.8223,-10.1879,-23.378,-18.9036,-20.5086,-22.8024,-22.6612,-18.7026,-23.0154,-11.9195,-28.3737,-10.243,-100.235
106,5350,503,11419,3515.6,3373.41,-24.956,0.337251,-22.187,-11.4391,-8.85207,-16.7146,-7.98497,-13.3694,-17.5609,-10.7408,-9.32151,-24.584,-18.8898,-18.8071,-23.0289,-22.6041,-18.7913,-23.2122,-11.2608,-29.8435,-9.36687,-99.8199
107,5400,99,8108,3660.2,2493.49,-27.4949,2.24088,-20.9875,-12.7794,-8.52713,-15.68,-8.61542,-12.3963,-16.9657,-10.4369,-10.2251,-22.18,-17.9543,-18.7532,-23.2362,-22.3,-18.818,-22.6881,-10.8391,-29.2759,-10.0795,-100.255
108,5450,135,10465,3439.53,2983.94,-23.9,3.43936,-22.934,-14.2724,-7.55207,-17.2847,-8.38352,-13.2874,-16.8316,-10.0499,-9.96515,-23.7247,-18.9193,-19.3716,-21.7496,-21.7748,-20.63,-19.3804,-11.6136,-29.666,-8.07623,-102.024
109,5500,251,13988,3134,3398.33,-21.3113,2.16356,-23.542,-14.4506,-7.82527,-15.5917,-10.0463,-13.2785,-20.1644,-9.53239,-9.08514,-24.271,-17.2811,-19.7941,-22.1674,-21.2886,-21.7407,-20.5604,-12.6795,-28.7106,-9.63268,-101.965
110,5550,40,10079,2857.03,2672.14,-15.9605,1.79763,-23.2595,-14.0439,-9.14715,-15.2862,-9.76211,-12.5247,-20.7107,-7.96326,-9.24475,-25.6656,-17.919,-19.4323,-21.7392,-20.544,-22.3521,-21.1424,-11.6533,-29.3084,-10.3839,-101.224
111,5600,332,7992,2269.6,2059.44,-14.2922,1.97682,-23.7718,-12.8908,-9.36016,-17.9545,-10.6801,-12.5606,-22.2603,-8.45826,-7.08784,-25.7626,-16.5537,-19.5374,-21.6003,-21.9459,-20.7479,-22.0944,-13.9907,-29.4467,-10.8721,-103.034
112,5650,311,15331,3706.97,3713.8,-16.219,4.92484,-22.2529,-13.2538,-9.10569,-18.5357,-10.5487,-11.0509,-21.3939,-8.097,-6.05034,-27.126,-16.6158,-18.4921,-22.7031,-21.0561,-20.9965,-20.2125,-13.7527,-29.2492,-10.2349,-104.526
113,5700,177,11033,2582.83,2431.95,-9.95574,4.17054,-20.8435,-16.12,-7.17132,-19.3119,-12.1001,-11.076,-19.8503,-6.71742,-5.62148,-27.1631,-19.0811,-18.853,-22.8105,-19.3893,-21.3948,-20.4217,-15.637,-29.2484,-11.484,-105.342
114,5750,18,13322,3981.97,3656.1,-13.6922,3.8662,-20.0538,-16.563,-7.69685,-19.2284,-11.8054,-10.1293,-20.2813,-8.34862,-3.85642,-27.8837,-20.3633,-18.4442,-24.3299,-19.1995,-21.5494,-21.6611,-16.5532,-28.4421,-12.7362,-105.994
115,5800,462,17249,4314.07,3871.02,-19.3201,4.04069,-20.4869,-16.0991,-8.99246,-17.7531,-11.5167,-9.00339,-20.2872,-8.51504,-2.06955,-25.3923,-20.3962,-16.5238,-24.8625,-19.3775,-21.8243,-20.7388,-18.2357,-28.2186,-14.1422,-104.937
116,5850,244,13335,3574.2,3212.97,-29.5405,4.65675,-19.1977,-15.001,-9.35944,-16.3139,-11.9054,-14.0479,-19.6953,-8.17647,-0.885233,-25.4635,-19.9778,-16.1627,-25.6164,-19.4505,-23.3656,-20.7822,-18.3909,-28.6465,-13.4787,-103.362
117,5900,226,8912,2827.67,2284.32,-30.5602,3.64541,-18.8303,-15.7326,-10.743,-15.5961,-12.6042,-15.4705,-19.1098,-8.08357,-0.860706,-26.0346,-18.3955,-18.8588,-25.5219,-18.977,-22.594,-20.8649,-18.4297,-27.6744,-14.4109,-103.519
118,5950,165,15720,3457.5,3732.02,-26.6513,2.15569,-19.9269,-13.7996,-12.6044,-15.8169,-13.5911,-13.5891,-19.466,-8.88214,-0.383967,-24.3671,-17.2056,-19.7378,-25.1282,-17.7169,-22.6069,-22.2651,-18.106,-28.131,-14.8644,-103.066
119,6000,242,9379,2847.33,2557.94,-32.0461,2.89662,-19.3288,-15.838,-9.53412,-14.4639,-11.9033,-16.1977,-19.1727,-7.93497,0.132927,-23.3196,-15.3163,-19.8794,-24.1525,-17.5193,-22.4771,-21.2963,-19.7875,-27.5942,-15.8366,-101.941
120,6050,241,12896,3403.2,3490.3,-25.7517,4.13538,-19.13,-15.291,-8.64664,-14.0809,-11.5822,-14.5727,-18.2295,-7.87932,0.182423,-21.3459,-13.9875,-21.1495,-22.6768,-18.2643,-22.525,-20.1357,-21.1887,-28.6436,-16.4001,-102.238
121,6100,39,11989,2845.27,2612.91,-31.0144,4.00649,-20.3397,-16.3227,-8.27284,-14.5333,-12.4866,-12.2638,-18.3555,-9.55767,-0.0721,-19.9858,-13.5316,-20.4482,-22.5943,-20.6907,-22.2709,-19.4856,-20.1095,-30.5771,-15.435,-103.378
122,6150,74,13240,5002.2,3803.69,-34.5973,4.12447,-20.112,-15.0265,-9.86027,-12.9047,-11.9809,-15.1627,-18.075,-9.45902,0.622165,-18.5114,-13.5142,-21.0031,-22.45,-20.3295,-23.1124,-20.1368,-22.7053,-30.8871,-16.4905,-105.017
123,6200,494,29000,5393.2,7069.9,-31.5149,4.78033,-17.9753,-14.0586,-10.9416,-12.8718,-11.0684,-12.7747,-15.0742,-7.97493,0.166251,-20.0682,-14.6015,-20.8102,-21.7557,-19.0538,-24.6705,-21.362,-21.0321,-31.1015,-15.7243,-104.392
124,6250,275,18703,4371.5,4514.47,-28.8583,4.7821,-16.3891,-12.3688,-10.3958,-10.5734,-9.10067,-12.5754,-16.0008,-7.78106,1.30515,-21.586,-13.2325,-21.7174,-22.5628,-19.0391,-24.8566,-20.9363,-21.6177,-31.8142,-15.1192,-106.759
125,6300,393,40471,8274.9,8222.53,-28.4518,5.20118,-15.9729,-10.7163,-11.2568,-9.81586,-9.27535,-10.099,-14.9924,-7.72971,-0.595052,-21.8137,-13.5097,-21.3764,-22.7758,-19.9896,-23.7781,-21.9181,-20.4857,-31.2819,-13.6066,-107.985
126,6350,93,32289,7725.6,7504.31,-30.8902,5.08563,-15.8141,-11.3744,-11.7555,-9.64875,-8.96908,-13.1099,-15.3557,-7.90903,-0.453919,-21.7934,-13.9713,-21.3957,-21.9491,-19.2154,-25.2032,-21.6557,-18.7939,-31.2146,-11.2635,-109.037
127,6400,365,16498,4371.4,4289.1,-25.0838,5.14786,-15.633,-13.208,-10.2591,-7.13377,-8.43857,-12.8445,-14.5312,-7.63181,-1.59645,-23.0376,-13.4478,-22.279,-23.3196,-21.0169,-26.9823,-20.7879,-19.1831,-31.049,-10.7204,-109.654
128,6450,460,44969,7343.1,8537.35,-25.6531,5.5253,-15.9337,-11.9852,-10.0915,-6.14083,-7.13734,-12.32,-13.822,-7.3195,-0.953935,-22.9095,-14.3537,-22.446,-23.4206,-22.1167,-24.3232,-19.8214,-20.2833,-30.3132,-10.6971,-110.169
129,6500,646,43522,13634.6,11100.7,-27.7687,6.47399,-18.2026,-8.87465,-10.6647,-6.38632,-6.43747,-11.3048,-13.298,-6.82886,0.334446,-21.781,-14.8119,-23.8511,-23.3998,-22.4705,-23.8744,-21.3421,-20.0377,-31.4292,-10.6801,-112.353
130,6550,144,44328,10846.9,11093.6,-26.2811,6.75828,-18.5465,-8.56044,-10.1147,-5.22919,-7.59772,-11.6932,-14.0972,-6.26317,1.23242,-24.732,-15.456,-24.8471,-24.889,-22.7074,-23.3414,-21.3551,-20.3835,-31.0242,-12.1198,-112.493
131,6600,199,28819,8820.1,6465.28,-27.8629,6.6895,-19.3289,-8.32218,-10.0752,-3.93513,-7.60693,-12.1605,-13.6406,-5.49749,0.764652,-24.4496,-16.979,-23.7825,-24.235,-24.0751,-22.3999,-21.2232,-19.1317,-29.8537,-11.3092,-113.924
132,6650,807,45342,11507.9,10919.4,-29.2932,7.35325,-20.0498,-6.88145,-9.96382,-4.07669,-6.15757,-12.2195,-11.4253,-5.00756,0.774381,-26.2096,-15.0603,-25.5862,-25.9904,-25.1707,-24.4422,-22.9169,-18.3445,-29.787,-11.8125,-114.085
133,6700,187,42378,9653.8,10219.5,-27.0141,7.77177,-19.5091,-6.03789,-9.63016,-4.01217,-5.40828,-12.3021,-11.2544,-3.92683,-0.321106,-27.4668,-14.377,-25.6003,-24.8347,-25.6671,-25.0115,-22.941,-18.3634,-28.6814,-11.5782,-114.563
134,6750,331,43865,13064.8,10918.5,-26.5419,7.03346,-18.9708,-5.81841,-9.39212,-2.21174,-5.70042,-11.8955,-10.7392,-3.21948,0.0543352,-28.977,-12.3879,-25.663,-23.7881,-24.6237,-25.2486,-22.3371,-18.6658,-28.9916,-12.6032,-115.057
135,6800,570,57446,11802.9,13030.8,-25.9416,7.50735,-19.5935,-4.85266,-8.69267,-2.59259,-7.35545,-12.6444,-11.8242,-4.52891,0.538324,-29.6799,-12.651,-24.814,-24.2978,-24.0698,-25.0278,-23.8932,-17.4275,-28.7397,-11.8885,-114.94
136,6850,589,103362,12019.2,18313.7,-25.4189,7.23833,-18.217,-4.44952,-8.89124,-3.11554,-7.18358,-12.4009,-11.8398,-3.7611,1.38344,-29.6069,-14.1081,-22.6081,-23.1942,-24.4609,-24.1113,-25.0378,-17.0577,-28.2811,-11.8022,-115.513
137,6900,69,36582,11955.1,9727.57,-23.6893,6.94602,-17.4297,-4.31169,-9.59798,-2.95988,-7.02011,-9.5677,-12.4006,-3.82616,2.44891,-29.4895,-15.0477,-22.0252,-21.3903,-23.4218,-22.7809,-25.2035,-18.0233,-28.5077,-13.0326,-115.968
138,6950,313,46789,11776.2,11071.8,-23.9598,6.43961,-17.7626,-3.7057,-8.06369,-2.32527,-8.02386,-7.35222,-14.0546,-3.45191,2.51065,-29.0883,-15.6428,-21.3652,-23.6009,-23.3563,-21.9148,-24.3083,-17.8663,-28.72,-10.8993,-116.152
139,7000,288,138114,17494.6,27545,-24.6328,6.68266,-18.0254,-4.09433,-8.978,-1.33621,-7.89261,-6.83664,-14.9435,-2.40325,2.80303,-28.1861,-15.8222,-21.7462,-22.852,-25.0677,-21.6651,-22.9431,-18.6457,-31.4744,-11.4344,-115.839
140,7050,1487,104968,21121.3,21740.5,-24.2911,9.66607,-17.651,-4.33237,-9.51184,-2.21419,-7.24133,-6.88162,-15.425,-2.51847,3.72524,-27.8058,-15.9362,-21.3854,-21.4309,-26.1498,-22.353,-22.504,-18.3704,-30.4759,-10.9245,-115.899
141,7100,328,52567,16954.5,15351.8,-24.9025,9.71609,-17.6294,-4.8413,-9.28182,-1.47273,-5.56789,-6.04819,-15.5559,-3.20724,3.40919,-30.2502,-17.0022,-20.5736,-19.4859,-27.3068,-21.8483,-23.2915,-17.5682,-30.5311,-11.5587,-117.247
142,7150,249,97521,25882.9,21200.5,-26.6541,11.0513,-16.3654,-4.89861,-9.12488,-0.956042,-6.80696,-5.07119,-15.3213,-2.02122,4.87972,-29.4064,-16.7029,-21.1851,-17.7997,-27.5839,-20.4337,-23.8901,-18.6985,-30.2641,-10.6879,-116.626
143,7200,71,63052,22424.3,19952,-24.3027,11.5605,-16.3907,-4.42506,-8.73038,-1.4282,-6.58472,-5.67256,-14.8247,-1.65188,5.7357,-29.3115,-16.5719,-21.8015,-17.9517,-27.2347,-19.7103,-21.6878,-20.4677,-29.9792,-9.75404,-117.54
144,7250,137,77523,23754.4,19203.5,-25.6557,12.3645,-16.442,-3.28935,-9.15386,-1.48947,-5.87049,-5.25733,-15.418,-1.08028,7.81362,-31.2454,-14.7123,-22.5937,-17.2512,-27.711,-19.7246,-21.3977,-21.6837,-30.5903,-9.30754,-117.824
145,7300,1276,105404,31619.7,25376.2,-27.406,12.1073,-15.6147,-2.13106,-9.31213,-2.26448,-7.08615,-3.64489,-13.9989,-1.3149,7.363,-32.6648,-14.2793,-22.6158,-16.8812,-25.3865,-19.3358,-19.009,-20.2893,-32.6682,-9.77207,-118.212
146,7350,492,102078,24911.7,22995,-26.6821,13.0058,-14.5809,-2.08794,-9.29287,-1.85395,-6.293,-2.70844,-13.723,-1.77418,5.99772,-34.6257,-14.0785,-23.2767,-18.0721,-26.3364,-17.5369,-17.9557,-22.0347,-31.9151,-10.1697,-118.365
147,7400,1579,129319,26955.2,28893.2,-22.4944,12.4177,-13.9639,-3.01386,-9.18249,-2.67591,-5.0548,-2.71778,-14.1196,-1.21405,7.99908,-35.1284,-13.8871,-23.9317,-17.4883,-26.3361,-17.014,-17.5775,-23.1221,-30.9593,-8.86509,-117.733
148,7450,309,84794,24464.5,22287.7,-22.3932,11.8152,-13.2487,-2.70784,-9.92718,-3.357,-5.28725,-1.36341,-12.1791,-2.33161,8.49862,-35.5378,-13.8074,-22.9063,-17.6459,-27.3904,-16.2695,-17.9269,-23.756,-31.2182,-7.95453,-118.483
149,7500,1917,81970,26923,19622.6,-21.0969,12.8488,-13.0789,-4.03297,-9.23863,-4.11792,-5.05315,-3.43906,-12.0134,-2.7644,8.1608,-35.1296,-14.3813,-22.3585,-18.2688,-26.3903,-16.6504,-16.8324,-23.7855,-30.6232,-8.23843,-119.43
150,7550,170,65713,20301.9,17322.5,-19.3441,12.7924,-13.7904,-4.08045,-9.0326,-3.50568,-5.55919,-3.80603,-11.6543,-2.62476,7.94051,-34.3785,-14.6261,-22.7656,-17.6497,-25.4174,-16.8688,-17.7437,-22.0669,-28.7776,-8.36058,-120.419
151,7600,499,62911,16455.6,15242.6,-18.2846,12.6128,-16.0735,-3.69789,-9.19699,-3.87544,-4.91665,-3.80254,-10.8204,-1.6766,7.23783,-35.2026,-15.5745,-22.9,-18.2606,-25.9568,-17.2508,-18.9642,-24.9254,-26.6819,-7.7854,-119.379
152,7650,695,65752,31410.8,18077.8,-19.1589,12.0091,-15.6332,-1.98258,-7.37327,-4.0789,-7.51477,-4.55191,-10.462,-4.40929,7.79072,-33.7277,-15.6035,-21.9199,-18.7296,-25.235,-16.9731,-21.087,-26.4782,-28.5621,-8.82078,-119.625
153,7700,847,124427,35734.7,37390.5,-21.7694,11.5403,-16.3017,-1.30589,-6.63123,-4.61098,-7.56259,-5.17855,-12.4889,-5.07681,8.68262,-33.8613,-17.3577,-22.1958,-19.2775,-24.9892,-16.4879,-20.2895,-26.4103,-28.4565,-8.44302,-120.786
154,7750,960,109465,35478.8,30502.1,-23.5196,12.2676,-17.2077,-1.97933,-5.8155,-5.47491,-7.16391,-4.69343,-11.5344,-6.4686,8.83906,-34.6943,-17.1042,-23.0185,-19.8833,-24.9628,-17.9893,-22.0004,-27.6345,-28.9284,-8.83815,-120.054
155,7800,169,140919,40983.2,29951.7,-23.5328,12.741,-16.9757,-0.736954,-6.01229,-5.89561,-6.15869,-4.77072,-10.7531,-8.10529,10.6735,-34.6406,-17.7376,-22.1244,-20.0985,-25.9906,-17.7399,-22.1841,-27.4922,-28.2314,-9.88351,-119.997
156,7850,3735,104037,38838.6,26082.3,-23.38,11.3714,-15.5499,-1.50107,-4.55368,-5.03146,-6.58985,-4.53197,-10.6471,-6.4026,11.7843,-34.5733,-17.8237,-22.5627,-21.052,-27.1777,-17.8275,-22.803,-27.3333,-29.416,-9.92946,-119.465
157,7900,327,142951,38211.6,33463.4,-23.5544,12.7483,-14.8698,-1.92662,-4.12852,-7.26606,-5.48747,-4.22636,-9.74083,-8.07003,11.9391,-35.1341,-17.8612,-22.5218,-21.0314,-26.2462,-17.02,-22.4221,-28.6163,-27.7943,-10.6141,-119.881
158,7950,1941,92674,26500.3,19696,-22.8791,12.0214,-13.5118,-0.487193,-3.51614,-6.19326,-6.03348,-3.5011,-9.75909,-9.66287,12.1251,-35.6969,-16.6471,-22.2847,-20.7692,-24.3263,-18.0454,-19.9814,-27.3397,-25.2579,-11.2832,-119.183
159,8000,3272,186872,55312.7,46619,-22.6795,11.4151,-12.9688,-0.977494,-2.15272,-7.08192,-8.01254,-3.49602,-10.3338,-11.3073,13.6935,-37.9934,-16.5825,-23.2944,-20.2918,-21.5614,-19.775,-19.5933,-25.8596,-25.5839,-10.4789,-119.33
160,8050,1080,180116,55957,57206.8,-23.7914,10.0127,-11.3826,-0.6926,-2.48429,-9.03904,-9.50137,-2.45214,-9.6268,-11.2422,16.2264,-38.0662,-16.6471,-24.1116,-19.6623,-22.5818,-19.8182,-18.1117,-25.2226,-27.7492,-11.3259,-120.779
