generation,agents,minScore,maxScore,meanScore,standardDeviation,w0,w1,w2,w3,w4,w5,w6,w7,w8,w9,w10,w11,w12,w13,w14,w15,w16,w17,w18,w19,w20,w21
0,50,0,3,0.633333,1.03335,-1.37597,-3.08496,-1.35732,8.83226,0.66449,9.6616,0.799103,-1.0554,1.20919,5.51116,-0.39114,2.57276,3.57568,-4.23062,-3.35371,-6.23369,-3.146,-1.93602,1.25493,-8.13088,1.58845,-5.16161
1,100,3,18,10.3667,3.87283,-2.41151,-2.52855,-5.29533,1.20198,-0.356886,-3.23882,-0.987165,-3.35913,0.0731997,7.30261,1.37526,-0.636161,-2.85714,-8.32078,-4.2789,-6.58549,-2.87521,-5.39486,-2.81924,-5.16811,5.15476,-10.2575
2,150,16,159,72.0667,33.9634,-8.03528,-1.78371,-8.14873,1.30921,1.34622,-3.09447,-1.79026,-4.39654,-0.526865,-0.508495,-5.34299,0.516067,-2.793,-8.00929,-3.95782,-2.46841,-3.75608,-3.25074,-4.19239,-10.3594,-7.9772,-17.6625
3,200,8,272,99.3667,57.6879,-4.43518,-1.87311,-7.88733,0.0576395,-2.75975,-3.55464,-2.84565,-9.33415,0.727134,-0.0683486,-3.36254,-0.237245,-8.41043,-6.87705,-5.15086,-1.62072,-7.36153,-5.33684,-4.98911,-9.26352,-7.92676,-16.8869
4,250,26,331,126.8,71.6988,-4.53298,-2.05131,-5.79053,-0.902843,-4.21362,-4.57924,-3.75235,-8.60428,2.07674,-0.346923,-2.72965,-4.21585,-8.72194,-4.47447,-5.53642,-4.07631,-7.92695,-7.72354,-8.33802,-7.21191,-7.21046,-18.2119
5,300,50,242,125.833,53.1732,-3.52581,-1.71312,-7.96348,-2.14521,-4.44175,-4.67393,-1.07789,-5.30109,0.610045,-1.46188,-2.48427,-5.28285,-12.4779,-4.91495,-8.49991,-4.29306,-6.19749,-6.94095,-5.6024,-7.03272,-8.05114,-20.891
6,350,18,320,104.633,75.4383,-6.24713,-0.145067,-6.52346,-2.14001,-3.71067,-4.66489,-0.271507,-3.15068,2.38772,-0.888568,-3.67154,-5.15847,-10.248,-3.73634,-7.73239,-4.85023,-7.1457,-9.35,-6.36116,-7.51114,-8.45045,-20.8243
7,400,26,411,159.233,89.3527,-6.06025,0.624115,-7.63733,-2.52507,-5.20073,-3.40493,-1.59955,-5.53211,2.91467,-2.02586,-2.76998,-4.39804,-9.76525,-4.28587,-7.8157,-4.97525,-6.91952,-10.213,-5.40697,-7.31142,-9.72134,-21.1801
8,450,53,600,210.933,161.189,-6.05995,1.92434,-5.6048,-1.58376,-3.4177,-3.98469,-3.42691,-6.35345,1.96782,-2.48187,-1.70973,-7.54506,-8.36735,-3.69542,-6.40122,-4.69572,-6.42273,-9.83105,-4.58674,-5.2989,-9.75463,-20.4443
9,500,65,1056,251.4,208.82,-5.166,2.56948,-4.82248,-0.64983,-3.37242,-2.17645,-4.15359,-4.69874,0.314494,-1.65972,-1.14614,-7.31029,-7.82939,-2.64108,-6.23461,-6.02957,-6.92203,-8.43295,-4.23498,-5.51774,-7.38726,-20.9865
10,550,60,520,208.533,122.193,-5.79663,4.56225,-5.80839,-1.36972,-3.02983,-4.20402,-5.26471,-3.61413,-0.197225,-0.865927,-3.7723,-7.64048,-7.28589,-3.54169,-8.48813,-6.29445,-7.24441,-6.87954,-3.97994,-6.49646,-7.8227,-21.2314
11,600,77,1274,364.8,270.842,-7.02582,1.53252,-5.84744,-2.28306,-5.22365,-2.56403,-4.70133,-3.91121,-3.88299,0.481704,-3.38098,-7.02826,-7.7962,-4.52605,-6.69887,-8.03835,-7.58141,-7.52758,-3.4375,-5.56061,-6.59,-24.0564
12,650,76,1176,351.733,269.794,-7.83436,1.07521,-7.91026,-0.83656,-5.54015,-0.889925,-7.64104,-4.50344,-2.2552,-1.37403,-2.0073,-8.14576,-7.82446,-5.08148,-6.30146,-4.95955,-8.71435,-9.4944,-3.99902,-5.19206,-7.73902,-25.7356
13,700,49,1295,306.167,284.067,-9.27027,2.65827,-6.44437,-3.92582,-5.32385,-4.13662,-6.39277,-6.2316,-3.66074,-0.945338,-3.08983,-6.23508,-9.84417,-4.04113,-6.05101,-7.09484,-10.5897,-8.77639,-5.41041,-4.4002,-7.11742,-26.1277
14,750,64,2065,616.9,466.265,-9.7652,2.55774,-7.93338,-6.59353,-5.90416,-3.37638,-5.96627,-4.88096,-7.31375,-1.30794,-3.77293,-6.46333,-9.39495,-4.99421,-6.34789,-7.97975,-9.38074,-8.75401,-4.3069,-5.21384,-4.84638,-27.3392
15,800,202,1812,534.633,342.827,-9.05194,2.09517,-9.94505,-7.71822,-6.33905,-6.38881,-6.95782,-5.39611,-10.6012,-2.41095,-4.45662,-4.69459,-9.26178,-3.88974,-7.44614,-6.42587,-9.37909,-10.1102,-5.37597,-6.13427,-6.84792,-28.3406
16,850,92,1478,490.067,358.077,-9.32855,2.30738,-8.56174,-9.46271,-5.91331,-6.12445,-5.53314,-5.21328,-10.9126,-2.63934,-5.06885,-4.99594,-8.06102,-5.79387,-7.4454,-7.90924,-8.01419,-12.2826,-7.46746,-4.71917,-7.34555,-29.1745
17,900,65,952,354.733,231.677,-8.20581,4.62108,-9.64033,-9.52536,-8.54421,-7.40778,-7.46897,-5.12425,-9.60887,-2.2467,-5.31078,-4.87459,-10.2437,-5.71371,-6.93966,-7.69656,-6.42137,-10.2529,-9.5529,-5.03859,-7.98173,-29.7124
18,950,74,1712,507.667,365.363,-6.03067,4.1586,-9.75133,-8.63134,-8.3494,-7.13477,-7.85849,-2.19507,-9.68084,-2.93876,-4.99422,-4.10497,-9.26773,-7.03774,-7.83763,-7.62494,-6.55884,-11.6696,-5.23163,-6.09901,-6.92394,-31.7071
19,1000,45,1399,271.8,241.65,-5.45847,5.16869,-8.79662,-7.90102,-6.77656,-4.33443,-8.22413,0.435598,-9.3474,-4.52836,-4.28498,-1.74204,-8.78778,-7.71349,-4.39429,-7.9244,-4.55733,-11.0322,-7.23965,-8.12489,-7.47548,-30.4792
20,1050,99,2491,538,475.029,-5.62637,5.44721,-6.60606,-6.85394,-5.93916,-4.91816,-5.17211,0.572268,-8.20525,-5.54015,-2.47558,-3.97421,-10.3427,-9.54369,-4.88308,-9.05835,-5.26231,-10.7976,-5.92538,-9.40038,-7.48156,-32.7961
21,1100,45,2374,694.367,613.72,-7.37342,3.33922,-8.41814,-7.00163,-6.37264,-3.98407,-6.24562,-0.227437,-8.7894,-5.18094,-0.564777,-2.53943,-9.63037,-9.73269,-5.5243,-8.93286,-4.03865,-11.7885,-4.57127,-6.92553,-9.56047,-34.8155
22,1150,94,3490,1136.4,941.794,-7.68122,2.35112,-6.99409,-6.89408,-4.62941,-5.91555,-4.95989,-0.74692,-6.97958,-5.56894,-1.87999,-5.29415,-9.67843,-9.20061,-5.07759,-8.97572,-4.12645,-10.9446,-4.14822,-8.90592,-9.49461,-33.7528
23,1200,230,7631,1586.67,1674.91,-9.13279,3.05077,-6.88962,-5.99145,-3.3454,-5.47743,-5.67761,-2.51201,-6.65671,-5.98127,-0.55612,-5.69799,-7.44917,-10.36,-7.37845,-10.0767,-4.00617,-9.75563,-5.65192,-9.18093,-8.98315,-37.2085
24,1250,203,4133,1105.53,926.784,-6.92421,3.17392,-6.13671,-6.13175,-5.54503,-4.8551,-3.82559,-1.727,-4.25312,-5.8303,0.420842,-4.95166,-7.51092,-11.5378,-7.3034,-10.6869,-5.41062,-10.3428,-5.93887,-12.0616,-9.31214,-37.5751
25,1300,154,4091,1265.83,874.216,-3.25006,3.38129,-4.03889,-5.71308,-4.26842,-7.97788,-3.20719,-1.30295,-4.08684,-6.70952,1.03659,-3.93004,-7.11569,-12.7833,-8.68794,-11.9642,-6.83573,-7.08171,-5.11351,-13.0525,-11.5688,-39.9971
26,1350,33,3751,1298.87,1006.15,-2.7264,4.34135,-4.61478,-4.86305,-1.3812,-7.78455,-4.91354,-0.571132,-4.10762,-7.06099,1.03069,-4.34315,-7.46653,-14.2944,-8.61812,-11.0258,-7.9526,-4.79381,-5.73248,-15.7079,-10.848,-43.6392
27,1400,82,5985,1635.9,1682.72,-3.63781,4.29182,-5.72182,-2.35065,-0.403804,-5.89099,-4.26473,0.0469411,-2.37497,-4.88984,0.527798,-4.39713,-6.75735,-13.6276,-10.1027,-9.19822,-8.21958,-2.98604,-4.5922,-16.5351,-12.4881,-45.6498
28,1450,196,20851,4626.93,4692.16,-6.61405,5.0091,-3.81663,-1.45743,-1.38429,-4.53637,-3.42556,1.94449,-0.856897,-4.66053,2.59364,-5.26743,-6.69907,-13.5199,-9.80906,-9.59226,-8.16363,-4.80329,-4.42867,-14.9721,-11.5333,-46.4382
29,1500,95,10590,3831.67,3144.8,-6.01216,4.76767,-3.35626,-1.98842,-2.18116,-5.13126,-4.36534,0.716891,0.672841,-6.87302,2.43321,-5.08383,-7.28106,-13.6886,-11.4418,-9.61921,-8.99463,-3.12873,-6.97358,-15.263,-10.071,-47.0983
30,1550,47,19544,4410.67,4370.77,-5.55298,5.46736,-4.81858,-1.16595,-0.936856,-4.92714,-0.476963,-1.86141,-0.375065,-8.54069,1.80329,-6.29237,-8.28753,-12.0196,-12.6919,-7.33346,-8.74326,-4.59709,-7.13707,-14.5428,-8.88503,-45.5786
31,1600,227,27283,6328.9,6947.26,-5.06247,5.64729,-4.98859,-0.19713,-1.21295,-4.43291,-0.636673,-3.43527,-0.722152,-10.4566,3.42802,-11.0106,-6.83146,-9.81477,-11.2248,-6.42401,-9.97727,-3.91749,-6.62101,-13.9032,-7.56552,-47.4688
32,1650,266,27541,7130.43,6626.51,-4.96871,5.15558,-7.2954,-0.149167,-1.11902,-2.51607,-2.36537,-3.54054,0.189639,-10.0346,2.41381,-10.238,-9.80863,-11.1039,-10.1744,-7.41732,-10.2795,-3.7457,-6.08512,-12.7905,-8.29821,-50.379
33,1700,52,54366,18082.3,17354.6,-5.49058,4.69717,-7.4868,0.280022,-2.47397,-2.31587,-2.90642,-2.99534,1.71852,-7.8985,3.89745,-9.39612,-10.072,-10.7752,-10.1371,-9.0207,-9.61232,-6.15557,-5.85322,-11.8643,-7.75384,-50.5379
34,1750,440,76707,22115.1,18883.4,-4.12379,5.26427,-6.06608,0.532893,-1.66946,-1.44838,-2.46274,-0.776197,3.13648,-8.11883,5.28691,-9.66177,-9.48047,-10.9419,-10.3804,-10.0755,-10.3532,-4.8099,-7.17133,-14.6274,-7.32098,-52.7667
35,1800,1778,87165,27975.6,25486.5,-4.33363,7.25148,-6.59448,0.457949,-4.20429,-2.18269,-3.84543,0.391461,1.67373,-8.88689,7.80183,-9.729,-8.44463,-10.4036,-11.7155,-11.3133,-9.21344,-4.97279,-8.74672,-14.7088,-8.503,-56.441
36,1850,838,74548,21979.5,19354.1,-3.8876,9.04783,-6.30588,-0.896659,-4.96228,-1.71808,-4.1796,0.505907,0.71556,-8.72972,8.525,-10.769,-9.47655,-8.591,-11.2246,-14.0674,-8.03675,-4.63225,-9.05188,-13.7626,-8.89807,-57.7625
37,1900,452,210838,44579.4,52408.4,-3.22216,9.70082,-6.98792,0.10647,-5.1419,-1.31125,-2.49275,-0.285574,1.26946,-9.48558,8.47927,-11.4304,-9.403,-11.1933,-9.87433,-12.0547,-9.69052,-4.60521,-7.85345,-12.2358,-9.5395,-55.5843
38,1950,3326,114427,40864.6,31652.1,-1.87692,7.72824,-5.47668,-0.0900781,-3.9186,-1.83322,-1.4652,-1.71873,1.08415,-10.4956,8.69417,-11.4743,-9.48925,-13.3747,-9.6617,-12.3711,-9.05412,-7.68038,-7.94197,-11.5808,-10.3987,-56.078
39,2000,2351,127358,44292.4,38165.3,-3.08053,7.67312,-5.02157,0.213327,-3.44014,-2.67981,-2.63716,0.209764,1.88361,-8.80514,10.1031,-11.136,-8.93409,-12.1115,-8.46316,-13.7768,-9.73097,-7.88506,-8.91913,-10.4226,-10.176,-56.335
40,2050,285,116643,21107.5,22276.3,-3.75847,8.17598,-5.4003,-0.233038,-4.12051,-2.26307,-1.04617,1.2494,1.84354,-6.64812,8.12206,-11.7363,-8.5728,-11.4178,-6.86039,-12.9778,-12.0598,-6.18163,-10.5174,-11.0837,-9.85903,-57.8239
41,2100,1172,395490,41040.7,71601.7,-4.80305,8.83016,-6.10705,-2.05845,-3.53117,-2.54457,0.450945,0.663803,1.34989,-5.94147,7.84965,-10.9318,-9.15419,-10.1644,-9.52988,-13.8938,-9.89505,-9.37923,-9.69829,-11.8513,-8.33438,-58.3898
42,2150,3872,97177,26566.6,23658.7,-1.09663,9.00836,-5.627,-1.99049,-2.88201,-3.08793,2.47003,2.1592,-0.107193,-5.90916,6.61813,-12.2392,-9.28307,-7.56241,-9.98642,-12.6152,-8.73195,-10.5069,-8.99477,-13.207,-7.73621,-58.1668
43,2200,1239,207053,58548.6,54395.9,-1.00032,7.73376,-4.81611,-0.852602,-2.96229,-2.4506,-0.811288,-0.295493,1.20562,-6.38067,7.28015,-11.5387,-9.46119,-10.7461,-10.4802,-15.0506,-9.16743,-9.50207,-8.27006,-12.1679,-7.19977,-57.7914
44,2250,2756,172619,48555.9,32750.2,-1.18639,7.95585,-5.17852,-0.76087,-2.84307,-2.6295,-0.238956,-0.209831,-0.244139,-6.78034,7.7182,-10.5049,-9.60905,-11.7118,-9.60498,-15.7145,-9.12955,-9.19773,-7.07957,-11.9966,-9.87491,-57.9506
45,2300,461,252705,30880.7,45586.7,-3.01489,7.43626,-6.2003,1.02165,-1.39293,-1.30245,-0.760414,-1.13695,-1.22253,-7.20617,7.41945,-11.9678,-8.65606,-13.7462,-9.58273,-16.1498,-7.06475,-9.19491,-7.01867,-14.7973,-9.03654,-59.485
46,2350,470,249063,50986.1,54204,-3.58636,7.22384,-7.03463,2.79249,-1.76322,-2.88321,-0.481398,-0.533967,-0.380069,-7.20539,7.12206,-13.8456,-7.7301,-13.2528,-10.4992,-15.9312,-7.70563,-9.67749,-7.21876,-12.4946,-8.06713,-59.3478
47,2400,6380,236195,73218,63228,-5.48618,8.37937,-6.281,1.85945,-1.84934,-3.28926,0.935068,0.995426,-1.15456,-5.7766,8.48237,-13.0287,-7.0595,-13.3491,-9.54611,-14.8457,-9.52889,-9.6497,-10.1348,-13.4704,-8.9313,-58.9155
48,2450,1224,157756,38753.5,37141.7,-3.70784,7.70323,-6.18636,1.94013,-0.270764,-3.99819,-0.999525,-0.060127,-1.19732,-5.4855,7.5685,-12.2114,-6.70705,-12.2848,-9.33021,-16.5203,-10.4881,-10.1154,-9.76512,-18.3372,-10.174,-59.9906
49,2500,621,143101,50254,44895.2,-3.98508,7.64629,-6.24732,2.49997,0.668785,-2.96185,-0.0964859,-0.740326,-0.667073,-4.9774,8.56455,-12.4471,-7.7575,-10.5291,-9.1209,-16.3443,-10.3659,-9.17019,-10.6549,-15.0744,-10.4505,-59.3956
50,2550,391,159253,24716.1,32972.7,-1.39362,7.42231,-6.89892,2.13929,0.363018,-3.29573,2.17794,-0.882058,-1.74598,-5.28752,10.1191,-14.2737,-8.5729,-11.0711,-9.55509,-13.8419,-9.61346,-8.25798,-13.1085,-14.1354,-9.92642,-64.3128
51,2600,1142,149788,35126.7,31501.3,-0.21808,7.44929,-4.12415,2.47721,-1.24954,-4.00997,-0.63274,-1.92469,-2.08328,-5.9779,10.5763,-16.8716,-7.15244,-12.3624,-10.7108,-12.3401,-7.80336,-7.90352,-13.1425,-12.8524,-11.1815,-64.5237
52,2650,414,108107,35771.7,31136.5,-0.300983,6.88831,-5.40908,2.45295,-2.80212,-3.83451,-2.80599,-1.12177,-2.21537,-7.85447,8.58319,-17.506,-7.98771,-13.5648,-11.384,-11.4438,-9.15401,-9.73942,-11.7245,-13.0356,-12.1168,-64.6663
53,2700,258,155207,30587.4,32440.3,1.42526,7.64256,-5.10757,3.35724,-1.58559,-4.44356,-1.13014,0.378568,-2.62274,-9.72918,10.2595,-16.9659,-8.22412,-17.4231,-13.6013,-12.1499,-6.77467,-10.4882,-9.3739,-14.5768,-10.9655,-63.9319
54,2750,261,235759,57996.9,55614.2,0.522358,8.27984,-4.3742,1.86521,-2.04414,-4.97684,0.13646,0.909962,-4.19147,-9.73419,10.3121,-15.5709,-9.62956,-17.7694,-13.3788,-12.9312,-5.58126,-10.7795,-8.9514,-16.1533,-5.43112,-64.1544
55,2800,1310,195876,40467.3,47702.5,-0.67255,9.05469,-4.61084,1.86491,-1.91368,-3.64422,0.24717,0.833002,-4.03404,-8.66065,10.1619,-14.7384,-10.9699,-18.2425,-13.9184,-14.759,-7.94632,-10.1982,-8.51237,-16.4765,-5.42592,-65.9598
56,2850,374,374313,57386.3,74501.1,-0.565312,7.79785,-4.89004,2.69312,-2.08077,-4.73732,0.23418,1.23315,-2.58158,-8.51727,9.34987,-14.7482,-9.71675,-15.2027,-14.9453,-17.9402,-7.91796,-10.6431,-11.2617,-15.5196,-4.35593,-65.216
57,2900,92,286556,60643.3,58337.3,-0.14604,7.22944,-4.73797,2.92231,-5.69111,-4.42168,-0.837821,-1.27541,-4.48709,-6.44637,10.6756,-15.6794,-10.0679,-17.3746,-13.8276,-14.2706,-9.43377,-11.6745,-10.7184,-18.3365,-5.28851,-66.0105
58,2950,304,168396,39041.7,39380.8,-0.481189,5.55567,-4.68325,1.20228,-5.05128,-2.92017,0.699448,-1.0455,-2.79391,-5.46413,9.8377,-15.0813,-9.55002,-18.4838,-11.086,-14.9759,-10.3731,-11.9882,-9.93235,-18.9138,-8.10239,-67.4485
59,3000,624,129769,38711.4,33621.3,0.63363,7.17219,-5.02653,2.68118,-5.80798,-4.15079,0.613111,0.163954,-1.6883,-4.98726,8.09392,-12.9637,-11.0882,-20.9466,-11.0022,-14.5651,-11.0148,-12.8684,-9.25811,-20.1968,-6.77156,-66.5411
60,3050,415,248475,57236,58598.9,0.725295,6.49048,-3.13762,5.58423,-6.39058,-4.7112,0.550433,-1.6035,-2.3511,-4.86181,7.88032,-13.5681,-11.3328,-19.9187,-12.0507,-16.7267,-11.0049,-13.2187,-8.66963,-20.3554,-5.04148,-69.0959
61,3100,595,262816,56272.2,67575.5,1.88596,6.72931,-5.08981,3.98971,-6.11676,-3.23428,0.582785,-1.40288,-2.62072,-6.96109,7.67688,-16.3232,-9.66892,-19.5481,-14.462,-18.1244,-8.61094,-14.6345,-9.62263,-19.6909,-2.73637,-69.3296
62,3150,1343,336610,88348.2,80516.7,1.46482,5.64673,-5.25507,2.59202,-5.16158,-3.47951,-1.47789,-1.70716,-2.70859,-7.88164,8.91703,-19.8964,-10.0301,-17.6367,-14.8421,-17.3642,-10.428,-14.3301,-9.44986,-19.3625,-3.51965,-70.2836
63,3200,171,173247,59667,53698.7,3.03943,5.1395,-5.40159,0.631118,-5.93811,-3.24876,-1.84657,-1.77532,-2.96426,-7.76779,9.82103,-17.7477,-8.66062,-17.1854,-14.7133,-15.4238,-9.70543,-15.3907,-11.5013,-19.8144,-4.89405,-70.762
64,3250,130,217445,36268.5,45961.9,2.10162,3.71992,-5.47592,-1.03086,-7.03689,-3.89916,-2.19246,-3.16592,-4.59166,-7.81229,8.1275,-16.371,-7.85433,-17.6963,-13.2245,-16.6624,-9.5728,-14.1595,-12.3206,-17.9424,-5.98122,-73.6104
65,3300,3462,215261,46656.8,53343.6,5.94328,4.58325,-7.20808,-2.69742,-2.36569,-4.5276,-2.55785,-3.49872,-3.05766,-7.17521,7.51474,-17.1643,-8.21738,-18.8746,-12.9904,-16.2997,-8.35904,-12.7432,-11.2904,-18.7619,-4.16405,-72.9487
66,3350,1108,171890,39740.3,43723.6,3.0611,7.33381,-8.45794,-0.869097,-3.67164,-6.8787,-2.09328,-4.78705,-2.58313,-8.57303,6.20254,-18.9438,-11.6853,-17.4453,-13.8065,-15.1262,-11.0874,-14.7961,-12.9578,-21.1778,-6.38651,-77.4985
67,3400,885,438432,79906.4,102742,3.70066,7.94122,-7.83298,-1.70506,-2.42027,-6.10104,-2.06498,-4.35062,-1.92645,-7.73353,6.68343,-18.9824,-11.558,-17.5963,-14.375,-14.9124,-10.5735,-15.4711,-10.672,-20.3196,-7.10395,-78.1924
68,3450,193,450468,78637.3,107035,4.57412,9.56154,-9.94224,-2.80763,-2.78749,-7.1963,-1.18826,-7.00019,-3.56328,-8.56991,6.62017,-18.9254,-12.2502,-19.669,-14.165,-17.0593,-11.5533,-16.053,-10.5487,-20.8632,-6.46076,-78.5228
69,3500,897,206395,61240.3,54667.7,0.612431,9.44426,-9.44737,-1.85708,-1.7987,-5.80658,-2.13813,-5.46788,-4.58872,-9.27474,8.22363,-19.0172,-11.6239,-22.865,-14.0318,-17.1797,-9.55771,-15.677,-10.553,-22.0162,-7.83547,-79.5112
70,3550,1259,280193,62501.2,68400.3,0.890004,10.5436,-8.11196,-4.26115,-3.37796,-2.66329,-1.77224,-3.91104,-3.41536,-9.79554,8.7458,-16.2846,-12.3284,-21.8927,-11.1787,-16.4822,-9.08827,-14.393,-7.75268,-21.2891,-8.79867,-78.9884
71,3600,2816,244671,78782.8,72108.1,-0.152727,10.4761,-8.63859,-4.51779,-2.7677,-3.11314,-0.859145,-2.9916,-2.51075,-9.66002,7.85261,-17.0116,-12.4653,-19.9062,-10.711,-15.6134,-10.0272,-17.3904,-5.74099,-22.6292,-7.65286,-78.6179
72,3650,4170,131464,53676,30522.6,-0.510872,11.262,-7.88082,-4.09758,-3.19139,-5.35091,-0.800114,1.48936,-4.04975,-8.20484,8.04115,-17.1559,-12.7723,-20.0825,-12.3675,-16.5588,-11.2435,-15.85,-7.47619,-21.8365,-9.43074,-79.1176
73,3700,554,261770,69709.5,69508.7,0.142043,9.40259,-6.69834,-2.51623,-2.87649,-5.21839,0.167086,-0.264274,-2.59304,-8.78504,6.41373,-17.8837,-12.2357,-19.9693,-11.6266,-16.7528,-10.3523,-18.4507,-7.97832,-20.1373,-7.41711,-80.6741
74,3750,4343,517869,94444.2,116018,-0.618402,12.3556,-6.85199,-1.51466,-4.17901,-2.51504,0.833168,-1.58676,-1.96756,-7.57447,5.45569,-18.7384,-13.8548,-20.5514,-13.5398,-18.3588,-13.1186,-18.4688,-9.68816,-20.9251,-4.22315,-84.0807
75,3800,3736,405268,63766.8,75877.4,2.14294,10.7793,-9.90347,-1.08183,-3.53924,-2.16738,-1.4265,-2.91978,0.331406,-8.25074,4.41897,-20.2358,-14.0906,-22.5812,-15.1196,-17.7436,-10.7133,-18.7528,-9.15244,-21.5205,-6.84649,-85.1517
76,3850,6654,320685,84421.1,69592.1,1.72675,10.6747,-9.5505,0.239991,-3.85802,-1.45114,-2.13212,-4.71579,-0.633838,-9.19611,4.88011,-19.4336,-13.8967,-21.7879,-14.4071,-18.773,-13.4445,-19.1993,-7.65418,-21.9997,-6.29175,-83.9694
77,3900,5526,220567,76080.7,58156.1,4.37494,12.0239,-7.85226,-1.28529,-3.6372,-2.78689,-2.05983,-2.35303,0.154285,-7.79377,6.23525,-17.8019,-13.0219,-21.2571,-14.3236,-18.6606,-12.6606,-18.8863,-9.93034,-19.0352,-5.99144,-84.1889
78,3950,893,371618,86710,99454.9,3.58291,11.9815,-7.75533,-2.80448,-3.73141,-1.97096,-2.36683,-2.04651,-0.63167,-8.93297,5.19975,-18.4984,-13.9804,-22.7114,-13.6682,-16.282,-12.4876,-19.4947,-10.5732,-18.8085,-5.48844,-83.6556
79,4000,1646,180403,49906.7,45642.6,3.74959,11.1422,-7.31857,-2.4573,-3.47125,-3.56768,-3.8409,-1.1525,-1.33771,-10.5557,6.15739,-21.5761,-11.2471,-22.891,-12.7491,-16.6941,-14.8977,-18.2255,-10.4514,-17.8151,-5.53399,-84.267
80,4050,1187,414554,83704.8,89024.9,5.40448,9.86864,-9.23971,-2.56817,-0.945525,-3.77112,-5.08095,-1.94622,1.13515,-10.0558,6.1642,-20.5852,-11.9594,-21.8677,-13.3862,-19.1235,-14.2017,-18.3039,-9.47194,-19.8614,-7.29697,-84.6717
81,4100,937,273905,79692.5,65554.2,5.63407,10.9665,-13.791,-3.15851,-2.32692,-2.20312,-5.98757,-2.54227,-0.600357,-8.82859,6.14165,-22.2395,-13.1606,-20.7791,-14.1493,-19.7454,-13.922,-19.0894,-10.5296,-19.116,-6.74649,-85.9442
82,4150,822,170222,61103.2,55442.9,5.15577,10.567,-12.9987,-3.21252,-3.02405,-1.54393,-6.70673,-0.7147,-4.11753,-6.83832,5.46868,-25.1006,-13.0241,-21.4626,-13.7953,-19.9925,-14.0272,-15.8604,-11.1605,-16.9649,-3.81083,-84.6814
83,4200,329,300283,65318.6,64273,5.47778,10.0764,-12.4645,-2.70212,-2.56707,-0.97734,-6.55277,-0.089787,-1.85589,-5.89183,5.18002,-25.2934,-13.4339,-21.5554,-14.6666,-20.0226,-14.8071,-18.0036,-10.7973,-16.2983,-4.53844,-83.1172
84,4250,807,148334,46445.6,37097.6,4.0874,9.87381,-12.4861,-3.7615,-3.05551,-2.2218,-6.18328,-0.202681,-5.69405,-5.27724,3.52904,-23.7162,-12.1522,-21.7961,-14.4435,-18.9865,-15.7996,-17.8781,-11.7039,-14.8762,-4.41384,-85.4531
85,4300,36,183915,53826.7,52829.8,4.95955,11.1857,-12.4959,-3.19654,-3.46697,-1.02798,-4.04213,-1.26238,-4.55411,-5.78811,4.25503,-23.0538,-12.9068,-22.4137,-16.9878,-19.6892,-14.1554,-17.0973,-13.1116,-15.864,-6.27949,-86.196
86,4350,301,173880,60481.2,53922.9,2.33797,8.7358,-11.4458,-0.939443,-2.11818,-0.0557982,-3.88606,-1.80889,-4.85304,-8.46351,4.8154,-23.3793,-11.6401,-20.4371,-13.6111,-19.3636,-14.2499,-15.8732,-12.1192,-17.5407,-5.154,-85.4388
87,4400,395,253933,59278.2,64214.2,1.62139,9.54101,-8.73647,-1.54694,-1.53919,1.37891,-4.10542,-1.43224,-5.17654,-8.33976,5.98365,-24.475,-12.5552,-21.7292,-14.5098,-19.6859,-14.5065,-15.4346,-9.50563,-18.5531,-5.35743,-86.0275
88,4450,1144,210028,58896.8,60100,2.22433,9.22419,-8.74238,-1.51405,-3.56687,0.664473,-3.82662,-1.80142,-4.83402,-7.55251,6.1327,-23.2333,-11.952,-22.1676,-12.7506,-20.6187,-16.3678,-15.6532,-10.5963,-20.0601,-4.01557,-86.5938
89,4500,276,355346,90959.1,95118,0.728301,9.51582,-9.71993,-2.7377,-1.27774,1.48278,-3.09994,-1.52776,-3.04602,-7.02458,7.15672,-24.2318,-12.9515,-21.1336,-13.0029,-20.7942,-13.7779,-15.3318,-11.3449,-22.5814,-3.21623,-88.4498
90,4550,1012,258602,80790.6,65480.8,0.975393,9.52927,-7.48426,-3.86864,-1.87764,1.07822,-1.79708,-2.07294,-2.58678,-7.57605,8.36602,-22.4502,-14.4778,-21.011,-11.3414,-18.8753,-14.4636,-16.2165,-12.7192,-23.523,-4.10721,-88.872
91,4600,2834,270769,72756,69496.9,1.58892,10.7822,-10.1214,-3.67739,-0.79346,0.471748,-1.86099,-2.31174,-2.84894,-8.97189,7.05587,-22.8675,-15.151,-19.0049,-12.3816,-18.4166,-12.804,-18.6388,-12.7541,-23.7753,-5.3288,-88.959
92,4650,6377,462272,120663,114612,3.23873,9.72809,-11.1862,-4.14304,0.328948,0.117745,-2.18976,-3.99334,-1.2995,-10.6596,8.52112,-22.6295,-13.9592,-19.4281,-13.4228,-18.473,-14.4353,-21.5921,-10.521,-24.2854,-6.32813,-89.2567
93,4700,481,249490,61894,65303,4.01695,9.9008,-11.4592,-3.32812,-1.91027,0.154819,-1.64659,-7.732,0.284599,-9.69967,8.14883,-22.9249,-14.1597,-18.2399,-14.4209,-19.7993,-14.816,-19.295,-10.9517,-25.7545,-6.18051,-90.8708
94,4750,13692,490201,135187,112466,5.01687,11.2861,-10.9228,-2.16062,-2.41342,-0.0149628,-2.25377,-4.32171,1.6762,-8.25585,8.2297,-23.0317,-13.1566,-18.6868,-16.2688,-20.4216,-17.7728,-19.7978,-12.4568,-24.7445,-6.24731,-88.3597
95,4800,1235,343829,108096,89195,4.91181,10.7101,-11.0277,-2.3177,-1.45996,-2.16574,-1.92787,-3.26368,3.2364,-9.88481,7.27436,-19.1681,-13.8439,-18.435,-14.3105,-21.6831,-16.5891,-21.3312,-13.0308,-25.4029,-6.92234,-91.5067
96,4850,5505,266957,76044.6,76864.4,5.08761,10.2092,-11.0748,-2.53165,-2.77187,-1.62933,-2.77044,-3.24536,3.50563,-9.5913,6.80895,-19.1877,-13.2339,-18.8664,-13.2209,-19.8723,-17.0718,-19.0485,-12.708,-25.8199,-5.43135,-92.3076
97,4900,4047,370333,92275.8,86190.9,6.49209,11.8466,-11.5969,-3.95887,-4.32908,-1.25142,-2.40615,-3.62827,4.14316,-8.88123,7.63202,-20.5559,-14.1626,-17.9826,-13.6889,-18.4111,-16.2301,-17.7865,-11.2643,-25.9086,-4.36695,-91.8503
98,4950,2679,351175,78550.7,83637.1,7.6345,12.263,-12.4316,-4.95112,-4.70357,-1.44996,-3.11702,-5.99925,4.44262,-7.82263,6.12947,-21.1382,-11.0515,-17.9648,-14.6785,-17.1323,-16.9357,-18.0029,-11.341,-25.1122,-5.93194,-90.8318
99,5000,63,392754,68530.6,76607.7,6.44005,11.1434,-12.119,-5.49492,-5.61903,-1.5343,-2.92105,-4.52623,4.2191,-7.70244,5.74808,-20.3868,-11.4837,-16.248,-14.7943,-17.9896,-17.2377,-17.5411,-12.1087,-25.2737,-4.04041,-90.9343
100,5050,4511,197729,55745.6,51812.6,7.36349,10.9405,-12.3647,-5.64175,-6.97611,-3.04054,-3.98993,-5.8136,-1.71398,-10.5999,6.37319,-20.6339,-12.513,-15.9582,-15.5855,-16.3519,-18.3491,-19.5841,-12.886,-21.9397,-5.60324,-91.5254
101,5100,3485,221240,73418.5,67635.9,7.57653,12.8294,-12.8398,-6.84939,-6.51784,-4.00004,-5.10011,-7.98075,0.25738,-10.2864,6.60863,-22.2388,-13.291,-16.006,-15.6004,-16.4736,-15.9671,-20.4733,-12.8241,-24.0481,-5.62319,-88.8706
102,5150,5120,349963,64247.2,70987.6,8.11385,13.5218,-15.5456,-4.47263,-5.34852,-1.59469,-2.78059,-6.74374,2.82656,-8.87339,7.58113,-21.456,-15.2246,-14.9267,-15.3016,-18.682,-17.0291,-19.0033,-13.9958,-23.9667,-5.13264,-89.0946
103,5200,3592,366668,94132.3,91451.9,10.7905,12.7678,-14.4783,-2.84679,-5.8339,-1.94411,-2.95552,-6.84424,-0.196241,-8.31849,7.99689,-22.8669,-14.0888,-16.7263,-15.6759,-14.5799,-16.1191,-21.2632,-12.0559,-22.7002,-6.77072,-89.2525
104,5250,215,170217,59828.5,48917.3,11.1834,12.3619,-15.8297,-3.49121,-2.48354,-0.589364,-3.62631,-7.28797,-0.0849663,-8.65528,6.01845,-23.7833,-14.8832,-15.6586,-16.4812,-19.0355,-15.9163,-20.3605,-11.8825,-21.495,-8.05914,-88.5349
105,5300,1025,210190,39710.1,40025.5,7.91534,15.0212,-16.4466,-4.062,-1.8445,0.167343,-5.61134,-5.76903,1.47404,-8.32794,6.38869,-26.3405,-15.9304,-16.8486,-17.2609,-18.3192,-15.2091,-20.5564,-13.039,-22.3799,-7.76517,-92.9835
106,5350,5143,662579,84898.1,124688,9.10142,15.0682,-16.4591,-1.27403,-3.4159,1.48314,-5.87237,-5.07746,2.5578,-5.79481,8.02126,-24.3699,-16.1233,-20.517,-18.16,-18.9864,-15.2709,-19.5725,-12.6554,-22.1283,-6.10094,-93.5898
107,5400,2938,206808,66896.2,55095.6,5.52383,13.4084,-14.0787,0.156679,-3.78702,0.10694,-4.99048,-5.13502,3.01607,-6.51266,6.22738,-24.8204,-17.2175,-22.2734,-16.8987,-16.3466,-17.138,-21.1372,-9.49361,-21.8656,-5.61819,-93.7535
108,5450,4693,185764,51604,50728.7,1.92249,12.0119,-11.9899,0.853356,-1.67287,0.727797,-6.57798,-4.02071,2.88513,-5.18123,5.62229,-23.7595,-17.7365,-24.0285,-15.7386,-16.2697,-20.0389,-20.6244,-11.0669,-21.9571,-6.56506,-95.0722
109,5500,373,207231,51674.2,56241.8,2.02263,13.234,-12.9982,0.359415,-3.09457,0.640841,-6.37406,-5.12797,1.68656,-6.37149,5.71741,-25.3269,-15.277,-23.0268,-17.6704,-15.584,-17.9195,-20.5408,-9.5324,-21.9299,-7.11017,-95.1472
110,5550,2618,262643,74265.1,74026.7,5.31985,15.6763,-12.2482,1.27186,-2.88609,1.18934,-4.64572,-5.26265,1.65371,-6.94935,6.0975,-25.9119,-15.4421,-23.8051,-17.345,-18.3857,-17.3759,-20.447,-11.5967,-20.692,-6.9042,-96.0349
111,5600,1198,283517,78841.6,61371.7,4.22139,16.0327,-12.7755,0.804708,-3.30729,-0.549534,-3.5744,-4.98162,2.2154,-6.56423,6.24217,-27.609,-15.4009,-24.6533,-18.1839,-19.8444,-15.9124,-19.004,-9.13666,-20.6539,-6.45045,-97.9759
112,5650,14818,509588,108064,99012.7,1.42673,15.8551,-14.5463,0.920206,-4.91476,-0.347305,-3.72088,-4.47173,1.2412,-7.74993,6.93863,-26.4332,-14.7442,-24.5302,-16.3824,-19.1054,-15.8937,-19.8627,-8.47895,-20.7928,-6.34175,-97.1078
113,5700,99,292777,80779.2,77576.6,4.07751,14.8636,-16.1021,-0.480168,-3.45465,0.249696,-1.34976,-3.60429,-1.0252,-9.39541,7.11687,-27.5662,-14.8009,-22.8987,-15.4099,-18.7295,-16.5296,-20.2358,-9.79106,-19.703,-5.15778,-97.0496
114,5750,5454,374192,107619,104967,5.39353,13.1801,-15.5568,1.13154,-3.86191,-0.295179,-2.75475,-2.43557,-2.1216,-9.82206,6.80274,-26.7987,-15.3487,-22.3696,-15.7657,-19.4372,-16.1652,-19.7434,-10.0855,-18.9898,-3.70928,-96.8829
115,5800,653,270062,80705.5,75359.4,6.56457,13.098,-13.6306,1.26791,-4.03946,-0.201151,-2.98644,-3.04271,-2.36973,-9.89389,7.18132,-26.4896,-14.7317,-23.8486,-17.0175,-19.6055,-18.1357,-18.7035,-10.0062,-21.1877,-4.63134,-96.757
116,5850,4430,405961,101972,97617.9,6.52959,13.0097,-13.2517,2.1614,-5.06756,-0.651308,-0.849476,-2.5107,-1.84753,-9.35427,8.23221,-24.1547,-14.198,-21.705,-18.5631,-20.5305,-19.4526,-21.6079,-11.7377,-22.9176,-5.47971,-97.005
117,5900,7068,478285,107357,111191,4.41626,12.631,-13.864,0.972857,-4.3331,0.542559,1.07114,-4.43215,-1.14095,-8.18855,9.67803,-22.2941,-12.679,-21.7475,-19.5401,-25.1879,-18.1192,-22.6106,-12.3199,-22.3388,-3.6901,-97.0186
118,5950,233,309015,101323,80524.3,5.03229,14.3382,-12.2913,1.63806,-4.75413,-1.15149,1.31201,-3.11576,-1.57951,-8.99147,10.8749,-23.2844,-13.6314,-20.8978,-19.5016,-25.2348,-18.4586,-20.2425,-12.8496,-20.3208,-4.77569,-99.5247
119,6000,7004,527400,101832,122017,7.2133,12.3278,-14.5858,1.03633,-4.08667,-2.45284,0.137011,-5.54221,-1.15532,-7.91441,10.2213,-26.2239,-13.8982,-20.8303,-20.9909,-24.2272,-19.1354,-18.7455,-13.186,-21.7446,-3.82198,-101.172
120,6050,473,570662,108847,120455,4.46871,13.3222,-13.8657,-0.272717,-4.13018,-2.36729,-0.589736,-4.77723,-1.05443,-8.92699,10.9827,-27.4752,-14.5011,-21.0622,-18.4627,-24.3048,-19.7575,-17.7171,-14.6299,-21.9709,-2.03138,-100.707
121,6100,18085,413813,119832,106256,3.19186,14.4885,-14.2747,1.25073,-4.6495,-1.50664,0.672562,-5.60852,-0.937042,-10.7382,10.6741,-27.3631,-15.3053,-21.2695,-17.8051,-22.0622,-19.9766,-17.3893,-16.2351,-24.1509,-1.07244,-100.132
122,6150,6270,596527,116934,145100,0.543415,13.0092,-13.9081,-0.223295,-5.50129,-3.18558,-1.82079,-7.14635,-2.39295,-9.96992,10.366,-28.0015,-16.4844,-22.5283,-18.1067,-24.1318,-20.3534,-20.1091,-15.6744,-23.8335,-1.68888,-100.558
123,6200,2196,541962,126084,141980,1.38624,13.4435,-13.4444,0.391753,-3.89313,-4.36243,-0.483478,-7.22712,-2.55775,-11.0021,12.0608,-26.2969,-17.1648,-22.7739,-20.2273,-22.7984,-20.4429,-20.7695,-14.5787,-24.5069,-1.8972,-101.481
124,6250,8613,604684,136510,132978,5.80932,12.395,-12.293,0.597162,-3.55582,-3.39629,2.26791,-5.89948,-0.422236,-12.0858,11.6478,-27.1829,-16.6735,-22.3576,-19.3341,-24.8986,-19.8022,-22.3306,-12.305,-23.968,-3.11238,-101.344
125,6300,964,455959,109245,111443,7.44471,11.5642,-10.5369,-0.0635748,-1.00899,-1.07316,-0.0504971,-2.97273,0.469013,-12.7968,10.9506,-27.0735,-15.5975,-26.086,-19.5805,-23.4437,-18.3758,-21.5987,-15.2194,-24.5229,-2.92796,-102.245
126,6350,4895,430272,134157,112012,8.18186,12.0471,-11.1465,1.89422,-3.69949,-2.07303,-0.217345,-5.02332,-0.702421,-10.7214,11.8433,-26.7704,-13.9576,-24.0041,-17.3322,-22.9881,-16.9448,-19.7697,-15.8405,-24.4927,-2.60211,-100.75
127,6400,4114,623928,124467,125217,8.39114,10.4653,-11.9611,0.824635,-3.2692,-2.27871,-1.03326,-2.8286,-5.01407,-10.2408,11.3248,-28.9738,-15.4573,-23.6869,-16.6349,-22.9792,-17.5784,-21.867,-15.7787,-23.6467,-1.55846,-100.492
128,6450,1890,652081,131011,150852,10.0661,10.0604,-11.8847,1.14198,-4.00907,-2.04933,-4.08567,-3.33955,-6.43127,-8.03053,10.469,-27.4877,-13.2474,-24.0078,-18.0738,-22.8656,-19.9025,-21.2466,-15.4316,-23.6028,-3.67094,-100.939
129,6500,6991,271410,66117.2,72336.7,11.4911,9.38251,-12.0492,0.215009,-6.2175,-2.92081,-4.63753,-3.33016,-5.51254,-5.17403,7.64971,-26.8792,-14.691,-22.6612,-18.3582,-22.3534,-20.478,-22.2624,-15.8274,-22.8914,-3.60785,-102.165
130,6550,4061,428049,112662,110495,13.3945,9.76837,-11.4638,2.5856,-5.51924,-2.85513,-6.63293,-2.46134,-4.18282,-8.54863,7.93509,-27.1491,-13.4582,-23.3064,-16.4095,-21.0387,-21.0806,-23.6415,-15.9571,-25.0208,-3.07853,-103.119
131,6600,3073,253528,71245.3,60036.6,13.0917,10.0177,-13.4775,2.21739,-7.40884,-3.6707,-7.84705,-2.57835,-3.69636,-9.1485,8.31281,-28.508,-13.2638,-24.2114,-18.7665,-18.9219,-22.1868,-21.8193,-15.8434,-22.701,-2.63624,-103.454
132,6650,2907,316693,98559.6,91469.4,14.0164,8.69982,-12.61,2.14665,-6.21385,-2.96279,-7.593,-1.32019,-2.52787,-10.9347,9.07086,-28.0149,-14.304,-24.9726,-18.2031,-21.3462,-23.0123,-20.7201,-15.8174,-22.3754,-2.82121,-102.315
133,6700,1591,392077,81919.7,94664.8,12.9186,8.61401,-12.2845,2.23758,-4.91905,-2.15704,-6.83094,-1.06779,-2.18309,-9.99215,9.94315,-28.8943,-15.706,-24.1995,-20.7395,-21.4661,-23.5885,-21.312,-14.1707,-21.3606,-4.04239,-104.327
134,6750,6994,302059,86636.1,80408.4,13.1146,10.8089,-13.3525,3.70086,-5.17588,-3.31074,-5.65399,-0.451598,-3.57435,-10.5511,8.35383,-28.3644,-16.687,-24.4272,-20.3635,-21.5032,-22.0467,-19.3513,-12.59,-22.4479,-5.39357,-103.83
135,6800,5100,342261,86114.1,86661.8,13.1523,10.9054,-12.549,3.39414,-5.01276,-4.80158,-5.76278,-0.823771,-1.72795,-11.5538,8.72094,-26.9018,-17.5017,-26.1747,-21.4321,-21.2305,-20.4873,-19.8741,-12.6345,-23.501,-5.41045,-104.459
136,6850,7880,238536,76358.4,60754.9,13.5119,10.8421,-11.1715,5.34714,-5.70454,-6.23408,-6.86729,-0.975274,-2.40587,-12.9826,9.49663,-27.9195,-13.6099,-22.4219,-21.7666,-23.0195,-18.5917,-18.5918,-11.2307,-24.0669,-5.51417,-104.906
137,6900,4503,332544,75091.7,73896.2,12.057,11.8222,-10.2723,2.84545,-6.46249,-6.4208,-4.53667,-1.58814,-2.62948,-9.62089,8.05323,-26.3693,-14.0103,-21.891,-21.9994,-22.5916,-16.3014,-19.1913,-13.4938,-24.0388,-5.4938,-104.994
138,6950,2411,204852,86114.2,62080.9,14.0494,10.4744,-11.9043,2.31571,-7.27958,-5.10679,-3.48526,-0.0615485,-3.65697,-7.81081,5.82188,-29.9624,-15.0726,-20.551,-20.1822,-19.9036,-16.2861,-19.329,-12.4342,-25.3116,-6.27725,-104.282
139,7000,1766,257693,61655.2,74845.4,12.7481,12.0309,-8.95983,4.48382,-7.99896,-5.95609,-1.7814,0.499031,-3.44684,-7.13072,5.66782,-28.3774,-14.5681,-20.94,-20.0371,-20.9937,-16.0499,-18.434,-14.5004,-27.9497,-4.90326,-101.829
140,7050,1375,252377,58302.5,52973.4,10.8049,12.5683,-10.0202,5.54533,-6.76391,-3.46587,-5.65972,1.44209,-4.66857,-8.38471,7.44199,-28.5259,-13.876,-22.3892,-19.745,-21.7706,-14.3983,-20.992,-14.5097,-30.2352,-6.68988,-103.953
141,7100,3694,207175,57334.3,47119.9,11.021,12.6251,-9.89332,4.01184,-4.49059,-4.0784,-3.18557,0.958761,-4.37502,-8.70269,8.77276,-28.1278,-16.2861,-22.2665,-16.3374,-21.4089,-18.5192,-21.4476,-12.4733,-28.6782,-7.19885,-102.917
142,7150,977,201135,51892.4,49376.2,9.89201,13.1658,-9.09304,3.44169,-2.89151,-4.38875,-5.71771,-0.618287,-3.59572,-6.60135,8.37741,-27.2265,-18.3591,-20.61,-16.6686,-21.0522,-17.3412,-19.6828,-11.053,-28.1709,-8.55936,-103.268
143,7200,494,247091,60224.6,58108,7.61767,15.6973,-9.19742,2.58012,-2.42427,-3.80374,-4.91249,-2.11331,-1.98616,-5.73471,8.72803,-25.8825,-18.5615,-23.497,-19.8549,-19.4842,-16.8953,-19.037,-10.2916,-26.1711,-9.23833,-100.706
144,7250,1401,215814,64618,59549.4,9.65032,15.3863,-10.7603,2.37453,-2.77162,-3.13318,-3.67197,-2.07823,-0.706445,-5.78908,9.52806,-26.6559,-18.9881,-23.0276,-19.0031,-19.4473,-19.4528,-21.2143,-10.0828,-26.1365,-11.5423,-101.877
145,7300,1126,456644,96122.8,121652,10.1147,15.0328,-13.156,3.68601,-3.36501,-3.30242,-3.65635,-4.60841,0.752292,-8.53367,11.034,-25.8947,-18.1109,-22.9683,-21.1209,-22.4887,-17.9542,-22.0425,-10.7882,-24.8692,-11.4006,-101.926
146,7350,14395,501767,122037,121436,10.7873,15.5023,-16.0553,2.33792,-4.76195,-1.64434,-4.7289,-5.33669,2.0478,-10.7594,11.1833,-26.593,-19.659,-21.0575,-19.2286,-21.8145,-20.28,-20.9827,-11.6055,-28.4064,-9.88957,-103.719
147,7400,1387,722129,116090,157030,10.4326,15.1754,-16.1313,0.167296,-6.18762,-1.83619,-3.79349,-5.02758,1.65078,-10.8477,13.2408,-26.842,-20.9021,-19.5042,-18.8888,-21.0825,-18.8463,-20.3289,-12.5098,-26.8551,-9.50902,-104.86
148,7450,1105,808194,116697,165165,9.2771,15.4356,-14.9283,0.537065,-2.85776,-2.43002,-2.59896,-4.23395,1.36986,-10.7637,14.0371,-27.6033,-19.6052,-20.3928,-17.8828,-22.635,-18.2384,-18.9737,-12.6826,-24.5105,-8.0264,-104.77
149,7500,437,444850,100045,95347.3,10.256,18.714,-14.7416,0.276241,0.070576,-2.49502,-4.55984,-4.1998,3.49857,-11.2659,14.6708,-29.2336,-16.9179,-20.224,-17.6742,-21.7767,-18.5179,-19.2917,-12.3567,-25.3016,-7.87242,-103.987
150,7550,8061,826224,165720,167844,7.96693,18.5771,-14.7259,-0.263569,-0.113737,0.621522,-5.05119,-3.56605,2.93486,-11.032,14.6131,-30.2936,-17.7232,-21.7794,-17.1133,-21.3568,-20.081,-20.8358,-12.2132,-25.1171,-7.55014,-103.214
151,7600,6772,546899,103712,118213,8.76734,17.7417,-14.823,2.0906,0.59697,0.395548,-3.49264,-4.23679,2.36356,-11.7992,14.4701,-28.0529,-17.8689,-24.8293,-15.4071,-22.1458,-19.9498,-20.921,-10.7881,-25.7287,-7.98039,-105.889
152,7650,3452,278825,102438,68436.3,9.07211,17.0395,-16.5579,0.108084,1.45949,-0.894456,-3.60081,-4.20469,2.74041,-10.4723,16.3266,-27.8074,-17.9872,-24.284,-16.3098,-20.6294,-18.0638,-21.7327,-11.654,-25.5173,-9.43931,-106.091
153,7700,1449,185791,58101.9,47309.8,9.67886,16.1815,-16.6679,-0.885543,3.51233,-2.33109,-7.25829,-4.93955,2.83625,-10.7738,13.4776,-27.3447,-18.0948,-23.9787,-17.5484,-18.1601,-17.9409,-24.4707,-12.7794,-26.0295,-9.27684,-106.843
154,7750,226,238754,89500.5,56963.6,7.088,15.6011,-13.7654,-0.504867,1.51977,-1.70988,-6.86809,-6.0304,3.78324,-7.52741,12.4663,-26.7456,-20.0477,-23.5175,-17.7618,-22.8289,-18.5254,-23.5922,-12.3348,-24.1623,-10.4088,-105.625
155,7800,1271,471540,65419.4,87184.3,6.36604,16.1297,-15.0993,0.0673477,2.75944,-2.7985,-7.28478,-4.4157,2.71051,-7.61894,12.765,-25.1683,-21.0109,-24.0045,-18.1744,-22.3811,-18.8273,-21.9192,-14.8998,-25.0417,-10.1843,-106.421
156,7850,1807,404898,68169.9,78087.9,5.51215,17.7001,-15.6287,0.379832,4.61213,-1.80771,-7.07369,-2.93995,0.570842,-6.01994,13.0728,-25.8485,-20.7354,-23.8507,-18.0734,-23.0717,-17.8661,-21.3613,-14.2642,-23.8403,-10.0747,-107.022
157,7900,2618,300193,85064.3,88953.4,9.06737,20.967,-17.1042,-0.173247,3.75476,-3.30689,-7.70411,-5.4982,0.104214,-5.77557,13.7819,-27.5059,-20.2545,-24.2418,-20.0986,-23.0604,-17.5636,-21.6548,-13.5174,-24.8174,-10.4618,-107.211
158,7950,3690,358920,75481,78952.5,7.71816,20.1358,-17.8251,-0.644635,4.71054,-3.33637,-5.5775,-5.45901,0.878135,-8.78363,13.4017,-25.5583,-20.152,-24.6005,-20.3034,-25.0146,-18.9609,-21.5945,-12.736,-23.9257,-10.3978,-108.098
159,8000,1577,201975,71364.2,57085.2,8.53249,20.3347,-16.4695,-1.89958,6.2752,-4.07115,-1.98909,-5.53838,0.166192,-9.41759,13.4607,-27.745,-18.4537,-23.9809,-18.9061,-24.0249,-18.3551,-21.0664,-12.4709,-22.8894,-10.8755,-109.75
160,8050,2359,379694,88112.2,76220.4,9.50877,16.9968,-17.5854,-3.34367,6.47673,-3.77369,-2.12315,-4.70257,-1.02003,-9.90199,12.3389,-26.5167,-18.3031,-23.3873,-18.7123,-24.5188,-16.6642,-20.2808,-12.0006,-23.8755,-8.98959,-107.311
