generation,agents,minScore,maxScore,meanScore,standardDeviation,w0,w1,w2,w3,w4,w5,w6,w7,w8,w9,w10,w11,w12,w13,w14,w15,w16,w17,w18,w19,w20,w21
0,50,0,2,0.133333,0.434172,-3.4556,1.29006,-1.2234,-2.80582,2.462,0.862827,-0.000687648,1.93381,4.47273,0.263498,-8.63088,-1.36284,0.823943,-2.75083,-5.09391,0.893002,1.01754,0.576616,-2.05459,-1.05049,-0.779663,-9.74848
1,100,2,27,11.1333,5.44397,1.37818,1.18054,5.07626,-2.9,3.24893,-3.01776,-2.95264,0.419092,-3.75279,0.268553,-4.47693,-7.3927,-2.57227,-6.08236,-3.56956,-6.89434,0.0960193,-1.00674,0.493102,-6.52007,-2.20542,-9.34115
2,150,19,107,54.2667,19.7623,0.188595,0.0184972,2.80794,-3.86185,-1.84296,0.104605,-2.43062,-2.17578,-0.449267,-0.932626,-3.71497,-11.5105,-3.77812,-6.25564,-2.16296,-7.16339,1.75138,-2.77808,0.386611,-6.67825,-12.7742,-12.6284
3,200,23,152,62.9333,29.1488,1.53663,-0.096827,-0.426312,-1.52604,-5.17483,-0.204003,-2.09433,-2.30144,-0.720364,-0.568855,-2.95213,-10.2603,-4.23405,-5.63972,-1.32796,-4.50542,3.47814,-3.33569,-5.96516,-7.83972,-17.9795,-15.1633
4,250,20,161,70.7667,33.7278,3.75044,-3.08237,0.0984194,-3.87426,-5.91936,-1.52601,-5.306,-0.273288,-1.14426,-0.797051,-3.76157,-12.637,-5.00831,-7.67828,-2.27801,-4.2478,0.703721,-4.71377,-3.34036,-6.63115,-21.3712,-16.7308
5,300,34,196,84.6667,34.1107,31.7949,-2.45122,-0.192509,-2.39124,-5.18683,-1.41493,-5.36545,0.0525123,-3.02158,-2.20662,-3.64226,-10.8422,-4.46117,-7.21096,-3.50143,-4.15096,-0.399758,-6.38793,-2.89186,-9.82656,-23.5035,-18.107
6,350,23,147,76.8667,29.1982,26.8664,-0.688243,-3.49101,-0.747336,1.15875,-1.2661,-7.53534,-0.796462,-2.49524,-3.1817,-4.01247,-11.9683,-4.71963,-7.42826,-3.72537,-6.03972,-0.18715,-5.78538,-1.23211,-10.6536,-22.7579,-23.6406
7,400,45,221,121.733,56.5307,28.9724,-0.237404,-2.56389,-0.602392,1.22224,0.143964,-7.30239,-0.0519324,-3.66047,-0.159313,-0.778,-12.6676,-5.44269,-8.36181,-3.70179,-3.59919,-2.19808,-5.87814,-2.59932,-10.9303,-18.508,-23.2709
8,450,63,397,147.5,79.4389,28.2239,0.107832,-4.52838,-1.23577,0.031841,0.890042,-6.41896,-2.09712,-3.01594,-0.156522,0.904599,-6.05158,-3.88959,-8.78104,-0.945047,-4.87622,-2.94652,-8.02484,-5.02673,-12.8486,-18.0464,-25.353
9,500,38,335,149.4,87.7314,27.6472,-0.864039,-6.25066,-1.0278,0.725081,0.0765723,-8.56359,-1.86763,-3.79333,-0.694439,0.110246,-7.47494,-5.3326,-4.92019,-2.94132,-5.95738,-2.08013,-9.2601,-4.72691,-10.9008,-18.798,-25.7715
10,550,36,488,159.967,91.1647,26.9641,0.315088,-7.53024,-0.0906521,0.853838,2.74552,-8.75724,-4.9324,-2.52808,-2.48693,-1.38264,-7.71121,-6.22704,-5.59976,-2.38433,-8.35328,-3.65973,-8.50155,-5.52708,-9.2522,-18.9558,-28.5935
11,600,61,685,211.1,137.354,28.6314,-0.000835089,-7.18199,-2.08155,-0.815425,0.690794,-9.16654,-3.3256,-3.0797,-1.0343,2.10295,-7.53134,-7.10207,-5.73159,-2.84445,-9.05596,-4.312,-7.85337,-3.27348,-10.6297,-17.9663,-30.3088
12,650,60,513,241.6,122.358,31.126,1.39398,-6.8287,-0.50939,-0.806195,-0.388466,-8.26626,-4.60757,-1.9579,-0.750743,5.13503,-7.5975,-6.49081,-6.63253,-4.01302,-6.68888,-5.3208,-8.22037,-1.69713,-11.2556,-17.1727,-31.7167
13,700,64,702,304.267,184.931,33.2219,2.3966,-5.21575,-1.03562,0.623477,-2.79776,-6.69397,-5.17767,-2.51267,-2.23757,8.15232,-7.08897,-6.23445,-8.00115,-4.42701,-6.26088,-5.13445,-6.5552,-5.4337,-10.9792,-17.0616,-33.2888
14,750,194,3030,852.133,674.139,28.9059,4.78659,-4.50517,-1.72463,0.599658,-1.26637,-5.8722,-4.81486,-3.59845,-2.04103,8.01787,-7.5847,-4.91349,-7.35361,-3.65521,-4.64965,-4.8288,-6.90201,-4.34876,-10.0434,-15.8237,-35.6323
15,800,116,10957,1958.63,2069.76,27.8168,2.91656,-3.40607,-2.70012,-0.480352,-0.171694,-4.28192,-4.50029,-3.11472,-4.32765,8.1699,-8.97964,-6.33322,-7.69206,-3.32894,-5.08972,-4.04297,-5.44478,-8.3731,-7.64134,-14.3665,-36.7845
16,850,92,4314,1264.2,1010.65,28.1403,1.57745,-3.05159,-3.85746,-0.469413,-0.269705,-4.45642,-3.45984,-0.847615,-4.88442,7.69837,-10.2189,-6.67402,-6.91731,-5.53532,-5.33743,-3.52265,-6.07519,-6.93875,-8.32762,-14.5898,-38.3094
17,900,111,5494,2040.47,1491.34,26.4916,2.78079,-2.78061,-4.60841,-0.497921,0.214864,-2.24262,-5.37339,-0.859568,-4.48467,6.22593,-9.19975,-5.48993,-5.11112,-4.62955,-4.1778,-4.38574,-9.37285,-6.36159,-7.6494,-14.0258,-40.6439
18,950,92,12942,3123.5,3269.26,26.3273,4.16919,-3.5109,-3.90776,0.269851,0.359066,-1.77548,-6.04871,-1.3653,-2.79581,5.61219,-8.69394,-4.58938,-5.55438,-5.74306,-4.74012,-5.41581,-10.4912,-5.74862,-8.50893,-13.7654,-41.6174
19,1000,109,16442,4491.8,4542.24,26.2234,6.20639,-4.72118,-2.99748,2.09658,-0.976352,0.964422,-4.21355,0.989532,-3.01695,4.80259,-6.57147,-4.33904,-5.67709,-5.04082,-4.10508,-5.88324,-11.4245,-4.30884,-8.40992,-14.7577,-43.5053
20,1050,692,22266,6444.27,4784.09,27.0256,6.42397,-6.07647,-5.04239,0.99323,-0.778035,1.20708,-6.48154,-0.128277,-3.64821,4.83771,-8.48262,-6.92095,-7.87657,-5.2436,-7.28807,-6.14961,-9.60696,-4.43909,-10.5305,-12.3798,-43.5879
21,1100,186,22554,5281.43,5007.1,27.1296,6.64623,-4.88533,-4.66731,1.07949,-1.05477,1.1599,-5.34544,-2.21911,-5.5399,5.8908,-8.04861,-7.18658,-7.72936,-3.22285,-7.08178,-6.12799,-5.87458,-2.96239,-9.96503,-11.6041,-42.1246
22,1150,139,23190,6938.13,5847.57,25.6695,7.84832,-3.18404,-5.63369,-0.614672,-1.11757,0.665949,-1.5847,-3.0628,-5.0613,5.55558,-10.0913,-8.50962,-9.19467,-6.28143,-7.33094,-6.30097,-7.46582,-5.62436,-8.66018,-13.1324,-41.8437
23,1200,698,50636,12174.8,12771.5,26.5061,6.88081,-3.04634,-4.24736,-1.49995,-0.129218,0.0601872,-2.51476,-1.57268,-3.67326,6.28938,-8.51086,-9.20875,-8.95516,-5.81427,-6.1655,-6.8382,-9.26688,-5.39503,-7.39447,-12.3227,-44.1775
24,1250,188,45046,9502.5,10065.2,27.637,5.89773,-2.56238,-4.72982,-2.63478,2.30193,-0.679965,-3.52848,-0.0323874,-4.61893,7.32063,-8.56309,-8.10226,-9.54517,-7.44384,-6.36465,-8.29811,-9.40971,-3.60983,-8.50175,-12.8498,-42.1952
25,1300,630,38700,6510.13,8321.26,28.9751,5.8361,-2.93927,-4.45351,-3.64238,1.11295,-1.84438,-1.88847,-0.976668,-5.65039,7.66697,-10.2894,-8.57899,-8.00005,-8.89373,-7.36843,-9.8534,-10.34,-3.63909,-9.66977,-11.0175,-42.6071
26,1350,173,40482,11481.6,10639,26.9326,6.64996,-4.47389,-5.49988,-2.13402,0.0853719,-0.807955,-2.8265,-0.624912,-5.36647,7.20007,-9.42974,-9.76636,-7.9945,-8.60966,-8.24673,-7.47867,-11.9937,-4.36657,-9.31183,-10.322,-43.5959
27,1400,218,54740,12429.6,11159,27.8741,7.06006,-4.59254,-4.9694,-0.91479,-0.599888,-1.91022,-2.56951,0.292428,-6.72333,7.39721,-10.318,-8.76922,-8.34218,-9.24715,-8.92244,-8.47437,-13.2159,-7.56584,-9.13756,-9.66756,-44.8486
28,1450,319,38218,10225.7,10136.3,27.8297,5.86706,-4.06476,-5.60102,-1.51449,-3.60205,-1.32692,-2.51094,0.228683,-7.2564,6.25702,-12.0306,-8.04601,-10.6274,-7.8494,-8.67092,-5.57869,-13.0674,-8.99956,-9.13189,-9.28358,-46.0652
29,1500,831,39694,16674.6,11670.4,29.7149,5.40895,-3.3456,-4.52678,-1.68858,-3.39293,-0.772524,-2.06665,-1.30504,-5.12979,5.68639,-11.8495,-5.09328,-10.5148,-6.5425,-8.49664,-4.49224,-12.3961,-7.20556,-8.13995,-10.3975,-47.7522
30,1550,362,75466,19557.9,19493.7,31.5566,4.18139,-2.67087,-3.80593,-0.923785,-4.40326,-1.26296,-1.0792,-1.34544,-5.64083,6.79676,-13.3057,-6.36413,-9.78387,-6.43633,-10.0556,-6.65819,-12.7747,-6.06378,-10.7247,-9.22972,-49.3965
31,1600,1383,82832,17444.6,20588,27.965,3.63026,-4.08821,-3.70421,-0.345255,-2.43327,-3.03323,-2.40881,-1.64643,-4.52418,5.77843,-13.1085,-5.66479,-8.48748,-4.34384,-8.31399,-7.74885,-15.0199,-8.43019,-12.2282,-8.84046,-52.2421
32,1650,694,88034,29730.9,23416.4,28.8286,4.65336,-5.78183,-4.52115,-1.4082,-1.94522,-2.25493,-2.47872,-3.11954,-3.65127,8.18926,-12.4176,-5.54575,-9.1718,-6.4108,-9.06605,-8.03496,-15.0189,-8.5041,-11.6683,-8.25973,-52.9009
33,1700,415,55890,17952.5,14250.6,28.9599,5.17558,-7.43389,-7.86737,-1.54728,-2.74831,-2.62262,-1.83852,-3.35662,-4.29778,7.38543,-12.378,-6.55285,-12.3553,-5.01538,-9.78333,-9.30176,-15.1936,-11.1673,-13.2477,-7.45977,-56.2672
34,1750,3176,40580,18285.9,11296.5,29.2683,6.31329,-6.58513,-9.27779,-2.28558,-2.89549,-3.05674,-3.84294,-2.56771,-4.81518,6.60013,-12.3753,-7.63504,-10.7649,-4.7587,-9.34126,-10.0926,-14.2072,-10.3675,-14.0329,-7.13601,-56.6891
35,1800,434,140161,30166.7,29740.5,28.9068,7.22267,-5.67058,-9.80156,-0.564105,-4.39613,-2.81673,-4.7487,-2.52389,-6.92818,6.87369,-12.0614,-8.41534,-12.7138,-6.46415,-11.5003,-10.1494,-13.3958,-9.81096,-13.6917,-7.20007,-59.5816
36,1850,1695,75155,22649.6,17957.9,31.9177,6.16799,-6.8407,-10.4403,-0.691323,-2.76547,-2.9751,-4.29041,-2.68612,-7.78748,9.17716,-12.0494,-9.28434,-12.2955,-5.07909,-10.4514,-7.40097,-13.3569,-8.58732,-15.1452,-6.08055,-62.6619
37,1900,275,98844,31116.1,26448.5,32.5137,6.81534,-7.75908,-9.47456,1.59057,-4.26389,-3.27792,-5.2413,-0.425484,-7.3027,5.49832,-12.1711,-10.2499,-14.0207,-6.52992,-12.9183,-8.40178,-12.3914,-8.83349,-12.786,-7.46951,-62.1807
38,1950,1125,71045,20105.4,18883.9,33.1207,8.45032,-5.56553,-10.5479,3.18529,-3.1027,-2.2988,-7.52714,0.228063,-6.61301,4.53699,-11.5655,-10.7352,-17.1932,-5.00813,-12.5364,-9.09989,-12.0396,-6.79772,-16.1732,-7.52783,-63.7758
39,2000,522,49536,17200.8,14048.2,33.5186,7.78037,-4.54379,-11.0515,1.20384,-2.1686,-1.02907,-5.19734,-0.120688,-6.48088,5.49463,-13.3237,-11.0242,-17.7561,-5.43539,-11.1509,-11.7306,-11.9763,-10.7868,-17.4982,-9.7014,-66.0704
40,2050,2510,163527,33085.9,33002.8,30.5993,8.9578,-4.15132,-11.5751,1.1337,-1.85063,-1.21194,-4.27914,0.0429274,-7.5936,7.86352,-13.9348,-13.0137,-18.1911,-7.94356,-12.879,-10.521,-12.4765,-9.43602,-16.937,-11.1072,-69.5558
41,2100,796,37473,12306.6,10529.6,28.5744,9.79382,-2.26858,-10.7852,-0.239924,-2.22842,-2.02495,-4.04093,1.66427,-6.91916,7.46572,-14.7122,-15.7313,-16.8945,-12.647,-12.6968,-9.68536,-10.6813,-11.4484,-14.8179,-11.4879,-67.2005
42,2150,717,70896,24431.4,19896.1,30.9591,9.74216,-1.27996,-9.27181,0.0577854,-0.278302,-0.880063,-4.66164,0.698037,-8.33572,9.24816,-13.7172,-13.614,-14.9581,-11.2158,-13.1046,-9.80504,-10.3343,-11.7738,-15.4197,-9.07976,-67.9356
43,2200,821,174823,35011.9,41146.5,29.4345,10.6122,-4.71023,-8.21676,0.569447,-2.41768,-3.02655,-4.80761,-0.0683651,-8.22483,9.16884,-13.0568,-14.7865,-14.5242,-9.42532,-16.6936,-11.7338,-9.7351,-9.95277,-16.9657,-9.82731,-68.2468
44,2250,777,112054,27799.2,26896.1,31.93,10.4244,-5.12642,-7.49847,0.475366,-2.00581,-2.97073,-4.88591,-0.441092,-7.39539,10.6065,-13.8017,-12.4236,-11.3928,-8.38522,-18.52,-11.1566,-11.3076,-10.4502,-16.6441,-9.35846,-69.0974
45,2300,872,129214,22101.7,28542.4,34.5228,9.90247,-4.97239,-6.96086,-2.11315,-1.71621,-1.83113,-6.20359,-2.8139,-5.40243,10.2277,-14.1374,-11.0676,-11.7563,-7.53906,-18.2235,-11.5746,-12.8784,-11.4604,-15.9869,-11.6831,-70.7663
46,2350,1651,158419,45791.4,48196,34.0495,7.68895,-6.89188,-4.96951,-1.36678,-3.23066,-0.213449,-5.08064,-0.970488,-6.88536,9.40017,-14.071,-11.5049,-13.0386,-9.40429,-19.5492,-12.5658,-13.0782,-11.1189,-16.139,-10.096,-71.3566
47,2400,2159,186708,58377.5,53444.3,34.4518,8.35752,-7.34361,-3.02799,-0.821056,-1.06093,0.415915,-3.62446,-0.0988658,-5.20019,8.62965,-13.7178,-10.9019,-15.1861,-14.6913,-16.9932,-12.2862,-14.1758,-10.5127,-16.8393,-8.73455,-72.6052
48,2450,4465,382647,75087.8,79071.6,34.5799,8.10653,-6.3561,-2.572,-2.43859,-2.02448,2.17343,-4.0562,0.627682,-4.87129,10.1305,-13.8999,-10.5349,-14.7889,-12.9555,-17.8955,-14.7657,-15.235,-10.5051,-20.3945,-8.44519,-74.3848
49,2500,1172,279027,56338.9,53695,35.9264,6.89622,-4.6861,-1.94403,-1.82402,-1.55713,1.29321,-3.67224,-1.88309,-4.75617,9.97104,-15.5877,-9.88792,-13.769,-12.8823,-19.1042,-13.1869,-14.9873,-10.0508,-20.9098,-6.96742,-77.2468
50,2550,577,144981,47273.4,39522.3,35.7,4.5749,-6.37262,-1.92796,-1.69507,-0.965902,0.248959,-3.61638,-0.735199,-4.95855,10.4064,-14.4478,-8.58845,-12.6045,-13.3623,-17.9314,-14.8439,-15.5091,-10.0236,-20.2194,-6.65421,-76.3102
51,2600,349,85330,34127.9,28378.3,33.437,6.09957,-9.68532,-1.08437,-2.52867,1.34244,0.74154,-3.89009,1.93292,-7.19673,11.0714,-14.533,-7.43171,-11.4084,-12.9557,-16.9102,-19.659,-14.8518,-12.901,-20.688,-5.97677,-76.884
52,2650,399,191885,46555.4,46109.8,34.5503,8.3435,-10.6268,-2.48905,-2.65911,0.619681,-1.61974,-5.86543,2.55087,-5.9244,11.4625,-14.8767,-7.758,-13.0174,-14.2384,-16.1458,-18.1338,-16.6533,-13.2445,-20.7634,-6.57996,-77.4169
53,2700,1072,353999,72685.5,83956.9,31.3074,9.69413,-10.7051,-1.49111,-3.41905,0.267449,-1.05928,-7.23226,1.4118,-5.9766,9.75519,-16.0817,-9.70933,-13.0521,-13.1198,-15.269,-17.6965,-17.2415,-12.0501,-20.0882,-7.411,-77.3114
54,2750,296,278652,75304.4,62045.8,27.401,8.99146,-11.7178,1.20138,-1.78036,-1.32746,-1.3754,-5.13849,0.457372,-7.5294,9.17569,-17.1472,-12.1211,-14.3414,-10.7127,-13.9215,-16.1784,-17.4503,-11.1147,-18.9708,-8.49276,-79.1009
55,2800,7408,332781,56737.4,62120.2,27.8067,8.22545,-11.5136,0.989017,-2.94086,-1.3225,-2.62134,-5.50969,-2.3738,-8.73879,9.63996,-17.6198,-10.2082,-15.7455,-9.05246,-12.6525,-17.2592,-18.8303,-7.69073,-19.3413,-7.12662,-78.2012
56,2850,5198,136025,60179.4,37951.8,13.8501,10.7279,-10.5741,-0.372533,-3.42392,-0.731523,-1.26871,-4.37245,-1.3827,-9.80568,8.80603,-16.3615,-9.92291,-14.6339,-10.8755,-12.4479,-17.5582,-16.2258,-10.6064,-16.4622,-7.40046,-75.4029
57,2900,769,500403,85023.3,97071.5,10.8427,8.43236,-10.8588,-0.215903,-3.4948,-1.07442,-2.25923,-4.30769,-0.721059,-9.91234,9.54677,-18.9936,-11.4637,-12.4116,-12.147,-14.0729,-15.9738,-16.4287,-10.611,-17.2809,-5.42785,-78.3458
58,2950,162,192315,51401.1,52196.5,1.86369,7.09775,-9.7766,-0.829776,-3.08205,-4.09917,-2.81025,-3.16486,-1.46943,-10.445,8.79476,-19.0564,-11.8436,-11.7839,-11.3886,-12.6637,-13.8334,-19.0661,-11.332,-20.2966,-5.33349,-80.8542
59,3000,7805,157725,57811.8,45173.1,-0.447958,7.36235,-9.45449,-2.36521,-1.59008,-3.51597,-2.47133,-3.38246,-2.50923,-9.28962,8.41844,-19.4663,-12.816,-13.1474,-10.4352,-14.7799,-14.3422,-18.2114,-11.6799,-21.0673,-7.076,-80.4808
60,3050,58,116553,47369.6,34477.8,1.11039,8.96821,-9.33948,-0.52628,0.679778,0.125867,-2.96919,-3.64547,-0.688426,-9.23614,8.12771,-17.987,-12.1544,-12.9706,-12.0039,-15.8666,-14.9051,-18.7749,-12.4337,-20.2478,-6.47397,-81.877
61,3100,3482,276963,66287.7,62469.6,1.51205,10.9075,-8.22368,-2.39079,2.43606,-0.0851229,-1.19343,-4.46978,2.42023,-9.74501,8.65664,-18.4197,-11.614,-12.865,-12.4953,-17.4431,-16.149,-17.056,-9.46167,-20.989,-6.24695,-80.598
62,3150,572,246916,54504.8,59922.3,-0.83366,10.5684,-9.19802,-4.00103,1.96946,-0.726211,-1.11829,-4.51574,3.3578,-9.08471,9.01446,-18.4352,-13.2183,-12.9951,-12.113,-15.6042,-18.1487,-16.463,-9.33699,-19.4612,-6.82125,-79.9643
63,3200,1282,271137,82472.4,72228.7,1.4749,12.1264,-8.80631,-4.38557,0.377104,0.195167,-1.527,-5.88764,2.63,-10.4255,10.4236,-17.7446,-12.9998,-13.6128,-13.3718,-15.7488,-19.3063,-19.8747,-11.3058,-19.2162,-4.43248,-79.3619
64,3250,3436,332827,76624.7,75749.5,2.88058,10.9372,-11.2657,-2.48829,-0.569129,-1.88906,-1.12484,-6.44525,3.54403,-10.9832,10.7591,-16.8281,-10.503,-14.1809,-14.8849,-17.2411,-19.0307,-21.6544,-10.9389,-19.4479,-6.64991,-78.6596
65,3300,3073,354397,62339.3,70310.7,4.95133,9.09178,-11.1074,-2.68795,-1.10646,-2.35029,-3.07705,-5.35976,4.04631,-11.5777,10.1899,-16.9833,-11.5132,-13.3193,-15.7271,-18.781,-19.2268,-20.7545,-11.7339,-20.2644,-8.41414,-77.5326
66,3350,1754,313118,65371.8,70351.2,5.48881,10.1197,-11.0959,-3.44451,-1.24466,-3.13832,-1.34557,-5.33948,2.86002,-10.6252,11.3424,-16.2592,-11.8044,-10.9889,-13.3258,-18.4598,-19.1105,-22.6164,-11.5924,-20.54,-8.90879,-78.6223
67,3400,576,257342,62575.8,61671.5,5.72104,8.72865,-8.48199,-4.16263,-0.907123,-1.16761,-1.29406,-3.9969,4.39656,-11.5252,12.3188,-14.7806,-14.3482,-12.9604,-15.242,-17.7149,-17.9808,-22.524,-12.8319,-18.886,-8.47745,-78.0161
68,3450,289,216420,45371.5,52234.2,7.10957,9.38918,-7.23684,-3.00542,-1.64449,-2.94645,-1.19294,-5.01047,4.74148,-10.6461,11.311,-16.3892,-15.8096,-12.6402,-18.4213,-14.417,-17.9717,-21.018,-12.6693,-19.737,-7.58599,-76.4008
69,3500,6975,181829,57907.4,46090.9,7.37569,7.65383,-7.66581,-2.53391,-2.74476,-4.9537,-1.74841,-8.25469,2.40409,-10.2834,11.1087,-14.5184,-15.5845,-11.5339,-14.881,-15.7485,-18.2135,-19.659,-12.0414,-21.7998,-7.34706,-79.2312
70,3550,513,273641,61619.3,57933.2,6.96622,9.81197,-8.77583,-3.12167,-2.73803,-3.54569,-2.58344,-4.1027,1.72256,-10.021,12.7104,-12.6572,-14.5311,-12.1258,-14.7723,-17.371,-15.2968,-20.6501,-12.4286,-21.4286,-7.84543,-79.0197
71,3600,1313,138787,44420,39699.3,9.66635,9.12372,-8.97952,-1.21932,-2.8238,-2.80579,-2.10588,-6.06141,3.91368,-11.9682,10.9208,-12.1631,-13.8981,-13.1706,-15.4249,-16.955,-15.4429,-18.4715,-12.578,-20.0913,-8.94857,-77.4339
72,3650,2347,186489,55849.3,51216.7,9.95491,9.27333,-9.01771,-1.86118,-2.45899,-4.23822,-3.00997,-7.09237,4.0453,-10.8881,11.8208,-14.4981,-13.8253,-13.0744,-16.158,-18.234,-15.8747,-17.0744,-14.4747,-17.983,-8.9982,-77.7363
73,3700,1375,238977,60478.7,53319.6,7.42915,8.9352,-10.4511,-0.125565,-2.40135,-4.41903,-0.908879,-8.73434,5.17866,-10.2828,10.7815,-14.5268,-13.0732,-13.4408,-16.9114,-18.7714,-16.1883,-18.9037,-15.1783,-19.1196,-7.5655,-79.0258
74,3750,1247,351236,73394.5,68612.3,6.53391,8.07139,-10.625,-0.161163,-3.33756,-3.03674,-1.5302,-8.18307,1.54798,-9.64278,12.6356,-15.5009,-11.7966,-13.4193,-16.3292,-16.4446,-13.8328,-18.0467,-15.1009,-19.172,-7.94463,-78.5304
75,3800,1893,564586,82695.8,108938,4.86506,8.53093,-11.006,-1.38297,-5.16671,-1.11524,-2.36963,-9.14746,0.760333,-10.5938,12.1713,-15.1401,-11.4245,-15.2519,-16.5289,-16.7722,-12.9466,-18.8982,-13.6361,-19.17,-7.41563,-80.5862
76,3850,1542,262916,68843.8,68464.8,5.61263,8.47222,-10.6653,0.889737,-3.40128,-0.0309599,-3.32418,-9.05224,1.31353,-10.5182,13.1675,-18.1891,-11.4385,-16.5414,-17.5018,-16.3273,-11.2377,-19.3822,-13.6644,-19.1706,-6.87931,-82.1333
77,3900,5221,249397,103632,72273.2,6.65536,10.9346,-9.53284,2.32175,-4.90122,-1.70616,-3.3681,-9.8784,2.45522,-10.2765,10.4868,-22.0415,-11.3205,-15.9336,-17.4739,-17.4779,-13.6332,-18.7345,-11.7469,-19.1921,-6.57573,-83.44
78,3950,381,342664,120478,97259.3,4.91211,10.3932,-10.1177,3.89089,-2.90746,-2.30937,-3.32715,-8.24067,2.5802,-9.56907,10.5414,-20.644,-10.8607,-15.7035,-16.0951,-19.1164,-16.5462,-18.6705,-12.0342,-20.7663,-7.0871,-84.9032
79,4000,9616,545158,124312,123028,2.33388,9.40078,-9.84808,1.06683,-1.19714,-0.046117,-2.24781,-6.49547,3.14574,-10.9552,12.4039,-20.4919,-13.7194,-17.3347,-15.9975,-19.3223,-17.0062,-20.0851,-12.0004,-23.4645,-4.68488,-85.4169
80,4050,20507,426832,181611,121524,2.33974,11.0451,-9.46405,-1.50914,-1.98094,-0.241264,-1.63931,-3.60643,3.59142,-10.7928,11.09,-19.5573,-12.0892,-19.1297,-16.7634,-18.0756,-15.682,-20.1023,-11.4902,-23.3142,-3.72208,-86.3204
81,4100,355,618184,128874,125721,0.74868,10.441,-9.55295,-0.726188,-1.677,0.435329,-2.57131,-4.78622,2.56716,-12.5039,12.757,-19.3064,-11.8091,-18.9972,-16.4421,-17.0981,-16.6233,-18.6761,-11.3486,-23.0157,-4.77039,-86.2199
82,4150,1452,275390,96870.9,84044.1,1.82063,10.346,-7.27043,-0.714389,-3.12184,-0.79692,-4.62931,-5.09281,3.37452,-12.7728,14.4707,-17.216,-11.9213,-18.8328,-14.5954,-17.3594,-17.0456,-18.2866,-13.1898,-20.9425,-5.60901,-87.1489
83,4200,4219,402434,89147,92535.8,3.21192,10.3374,-7.2311,-0.723482,-2.96048,-0.749347,-3.29957,-6.84292,4.35568,-11.1026,13.496,-17.7463,-15.2076,-17.5273,-15.9698,-17.2313,-17.8834,-18.5474,-13.7379,-19.207,-5.00824,-88.1024
84,4250,2152,345849,83281.4,81307.7,-0.847343,10.4622,-5.24816,0.177952,-3.29924,0.844111,-2.20536,-6.70118,3.15404,-11.6677,12.3305,-17.715,-17.5278,-17.2312,-17.9875,-19.2294,-18.4658,-19.4085,-14.2448,-20.144,-5.07218,-85.4779
85,4300,135,550295,109506,123073,3.77112,11.1959,-6.4392,-0.414249,-4.71354,0.891022,-3.73457,-5.47378,3.31319,-10.1565,11.6118,-16.8887,-16.0503,-18.2509,-18.9156,-17.1712,-20.1261,-18.1054,-15.4974,-19.5924,-5.35397,-84.7726
86,4350,4818,290036,100190,72041.2,1.68408,13.3936,-9.62468,0.127928,-3.19565,0.71193,-1.87187,-4.87252,0.940122,-10.5039,13.3203,-17.5947,-15.3191,-18.7334,-18.1701,-16.8913,-17.7837,-17.8763,-13.3993,-19.1356,-6.11337,-85.0143
87,4400,2380,382484,93334.3,93908.1,5.64398,13.7397,-10.5333,0.156156,-3.91323,1.58606,-4.66764,-4.77082,1.73352,-10.2049,14.0667,-17.4629,-15.3045,-17.628,-21.8143,-18.0795,-17.7297,-19.7342,-12.7256,-19.7916,-4.95215,-86.382
88,4450,4480,479463,140133,126248,6.8198,13.7632,-10.5914,-0.609566,-3.38213,0.461705,-1.96858,-3.10594,2.13355,-11.1963,13.7699,-19.0586,-17.4138,-18.4751,-20.6999,-17.8087,-15.9749,-19.5352,-13.6655,-20.7214,-6.86734,-85.3409
89,4500,1798,301298,102824,99511.3,6.68721,12.9141,-10.5705,-0.108394,-1.849,-0.439866,-1.4972,-4.73358,2.67301,-8.83805,13.1074,-18.8876,-18.1037,-17.9403,-21.6,-17.6108,-14.9703,-22.3198,-12.7782,-19.5725,-7.24613,-87.7434
90,4550,841,255204,48074.8,52590.1,6.79752,14.4089,-8.86882,-0.76829,-0.922083,-0.222752,-0.885095,-7.02032,2.61764,-7.16573,14.1498,-18.6328,-19.1531,-17.5118,-21.4816,-17.7832,-15.458,-20.7767,-14.1186,-22.6224,-6.7625,-86.7567
91,4600,854,341650,82423.8,81067,5.81517,15.6674,-7.2448,-1.69684,-0.264032,-2.50834,1.41314,-6.01635,3.03024,-7.3686,13.7727,-18.1219,-17.8392,-15.023,-19.3152,-16.097,-16.6155,-20.1863,-16.6264,-24.2915,-7.87598,-85.0434
92,4650,949,253114,89185.4,70479.1,6.29453,13.832,-5.63266,-1.44689,-2.50051,-3.1494,2.50057,-5.56686,3.68027,-6.72813,13.2714,-17.3864,-18.7204,-16.2408,-15.9201,-14.3051,-15.7787,-20.2556,-13.8269,-23.984,-9.61892,-84.4627
93,4700,1433,227439,67457.5,55406.8,7.05517,12.3595,-6.56415,-3.22497,-2.03737,-2.37612,4.87257,-6.4335,-0.233972,-6.31944,14.8989,-15.6904,-16.163,-16.5406,-15.6223,-15.3084,-19.3709,-22.6867,-14.03,-19.8799,-10.534,-83.8057
94,4750,4577,469899,85126,114530,8.63972,13.8521,-6.48344,-3.85523,-1.52211,-1.51214,6.25293,-8.76466,0.0905075,-6.40379,13.716,-16.9424,-16.7248,-16.5693,-15.0056,-17.172,-18.7874,-22.1382,-12.8974,-17.9012,-9.84375,-83.8921
95,4800,2109,262994,68669.1,65075.2,8.23981,13.5709,-8.80606,-2.29617,-1.50768,-3.67283,7.42766,-8.21645,-1.67351,-5.40782,14.3381,-17.6999,-15.5079,-16.9744,-16.0716,-17.3742,-20.9299,-21.3465,-12.9518,-19.4527,-9.75407,-84.0027
96,4850,3550,248375,65658.9,60429.7,7.58287,13.8886,-9.09338,-2.26469,-1.64356,-2.95504,7.64147,-8.00641,-1.80594,-8.40311,14.3876,-19.2309,-16.4582,-17.2918,-14.9828,-17.0276,-18.6435,-20.9618,-13.4107,-19.89,-8.92039,-87.5535
97,4900,522,419560,105926,90788.9,8.91473,14.0242,-9.27178,-1.47588,-1.90988,-4.10102,7.23689,-7.65139,-0.973191,-8.2601,14.4234,-20.8441,-15.6202,-16.3242,-15.3977,-18.5247,-20.0528,-19.0924,-13.8957,-21.5753,-7.0065,-87.6411
98,4950,2955,386107,88122.9,95673.8,8.04693,13.0597,-7.52894,-2.25021,-1.1153,-1.19402,6.81335,-6.49276,0.819292,-7.68824,13.2046,-20.3305,-14.4064,-16.5162,-13.3898,-19.9418,-18.9797,-20.2983,-12.7256,-20.0886,-8.83742,-88.1318
99,5000,2526,243696,55671.6,49662.7,7.16175,12.8387,-7.75893,-4.19811,-2.33031,-2.98275,7.68598,-6.77101,0.0483053,-7.80149,12.7278,-21.5541,-12.9958,-16.4172,-14.193,-18.9467,-17.9815,-21.0515,-12.1991,-18.5809,-8.65042,-87.5744
100,5050,3944,781860,99062.2,147097,8.51569,13.7985,-7.29251,-4.10017,-2.53561,-3.18415,6.08488,-5.36079,-2.10253,-7.51281,11.8374,-20.8989,-13.2388,-17.8245,-16.7764,-18.8811,-17.8802,-20.3037,-14.9734,-19.6414,-9.24964,-89.8874
101,5100,649,191513,51373.2,48942.7,9.88185,12.1184,-7.06873,-3.46858,-2.15722,-3.17293,8.1967,-3.93598,0.579888,-9.19262,11.1845,-23.4291,-15.0824,-16.7773,-16.2751,-20.1865,-19.6817,-22.1545,-16.8979,-19.5568,-6.76757,-91.1941
102,5150,1470,141164,43651.9,40536.2,8.9287,11.2974,-6.74751,-1.67342,-2.59595,-3.41451,8.77927,-5.21373,1.05867,-9.89538,12.4069,-25.1575,-14.2378,-16.1481,-16.0777,-23.8222,-20.0755,-22.9466,-14.9327,-21.128,-4.72206,-91.4661
103,5200,2144,146473,56261.4,46267.4,5.81807,9.86829,-6.48606,-0.194877,-0.14331,-6.08099,7.08449,-4.6636,0.0413431,-9.09976,12.3344,-25.6539,-13.4952,-14.4936,-14.363,-25.4028,-18.3933,-23.3675,-14.676,-21.9503,-4.42834,-90.147
104,5250,441,145541,44763.4,39045.8,5.16431,9.07215,-8.70844,-2.99626,-0.00244321,-6.29098,6.26017,-5.62807,-2.35654,-9.17442,13.1625,-24.0588,-13.83,-14.5593,-12.5714,-23.8443,-20.5281,-22.1911,-13.5349,-20.9522,-4.94828,-89.3794
105,5300,1333,108115,33227,31463.8,3.37795,7.07813,-7.81502,-2.47636,-1.70838,-7.21579,6.80017,-7.61736,-1.56493,-9.2456,12.4778,-21.4812,-14.2552,-16.5963,-12.1396,-24.1755,-18.7278,-24.0093,-12.4962,-20.3703,-4.53893,-88.6434
106,5350,543,196745,35718,41991.6,1.53477,7.73396,-6.04189,-1.86626,-2.49707,-5.75338,8.72807,-7.76963,-1.10658,-8.66071,12.0488,-21.331,-15.2308,-16.6717,-11.6335,-23.6987,-20.4535,-25.6213,-10.5251,-22.1219,-5.79967,-88.6065
107,5400,1473,194628,57197.6,53174.5,0.524285,9.07716,-7.16368,-2.16313,-4.06281,-4.85484,9.85672,-9.88152,-1.90603,-7.13198,12.1073,-19.8285,-12.3507,-15.4967,-13.0191,-21.9192,-20.0947,-25.1024,-11.9494,-19.5824,-6.13663,-86.1205
108,5450,458,209766,56073.6,59443.5,-0.512864,9.37287,-6.21398,-3.29681,-0.835148,-3.06463,8.33513,-9.68813,-0.982189,-7.78458,11.3498,-18.1515,-11.2744,-16.1325,-13.657,-20.6486,-21.274,-24.8546,-11.019,-20.9492,-6.05734,-86.7258
109,5500,836,273998,60395.2,68078.2,-2.8186,10.2773,-6.70485,-4.81727,-1.64251,-3.95561,8.00622,-8.39157,-1.45641,-7.93004,13.9611,-16.6327,-13.3586,-15.2689,-13.2877,-20.5925,-19.1179,-25.509,-12.4377,-23.3139,-6.69668,-87.6706
110,5550,4075,145578,48450.9,34362.8,-0.477467,10.5756,-4.28534,-6.2558,-2.5949,-3.47997,6.49929,-8.93034,-0.471676,-11.4686,13.7711,-17.4549,-14.0984,-15.2092,-14.063,-18.0384,-18.7038,-23.5094,-12.4156,-25.3443,-6.42799,-90.1825
111,5600,303,218268,64607.4,53053.3,0.914602,9.79684,-3.931,-6.04176,-0.925878,-5.36413,4.40038,-10.381,-0.497099,-8.20437,13.7397,-17.8624,-15.488,-15.3013,-14.6905,-18.6945,-18.7045,-25.4152,-15.4102,-27.0752,-7.57813,-90.0883
112,5650,12929,223191,84552.5,62113.9,2.83364,8.31821,-6.48497,-4.2957,0.240594,-3.4685,5.62337,-8.61325,-0.972127,-10.9157,12.4906,-17.4725,-14.0909,-15.1426,-14.0479,-18.6624,-19.3418,-27.0003,-12.2352,-28.2454,-8.00076,-90.62
113,5700,521,219558,46811.5,57246.3,3.56393,7.09446,-4.88542,-5.6479,0.882508,-4.45006,5.2772,-5.88822,-0.907259,-13.0559,15.1613,-18.6626,-13.4864,-15.8159,-14.1938,-18.1352,-16.8195,-24.9256,-14.9025,-27.0884,-6.29654,-91.7628
114,5750,812,206706,46318.1,57903.5,3.16245,6.40337,-6.00036,-5.08846,-0.190064,-4.13351,3.67121,-7.30053,-1.03033,-11.2707,13.9398,-18.8751,-15.93,-16.8236,-14.375,-18.2671,-17.6762,-23.805,-14.7013,-25.4195,-6.49678,-94.6855
115,5800,7880,270881,73626.4,60747.4,1.56295,8.11773,-8.38965,-3.81034,2.68729,-4.28829,3.75328,-10.7537,0.786454,-13.6553,14.7591,-20.4898,-16.6774,-16.0963,-15.2907,-19.7944,-19.7468,-23.3919,-13.6968,-25.8291,-5.74092,-92.5065
116,5850,592,182048,35550.2,46011.9,1.79148,9.61027,-8.31445,-4.85105,2.34974,-5.79361,1.93156,-10.5444,-0.218546,-13.3343,10.2245,-20.0077,-18.397,-19.6178,-13.7407,-20.6018,-20.637,-24.1358,-13.1802,-23.9582,-8.29136,-92.9074
117,5900,588,285443,61236.1,62377.1,1.55742,10.1747,-8.46309,-5.99254,0.284279,-4.5043,3.42528,-7.6097,-0.771887,-13.7624,10.3916,-18.166,-19.1997,-18.136,-14.5098,-20.9187,-20.2877,-23.8496,-12.6919,-22.4471,-5.58762,-96.8833
118,5950,779,176447,61764.7,51668.5,2.37929,10.156,-9.49632,-4.71185,1.16641,-4.19519,1.99438,-6.60117,1.63051,-14.6467,12.0991,-18.5615,-18.2538,-19.8508,-13.5804,-20.6436,-19.0794,-23.4304,-13.1713,-23.2058,-5.78411,-93.5615
119,6000,786,227475,68498.1,57408.1,0.0892026,11.0308,-8.10156,-2.19858,-1.46797,-3.47486,4.52259,-7.72796,1.6255,-13.1088,11.8936,-18.6251,-18.6311,-19.0353,-13.6091,-17.2672,-18.8807,-22.6593,-10.993,-23.5629,-4.97862,-95.505
120,6050,241,234681,71494.9,63288.5,1.43941,11.818,-10.0167,-1.90961,-2.93759,-3.57634,5.83655,-7.09717,1.58205,-13.0192,11.1364,-19.3429,-17.8268,-19.3155,-16.1555,-16.8913,-16.3467,-22.0202,-11.2473,-22.7143,-4.61491,-95.4164
121,6100,2220,299812,94961.3,73918.4,3.06188,11.6008,-9.79771,-3.06479,-5.08823,-2.39476,4.96167,-5.09952,-0.12602,-12.3199,11.9184,-18.8581,-17.6623,-20.3298,-17.6091,-16.6527,-15.7082,-20.4269,-12.4406,-25.0907,-5.58944,-97.072
122,6150,3935,457597,100540,106091,3.37696,12.2969,-8.6543,-3.19484,-4.70754,-0.805512,0.359783,-3.15778,2.52901,-13.0505,12.9249,-19.3725,-18.2798,-23.0925,-16.4265,-17.4029,-16.0147,-21.3692,-12.0608,-25.2519,-7.07235,-97.9922
123,6200,497,407694,117538,116266,2.01153,15.4164,-8.13435,-3.59379,-6.55742,-1.19472,1.51531,-4.64716,2.24108,-13.8348,13.0561,-21.2441,-17.1518,-22.9329,-16.2154,-17.2101,-17.2249,-20.1229,-13.2804,-24.1537,-7.06402,-97.6307
124,6250,736,658409,155797,161057,-0.381254,15.7364,-8.8612,-3.8963,-6.77386,-2.74256,1.82336,-2.93026,1.76098,-12.8979,12.4671,-22.0629,-17.9059,-22.7037,-18.5031,-17.3545,-16.1711,-20.6296,-15.0669,-22.9191,-8.07676,-96.5573
125,6300,5732,398628,102403,84428.4,1.49433,15.2988,-10.8709,-3.32608,-7.09001,-1.98004,2.47966,-4.76224,2.10132,-12.7966,14.0476,-22.8941,-15.0152,-22.6472,-18.7068,-17.5632,-16.7982,-20.4209,-16.682,-24.7836,-10.1721,-99.6082
126,6350,4044,347325,118847,101536,0.74488,16.7146,-12.1404,-1.15398,-7.59655,-3.05939,3.63141,-3.68613,1.75059,-11.7779,15.5721,-22.2953,-14.4888,-22.1377,-18.4631,-17.5307,-17.0098,-20.6358,-13.2787,-26.3533,-11.9044,-100.331
127,6400,3215,437796,121339,106106,0.458825,16.3506,-11.4333,1.18672,-7.58909,-4.68539,2.54976,-3.05416,1.36169,-12.1158,16.3539,-22.1797,-15.2087,-21.1723,-19.1585,-18.562,-16.7207,-21.0278,-12.8978,-25.9673,-12.3664,-101.605
128,6450,1589,652413,87940.5,130106,1.57727,15.77,-11.3005,0.970368,-8.04189,-5.17002,2.82206,-3.4101,0.644015,-10.5315,17.8026,-22.8908,-13.7444,-19.4734,-20.3597,-16.678,-18.5879,-21.5003,-14.2185,-26.956,-11.9423,-102.614
129,6500,648,190529,62891.5,48131,1.45723,15.1236,-10.2806,0.493778,-9.08455,-5.83081,1.05389,-3.65793,-1.38327,-12.5144,17.446,-22.402,-14.2108,-17.248,-20.4216,-15.7918,-17.0617,-21.5511,-15.7991,-26.1239,-16.7991,-102.299
130,6550,212,284298,68164.2,60473.1,3.06225,14.8938,-8.29499,1.59304,-9.31061,-4.22047,0.394006,-3.76543,-2.63534,-9.84794,16.4574,-23.3564,-11.4633,-18.034,-21.1688,-15.6108,-16.6404,-21.9412,-16.2981,-26.2611,-16.7967,-103.475
131,6600,7144,348826,72301.6,77311.5,2.65143,14.0378,-9.88732,0.183455,-8.43577,-2.70177,0.703717,-3.78668,-2.65712,-12.2944,17.6967,-24.1161,-11.8159,-18.2994,-19.8597,-14.8676,-17.358,-21.9402,-16.8116,-23.6355,-15.9742,-105.477
132,6650,2958,209945,62036.8,58496.7,2.80342,16.1136,-10.432,-0.152838,-9.22131,-0.674306,-1.28746,-5.00318,-4.19456,-12.7271,19.9468,-25.8382,-11.0459,-20.3641,-19.9791,-12.7259,-18.7172,-22.607,-16.0514,-24.1247,-13.7424,-108.138
133,6700,674,256526,59694.4,54643.8,3.72064,17.2023,-11.1244,-0.330168,-9.77082,0.307148,1.03965,-4.65508,-2.5318,-14.7462,20.6419,-25.6018,-11.793,-20.9496,-20.6909,-12.8319,-21.7176,-22.4238,-15.2995,-25.5232,-13.0025,-111.54
134,6750,2079,328591,85457,78313.3,2.46502,15.7623,-12.5431,2.38518,-9.73011,0.204697,1.83407,-5.6281,-2.28531,-12.7528,19.344,-25.3071,-13.067,-18.9738,-21.5534,-14.1156,-20.6881,-22.4714,-16.5131,-27.2859,-12.1709,-108.529
135,6800,15348,298135,100153,72838.2,1.79868,16.6338,-14.3727,2.76544,-7.94976,0.248438,-0.253666,-6.78827,-1.26811,-11.3057,19.0527,-25.0945,-10.2624,-20.2694,-21.0322,-15.2649,-21.6976,-24.2516,-15.8998,-28.5648,-11.6228,-108.1
136,6850,6838,691474,106066,139194,1.03948,17.2747,-14.9209,3.39987,-4.39471,2.86021,-2.02668,-8.06944,-0.516409,-11.4942,18.9637,-28.4038,-12.103,-18.5789,-19.6128,-18.9357,-19.8611,-24.9313,-17.5422,-28.9609,-11.8469,-107.744
137,6900,1047,295328,83449.2,70520.5,1.75809,19.314,-16.9215,2.11345,-4.41788,0.678906,-1.6042,-10.5496,-1.3796,-9.00575,20.0301,-28.2666,-11.7768,-20.6251,-19.9611,-20.1429,-18.2411,-25.2948,-17.6313,-28.3314,-11.6539,-113.196
138,6950,1023,343468,74606,76731.2,2.23089,20.4584,-15.4083,4.8907,-4.33359,-1.47079,-1.4451,-9.10289,-0.615315,-8.88672,19.9797,-31.1673,-12.1628,-20.1997,-23.8391,-20.4253,-20.01,-23.9373,-16.0625,-29.5896,-12.3296,-110.568
139,7000,255,212043,57129.6,58126.7,2.16513,20.213,-16.3131,3.99221,-5.73621,-1.67352,-2.89111,-8.85907,1.55476,-8.55605,17.9458,-31.2181,-13.3901,-19.6955,-23.3907,-19.2658,-20.5196,-24.6695,-18.6074,-33.0944,-11.8524,-111.028
140,7050,1114,455154,135313,115290,3.40004,20.4003,-16.7977,6.66528,-5.37657,-1.88981,-3.92331,-8.415,2.08488,-9.36911,16.1786,-30.4525,-13.3668,-20.9659,-20.9901,-20.9746,-20.6141,-23.8112,-18.2726,-31.1861,-11.1617,-112.717
141,7100,1355,382135,95072.7,92971.7,5.36769,18.4073,-16.1229,5.09705,-6.61043,-2.57658,-3.51726,-5.35733,-0.130027,-11.118,16.052,-29.1164,-13.5448,-20.8498,-21.1137,-22.2662,-20.8886,-23.2148,-18.6378,-30.0322,-10.7437,-113.993
142,7150,4262,633471,117775,135797,4.25067,18.0108,-14.2885,6.0012,-7.81061,-0.716069,-4.51786,-5.15068,-0.625658,-9.68952,16.2645,-30.6428,-13.9788,-23.1689,-19.4333,-21.706,-21.6384,-24.8857,-19.0731,-28.6598,-11.5549,-113.99
143,7200,8536,615351,151082,148548,4.44204,17.307,-15.4256,7.29205,-6.44014,-1.39587,-0.349923,-5.72439,-1.3405,-10.1862,16.0431,-32.4528,-14.3509,-21.4757,-19.7941,-20.2607,-22.682,-25.7125,-18.7547,-25.4456,-8.80038,-115.05
144,7250,13492,542780,172936,146446,3.83731,13.6707,-11.1308,5.58499,-7.79665,-2.90034,-0.705974,-5.24711,-2.19889,-10.378,16.5604,-32.6937,-16.6244,-24.5517,-21.2323,-20.9327,-21.4376,-25.9259,-21.323,-23.5346,-9.1236,-115.447
145,7300,916,639064,104570,135747,1.23938,15.8163,-10.0863,2.16168,-9.99277,-0.537915,-2.97971,-3.69216,-2.07173,-9.05026,15.5547,-32.7586,-18.5106,-25.6692,-21.1296,-21.7257,-21.4687,-26.0928,-18.6044,-24.4977,-6.86162,-115.176
146,7350,13537,365324,122492,82374.9,0.0262546,13.3295,-10.9623,1.06262,-9.72678,0.699225,-2.08178,-3.75511,-0.796211,-10.7927,14.4038,-29.5796,-17.612,-26.6837,-20.8065,-23.5289,-21.0176,-27.2017,-19.1752,-25.5884,-6.84229,-115.935
147,7400,7074,575356,134952,129173,2.08521,15.5019,-11.8343,3.2058,-8.7076,-0.227026,-3.02489,-3.72092,-0.875606,-9.11943,14.9428,-28.5236,-16.8542,-26.6101,-19.9269,-23.6472,-21.0979,-26.9709,-19.5957,-29.9653,-8.57263,-115.739
148,7450,525,426005,118807,119992,1.82216,15.0823,-12.9636,6.04267,-8.0877,-1.14529,-2.67756,-3.45839,-0.117313,-10.192,16.3783,-29.4615,-15.009,-26.2396,-17.8654,-21.9712,-21.8017,-27.3456,-18.7227,-30.8636,-9.19884,-118.296
149,7500,1597,508346,141592,120653,1.87712,14.2277,-12.3912,5.55342,-9.44378,-2.49162,-2.43802,-1.6129,0.719369,-13.1932,14.6052,-29.3757,-18.2252,-27.3301,-18.0236,-22.5927,-23.634,-25.6784,-19.2858,-29.7469,-7.33613,-120.769
150,7550,5745,346541,91542,86191.3,2.66936,13.8876,-13.8606,6.14858,-9.54554,-1.05602,-1.81914,-4.46356,1.5286,-13.6378,15.6021,-30.7617,-15.8282,-28.0598,-18.3695,-21.8723,-22.5862,-25.6469,-21.8979,-32.3091,-8.32644,-122.221
151,7600,671,469826,111683,95923,-0.0900504,13.529,-11.3869,6.28002,-11.3387,-4.23517,-2.97516,-1.95406,1.7369,-14.6661,14.7734,-29.259,-17.332,-28.3114,-22.1856,-23.4609,-18.3922,-25.7705,-21.8102,-30.4385,-8.04156,-121.939
152,7650,1613,411869,108371,93215.4,1.23895,16.8171,-10.0848,5.89314,-10.6484,-2.57236,-1.41219,-2.34686,2.46852,-11.8642,12.3757,-29.5258,-16.5029,-29.628,-21.2517,-23.7557,-19.029,-25.2971,-20.4716,-32.0264,-9.58407,-122.641
153,7700,13251,389569,108852,96236.4,8.0493,17.5328,-11.8488,5.39986,-10.2804,-0.805821,-5.61809,-3.87434,3.22613,-10.331,13.9826,-31.7434,-17.3256,-27.3799,-21.2849,-25.0028,-20.3729,-24.9235,-18.5995,-32.3377,-5.92201,-123.176
154,7750,6299,685958,126268,144106,10.0427,14.9055,-12.6596,5.72207,-9.42176,4.28727,-5.84675,-3.08822,2.98912,-10.8116,14.3776,-31.1183,-14.6467,-27.082,-23.8874,-23.401,-21.9347,-24.7134,-20.1453,-34.1349,-5.85444,-121.072
155,7800,7260,1085826,151274,216323,11.1073,16.0085,-14.0235,5.95866,-8.32657,2.27727,-6.25996,-6.29677,3.90682,-12.8104,16.6291,-27.5631,-14.0458,-26.9073,-25.9696,-24.5666,-22.7132,-22.2718,-18.5076,-32.8257,-7.04385,-119.52
156,7850,1322,498587,103133,109101,12.8222,13.9972,-12.7961,6.27012,-8.20046,2.29552,-5.24237,-4.44987,2.14169,-13.3639,17.662,-30.4779,-13.4606,-27.774,-25.6186,-23.8759,-25.0925,-23.3623,-19.4421,-31.41,-9.31345,-124.426
157,7900,760,414864,92593.4,94327.9,13.431,15.3568,-13.4026,6.7687,-8.82582,1.16637,-6.04939,-2.0824,1.56779,-13.8254,19.0782,-31.0351,-14.5757,-30.9768,-25.6578,-23.4701,-25.5715,-23.0144,-19.149,-31.5179,-7.9197,-126.088
158,7950,2520,401354,129322,114097,13.858,16.0684,-14.4025,6.02005,-10.1179,3.53326,-5.04788,-1.93177,0.0275997,-14.5225,18.6426,-30.466,-16.8511,-33.7224,-25.1917,-23.6384,-26.0899,-21.7016,-19.0987,-29.459,-12.1698,-127.037
159,8000,1371,280080,71786.4,70165.9,13.8031,16.5811,-15.5389,5.71799,-10.5084,2.69478,-4.41681,-1.50452,-1.18269,-16.7445,17.5995,-30.1975,-16.1861,-33.417,-23.8141,-21.5041,-25.9908,-22.2252,-18.1564,-31.6071,-9.23317,-128.518
160,8050,770,461205,82480.6,90650.7,15.0756,15.6194,-15.6517,4.55862,-9.9373,3.8958,-4.79453,-1.87961,-2.87303,-19.6676,15.8616,-31.82,-19.2614,-29.7072,-24.0001,-22.6551,-24.9693,-21.3207,-17.1988,-30.9209,-8.34826,-128.816
