generation,agents,minScore,maxScore,meanScore,standardDeviation,w0,w1,w2,w3,w4,w5,w6,w7,w8,w9,w10,w11,w12,w13,w14,w15,w16,w17,w18,w19,w20,w21
0,50,0,3,0.733333,0.944433,0.497609,-3.69812,-6.75599,-4.42921,-4.10689,4.54456,-0.526966,-4.26657,0.595491,1.11444,-2.63454,0.872894,3.97749,4.12207,-0.646452,-5.0428,-5.2426,-7.88708,6.96137,-3.00321,3.8773,-6.82838
1,100,0,9,2.86667,2.55604,4.89453,-3.61054,-6.03742,-4.00006,-4.44253,-0.621141,3.25628,-9.30999,-5.80327,1.97853,-7.64632,-4.60447,1.1574,3.11962,-4.37179,-6.52549,-6.31719,-12.9264,9.97726,-7.01289,12.3406,-11.3523
2,150,0,11,4.06667,3.28983,9.26697,-3.93397,-8.27189,-3.23644,-5.978,-10.207,4.61735,-11.1205,-4.31737,0.772512,-10.1657,-10.619,9.82293,-0.372888,-3.14241,-10.7278,-5.51182,-13.992,13.2115,-1.28075,16.6335,-14.2152
3,200,0,17,7.4,4.16554,4.80339,-0.774446,-12.786,-3.07617,-6.25899,-14.2513,3.31357,-8.12078,-2.54552,-1.13429,-10.3246,-9.33186,6.85469,-3.7657,-2.58018,-14.9389,-5.39141,-16.2185,14.1966,-2.97885,8.71251,-17.7233
4,250,0,15,6,4.14396,8.51828,-1.30493,-11.5109,-2.92632,-4.547,-12.4086,6.09248,-10.8235,-1.57399,-1.5137,-8.61372,-9.44546,7.14477,-4.14838,-2.83799,-15.6452,-6.66263,-14.5978,14.515,-2.74703,10.8598,-20.2808
5,300,1,32,14.9,8.73893,17.8828,-3.08245,-10.0652,-0.0595992,-8.91624,-13.6356,3.50039,-13.8201,-2.06626,-3.39442,-8.652,-9.10954,5.25704,-6.55426,-4.74153,-15.1586,-7.82141,-15.708,11.1996,-2.82794,6.75321,-23.8614
6,350,0,36,9.96667,8.73157,16.4282,-4.13368,-8.25229,0.64434,-7.87506,-14.7295,4.0299,-14.2426,-2.69218,-3.2298,-8.37673,-6.82643,6.13387,-6.79454,-4.27549,-16.8407,-5.66489,-15.7229,8.326,-2.86774,1.96759,-25.4008
7,400,4,52,21.0667,12.5559,19.9011,-5.93828,-10.2714,-1.61898,-9.51508,-15.5498,2.71247,-15.0168,-3.4765,-3.73656,-8.12903,-8.53234,3.9105,-7.70857,-3.18788,-16.0089,-6.45307,-16.81,7.87492,-5.48175,-0.390373,-26.5109
8,450,0,83,37.9667,20.8302,18.7689,-6.33836,-11.3401,-3.25143,-16.7104,-17.4482,1.43847,-16.7722,-4.54954,-3.57994,-8.38936,-6.7076,-0.444014,-7.66243,-3.19857,-16.0757,-4.17234,-20.9002,5.26761,-3.76187,-0.754876,-30.6938
9,500,5,150,51.1333,41.5159,20.5859,-6.53931,-12.3149,0.479185,-14.8933,-15.9071,-0.744534,-15.9206,-3.73109,-4.8444,-10.2235,-6.65009,-3.23774,-10.2324,-6.05242,-15.7578,-6.48082,-16.5128,4.94791,-4.42343,-0.552135,-34.1628
10,550,18,764,211.033,185.364,18.9472,-7.77149,-11.6777,1.42461,-13.6882,-15.6941,-0.16687,-16.3249,-3.57713,-8.46268,-7.51864,-5.66034,-4.62656,-11.1132,-8.27462,-15.1739,-4.65866,-15.7371,0.0195062,-6.0292,-0.258664,-38.9069
11,600,71,943,303.833,207.894,17.804,-6.3933,-11.7563,-2.09352,-12.586,-15.3483,-0.651938,-14.8264,-1.53712,-8.72699,-5.16482,-7.79869,-6.01054,-13.4446,-8.55273,-15.1418,-5.30412,-20.3475,-1.99718,-6.65953,-0.816707,-37.3882
12,650,102,1884,519.9,384.844,16.1919,-5.69688,-11.3648,-1.66634,-11.0358,-15.5566,-1.19379,-15.8904,-1.72492,-10.1146,-5.09801,-7.81672,-6.59104,-11.9906,-10.9357,-14.8175,-5.94583,-19.7744,-4.62935,-3.63756,-1.1452,-38.2542
13,700,32,1025,303.967,278.215,16.238,-5.86064,-12.6994,-0.535306,-10.7378,-14.7892,-2.69367,-14.3457,-1.87611,-9.57724,-5.41386,-9.12865,-4.98191,-12.6342,-13.3926,-16.9668,-7.68152,-20.1146,-5.70574,-4.66046,-3.16596,-38.9067
14,750,61,914,417.233,253.532,17.1036,-4.11146,-12.8589,-0.737845,-10.7717,-15.8072,-2.51351,-14.7343,-1.72746,-10.1008,-4.38239,-9.63014,-5.20419,-12.1073,-14.1429,-18.5107,-7.83911,-19.0919,-6.39563,-6.12694,-3.63156,-37.9315
15,800,123,2591,785.633,616.542,16.871,-2.62143,-12.6501,-0.473187,-12.1054,-14.1055,-2.72209,-17.7958,-2.84499,-9.49666,-4.03282,-10.3672,-7.92556,-11.6362,-14.037,-12.4365,-6.13598,-17.752,-7.05386,-6.88166,-3.5794,-39.9064
16,850,99,1605,720.733,422.711,18.8363,-2.65862,-12.007,0.0605059,-10.9314,-12.5823,-5.80519,-16.1943,-4.03051,-10.4653,-4.47402,-10.5745,-8.16665,-10.3565,-11.8241,-11.3394,-3.07457,-17.3396,-5.17457,-6.80553,-3.12704,-41.2049
17,900,104,2899,664.233,670.589,17.9668,-4.92254,-11.8578,-0.181,-11.5793,-12.0582,-6.52898,-14.957,-2.49818,-13.5515,-3.74253,-10.5224,-8.61659,-8.90028,-11.1555,-11.546,-3.63729,-17.2263,-5.24478,-6.99092,-4.47138,-44.0857
18,950,71,2362,790.267,644.655,18.2813,-1.86188,-10.9218,-2.47599,-11.13,-11.4789,-4.68757,-14.7686,-1.65952,-14.3815,-3.27471,-12.1572,-11.1122,-8.93951,-14.0402,-10.9263,-4.56521,-18.6724,-4.54969,-6.91637,-4.55488,-47.5917
19,1000,63,3030,898.167,715.803,17.0639,0.0798502,-12.3714,-3.95526,-13.318,-13.3679,-2.76515,-15.5274,-1.61686,-13.3531,-4.19606,-13.3485,-11.9847,-8.42508,-12.9557,-12.2028,-5.85374,-20.4668,-5.26217,-6.88802,-4.96377,-47.3817
20,1050,33,1935,629.133,468.02,16.5852,1.64313,-12.056,-3.13541,-12.9175,-16.306,-0.171545,-14.6431,1.57199,-12.8684,-2.74259,-10.4991,-11.4337,-7.56037,-10.8254,-11.5681,-7.5691,-22.7241,-5.8927,-6.98721,-6.60611,-48.0794
21,1100,122,3426,1347.47,1018.11,16.1736,0.471442,-10.1738,-4.16909,-12.7254,-14.4956,-0.646651,-14.2555,-0.676438,-11.9828,-2.409,-11.2464,-11.404,-9.12307,-11.4762,-11.5027,-7.65525,-21.705,-4.36392,-8.96126,-6.57606,-50.4428
22,1150,115,7785,1594.07,1492.2,16.7468,0.840635,-10.5994,-4.4573,-10.5591,-13.9483,-0.925958,-15.7569,1.02436,-11.1511,-1.78404,-10.7399,-11.2748,-10.274,-11.9179,-11.9704,-6.59785,-21.4067,-1.96991,-9.17798,-7.23528,-51.7308
23,1200,86,4572,1470.03,1371.27,18.5499,-0.731169,-9.33742,-6.42545,-9.39833,-16.0319,0.882289,-15.9792,0.0042359,-13.8684,-2.42771,-9.67724,-9.57844,-9.49533,-9.09257,-12.8859,-6.08343,-19.5468,-6.11252,-10.7966,-5.0368,-52.5307
24,1250,90,9606,1267.97,1758.4,19.2327,-0.166457,-8.59691,-7.34536,-7.88544,-14.7326,-0.108471,-16.2372,-1.16733,-13.163,-1.00136,-7.90875,-7.63078,-9.93417,-10.9095,-14.1525,-7.45342,-20.4743,-7.08532,-9.03738,-5.17485,-52.4054
25,1300,105,2975,1116.1,845.538,18.5905,-0.114057,-7.39495,-6.31293,-7.99758,-13.0302,-0.717588,-16.752,-0.572297,-12.346,-0.258828,-8.39016,-6.10413,-10.1917,-10.6128,-15.1354,-7.02289,-20.9039,-6.54468,-9.7872,-5.70202,-52.5067
26,1350,136,3641,1185.57,899.52,17.4338,0.314521,-7.45798,-7.47477,-8.32994,-12.013,-0.793489,-16.7348,-1.13786,-13.7695,0.622023,-7.96886,-9.26331,-10.6911,-9.83709,-15.9173,-6.84011,-21.5547,-6.6053,-10.3737,-7.84116,-54.6267
27,1400,93,9482,2215.83,2543.43,17.7347,0.574968,-8.52538,-8.41428,-5.77877,-12.1171,-0.0536198,-16.1606,-1.23592,-11.6378,0.983931,-9.94547,-8.40489,-10.9424,-9.08811,-15.7798,-11.319,-20.1276,-8.5295,-11.0088,-7.19719,-53.8491
28,1450,89,7703,1607.73,1494.73,15.4881,-0.468822,-6.62958,-8.95,-5.06746,-13.6397,0.269998,-16.9027,-1.12194,-12.4875,1.87051,-11.4698,-11.5573,-11.684,-11.8204,-17.8498,-13.6112,-20.4907,-9.07949,-11.3393,-6.49799,-53.8346
29,1500,157,7846,1959.6,1980.31,13.0983,0.805059,-10.9371,-5.96179,-5.16396,-14.2808,0.925354,-18.3695,-2.563,-12.9315,1.99542,-11.4681,-9.46889,-11.9471,-13.5202,-18.373,-13.3608,-20.0488,-7.97042,-12.1502,-6.08799,-55.3415
30,1550,201,7150,2484.7,1878.69,13.6133,0.482237,-11.9373,-7.07471,-5.96027,-12.512,-0.439527,-17.3453,-2.03932,-13.5033,1.88597,-10.7638,-10.8775,-10.1964,-16.1656,-20.1304,-13.4686,-19.2469,-10.1622,-12.7277,-5.83588,-57.5088
31,1600,320,11078,2684.23,2514.7,12.8441,-0.575431,-12.2396,-6.90281,-5.32634,-11.5536,-1.59487,-19.2957,1.17986,-13.3284,1.70724,-9.64599,-7.87476,-12.562,-16.29,-15.2194,-11.7424,-19.8871,-12.4165,-13.6412,-6.48671,-55.867
32,1650,165,5805,1657.6,1450.34,11.8882,0.172638,-12.4553,-7.74016,-7.1259,-10.6693,-3.41827,-20.7583,2.59731,-11.9693,1.69428,-10.0739,-5.50674,-11.3351,-13.7541,-16.633,-12.7609,-21.0673,-10.537,-11.993,-6.90351,-54.0418
33,1700,115,3257,977.767,785.072,10.2277,-1.22434,-11.104,-7.15971,-6.72155,-10.392,-1.48687,-22.1071,1.98099,-9.93225,1.38714,-9.49936,-6.26763,-9.2613,-11.6163,-22.3001,-14.8963,-21.0458,-12.1523,-12.7291,-6.92042,-55.7694
34,1750,114,4448,1177.83,1032.38,8.23663,-0.398582,-11.4412,-3.60847,-5.91823,-6.83219,-1.9321,-23.4772,4.00281,-9.74725,0.130369,-8.84682,-6.25231,-7.80878,-14.1299,-16.3301,-16.3805,-21.2842,-11.6224,-14.9123,-5.90553,-57.6711
35,1800,126,8690,1425.97,1725.67,11.3046,-2.33356,-11.1302,-3.32327,-7.51167,-8.73711,0.235242,-22.7916,1.92233,-8.70056,1.48785,-10.5525,-7.39928,-7.68903,-14.5197,-14.2793,-18.7102,-19.5643,-11.4709,-14.8091,-6.33002,-57.9993
36,1850,64,5864,1557.13,1623.33,10.2509,-2.10861,-10.7102,-6.78976,-7.76245,-5.45041,-0.89402,-25.4959,1.43587,-10.4232,0.725165,-11.1874,-6.90661,-9.18514,-15.923,-12.469,-20.0391,-19.9113,-11.7832,-17.4108,-7.12973,-58.7564
37,1900,116,3760,1242.07,953.383,9.90529,-3.10794,-11.3135,-5.29939,-7.98,-5.63782,1.04204,-25.6541,0.0469476,-10.724,0.74182,-11.1829,-5.65355,-7.69175,-14.1355,-12.3247,-22.0786,-19.8396,-12.5007,-21.9354,-5.91175,-61.7778
38,1950,45,8743,2454.97,2326.63,10.4476,-2.75434,-11.1807,-7.23331,-6.13534,-6.98317,0.630798,-24.1606,0.624175,-9.99856,1.99061,-10.1996,-7.89551,-9.33957,-13.0801,-12.6873,-19.7192,-20.4573,-11.1716,-21.6566,-7.14522,-63.5863
39,2000,160,4013,1490.77,1088.24,10.4638,-3.05893,-10.9881,-5.85718,-6.49138,-7.82056,2.86733,-23.0369,-0.444053,-8.10058,-1.90366,-8.29693,-7.17423,-7.45844,-13.513,-12.4285,-21.3895,-20.2197,-10.171,-23.3725,-9.59953,-63.888
40,2050,145,3281,1154.47,821.897,11.2741,-1.35282,-11.4024,-4.90624,-7.95685,-8.71186,5.17084,-22.2795,-2.35966,-11.3175,-2.30574,-9.15171,-7.78445,-7.01446,-12.6999,-13.6147,-22.5857,-18.8616,-8.33446,-21.3455,-10.3924,-67.8939
41,2100,78,7993,2347.77,2486.25,11.5342,-2.57925,-12.1041,-4.63138,-6.98419,-8.83594,7.89256,-23.0614,-1.57245,-11.8419,-0.569658,-10.2692,-6.52047,-8.1154,-12.4857,-12.7158,-20.7022,-19.3391,-8.55985,-21.3988,-7.31422,-66.9345
42,2150,205,10866,3005.5,2641.8,12.0628,-1.66543,-11.6852,-6.69577,-5.27276,-9.58483,5.92159,-22.5807,-0.0731872,-10.3891,0.311107,-10.9813,-6.3497,-9.02372,-13.1617,-13.2985,-21.2707,-15.3438,-9.62269,-21.5928,-5.2052,-67.1619
43,2200,49,7039,2556.63,2040.94,10.9713,-0.129087,-10.395,-7.22202,-6.011,-8.37395,6.38726,-22.1677,-0.871086,-12.3592,0.598323,-9.48661,-8.15806,-8.62272,-12.8269,-12.5276,-21.7183,-16.9083,-10.408,-22.1791,-7.34794,-68.8116
44,2250,116,10384,2083.73,2899.86,10.4427,1.58987,-10.1672,-5.70032,-6.22744,-9.8649,5.80477,-23.4893,1.13474,-11.1509,0.0923414,-10.8235,-10.2852,-10.7854,-13.1945,-11.7422,-22.5368,-18.2209,-10.7064,-24.0723,-5.26845,-69.2032
45,2300,206,15679,3523.67,3518.28,11.7072,1.75053,-10.8687,-7.48987,-5.35457,-10.9628,6.01715,-22.6662,-1.88069,-10.7509,1.18816,-13.0233,-9.17915,-13.6598,-12.7399,-12.0092,-22.6974,-17.6019,-11.9023,-23.8313,-5.32456,-71.1718
46,2350,113,19676,3924.57,4074.54,9.74747,2.56364,-10.3185,-7.11051,-2.54463,-9.31946,6.59086,-23.6551,-4.2766,-8.05157,3.00408,-12.1673,-10.2037,-13.6482,-13.0221,-12.8157,-23.3866,-18.4847,-11.2987,-23.0636,-5.10794,-69.0001
47,2400,274,20135,6158.03,5440.41,9.50616,1.0604,-10.6923,-7.12007,-3.86474,-9.17115,6.43603,-19.0106,-5.02291,-8.16558,3.30164,-11.9159,-8.17429,-14.6236,-15.9524,-12.638,-22.3408,-17.9536,-13.8485,-21.9489,-6.5142,-69.5639
48,2450,272,31281,6813.5,6913.74,8.48702,5.16226,-10.5497,-7.60431,-4.96213,-7.43815,5.54555,-17.8294,-1.94483,-7.44642,3.58326,-13.1603,-8.08896,-13.0061,-17.464,-12.9746,-20.85,-18.5137,-16.6163,-21.5623,-5.53058,-72.9571
49,2500,754,35866,8828.43,9732.43,8.89016,5.28345,-11.414,-8.70866,-2.18786,-7.406,9.21931,-14.7451,-2.65824,-8.99119,2.25822,-13.8717,-10.054,-17.0078,-19.2567,-13.3311,-21.2762,-19.5201,-13.1989,-19.4661,-3.86732,-75.8532
50,2550,263,124752,13110.4,23208.6,9.08968,5.3922,-10.0445,-6.71705,-3.90514,-4.53342,9.17042,-13.2883,-3.92951,-5.80391,3.13565,-13.9774,-10.6565,-17.0049,-19.2189,-15.4763,-21.5524,-21.7736,-13.8807,-18.2506,-3.85342,-76.5845
51,2600,1286,102739,19135.2,20452.1,10.2199,4.71582,-9.36852,-2.8337,-4.90309,-9.24958,8.78419,-13.5863,-4.06237,-8.12913,7.03459,-14.2189,-10.9954,-17.0822,-19.3751,-14.9888,-23.4539,-20.6953,-13.8993,-17.4067,-5.28006,-78.8054
52,2650,1088,42757,14184.6,10564.2,9.10143,3.72405,-8.65936,-1.85933,-3.67898,-10.1913,7.00384,-12.1553,-2.62351,-10.9427,8.45548,-15.296,-11.9647,-15.9465,-17.1328,-14.7648,-23.8175,-19.4204,-14.4076,-17.4032,-4.25095,-79.3689
53,2700,362,58150,13808.3,14859.3,7.15935,4.38067,-8.9476,-0.888714,-4.04202,-10.2724,6.78506,-14.2196,-1.31519,-11.0631,7.60262,-14.6037,-10.4772,-16.1327,-18.7496,-15.4327,-22.3526,-18.7647,-15.0223,-16.6007,-6.03657,-77.1604
54,2750,209,87232,17517.1,21037.1,6.53659,5.34004,-10.0144,0.0849846,-3.90183,-9.07223,5.08072,-12.8758,0.341789,-10.1396,8.78279,-14.6298,-10.1513,-15.4099,-19.2824,-15.4711,-21.2572,-22.2477,-15.3287,-18.2292,-6.28605,-77.4887
55,2800,162,94355,22682.1,22737.2,1.125,6.70681,-12.3089,-0.314358,-5.59495,-9.04725,2.83178,-11.3226,-0.396033,-11.6835,8.16473,-14.4728,-11.5585,-14.1753,-18.9389,-16.2564,-22.0642,-21.768,-13.5208,-21.0532,-4.50736,-76.9912
56,2850,272,76317,20244.4,16854.1,0.0626869,7.07646,-12.4427,0.180147,-4.06372,-10.1239,5.08087,-12.4556,0.751495,-12.2512,8.63486,-13.5639,-11.9771,-13.7591,-21.3701,-15.5679,-19.251,-21.7857,-12.8065,-21.959,-3.92965,-75.8777
57,2900,937,168246,28546.3,35633.4,1.07611,5.73151,-11.4948,1.44069,-3.13493,-8.38806,6.68694,-13.8308,2.3797,-12.9831,10.7555,-13.8274,-11.1092,-15.1234,-20.9755,-15.3499,-19.8691,-19.2036,-11.8503,-23.0739,-5.0965,-76.784
58,2950,310,106717,21779.9,23964.1,3.52336,5.57968,-12.113,1.71805,-4.37859,-9.09548,7.13555,-13.1793,-0.65965,-12.1728,8.41941,-13.5631,-11.0148,-15.9634,-22.8965,-14.3854,-20.5421,-15.8804,-10.1488,-20.2461,-4.34619,-79.7227
59,3000,261,50442,13412.9,11452.9,4.82594,5.21444,-11.4234,3.80283,-3.00058,-6.66123,3.45162,-11.8127,-1.53023,-13.2683,8.9015,-13.5497,-11.3341,-15.7966,-22.4748,-14.0341,-20.9258,-13.1494,-11.0998,-17.525,-5.02325,-80.9899
60,3050,1745,87163,22991.1,25691.1,4.01419,6.53752,-11.3104,2.99059,-5.77972,-5.39175,3.18306,-10.6538,-0.58308,-13.7335,8.52224,-13.3524,-9.83129,-17.9437,-21.7926,-12.026,-21.2191,-12.651,-10.0872,-18.0974,-6.29477,-82.1136
61,3100,3878,112189,30559.7,27855.4,3.9404,6.92258,-10.3499,3.34708,-7.38257,-1.48873,1.49819,-10.567,0.392233,-15.2249,8.69538,-15.6792,-11.2062,-18.2744,-20.2608,-12.5313,-20.4133,-12.1685,-9.03314,-19.1267,-6.89393,-82.0762
62,3150,136,136342,37829.2,35057.9,-3.19869,7.79394,-10.769,2.60148,-7.60278,1.22143,3.00458,-9.64635,1.19278,-13.4781,10.3444,-18.5433,-11.9717,-21.888,-20.9644,-13.1571,-20.1565,-13.0391,-10.0971,-21.6225,-7.28076,-81.703
63,3200,1737,176665,39815.8,40734.3,-2.98224,8.68292,-8.50365,2.21004,-7.32805,2.56473,3.32031,-9.6305,1.51641,-16.209,10.8123,-16.4547,-11.8771,-20.0914,-21.0078,-15.3892,-21.9299,-14.3592,-9.74507,-21.9574,-7.09851,-84.2468
64,3250,2683,237214,52541.8,62527.1,-3.18968,8.88409,-8.69468,1.69763,-6.70989,1.89867,0.541145,-9.10676,2.03703,-15.1157,11.7549,-18.7208,-13.0735,-21.6945,-18.5628,-15.6078,-22.6788,-16.0689,-10.3192,-20.7084,-7.86019,-83.8872
65,3300,393,169260,39990.1,40727.7,-1.43833,8.96932,-9.20289,1.14919,-8.1546,3.82984,0.763168,-9.00827,0.931765,-16.4116,11.5921,-20.5484,-10.4952,-22.1562,-17.529,-17.4018,-22.6666,-17.3415,-9.7773,-22.2791,-8.8378,-84.776
66,3350,1058,88151,25937,21426.1,0.343475,7.76814,-10.3399,1.62542,-9.79512,2.47079,3.3295,-10.7925,2.43871,-16.6293,10.2294,-20.3849,-11.1019,-22.1925,-18.8215,-15.7734,-22.4537,-17.699,-10.2586,-25.6123,-8.84427,-86.8093
67,3400,3419,209640,71407.2,60399.3,-0.870083,10.3538,-10.5383,0.391694,-9.86719,2.66268,2.82928,-10.039,3.23631,-16.3909,10.9747,-19.3069,-11.432,-20.8097,-18.0227,-18.4519,-21.8054,-18.9428,-11.8273,-27.0936,-7.84673,-89.5741
68,3450,3548,245806,76924.6,65970.9,-1.97393,10.4383,-10.5604,-0.258739,-8.93793,2.61118,1.20274,-8.45624,3.51363,-15.6928,12.2254,-18.0028,-10.8709,-21.0749,-17.0534,-17.4473,-23.1638,-17.2612,-11.1109,-24.4507,-7.59085,-90.6798
69,3500,2088,324995,83049.6,75993.1,0.348563,10.4308,-10.1716,-0.336769,-8.48902,1.78163,0.088918,-8.29806,3.54935,-15.7912,14.1401,-19.2331,-12.3163,-21.909,-16.2682,-17.9086,-22.3856,-18.5039,-14.2342,-23.7526,-6.93816,-90.57
70,3550,1795,330613,99903.9,81421.5,0.358168,10.8503,-9.96748,0.0669396,-9.16573,3.63644,1.12834,-6.69109,1.07712,-14.0381,13.9706,-20.2638,-11.1054,-19.8172,-15.9658,-16.4465,-22.1678,-19.7946,-14.3552,-23.6055,-7.0739,-91.738
71,3600,3479,444264,142217,112868,-2.05505,11.2705,-12.1909,-1.45389,-7.31187,0.731631,-1.82248,-5.74741,1.00273,-14.779,13.4978,-19.4098,-10.9426,-20.0093,-17.1596,-16.874,-21.104,-18.4183,-12.5847,-25.2454,-7.63892,-91.5118
72,3650,411,310406,101281,93889.1,5.00987,11.0119,-10.7671,1.63908,-6.07233,1.36072,-0.693444,-6.56519,0.51112,-13.4383,12.2939,-20.5499,-9.68375,-20.728,-14.2,-17.5218,-20.1558,-18.7447,-14.6231,-25.0511,-6.85551,-89.8439
73,3700,1789,345241,101435,97202.3,7.29589,10.9489,-9.5757,-0.0463754,-5.92869,1.92048,-1.48161,-9.04883,1.2568,-14.0624,14.1604,-21.9723,-10.8713,-19.7543,-13.7131,-18.2942,-18.5247,-18.2991,-13.4377,-25.3956,-7.83935,-88.226
74,3750,1956,656104,134335,129876,7.77557,11.5416,-10.4286,-0.287059,-5.41552,1.39815,0.829947,-8.99721,-0.705573,-13.2795,15.6849,-23.8025,-10.606,-20.064,-14.3964,-17.7746,-19.4041,-19.1589,-12.5462,-25.6502,-5.72545,-88.9465
75,3800,1173,452096,73063,94720.5,6.62666,10.3246,-10.6562,0.453196,-5.33465,1.13799,-0.0433675,-8.08169,-2.12203,-11.1531,14.968,-23.2214,-13.5854,-19.3693,-14.1757,-15.9105,-18.786,-19.3208,-11.2514,-27.7057,-6.42785,-89.3868
76,3850,646,260697,64664.9,65600.5,4.55548,10.3052,-8.80536,-0.921104,-5.39938,1.12578,-0.852856,-8.2819,-0.111194,-8.88886,15.4761,-23.7163,-13.4872,-21.1038,-15.5084,-15.0096,-19.7566,-16.6213,-11.3064,-28.1629,-8.74089,-90.9776
77,3900,1515,373300,69985.1,92551.7,7.14556,10.7072,-7.74106,-0.669337,-6.44736,1.51854,-1.31369,-7.54134,-1.3608,-9.1058,12.5752,-22.6845,-12.8099,-21.7638,-17.9066,-12.0958,-18.5396,-14.9645,-13.2156,-27.5637,-6.53529,-93.4176
78,3950,12591,152413,73186.9,42882.7,13.9058,10.9528,-6.80604,0.180289,-5.91428,0.229572,-2.84738,-6.11737,-0.267891,-9.66119,10.7936,-21.7861,-14.2056,-24.479,-17.7461,-14.4179,-19.0307,-15.8358,-13.4809,-27.4947,-9.0854,-93.6079
79,4000,318,424985,84990.2,98766.4,14.4625,9.55407,-7.90786,-1.34629,-5.28361,0.473696,-2.84407,-7.31617,0.79933,-8.90944,10.0687,-21.2348,-14.8657,-22.8181,-18.5022,-19.9056,-19.1166,-15.1191,-15.2698,-26.7179,-8.04507,-95.1617
80,4050,2063,223724,68876.5,65173.6,9.33152,12.0279,-5.29096,0.256112,-4.13908,0.41566,-3.89844,-7.26492,1.46905,-8.66761,10.3876,-24.2231,-16.3556,-22.6138,-18.3205,-21.1411,-18.5422,-14.682,-15.735,-27.5721,-5.9716,-95.3538
81,4100,1542,216578,43258.9,43353.2,6.7887,11.1893,-4.43226,1.03915,-2.47368,-1.00809,-4.33095,-4.90862,1.8812,-10.1473,8.60362,-26.1341,-15.9677,-23.2314,-20.2433,-22.9157,-19.2462,-16.2908,-15.2988,-25.2699,-8.78899,-95.4611
82,4150,2255,186707,56548,50290.3,3.7172,8.72217,-1.96491,-1.38001,-3.91783,-1.05672,-4.81786,-4.79988,0.858284,-8.41133,7.68305,-27.8904,-15.2029,-21.7015,-18.84,-23.5096,-20.8141,-14.8161,-15.1285,-24.4888,-8.62194,-98.509
83,4200,2595,207290,48683.5,43314.4,7.78076,8.11462,-1.94053,-1.56391,-4.56157,-2.65811,-5.8617,-1.84987,1.63618,-9.79741,7.65602,-32.2645,-15.1703,-20.9803,-17.589,-23.2024,-22.0238,-16.3776,-15.4573,-24.7407,-7.13251,-100.937
84,4250,6163,199560,64292.8,52630.5,6.35147,9.86223,-4.66998,-1.77384,-4.94031,0.606873,-4.61653,-2.13835,0.30699,-9.19241,9.53964,-32.3853,-15.8225,-20.3469,-18.9164,-23.5433,-24.1694,-17.8584,-15.6168,-24.987,-5.98524,-102.586
85,4300,2742,184462,58236.1,44341.5,7.22657,10.2286,-4.52904,-1.1917,-5.72289,0.454945,-4.96466,-1.5717,-0.0646163,-8.54605,9.77462,-31.3142,-13.3093,-21.1719,-19.5473,-24.7068,-23.1873,-19.1118,-14.7019,-26.5007,-6.13617,-102.045
86,4350,5094,276750,61248.9,63584.8,5.96247,9.31713,-4.32616,-0.984416,-7.05601,1.1471,-4.11731,-2.18454,0.318926,-9.66158,7.73121,-30.9062,-13.6355,-21.0867,-18.1055,-24.8658,-22.2644,-17.1999,-15.7245,-26.1386,-5.37577,-98.1667
87,4400,8123,219926,63202.5,57084.5,7.17979,8.72252,-4.05889,1.0513,-6.20775,-0.121836,-5.48281,-2.43999,1.8275,-7.32065,8.4571,-29.1316,-12.4336,-22.3925,-19.1623,-25.2348,-20.5209,-19.4924,-15.9021,-24.8204,-2.4594,-104.769
88,4450,9087,354491,80122.1,71943.2,9.41879,7.09001,-3.93972,0.418688,-7.20472,-0.947203,-3.46962,-1.36727,0.656121,-8.48249,9.04206,-30.1068,-12.3949,-23.4236,-19.6686,-24.8375,-21.3461,-20.2912,-17.5674,-27.0372,-2.09621,-106.643
89,4500,6994,450107,75074,90531,9.09626,9.30534,-5.23598,1.07329,-4.77156,-0.190889,-3.13954,-2.03679,-1.65886,-8.74509,9.03268,-30.2421,-15.1656,-23.3924,-23.0861,-23.1491,-21.2984,-19.5149,-16.5063,-28.2603,-2.14281,-106.244
90,4550,3927,290917,86272.5,77144.3,10.75,10.4017,-6.59738,-0.446597,-3.75648,-0.996868,-3.71147,-0.293394,-0.973515,-8.81789,8.9582,-29.3134,-13.7004,-22.7305,-22.5826,-22.5251,-20.9443,-20.8677,-18.1525,-29.0999,-5.90591,-109.451
91,4600,515,228839,73568.9,58279.7,11.3065,10.4622,-6.31763,0.260471,-4.69728,-0.474256,-4.75945,-0.788628,-0.205472,-8.08657,8.86439,-30.17,-13.0268,-23.4031,-21.107,-21.777,-20.9275,-19.5175,-17.8953,-27.9241,-5.57914,-109.351
92,4650,218,491948,80793.6,95265.2,13.5153,9.34253,-6.21931,1.97086,-4.40087,-2.3151,-5.43718,-0.996376,-2.52517,-9.03563,9.69789,-30.1248,-12.9434,-25.2965,-20.3993,-22.9868,-21.613,-22.4044,-17.2325,-25.7308,-7.66681,-109.637
93,4700,445,145503,48414,39282.3,12.8725,9.90972,-6.75372,0.403468,-3.13488,-3.9521,-3.42856,0.38439,-2.75182,-9.81762,7.21602,-30.7566,-14.9843,-24.4439,-20.6372,-23.8193,-22.1473,-24.0304,-16.1494,-23.8343,-8.95333,-110.131
94,4750,2802,307691,75492.9,69682.5,13.5611,10.4262,-4.50077,1.2677,-6.07087,-3.4437,-2.76457,-0.794756,-0.750355,-11.43,8.8751,-32.5669,-16.9908,-25.2554,-19.3955,-24.7605,-19.8309,-21.9129,-16.5269,-22.4305,-8.06486,-109.726
95,4800,3167,406190,77676.8,89479.9,12.812,7.17304,-3.84163,1.05618,-6.06512,-3.55498,-2.64883,-1.30739,2.93193,-11.3556,8.89916,-33.1121,-16.2013,-23.8109,-18.7951,-23.8955,-18.5662,-22.8154,-16.4591,-25.6262,-5.43685,-112.631
96,4850,2648,135328,59845,40348.2,12.2361,7.88521,-3.34816,0.595702,-6.60317,-1.13901,-3.02114,-4.40186,4.1085,-11.7728,10.319,-32.5539,-16.7032,-27.7193,-18.5623,-22.3001,-19.3719,-22.5135,-15.4272,-24.8287,-4.10018,-113.628
97,4900,2748,399445,99912.1,103697,10.6404,10.6611,-4.07774,0.978408,-5.03702,0.605984,-3.41437,-3.96501,2.13297,-11.6067,10.5855,-31.8558,-17.5488,-27.9662,-20.0578,-23.6595,-19.9104,-23.1845,-15.5498,-24.145,-4.97842,-113.032
98,4950,1641,300789,73539.4,75127,9.10972,8.40451,-6.19743,-2.11424,-1.09125,-0.555334,-5.1475,-5.84274,1.15063,-10.6798,7.43172,-32.8204,-19.9723,-28.8826,-18.4771,-22.1072,-20.8385,-23.504,-17.1749,-25.486,-4.81917,-113.747
99,5000,4531,346315,102907,93752.7,7.7787,11.754,-7.20736,-3.08438,-1.01438,-0.299159,-6.12473,-5.01287,1.74531,-11.2616,8.70714,-36.3843,-21.5929,-28.6341,-18.0867,-23.0814,-20.0105,-23.2269,-14.9791,-24.5119,-4.04875,-112.201
100,5050,355,327768,67310.4,68901.7,9.0373,11.6342,-4.84653,-4.56941,-1.48709,-0.199347,-5.94315,-6.18001,-0.49276,-11.8806,10.6154,-36.154,-19.6591,-30.0153,-20.3327,-23.9268,-20.5233,-23.687,-16.1086,-23.2516,-5.66432,-114.38
101,5100,1566,256022,66367.4,65601.1,11.6273,10.9082,-7.73636,-4.40057,-1.38634,-1.30467,-6.7313,-6.23259,-3.01595,-12.4936,10.0132,-34.7223,-19.4087,-32.6778,-20.5569,-24.496,-17.0481,-23.8123,-13.59,-23.891,-4.7696,-116.352
102,5150,1476,565409,100011,117148,10.9593,10.5944,-10.2102,-3.7356,-1.32506,-2.44026,-6.46534,-6.04226,-4.26139,-12.1129,10.3057,-35.2656,-19.044,-34.504,-20.7437,-24.8154,-17.5608,-23.4242,-14.9206,-24.6948,-3.87987,-115.542
103,5200,951,292997,60877.7,60834.4,9.47705,10.8372,-10.4495,-4.24267,-2.25363,-4.64096,-5.05565,-4.34374,-5.75635,-11.7092,10.8185,-36.583,-19.1616,-34.1851,-20.5111,-25.0907,-17.6572,-23.9041,-16.4749,-22.9405,-2.86454,-112.898
104,5250,99,252837,58700.4,64252.7,11.1449,10.1511,-12.0488,-1.378,-1.99777,-4.93546,-6.19951,-1.1705,-6.64995,-12.6977,10.0197,-35.0453,-19.0731,-33.9101,-21.0443,-24.5966,-19.1067,-22.8515,-18.1054,-23.1419,-4.03351,-115.74
105,5300,3683,177644,56442.6,39840.8,9.95919,10.2038,-12.0301,0.00419671,-1.2404,-3.8313,-5.40184,-0.664639,-6.20727,-11.8238,8.72611,-37.906,-19.7255,-33.3168,-22.0232,-26.2349,-19.7612,-23.751,-17.2736,-22.2836,-2.82135,-117.072
106,5350,611,141661,29839,33215.6,9.74635,11.1366,-11.5703,-2.05555,-0.627756,-2.49319,-4.96978,-1.73558,-6.4588,-13.9655,6.94108,-36.1015,-23.2333,-33.3441,-23.2395,-26.0431,-22.1549,-24.3186,-18.2845,-21.6964,-1.65988,-114.722
107,5400,8054,222278,70653.3,58380.7,10.6992,11.9251,-14.6851,-3.12694,0.00975787,-2.76154,-5.76808,-4.02969,-3.67776,-14.6475,7.01555,-38.568,-22.7633,-31.4424,-22.1853,-24.165,-23.7845,-22.8043,-16.5901,-22.5531,-0.48432,-114.166
108,5450,2138,168911,47267.4,47148.4,10.5318,13.7863,-13.8778,-5.21597,-0.272271,-3.66766,-5.90437,-3.38734,-6.85035,-12.2756,6.435,-38.0714,-21.7824,-30.9793,-21.5481,-23.3638,-23.5257,-24.542,-17.2368,-23.1255,-1.37308,-115.121
109,5500,1297,182245,58163.2,46150.5,9.73768,12.9411,-11.262,-6.80455,-1.19601,-4.3055,-7.39047,-3.14037,-5.20403,-13.786,8.22713,-35.8998,-21.7232,-30.4473,-23.528,-22.3282,-23.4781,-24.5731,-14.8021,-22.4227,-3.74759,-114.963
110,5550,356,205947,44436.4,52713.8,10.9219,10.5893,-11.7825,-6.40595,-1.41231,-2.03648,-7.2155,-4.6703,-4.96929,-14.3153,8.77931,-36.3204,-20.0733,-29.825,-20.988,-23.2836,-24.9144,-25.5931,-16.4219,-21.0001,-3.56547,-113.984
111,5600,197,315142,66005.8,72888,10.3122,9.95211,-13.3954,-2.39615,0.554423,-2.3498,-7.49754,-4.08285,-4.88191,-14.1093,9.2194,-34.3578,-19.6483,-29.5089,-20.8549,-23.5009,-25.5576,-25.4079,-16.249,-21.175,-3.58163,-112.863
112,5650,752,417161,92060,91290,9.88213,11.3588,-12.4893,-1.69262,1.54045,-2.36539,-7.45631,-5.35074,-3.41787,-12.9714,10.5992,-35.9944,-20.8463,-30.2608,-20.0621,-23.3743,-22.4976,-23.7541,-18.0966,-22.7432,-4.11314,-113.737
113,5700,8439,323605,80545.4,75309.7,9.14429,11.4027,-14.0695,-1.30117,0.635382,-4.17418,-8.6285,-5.38269,-4.65224,-11.8656,11.2375,-36.2517,-19.1664,-30.6566,-19.7281,-22.7418,-22.0652,-24.4397,-17.6095,-27.3577,-2.64917,-115.763
114,5750,40,371197,113842,112567,9.04581,10.2753,-13.3815,-1.65852,2.36926,-2.04294,-6.72308,-4.48057,-5.848,-13.1505,13.1723,-36.1521,-17.9504,-27.7802,-20.3618,-22.7383,-22.8096,-24.1437,-17.3388,-26.6039,-3.10354,-115.772
115,5800,6312,377581,79383,88445.7,9.04942,10.2077,-13.8449,-1.50475,1.51979,-3.72308,-5.54994,-5.26734,-5.77628,-13.8947,13.1857,-38.2758,-15.0148,-28.1146,-19.5008,-22.8892,-20.5374,-24.0313,-17.5909,-25.9054,-5.17886,-115.984
116,5850,1236,401840,91442.6,95313,8.57252,9.83546,-13.2093,-1.4112,1.65518,-3.50346,-6.37501,-5.65582,-4.85351,-13.666,12.1178,-36.1264,-15.9766,-27.4028,-19.3754,-22.9221,-20.4576,-23.0988,-18.4713,-24.3539,-6.64697,-112.739
117,5900,3408,285329,69599.5,77818.6,7.8369,11.8469,-12.8873,-2.66865,0.603658,-2.68739,-5.03615,-4.66822,-4.52126,-16.5543,15.7104,-37.6101,-14.6254,-28.5408,-19.5817,-23.1246,-21.3063,-24.2035,-18.97,-24.6074,-8.04078,-112.051
118,5950,8063,495117,110388,114376,8.56631,12.8157,-11.8057,-4.33109,0.307774,-4.19992,-3.528,-4.9481,-2.57748,-15.8412,16.927,-37.6029,-14.9074,-30.8549,-20.8762,-19.0549,-17.7439,-22.1092,-19.0175,-25.2319,-8.76751,-112.03
119,6000,5868,199401,74471.1,60533.7,9.29602,11.1155,-13.4419,-4.17681,0.554586,-4.106,-1.97724,-4.20091,-5.7201,-15.9243,17.1692,-37.4931,-15.3069,-28.9087,-19.3656,-20.2839,-18.0823,-23.3234,-18.5469,-24.3811,-9.23427,-113.408
120,6050,518,200685,60366.7,58538,7.92426,12.7331,-10.5934,-2.6557,0.484801,-5.01945,1.43297,-6.15114,-5.1016,-14.8996,15.6254,-36.8312,-13.7215,-29.3908,-18.1987,-18.9191,-16.2633,-21.6633,-19.0813,-24.0467,-9.55451,-113.335
121,6100,6657,250831,71862.1,64026.8,10.4224,13.8138,-11.6126,-2.06889,1.88149,-4.07181,0.637278,-5.41173,-1.32954,-13.2539,15.844,-37.3093,-13.3341,-31.9497,-17.8989,-19.616,-15.9309,-23.7922,-20.3905,-24.1956,-9.53927,-113.481
122,6150,1819,182651,58240.4,47464.1,6.77894,13.9726,-11.2318,-3.02272,1.97894,-4.62442,0.23462,-4.51133,0.0122306,-14.0578,14.7658,-36.4469,-14.6987,-29.7242,-18.6576,-19.8968,-17.2754,-24.0749,-18.7589,-24.6309,-11.6142,-114.068
123,6200,1161,211008,67787.4,55782.6,11.3088,13.1849,-11.4161,-3.06331,-0.623725,-6.11647,-1.27592,-5.49321,-1.01177,-12.5022,13.9422,-36.1976,-14.5596,-30.8379,-20.4136,-19.8811,-16.5722,-22.9004,-19.4266,-26.8882,-10.1603,-112.877
124,6250,5929,174384,74947.9,48398.1,9.70969,14.4905,-11.7166,-2.62798,-2.36393,-5.00685,0.280623,-5.85575,-1.4634,-13.4035,12.6938,-35.8567,-14.5483,-31.6617,-22.4545,-22.556,-17.4641,-22.9908,-19.7752,-26.776,-9.68487,-114.023
125,6300,4650,416824,86330.7,93557.3,5.9231,15.8593,-11.7257,-3.91041,-1.82856,-4.26301,1.65597,-6.35866,-1.48493,-11.7072,13.6744,-36.3255,-15.1659,-30.762,-20.1766,-23.7652,-17.4605,-20.8584,-19.7743,-25.7191,-9.42222,-114.309
126,6350,475,221182,57502.8,55139.7,6.5799,15.6638,-13.2744,-2.92124,-2.91207,-3.92624,1.14679,-7.4959,-1.12988,-12.4334,13.484,-38.1669,-16.627,-31.145,-24.6853,-23.0147,-16.4316,-20.5731,-18.9097,-26.9618,-9.35736,-117.183
127,6400,4969,367885,89332.3,98701.2,0.910544,14.8694,-12.3496,-2.56815,-4.61126,-4.99697,1.68446,-7.48067,-2.64864,-10.9594,11.9184,-36.4546,-17.1601,-31.3643,-22.2028,-24.1541,-20.307,-20.8648,-16.8863,-27.3563,-9.0229,-117.403
128,6450,1901,359890,83428.4,85299.7,1.68942,14.7907,-12.446,-0.707191,-6.12608,-3.51304,1.65237,-7.79037,-4.14728,-11.6102,14.8365,-35.5145,-15.5859,-30.2963,-19.6452,-25.2978,-21.6487,-21.6634,-19.3065,-24.6264,-11.6921,-119.634
129,6500,861,328288,69652.5,66461,2.10518,16.3357,-12.103,-0.801148,-7.27423,-3.36002,2.494,-7.20972,-3.72851,-12.6467,17.7003,-36.3855,-15.6578,-28.0717,-23.5255,-24.5081,-22.6758,-21.0336,-18.0146,-24.5045,-11.6909,-120.784
130,6550,3788,296317,97107.9,87106.9,6.39041,15.371,-14.3426,1.72727,-5.85999,-3.69136,1.41261,-6.57698,-3.79768,-14.8342,17.549,-35.4978,-16.3474,-27.6393,-24.5075,-26.3516,-22.6179,-22.4061,-18.8689,-25.7215,-12.096,-124.335
131,6600,4423,574424,108613,120929,4.99107,15.6462,-12.5902,1.66333,-8.1998,-3.36196,-0.205587,-5.69353,-3.54316,-13.6744,16.1042,-33.0666,-16.4245,-27.3596,-26.6323,-26.3551,-22.8964,-22.3496,-17.3145,-25.6953,-12.5801,-123.029
132,6650,128,403686,82373.6,100157,2.08943,15.041,-11.1344,1.85292,-7.81556,-3.81176,-3.03023,-3.23273,-3.78287,-13.8575,15.5071,-33.1648,-16.1767,-25.6113,-27.034,-24.788,-23.4122,-24.1599,-17.7545,-28.9589,-13.3781,-123.469
133,6700,2639,632710,131210,144383,2.58669,14.3045,-12.3106,1.69509,-7.06287,-3.41227,0.185569,-2.8456,-3.8963,-14.5799,16.0797,-34.0022,-17.4487,-26.2903,-27.0817,-28.5968,-24.1361,-27.7582,-20.6318,-30.2901,-10.538,-122.524
134,6750,7196,271731,88921,73748.9,3.27197,13.7096,-13.0851,3.11625,-4.66945,-5.28275,-0.222162,-2.94288,-2.91975,-15.4128,16.4372,-35.2925,-18.1533,-24.0137,-25.6056,-28.489,-24.4799,-27.9174,-20.1642,-28.9118,-11.3674,-122.34
135,6800,1170,217561,67710.4,55757.2,2.94874,13.8578,-15.2607,1.23353,-4.82958,-9.0653,-0.855955,-4.01523,-4.2893,-17.1223,16.7024,-35.8797,-18.7001,-21.8577,-25.2659,-28.9219,-23.0656,-29.0908,-18.4725,-26.1275,-13.6924,-124.963
136,6850,3737,248646,86799.7,63825.9,0.610326,16.7138,-14.0662,1.6476,-5.26194,-7.50645,0.758554,-4.00673,-3.50414,-15.263,16.7524,-33.9079,-18.283,-22.6892,-26.389,-28.8173,-22.3057,-27.9825,-18.5339,-24.9354,-14.8259,-125.448
137,6900,4196,238060,88851,65315.1,2.46268,16.277,-14.834,2.72894,-5.1112,-7.02922,2.19902,-4.97046,-2.31272,-15.2222,17.4082,-33.2811,-18.8936,-21.3696,-24.8255,-28.4038,-20.7048,-27.7528,-18.5066,-24.92,-13.4878,-126.044
138,6950,1296,561632,106811,118044,2.44746,18.6698,-14.7006,2.04331,-5.98351,-8.16081,6.37485,-5.49069,-3.32593,-14.1736,17.4253,-33.1322,-18.9165,-20.0885,-25.6688,-26.7607,-22.081,-27.5395,-18.2809,-23.6349,-12.0344,-126.593
139,7000,392,332419,75218.6,79178.4,3.81736,14.8875,-15.8042,2.44295,-8.6498,-8.74266,7.75662,-5.79564,-3.42259,-14.9453,16.157,-35.1484,-18.4474,-18.3951,-24.7524,-28.2325,-23.1296,-26.5157,-18.2194,-27.4654,-13.3181,-125.748
140,7050,5157,351916,66780.2,73745.9,2.26298,16.7632,-16.1143,3.00449,-9.82931,-14.0076,5.7572,-4.99136,-2.34211,-15.9978,16.724,-35.1042,-15.3451,-21.4291,-26.8544,-27.4317,-22.0553,-25.2558,-20.0667,-28.5989,-11.985,-126.79
141,7100,1482,192968,58158.1,44951.1,4.33407,17.0601,-17.4892,4.30274,-9.23335,-12.9853,5.66024,-3.6368,-3.16487,-15.1197,15.2142,-37.6885,-19.2887,-26.1245,-23.013,-28.8126,-20.228,-24.2844,-23.7723,-29.6855,-13.1431,-125.558
142,7150,3873,169155,64608,51691.3,3.48006,15.534,-15.1513,4.37482,-9.39046,-12.1418,5.54657,-1.68317,-2.59334,-15.6469,15.9737,-37.0809,-17.4789,-24.9788,-25.1782,-28.4479,-20.7848,-28.9829,-22.5745,-28.4325,-13.1436,-126.529
143,7200,1865,324766,96844.2,89329.7,-0.320069,14.7405,-17.7762,4.38992,-9.28405,-12.4069,7.09856,-2.89875,-2.1211,-15.0966,16.1792,-35.7014,-16.3657,-24.8148,-24.0332,-27.9063,-24.1357,-30.1064,-19.2031,-29.2696,-12.4328,-126.39
144,7250,1416,291843,64016.2,69408.3,-1.19895,16.7414,-17.5386,0.524145,-8.26668,-11.8791,7.84267,-3.11114,-1.19396,-16.1259,14.8168,-35.9093,-17.2138,-24.3417,-24.029,-26.565,-22.7623,-29.5657,-17.7952,-29.4089,-12.2092,-126.938
145,7300,592,352983,73284.1,85479,-2.81849,17.6217,-17.2267,1.99383,-6.18407,-10.928,8.78828,-4.09133,-2.27607,-14.7923,14.6885,-34.9643,-16.4514,-25.4531,-22.9286,-28.5283,-26.9672,-28.6899,-16.227,-27.1762,-10.4329,-126.704
146,7350,1670,259100,55796.6,54918.1,-0.804726,18.1897,-14.2259,3.14685,-5.91562,-11.0329,9.70565,-1.92042,-3.83301,-15.3333,14.1881,-34.1002,-16.9187,-24.037,-23.8292,-29.78,-29.4867,-28.1381,-18.0253,-27.7372,-11.0079,-126.996
147,7400,2317,218763,65222.8,54119.6,0.751845,17.5082,-13.9347,2.92385,-6.75387,-12.3998,5.83046,-2.91827,-4.1757,-15.5531,16.0279,-32.4476,-16.8813,-23.418,-24.7716,-26.6863,-28.9984,-27.6978,-17.6903,-28.1913,-12.0529,-127.299
148,7450,829,222518,68455.9,56923.6,-1.50473,17.2059,-14.3718,1.91576,-7.67997,-11.3168,3.96665,-4.93971,-0.737022,-14.6854,15.7488,-33.547,-19.0073,-24.1806,-22.8884,-26.7474,-26.7597,-26.0667,-19.6041,-27.0044,-13.9055,-126.269
149,7500,3413,329126,100692,91541.2,-0.723444,17.1386,-12.337,1.08141,-6.61807,-12.2674,3.72431,-6.67498,0.616131,-15.4879,17.7777,-35.3046,-20.1473,-25.0181,-26.9084,-28.9836,-24.7565,-27.8139,-21.2926,-27.0727,-11.4475,-125.342
150,7550,1002,390535,64373.6,78923.3,1.05282,17.6381,-12.1752,3.0882,-7.10031,-10.3968,0.863492,-9.18329,0.519518,-15.2518,17.6875,-35.8443,-19.7268,-28.1801,-25.9557,-26.8972,-25.5866,-26.6428,-20.3177,-28.433,-12.3785,-126.116
151,7600,3198,330999,84872.4,90746.8,0.419706,18.8129,-13.3016,2.62784,-7.03872,-11.4612,-0.187722,-7.8769,-0.587374,-14.453,17.3506,-35.7203,-20.7693,-28.8995,-26.9701,-27.0005,-24.6926,-25.247,-18.3552,-29.8609,-13.4218,-126.804
152,7650,1736,386352,87701.1,102410,1.90482,20.1428,-14.5713,2.35394,-6.20538,-10.6474,-1.07471,-8.47609,1.63057,-14.2133,17.5262,-35.2033,-21.2385,-28.8224,-24.6596,-25.83,-25.2618,-24.3456,-18.9993,-30.0872,-12.9802,-128.121
153,7700,257,384245,110106,97764.5,2.02,18.7639,-16.6086,-0.0123793,-6.19881,-7.7983,-1.42642,-9.94981,1.69888,-13.584,17.021,-34.2023,-21.4611,-24.3834,-22.2097,-25.2768,-26.8,-24.4927,-20.0973,-31.1299,-11.7286,-128.862
154,7750,6141,375421,90040.3,85032.8,0.645051,19.4327,-16.6592,-0.994965,-4.81054,-7.34513,1.29569,-12.8531,0.933011,-11.9189,16.7964,-33.44,-23.2366,-23.8791,-22.5529,-27.4094,-27.0284,-23.0313,-19.7049,-31.5705,-12.4273,-129.184
155,7800,148,563761,104855,109543,0.232707,20.2288,-16.2236,-3.33325,-3.86921,-9.37475,4.64692,-13.3596,1.55314,-15.4903,16.9096,-33.3528,-22.4127,-23.9892,-22.2139,-28.076,-27.3336,-23.3732,-17.6448,-31.1518,-10.4781,-129.837
156,7850,1164,317810,90676.8,81464,-3.58282,18.9242,-18.1499,-2.5908,-3.73868,-9.02763,5.20873,-12.9509,2.12396,-16.1221,16.3552,-34.8989,-22.7725,-24.3086,-22.8841,-28.4902,-24.295,-21.7314,-16.1869,-29.1488,-8.6222,-127.437
157,7900,13669,314898,75019.4,67542.2,-3.32519,19.8406,-15.6871,-2.29252,-4.01325,-11.4286,4.05632,-12.2997,2.44502,-15.4126,14.9788,-33.9566,-22.1121,-25.2032,-24.7431,-29.0154,-27.3939,-20.9165,-16.786,-29.5019,-7.50532,-126.489
158,7950,584,280396,83797.5,71494.2,3.82626,19.6687,-15.8036,-4.72384,-4.37435,-10.9562,7.96617,-13.2163,1.92966,-16.1761,15.2977,-32.5724,-22.6761,-24.8006,-23.7803,-30.9111,-27.2015,-20.7389,-17.365,-29.071,-7.00631,-126.912
159,8000,3399,314687,78265.2,75172.7,7.91901,19.7006,-14.1023,-3.9927,-4.69879,-9.40742,7.13722,-14.1974,1.86315,-15.3917,16.2104,-34.197,-26.0157,-23.9576,-21.8905,-31.9113,-27.5921,-23.2323,-17.2204,-30.4987,-7.19626,-127.532
160,8050,4759,548526,82997.1,103514,11.7457,19.1294,-14.0227,-4.27666,-6.09406,-9.77882,5.633,-12.6897,1.328,-14.0829,17.1755,-36.0587,-24.1736,-24.0077,-21.0083,-29.4219,-26.4998,-24.2534,-20.9731,-30.5949,-7.45278,-130.76
