generation,agents,minScore,maxScore,meanScore,standardDeviation,w0,w1,w2,w3,w4,w5,w6,w7,w8,w9,w10,w11,w12,w13,w14,w15,w16,w17,w18,w19,w20,w21
0,50,0,8,2,2.06782,-9.28465,-2.32604,3.63743,4.68856,-1.12486,-1.05602,-0.044461,2.15757,-4.34146,-3.7451,11.8395,-11.3596,6.90499,-4.64105,-0.773968,-4.59906,-2.4657,-3.8265,0.475717,-5.68094,-2.95123,-7.97941
1,100,2,25,11.9,5.99626,-11.5434,-1.38861,-1.5751,8.8913,-0.376183,-2.31692,-2.14272,-1.18727,-5.51008,0.749677,6.70712,-13.4172,6.67743,2.15361,-0.602632,-4.44062,-3.56605,-9.27096,-11.1715,-8.25794,-7.78876,-16.3792
2,150,11,43,26.1333,9.22789,-12.1663,-1.76803,-3.87368,4.76922,-0.987817,-3.73501,-1.25416,3.35866,-5.22942,-4.12635,3.86903,-12.8841,5.36681,-3.44843,-2.13056,-2.80711,-2.47821,-9.82624,-10.6922,-9.57808,-7.18596,-20.2312
3,200,20,120,60.5333,28.899,-10.6157,-2.69694,0.147955,0.542835,-0.742914,-2.78728,-1.53309,0.255408,-5.80088,-4.96666,-0.971678,-14.0029,5.18329,-9.3824,-3.40385,-3.49082,-3.55905,-10.2473,-10.8598,-9.76065,-7.94259,-21.7501
4,250,56,177,97.8333,30.8959,-9.76892,-4.0222,-1.81016,-4.23645,-2.5477,-1.48667,-1.8302,-1.72662,-5.54073,-6.70817,2.87211,-9.72441,3.53828,-12.2782,-2.01626,-2.90669,-5.14083,-11.0136,-10.7522,-9.15723,-12.0144,-22.4359
5,300,24,221,110.1,51.5259,-5.80665,-3.92839,-5.45776,-5.46591,-7.46423,-1.59468,-2.65031,-5.17669,-5.60992,-9.60149,4.00236,-10.1181,0.763691,-9.16188,-0.315544,-3.40321,-4.74218,-11.0803,-12.1513,-7.20889,-10.9094,-21.8045
6,350,29,434,132.967,82.3204,-5.51435,-2.60252,-7.08669,-8.04308,-3.68023,-1.44188,-1.80123,-6.96106,-5.83207,-7.11255,-1.94666,-6.90713,2.36396,-8.24435,-1.20864,-1.70197,-4.97648,-10.1149,-13.5999,-7.45663,-12.0711,-25.6855
7,400,53,436,171.9,81.1263,-5.0336,-4.70278,-7.08633,-8.98169,-2.43187,-1.26672,-3.2026,-7.47203,-7.34878,-7.94645,3.0082,-8.73794,0.748036,-7.8668,-6.13634,-4.03594,-6.73489,-8.31926,-13.3945,-10.2135,-11.3489,-25.8102
8,450,70,964,321.433,221.929,-4.44307,-2.30885,-6.49585,-6.85645,-4.96228,-2.19881,-3.05237,-3.91659,-8.65168,-9.44062,0.627487,-4.84257,-0.685192,-7.7233,-4.76746,-4.74275,-6.20981,-8.95607,-14.229,-9.44608,-10.7473,-28.5996
9,500,67,704,292,185.675,-3.72538,-1.94345,-7.33932,-4.12895,-5.19206,-2.59672,-6.46684,-2.16094,-9.56533,-8.26008,-1.32482,-6.59046,-0.77349,-7.1498,-3.90268,-5.06383,-6.13668,-7.73542,-15.9409,-8.58993,-7.491,-28.4795
10,550,102,1340,505.167,296.707,-3.1302,-2.64045,-6.38136,-4.34095,-7.21768,-7.90111,-4.61479,-2.55163,-10.6091,-6.93217,0.674855,-4.69676,-1.64388,-8.71614,-5.50939,-7.03738,-5.32456,-7.68505,-17.2569,-8.65323,-7.02062,-30.7522
11,600,86,2849,642.867,609.234,-2.3547,-1.54975,-5.22531,-4.60768,-6.15098,-8.96276,-5.56145,-3.26542,-5.61065,-6.13982,1.51201,-6.39746,-3.40146,-9.00055,-5.8752,-8.75894,-7.21347,-9.2335,-15.2899,-7.42751,-10.7464,-33.6363
12,650,137,2307,729.567,552.778,-5.37091,-2.03158,-6.87505,-4.14595,-6.89994,-8.031,-5.03449,-3.0704,-6.33585,-7.43641,1.9083,-6.88524,-3.99445,-8.21417,-4.16537,-7.85665,-7.25871,-9.09291,-14.3361,-6.78079,-10.1986,-35.0692
13,700,56,2292,649.2,530.668,-4.08861,-2.60895,-5.59436,-4.41123,-7.47215,-6.55198,-7.72078,-4.43966,-7.42351,-10.2159,2.61306,-7.27963,-3.97241,-7.64611,-3.57333,-7.89275,-10.3666,-10.7586,-12.9537,-8.02646,-7.2639,-36.4225
14,750,127,6820,2057.17,1690.57,-3.4686,-2.37692,-6.00842,-6.68433,-7.16966,-6.11201,-9.1046,-3.13164,-8.49885,-9.14231,2.65517,-7.26698,-5.30855,-7.40675,-5.68762,-8.78605,-10.6649,-10.2936,-10.4073,-8.84666,-5.84654,-36.1867
15,800,258,5286,2131.4,1521.56,-6.3404,-2.29154,-8.65543,-6.19876,-8.80993,-6.22386,-7.22776,-2.90382,-9.25313,-8.18089,1.12123,-8.80519,-5.01821,-8.11667,-4.98359,-8.47552,-10.7987,-10.4627,-9.55212,-9.84873,-5.8841,-38.1956
16,850,182,7984,2146.27,1647.81,-6.62783,-2.29371,-7.84357,-5.97375,-7.9244,-5.61369,-7.64451,-4.40911,-8.58578,-7.65396,0.367432,-10.1178,-5.84952,-7.23558,-5.14892,-7.77959,-12.7789,-10.1282,-10.4792,-11.0126,-5.5226,-39.2118
17,900,188,10347,2052.37,2120.07,-8.43678,-1.38358,-8.88428,-6.22742,-8.8288,-6.14265,-10.3265,-3.41991,-6.66434,-8.86272,-0.187835,-9.92,-6.62005,-6.63863,-6.17504,-6.41851,-13.5913,-9.2442,-11.8735,-11.075,-4.57499,-40.2707
18,950,104,5442,1016.4,1219.08,-8.01686,-1.90654,-9.28097,-5.84012,-7.64579,-6.37065,-10.2594,-2.87068,-6.59382,-7.74859,0.703568,-10.4159,-7.12199,-7.65022,-4.9229,-7.21038,-7.63343,-7.04226,-14.173,-13.2336,-6.42777,-39.4091
19,1000,91,8902,1632.6,1915.99,-10.7961,-0.566657,-10.27,-5.60144,-7.27569,-2.54368,-9.09516,-3.68979,-7.55343,-7.34867,3.17391,-11.3366,-5.34577,-6.75034,-6.23448,-6.57485,-12.192,-5.50201,-14.5351,-13.7312,-7.81689,-43.0927
20,1050,139,6414,2221.83,1821.4,-11.4519,0.75616,-8.58362,-6.37257,-6.9323,-4.74179,-8.62886,-2.54326,-7.03906,-8.44445,3.18156,-10.1359,-5.62379,-6.85199,-7.66991,-6.16127,-12.4957,-6.18966,-13.571,-11.9815,-5.54126,-43.1237
21,1100,239,11565,2935.37,2661.8,-12.047,1.28379,-7.71484,-7.45776,-5.80381,-4.57942,-9.78477,-1.87108,-4.9215,-7.92347,1.90463,-10.5439,-4.99274,-6.88,-8.5625,-6.81823,-11.6533,-5.91135,-14.099,-10.0145,-5.81692,-44.3367
22,1150,376,7862,2600.5,2392.17,-9.44038,1.53773,-9.11914,-6.68697,-6.25236,-4.63948,-10.1737,-2.64413,-6.81898,-6.16523,0.60915,-9.75585,-5.00022,-7.49371,-8.36942,-8.01162,-10.0004,-6.09889,-13.3746,-8.87318,-2.75915,-44.5447
23,1200,338,8663,2733.5,2438.56,-5.88456,1.06138,-7.27005,-6.00801,-7.22867,-5.55321,-7.18922,-1.80426,-8.65198,-6.29839,1.30153,-9.99,-5.48523,-7.43632,-9.50768,-8.69313,-10.8281,-6.71815,-10.9356,-10.5244,-5.77313,-43.9075
24,1250,143,16245,3026.53,3486.01,-4.89991,1.97425,-7.93619,-6.9514,-4.60196,-2.80483,-8.4382,-1.59247,-9.16613,-7.32549,4.51457,-8.00358,-5.07729,-7.75617,-6.75566,-8.23838,-11.5895,-5.08798,-11.3009,-10.4691,-4.46673,-44.2503
25,1300,202,7144,2626.67,2284.76,-4.43295,2.43582,-9.81438,-5.22336,-5.11608,-3.49404,-9.46113,-2.38051,-10.1586,-8.60179,6.63596,-6.83415,-6.09733,-7.34437,-6.92548,-7.9435,-13.6885,-7.92716,-11.3263,-11.3343,-3.40964,-45.9551
26,1350,20,9078,2559.53,2145.75,-8.59682,3.09778,-11.5548,-5.39003,-6.89304,-2.72409,-8.04536,-0.0597484,-10.353,-6.6751,6.73273,-9.07645,-6.48202,-6.35905,-7.36295,-8.05515,-13.6036,-6.87648,-11.5725,-11.3554,-5.31052,-46.6538
27,1400,273,22881,5217.07,5540.96,-10.5391,4.28564,-10.7246,-3.89128,-7.26465,-1.09941,-7.36861,-1.72906,-9.65639,-5.66909,5.9222,-8.46913,-5.97063,-7.72199,-7.41121,-7.56553,-14.338,-8.97156,-12.7091,-11.3039,-6.91084,-49.7467
28,1450,150,22956,5185.67,4953.5,-7.55021,3.66301,-8.86507,-2.27131,-6.96015,-2.52356,-7.20113,-4.75395,-8.37564,-7.2975,6.46114,-9.23889,-9.31759,-7.86932,-7.27505,-8.23976,-13.8554,-9.6521,-11.4158,-9.62558,-4.82268,-49.105
29,1500,276,14450,5141.3,4210.31,-2.45221,3.76673,-8.20399,-0.628179,-9.2039,-4.40923,-4.0438,-3.83633,-7.98486,-7.61772,3.20986,-8.84376,-10.5499,-9.5113,-8.51387,-9.42718,-13.044,-9.73332,-12.4853,-10.3678,-5.91334,-49.4512
30,1550,493,22994,7409.47,6146.38,-1.84652,3.93553,-10.1935,-0.647808,-8.45639,-2.58264,-4.89282,-2.6572,-6.9082,-7.28799,3.32845,-10.3508,-9.82725,-8.92887,-8.73081,-9.72393,-13.4658,-7.8193,-14.788,-10.4432,-4.80984,-49.8773
31,1600,572,80939,10329.7,15354.9,-0.889283,4.96876,-9.9873,-2.23695,-9.53724,-0.395244,-4.72817,-4.74515,-6.68593,-6.77687,5.09231,-13.4644,-10.0621,-9.80339,-8.75421,-8.83491,-14.672,-8.07981,-15.5295,-11.7605,-3.70688,-51.9265
32,1650,201,35716,12143.4,10609.3,2.54223,5.48859,-10.3432,-0.673473,-5.6034,-0.725333,-4.71586,-4.01435,-6.39369,-8.09034,7.25948,-15.5238,-9.65563,-9.26377,-9.56694,-12.348,-16.6293,-8.17141,-16.3,-12.3057,-4.24905,-52.8226
33,1700,1691,90891,14489.1,17126,2.65221,4.00054,-8.54674,-2.0628,-3.6991,-2.04451,-6.47763,-2.16695,-6.06123,-6.40666,7.20201,-15.6858,-8.96865,-10.2614,-9.63309,-13.5098,-16.0982,-8.10722,-15.5572,-11.7144,-4.63889,-56.157
34,1750,194,41129,13285.4,13248.7,1.77871,3.92116,-9.91578,-3.82831,-0.862843,-1.08762,-5.03815,-3.27948,-5.14585,-6.43506,7.49719,-15.6824,-9.22634,-9.99014,-11.1644,-13.6531,-16.2181,-6.83226,-15.5179,-12.5088,-3.47261,-56.2542
35,1800,1125,69807,16204.9,17559,-2.27078,5.76763,-10.4971,-3.7583,-1.73797,0.798161,-4.49842,-2.98711,-4.707,-8.70421,7.26018,-15.3934,-10.6388,-10.1398,-12.4472,-12.7452,-15.8444,-7.29054,-15.7864,-13.4776,-1.91733,-56.6097
36,1850,628,61804,18844,17842.2,2.70657,6.41339,-9.20764,-4.32475,-2.58948,1.25327,-2.96156,-4.09515,-3.98369,-8.12458,4.63973,-13.5637,-11.0154,-9.70094,-12.8146,-13.6603,-13.5082,-8.62876,-12.9589,-13.0548,-2.13489,-59.2916
37,1900,462,143950,32649.8,30400.6,1.50527,8.20367,-9.44483,-3.25633,-1.53624,1.17365,-3.99207,-2.19859,-3.52213,-5.98222,7.04273,-12.4772,-11.9519,-10.3064,-12.6646,-13.1497,-13.0378,-8.87579,-13.4871,-11.2419,-1.32439,-60.8182
38,1950,921,103095,20379,25294.1,1.28194,7.82793,-9.79676,-5.38917,-2.10078,-0.328807,-3.23853,-3.21647,-4.26856,-3.6857,6.88133,-12.3788,-10.8683,-10.4316,-12.2812,-14.0024,-13.6075,-10.594,-16.1005,-10.5008,-3.02475,-60.8964
39,2000,227,72362,26108,22981.5,2.10788,7.8248,-10.3452,-6.63959,-1.3891,-0.347461,-3.34125,-2.85666,-5.62336,-6.00756,6.40822,-12.133,-11.6174,-12.1835,-12.5105,-14.4562,-11.22,-12.9281,-13.6314,-12.8944,-4.49427,-59.2787
40,2050,968,73802,14685.4,16543.3,4.18278,8.60216,-8.08104,-6.93125,0.505904,-0.846985,-3.21078,-1.55415,-5.68864,-8.01648,5.8617,-11.3176,-10.8652,-12.051,-13.6721,-16.4993,-10.7494,-11.6738,-12.9449,-13.668,-4.62125,-58.8831
41,2100,337,84380,13444.5,19036.4,5.99442,11.7379,-8.04844,-4.24043,-0.15968,-0.407557,-1.37001,0.247398,-5.14634,-7.03071,7.15542,-12.5693,-9.91449,-12.6383,-15.1337,-13.8794,-13.3863,-9.82102,-13.908,-12.9939,-4.29087,-59.646
42,2150,1120,96729,32666.2,29593.2,6.42544,9.95283,-9.23609,-5.98974,-1.60837,-2.62582,-2.26121,-0.0252915,-5.21377,-4.76636,8.05919,-13.8142,-9.64104,-13.3766,-14.8359,-14.0505,-13.3216,-11.8647,-15.366,-12.9535,-2.7997,-61.441
43,2200,1190,142373,30947.1,33563.5,5.84028,10.0641,-9.28415,-5.43046,-2.0578,-1.84047,-3.07185,0.873335,-4.71572,-6.54578,7.55564,-13.7289,-10.9278,-12.517,-14.9114,-17.3672,-11.4886,-12.576,-13.1218,-14.8969,-0.954767,-61.8314
44,2250,645,108130,26876.7,27000.2,6.25581,7.96422,-10.7466,-4.67942,-1.4411,0.897701,-2.3769,-0.832289,-5.86228,-7.18309,7.05028,-12.3043,-11.3019,-13.7427,-14.2837,-15.7419,-12.3285,-13.237,-14.6001,-15.5487,-3.09468,-62.199
45,2300,401,219220,38726.5,43580.8,6.65566,7.5579,-11.4666,-2.81553,-1.69667,0.557214,-6.35755,0.546025,-2.38281,-6.15822,6.98442,-13.5145,-11.5199,-12.0739,-12.0068,-13.2008,-11.5429,-11.7794,-11.4455,-15.9176,-2.78713,-61.0199
46,2350,255,110691,35504.6,36380.4,2.12397,6.07203,-10.3343,-2.54176,-1.69545,1.3836,-6.19035,-0.14315,-2.98534,-4.75099,7.83624,-12.3457,-10.3615,-11.8835,-11.6659,-17.1949,-12.0444,-13.5568,-10.8801,-16.1374,-2.83227,-63.1109
47,2400,1428,113218,27405.7,30236.8,1.61639,6.86114,-8.8812,-1.6761,-2.41295,2.27864,-5.43432,0.493713,-4.25065,-5.38556,5.68088,-14.5104,-12.3453,-12.9161,-10.546,-17.6648,-10.6242,-15.8496,-11.3199,-16.1887,-4.42422,-62.2379
48,2450,5236,233259,65519.4,59488.9,1.17464,6.06665,-7.58017,-2.39213,-1.74117,2.30742,-4.33714,-0.606484,-4.65371,-3.48254,5.09394,-15.8873,-9.73278,-13.8631,-9.45848,-18.0521,-11.2641,-15.1526,-10.9938,-14.5843,-3.53642,-63.8915
49,2500,2244,184358,41093,39614.2,1.99666,6.40472,-6.97674,-1.69841,-1.99212,1.88888,-5.96873,-3.50485,-3.57364,-3.702,5.59312,-16.5304,-11.6673,-10.1326,-10.0511,-18.3976,-9.22624,-13.9852,-10.3068,-16.4893,-4.14615,-64.5571
50,2550,2187,144989,36938.2,34943.4,4.06458,7.38578,-7.3594,-3.00564,-2.2049,0.562775,-5.84038,-4.80409,-3.52757,-3.36286,3.68155,-14.3903,-11.8707,-10.578,-9.81229,-17.9921,-12.1436,-14.5761,-10.6461,-16.9097,-7.16741,-65.1709
51,2600,208,118695,25084,29105.7,2.25543,7.63192,-8.44348,-4.17544,-4.33641,0.453028,-5.45621,-7.07006,-3.67839,-4.17664,4.94118,-16.5823,-12.8011,-10.7963,-7.74672,-18.5328,-12.5521,-15.6351,-12.4826,-14.7757,-5.73634,-67.0103
52,2650,474,59622,16181.5,14890.7,3.91153,8.30049,-8.81302,-4.27908,-4.46196,0.770476,-8.16036,-4.34903,-6.11561,-3.18182,5.36661,-17.9717,-13.5379,-10.2523,-7.26501,-18.6729,-10.3566,-15.0511,-14.5734,-15.7313,-8.76643,-67.3874
53,2700,216,47625,10818,10980.1,4.86917,6.36103,-7.8837,-3.69129,-5.82907,2.56475,-6.41398,-4.83625,-6.40219,-4.13345,6.62,-18.9888,-12.7496,-10.4978,-8.36231,-20.0789,-9.86085,-14.8774,-14.6279,-17.6055,-7.48717,-65.4466
54,2750,1257,91109,18836.2,23184,2.46224,7.9214,-7.14253,-3.37391,-5.73879,3.86512,-9.3589,-6.52556,-3.6191,-1.75438,8.52018,-19.0154,-11.268,-10.2221,-9.99515,-18.1661,-11.3213,-16.0552,-14.0396,-17.9077,-7.35747,-67.2382
55,2800,148,58821,18554.7,16287.6,-0.382781,7.88063,-7.33754,-2.11233,-6.74661,6.0657,-8.49441,-6.80716,-5.77844,-1.03568,7.94596,-17.2977,-10.8955,-8.82352,-9.61582,-18.2484,-12.0547,-14.7638,-14.9537,-16.6841,-5.60791,-67.3591
56,2850,58,61573,15403.8,14253.1,-0.347575,8.24104,-8.52699,-1.02384,-6.5892,6.03824,-7.99515,-5.3228,-4.70389,-0.692118,5.96162,-16.4478,-11.086,-10.5966,-9.54319,-20.4336,-13.8961,-14.0458,-15.4661,-16.1168,-7.80267,-65.5355
57,2900,237,31625,9126.23,7697.06,2.05165,7.35135,-8.74527,0.23324,-6.01935,5.08392,-8.18708,-5.39742,-6.08524,-1.39086,6.71517,-17.0391,-13.5677,-8.07275,-10.2737,-20.061,-15.5413,-15.6514,-14.8962,-16.4975,-7.50069,-67.1152
58,2950,302,35820,9259.13,8724.64,2.92067,6.4076,-9.53551,-1.63499,-5.34619,6.00173,-7.69492,-3.8203,-7.34249,-3.30223,6.22635,-15.3003,-11.6315,-7.31223,-11.8997,-18.3866,-15.8894,-13.6885,-15.358,-16.7705,-6.45006,-66.6714
59,3000,1197,65971,16611.9,16755.8,2.75853,8.7075,-10.9773,-2.8553,-4.69145,5.20681,-6.0856,-4.24853,-6.39081,-6.72539,5.90729,-14.3651,-12.2794,-7.4307,-14.6921,-17.1347,-15.09,-12.9899,-12.8282,-16.6259,-6.33305,-66.5917
60,3050,1364,107173,27734.5,26077.2,4.39815,10.6571,-10.431,-2.56051,-3.00441,2.84701,-6.18616,-2.61339,-4.1185,-7.81875,6.46173,-15.0597,-11.7473,-8.88571,-14.6516,-16.0362,-14.698,-13.1383,-13.7859,-15.7428,-5.9407,-69.0944
61,3100,149,84482,25531,22743.3,4.88113,9.52057,-8.6985,-2.46595,-1.51102,3.24687,-2.86275,-2.79934,-3.93961,-7.12369,6.63335,-15.3019,-11.4086,-8.77981,-14.0141,-13.3411,-12.5659,-15.3714,-12.9888,-16.0533,-5.09953,-69.4374
62,3150,155,62561,19707.1,17731.5,7.12646,9.33959,-9.70224,-1.77662,-1.85739,1.38241,-0.722701,-2.00355,-4.38672,-7.82029,7.02968,-17.339,-12.4668,-9.65279,-14.0626,-13.2728,-13.8975,-13.2908,-13.2579,-14.8507,-4.58613,-69.9533
63,3200,294,146662,35739.3,36899.1,6.74679,8.87509,-10.3267,-1.11508,-4.72657,1.81075,-4.91268,-4.43199,-5.94038,-6.36209,6.76474,-18.8104,-10.1691,-10.791,-14.6023,-14.4256,-14.8677,-13.1061,-12.732,-15.6426,-5.29218,-70.3293
64,3250,129,117936,43386.8,40219.1,8.33194,8.80567,-10.4239,-0.800157,-6.53318,2.19662,-5.34321,-3.11602,-6.25575,-6.67575,7.52838,-22.2822,-8.135,-11.9481,-14.2959,-15.8972,-13.5436,-12.327,-14.9497,-16.164,-4.76682,-71.588
65,3300,1127,181682,50935.1,48578.8,10.1542,8.52341,-9.63404,-1.68505,-4.71268,1.01798,-4.1564,-4.0256,-6.12363,-5.51489,8.15611,-19.1474,-8.94467,-13.195,-11.8947,-15.7454,-15.3437,-11.8064,-14.4372,-17.3833,-6.67148,-72.6411
66,3350,190,159783,38531.1,40669.8,9.7153,8.38924,-10.3004,-0.104475,-6.66078,2.11486,-3.07996,-3.3597,-5.61488,-4.05035,8.84836,-16.8243,-8.90341,-13.3125,-14.2179,-15.7931,-16.611,-11.6609,-14.1023,-18.7317,-5.55688,-71.6335
67,3400,2663,176452,51343.8,43456.2,9.00981,7.85409,-9.61584,-0.853246,-7.57899,2.26437,-4.34573,-4.31426,-5.82249,-5.6773,10.5396,-18.2249,-8.93796,-15.5697,-15.2241,-16.2637,-16.8819,-12.2129,-13.1744,-19.2754,-5.59041,-70.5128
68,3450,57,159508,54085,44273.5,7.99738,8.41893,-10.6497,1.36738,-7.31746,0.0118709,-2.33766,-4.28782,-5.76906,-6.85273,11.1906,-17.3596,-7.10928,-14.9299,-15.0604,-14.2034,-17.3292,-12.3212,-15.2077,-19.8978,-4.5216,-69.5299
69,3500,503,218374,45884.8,49279.6,8.10424,6.50305,-10.2047,2.4065,-7.19447,-0.568634,-0.821684,-5.30129,-6.42853,-7.46038,11.1116,-19.8463,-8.50294,-15.3352,-13.5219,-15.1546,-15.7202,-11.6845,-15.02,-21.0349,-4.6433,-70.714
70,3550,2616,190648,55731.3,48383.8,7.36307,7.51649,-10.2686,1.47007,-5.46704,-3.45716,-3.63628,-5.23339,-6.41377,-7.08645,10.1942,-19.2548,-9.66347,-13.9047,-12.1636,-14.5644,-16.6314,-12.6456,-16.7015,-17.7753,-4.86752,-70.5381
71,3600,3717,161791,51273.4,42463.1,6.56224,7.74961,-8.308,2.55522,-5.22272,-2.50051,-3.66084,-5.43392,-2.77188,-6.41112,10.1091,-17.6271,-10.7132,-14.7585,-11.5848,-16.5558,-13.8322,-13.2068,-16.5229,-17.7703,-5.51026,-71.4039
72,3650,547,309560,64426.8,74874.2,7.55122,7.87876,-8.25505,2.4011,-3.71203,-0.906488,-3.74167,-3.77109,-2.21946,-4.60234,9.85967,-18.8068,-10.4706,-14.9183,-12.3453,-16.2252,-15.9604,-17.5773,-15.3128,-17.7933,-5.52328,-71.4257
73,3700,1929,349384,102250,82270.5,7.00438,8.29369,-9.58386,1.67389,-1.16583,-1.39198,-2.47671,-4.19585,-1.29832,-4.72649,10.1402,-19.3044,-10.992,-16.195,-12.9215,-15.239,-15.5514,-17.8571,-13.5037,-17.243,-6.84114,-71.3763
74,3750,2780,208678,81064.1,55312.9,3.95726,10.1228,-8.72328,0.4414,-3.19466,-0.163765,-2.49064,-3.24851,-1.49052,-6.5171,8.78731,-21.3358,-10.1412,-16.1989,-11.356,-16.2253,-16.211,-18.8699,-12.9542,-17.0355,-5.38533,-70.1445
75,3800,2487,261654,72658,69134.7,2.81905,9.71066,-10.0683,0.959729,-5.20409,1.94002,-1.02166,-3.17075,-2.91682,-6.36873,5.74743,-21.7137,-10.2776,-15.6348,-11.4971,-14.0736,-15.1109,-13.6293,-10.4791,-19.8316,-5.76155,-71.0663
76,3850,5310,345162,67942.7,81067.6,3.36498,12.4759,-9.15613,0.706005,-5.28618,2.22894,-1.82025,-3.45094,-3.30318,-6.70787,6.98013,-22.5971,-11.8566,-15.4165,-12.1426,-13.3263,-13.3763,-13.6256,-9.60875,-19.5476,-4.12073,-73.9981
77,3900,363,215300,64326.8,55365.7,2.25145,11.6139,-9.12735,-0.952028,-6.24933,1.66673,-2.72542,-4.72152,-1.91625,-6.06528,7.57956,-22.0951,-11.368,-14.7373,-12.6968,-12.9525,-14.5172,-13.5227,-11.5276,-18.5121,-3.86599,-73.6948
78,3950,5629,276595,72311.7,64408.4,1.50832,10.9237,-10.5281,-2.74728,-4.88291,0.547674,-3.5945,-6.29374,0.12069,-7.40966,8.12966,-23.2529,-11.5101,-16.1898,-13.026,-12.1631,-11.4858,-13.8469,-11.5619,-18.2244,-6.3252,-73.424
79,4000,2271,357428,62570.7,78677.4,2.57403,11.703,-10.5661,-1.64967,-5.67736,0.935746,-3.52308,-6.8847,-1.3835,-8.09342,8.87366,-22.6987,-13.164,-14.6059,-14.3041,-12.6674,-11.7741,-15.8814,-10.8537,-17.953,-6.42687,-73.7954
80,4050,1010,130523,47038,39038.4,1.78426,11.716,-9.70232,-0.452963,-6.17172,-0.0819766,-2.82931,-7.09042,-1.45297,-9.80384,7.95005,-22.2534,-14.9243,-16.047,-14.0002,-11.6946,-12.7691,-14.4434,-14.2558,-18.7086,-5.89822,-75.5042
81,4100,1847,529634,116268,114365,0.0521648,11.2237,-10.6334,-1.27472,-6.34122,0.840011,-1.4263,-5.97078,-2.13147,-8.54796,7.21216,-21.5742,-15.9255,-14.2276,-15.218,-11.6671,-12.4767,-14.8212,-11.0034,-18.6239,-4.2568,-74.8453
82,4150,2654,260058,64515.2,68348.7,-0.392222,10.13,-9.17871,-0.68459,-4.66085,0.321287,-2.13356,-5.90811,-1.92857,-7.36778,8.33022,-21.5093,-16.1643,-15.7031,-13.9217,-12.1613,-11.2609,-13.5873,-11.5868,-19.5784,-7.00542,-74.5878
83,4200,3964,316587,82718.3,76284.1,-1.18076,12.1295,-10.4682,-0.95693,-5.24286,0.244657,-2.92304,-5.99497,-2.77949,-6.56063,9.04138,-22.1166,-12.9067,-15.3115,-12.0984,-10.8422,-13.6395,-12.8479,-11.179,-18.1242,-5.12392,-78.0698
84,4250,99,241195,62833.4,68660.1,-0.813822,8.66958,-9.79904,-0.600161,-5.34988,0.2856,-0.713832,-6.89425,-2.82514,-8.73868,7.84838,-22.703,-11.9676,-16.6746,-13.2162,-12.2304,-14.5227,-15.1726,-12.6465,-16.4435,-5.85989,-83.2409
85,4300,7247,186377,68597.4,48428.8,-1.44951,10.1111,-10.6968,-2.23074,-6.69356,-0.141026,-1.98358,-7.59052,-2.33157,-7.9817,8.98539,-24.4465,-12.2512,-16.6984,-12.1271,-13.2502,-15.258,-15.2413,-12.5888,-15.7308,-6.00509,-81.7984
86,4350,2331,119386,38233.5,32037.6,-4.97766,11.5616,-8.8488,-3.04837,-6.1761,-1.14352,-2.64731,-7.4763,-2.10428,-4.34322,8.19414,-25.9824,-11.5455,-14.7447,-10.8401,-15.5648,-15.5402,-16.4037,-13.0212,-15.4324,-5.30571,-83.3205
87,4400,2213,148361,42754.6,35503.5,-4.89148,11.3872,-9.51403,-2.21257,-6.949,-0.161602,-0.415368,-6.86571,-3.20433,-5.15891,5.43335,-25.7972,-12.6865,-14.9528,-11.4573,-15.5636,-15.512,-20.9237,-13.4536,-16.9143,-3.66316,-82.5622
88,4450,2412,235622,54923.6,56019.4,-4.35931,9.49466,-10.3474,-1.67782,-6.28707,0.609856,-1.16872,-9.08806,-2.99144,-4.61887,7.00345,-23.1779,-12.9911,-14.424,-12.2918,-13.7295,-13.6909,-22.5335,-12.2589,-15.9677,-3.813,-82.4989
89,4500,1075,178262,46537.5,43579.8,-4.95882,10.3443,-9.7672,-3.12801,-6.35752,-0.312502,0.45759,-9.33586,-3.01287,-6.01164,8.12375,-20.995,-15.9353,-13.8406,-13.9292,-11.7401,-10.9988,-19.8287,-10.3244,-15.8148,-5.85351,-82.9002
90,4550,80,255622,36236.9,47513,-4.61894,12.0155,-9.6516,-3.89785,-6.68757,1.7666,-1.12503,-8.7777,-1.26306,-6.96528,7.92113,-22.687,-14.8069,-13.3805,-13.7379,-13.7207,-10.8581,-17.9884,-10.3965,-16.5044,-4.09094,-83.119
91,4600,2336,402876,57776.6,83285.2,-4.34614,12.0624,-10.0166,-2.44313,-6.63872,0.411613,-3.23952,-8.01526,-1.55648,-6.05398,7.01468,-23.6238,-12.2199,-15.8184,-14.9251,-13.9734,-10.4391,-15.5772,-9.74425,-17.0259,-3.17477,-80.7946
92,4650,186,197181,37100.7,41980.8,-3.18042,12.3228,-11.901,-0.639181,-5.22273,0.159025,-3.4825,-8.49162,-0.380774,-7.76665,4.51776,-24.306,-12.3592,-14.7954,-14.339,-14.4436,-9.91241,-15.918,-8.72487,-18.3172,-4.54022,-78.6142
93,4700,160,187096,60240,46136.6,-3.31065,11.8067,-9.47325,0.469964,-6.01902,-1.02066,-0.724661,-7.06884,-0.0815303,-7.30619,5.4461,-22.8391,-13.2923,-16.7556,-13.621,-16.1813,-12.0527,-14.5484,-8.05656,-19.1197,-2.31769,-79.6153
94,4750,2120,235523,82833,64908.4,-0.0246849,12.424,-9.90427,-0.739087,-4.4404,-0.527154,-3.10228,-7.86661,1.26772,-8.57582,8.05717,-19.5317,-14.1834,-14.2503,-14.0179,-15.6594,-13.3172,-15.526,-8.62122,-20.6915,-3.11215,-80.8074
95,4800,2610,662126,117608,140324,0.160477,13.8494,-10.5896,-0.033289,-4.89581,0.498443,-1.60296,-6.00269,1.29297,-7.04811,8.24491,-20.1934,-13.6248,-16.2762,-13.4791,-15.9111,-13.4415,-15.8578,-10.1846,-22.0144,-3.59319,-81.6204
96,4850,7380,358613,120938,102084,-0.674883,13.6264,-10.3562,-0.300645,-3.21495,-0.695671,0.307644,-6.4796,3.15067,-6.44071,7.25308,-19.3222,-12.7918,-15.9456,-13.5285,-14.4518,-13.5959,-18.2053,-11.4134,-22.6973,-5.923,-81.047
97,4900,697,199536,62996.6,62202.9,-1.30905,12.2311,-9.84858,-1.92209,-6.03193,1.93955,-1.56328,-6.26592,2.13129,-6.21435,8.6974,-19.4458,-12.5371,-15.7031,-14.3993,-14.5473,-13.5473,-18.9532,-12.1879,-20.7721,-6.7329,-81.2831
98,4950,2438,193779,72730.8,57571.1,-1.40286,13.2582,-9.6988,-2.45997,-7.32262,2.26621,1.2439,-5.30236,0.907215,-8.33151,7.86933,-20.3205,-13.6664,-15.1496,-12.4478,-16.5751,-15.6828,-16.7318,-11.5407,-20.8904,-4.65028,-81.3082
99,5000,825,301753,76099.8,75611.7,-2.05157,12.1764,-10.3236,-0.72451,-5.26556,-1.68996,1.10917,-3.78811,0.956155,-9.76693,7.96359,-19.9162,-14.4159,-15.7851,-12.7367,-17.1187,-16.5954,-18.5632,-11.1658,-20.1263,-5.80886,-80.981
100,5050,975,226827,66762,52581,-2.83178,11.1921,-10.8987,0.637701,-5.11581,-1.02052,2.45638,-6.1308,-0.0985277,-8.26968,9.13845,-18.3305,-15.9847,-18.019,-14.2094,-18.3425,-17.3111,-19.9911,-10.9743,-19.8623,-8.80984,-81.6578
101,5100,7342,480385,114890,124037,-2.49291,12.3418,-12.2101,1.91571,-3.9281,-2.008,1.47691,-5.68815,-0.577759,-9.12717,10.7684,-19.0613,-16.4459,-14.933,-15.4213,-18.2772,-16.0348,-17.2513,-10.9218,-20.0901,-8.66865,-85.6814
102,5150,6466,239831,78426.6,63008.4,-2.01206,14.3069,-10.9737,-0.0271675,-4.12165,-5.16739,4.36729,-5.50497,-1.12421,-9.64063,11.9867,-20.4961,-15.1087,-15.5677,-15.8535,-17.4605,-15.167,-21.288,-11.9114,-22.336,-10.28,-86.8548
103,5200,268,601931,130549,149623,-2.63827,12.7112,-11.2603,1.93755,-4.11242,-5.31773,3.42869,-7.07607,-0.0215681,-9.06466,12.5736,-21.0744,-14.2425,-17.2447,-15.7515,-17.4339,-15.5031,-22.2177,-12.221,-21.7131,-9.97633,-87.9101
104,5250,412,318074,87077.3,84739.7,-1.30637,11.7686,-10.9778,0.161363,-6.03379,-3.11326,3.14843,-6.14671,-0.193903,-9.54725,12.8514,-21.4632,-12.9691,-18.1878,-16.4063,-17.5677,-16.9358,-22.1676,-11.5912,-21.0404,-9.31274,-87.3142
105,5300,1475,795974,118396,153775,-0.112591,11.2567,-9.16814,0.21872,-6.38102,-1.06407,2.55476,-4.77247,-0.539848,-10.6768,10.1908,-21.6785,-11.727,-18.269,-18.9855,-18.6676,-17.9703,-22.1065,-11.5258,-21.5487,-7.98185,-88.6549
106,5350,3122,362617,65480.6,77529.3,5.0677,11.8559,-8.89263,0.531775,-6.40846,-0.0717257,3.67634,-6.86491,-0.169156,-10.3481,10.7038,-21.7697,-12.5825,-18.3254,-18.5715,-18.7658,-16.6612,-21.1924,-12.8621,-21.0445,-11.2755,-89.6309
107,5400,4110,490608,149747,124183,3.8984,12.4812,-10.2507,0.9889,-4.78293,-1.00527,2.6737,-5.54092,0.197661,-8.52291,11.0923,-23.7263,-12.7712,-20.3957,-19.7093,-17.939,-14.3657,-20.386,-12.7626,-23.0631,-8.27267,-90.2794
108,5450,2612,266202,87210.4,63913.1,2.37769,11.9503,-9.11709,0.433239,-3.24866,-3.56426,-0.161196,-8.31583,0.33232,-9.55028,11.7556,-23.1333,-12.046,-19.5939,-22.0588,-21.451,-14.436,-20.3178,-12.9654,-21.1505,-9.14487,-90.2808
109,5500,873,230167,84349.1,68272.9,3.22073,11.9059,-7.59412,0.636636,-0.0148958,-4.48078,-0.0614275,-4.95962,0.041669,-8.69314,11.3209,-23.3699,-11.0969,-17.6723,-22.6991,-20.8899,-13.6844,-22.0317,-13.0827,-20.8685,-8.4239,-89.0293
110,5550,1666,351919,91315.5,95645.4,4.14456,13.6876,-10.5164,0.70321,0.218254,-3.19419,0.895936,-4.47938,1.40331,-9.28976,11.0448,-23.3804,-12.0243,-17.0908,-22.1389,-19.4399,-14.6806,-21.7114,-14.9045,-22.1143,-7.48856,-91.0647
111,5600,1905,298735,84037.5,81100.7,4.54718,14.6556,-9.94097,-3.76824,1.87841,-5.9144,1.09276,-5.3488,0.250829,-10.1097,12.9799,-23.4116,-12.5408,-18.5722,-20.7382,-19.3501,-13.2101,-21.6888,-14.6043,-21.4463,-8.159,-89.486
112,5650,3351,337918,74519.7,77105,2.32598,14.2927,-10.5592,-4.44302,1.64534,-7.37221,0.676446,-6.09436,-1.83652,-10.4241,14.2412,-21.7199,-13.6263,-17.4045,-17.5483,-22.3814,-15.7748,-23.1655,-14.0332,-23.6879,-8.90602,-88.7105
113,5700,6493,208229,67953.9,45793.9,3.89106,12.808,-10.7863,-4.8667,3.07586,-6.95189,-1.65523,-7.17688,0.885082,-9.38034,13.5742,-22.5648,-14.0267,-15.1399,-17.4261,-19.2421,-14.6153,-21.72,-14.0728,-24.3989,-9.40644,-88.3711
114,5750,2484,222123,73459.6,55004.6,2.39977,13.9347,-12.4325,-3.15376,1.79172,-6.36569,-0.621489,-6.26306,0.00587721,-10.4973,14.0953,-23.3846,-15.695,-15.4744,-15.9077,-19.7187,-13.1949,-22.0618,-12.6228,-24.7271,-7.85063,-88.994
115,5800,2918,443210,110846,113526,2.2513,14.282,-11.1631,-3.11739,2.84943,-7.39954,0.00501965,-1.79637,-0.0730548,-12.2466,14.0197,-24.3848,-15.8062,-16.3414,-17.0478,-26.3602,-12.7092,-20.0677,-15.9856,-25.6191,-6.39856,-92.132
116,5850,162,452730,108442,106618,1.61608,13.0167,-10.7202,-3.43253,1.90419,-7.6307,-0.114849,-2.92387,0.180815,-13.3805,14.5481,-24.5623,-16.7838,-16.0977,-15.8497,-24.9178,-13.3658,-19.0534,-15.5099,-26.1213,-7.25223,-92.2301
117,5900,534,373251,57845.2,77882.8,0.880279,13.692,-10.1259,-4.4626,4.16874,-8.74238,-1.27194,-2.74374,-0.202049,-13.695,14.2461,-26.7581,-18.2661,-14.9442,-17.0506,-24.5988,-13.6583,-19.3535,-16.6143,-27.2368,-7.68209,-92.9689
118,5950,2042,294498,101106,73666.6,0.709112,15.6974,-13.3576,-3.18279,2.79855,-7.68784,-0.568014,-3.60976,-2.39965,-13.4454,14.8732,-26.3922,-18.9232,-15.3113,-17.2849,-24.5599,-13.5035,-20.1996,-16.4581,-25.5669,-8.36383,-95.491
119,6000,2243,219183,91092.2,63253.4,2.48091,15.2417,-13.5071,-3.73505,3.83314,-9.87485,-2.03823,-2.04558,-3.96433,-12.1989,14.8228,-24.3038,-18.0101,-15.7963,-19.0611,-22.8596,-13.0663,-20.003,-16.5575,-24.1128,-8.62517,-97.0561
120,6050,1435,223782,58795.8,60063.7,3.81476,14.6217,-12.9996,-2.53715,3.08041,-6.50711,-2.9403,-0.319981,-5.04894,-13.3235,12.4672,-22.9004,-17.057,-16.6501,-20.4505,-21.6949,-12.7778,-20.1115,-16.9979,-22.4685,-8.31655,-98.0967
121,6100,359,161860,60581.3,45904.5,-0.252991,11.7293,-12.6627,-2.33594,2.86474,-5.42813,-4.54051,-0.75574,-4.343,-13.1139,12.2354,-22.5073,-16.0128,-17.0721,-20.4859,-22.3286,-13.8124,-19.9296,-15.1559,-22.1255,-9.01681,-98.5347
122,6150,408,174473,56016.8,50452.8,-2.16184,14.2178,-12.7528,-0.631636,2.32461,-4.50605,-2.92734,-0.290404,-2.61168,-12.7972,11.6757,-23.1558,-15.4434,-19.9969,-22.4744,-23.0309,-15.5772,-17.6808,-17.2401,-21.9153,-9.03335,-99.0296
123,6200,2151,224378,72541.5,61462.7,-0.0823903,13.5103,-13.0924,0.564201,-0.104203,-3.78727,-2.03534,0.016839,-3.95342,-11.5771,12.8146,-23.6246,-15.4346,-18.2093,-22.4611,-23.3182,-16.3123,-15.8529,-15.8737,-23.5893,-9.15551,-99.8526
124,6250,5418,251024,77491.3,67331.1,-0.124903,13.6266,-12.3502,-0.132122,3.06219,-2.31756,-1.55456,0.343958,-5.61937,-11.8571,13.7646,-23.4621,-17.1859,-19.7934,-21.9341,-22.8641,-16.1899,-18.3166,-17.9028,-23.4522,-8.91395,-98.9993
125,6300,6619,416785,127813,111198,-0.422698,12.3131,-12.7108,-1.39451,1.02971,-4.00141,-2.82368,-0.217589,-6.14766,-12.0176,14.4059,-22.8684,-19.0551,-19.0159,-19.369,-23.5698,-16.2511,-17.9521,-18.307,-23.1774,-4.93846,-95.1118
126,6350,461,644082,158813,161837,10.6611,13.3798,-13.1548,-1.32693,1.38918,-6.65563,-3.94464,-0.995884,-7.02582,-11.4705,14.6734,-25.1828,-18.2064,-17.8192,-19.3756,-22.7282,-17.5607,-18.0581,-18.6871,-21.6114,-4.0447,-95.7443
127,6400,504,360297,75261.8,80860.2,15.3102,13.1309,-11.487,-1.59202,2.23845,-3.91717,-3.32811,-0.0373803,-7.16351,-11.192,16.8535,-22.4116,-16.5855,-17.6311,-19.8859,-23.8027,-16.5753,-18.5878,-18.8377,-22.6805,-7.63078,-96.8139
128,6450,253,222775,61561.8,53553.3,15.6777,11.6835,-10.9993,-1.15186,1.9541,-5.8746,-3.85387,-0.933755,-6.47441,-10.346,15.8616,-23.6747,-18.2811,-16.4465,-18.6819,-23.1767,-19.7114,-18.3309,-20.2171,-20.9895,-6.80905,-96.5389
129,6500,3279,634115,112774,133967,14.9433,11.6843,-11.9967,-1.5273,1.72088,-2.74284,-3.4477,-1.218,-4.98333,-11.2236,15.3896,-22.8843,-18.9246,-18.8997,-18.2059,-22.4983,-19.0942,-19.0944,-18.9669,-20.8995,-6.27739,-96.9356
130,6550,2897,267155,77124.2,75674.1,14.9954,11.2714,-14.8245,-1.64922,0.779578,-1.47978,-4.10073,-4.38039,-4.28044,-9.30934,15.085,-22.921,-19.9791,-17.9006,-18.4089,-21.6462,-20.1662,-19.9527,-18.5499,-21.7812,-4.56631,-96.7723
131,6600,2085,362968,76171.6,71153.5,13.6672,12.234,-13.3797,-0.938299,2.54732,-1.88071,-2.024,-6.81881,-2.54967,-9.087,16.2,-21.7268,-19.1529,-17.7337,-20.1444,-19.8039,-19.5676,-20.5737,-19.091,-21.9822,-4.8315,-97.151
132,6650,2120,198954,59341.8,45348.9,12.3718,14.3428,-12.1505,-0.195279,2.2067,-3.37133,-2.22682,-5.37813,-2.94307,-9.23198,15.7097,-21.6921,-16.581,-17.9026,-15.3317,-21.0405,-19.3948,-19.4648,-15.3841,-21.9154,-7.49231,-97.5206
133,6700,3014,335211,102015,82547.8,9.69825,17.0495,-13.2776,-0.930643,1.42187,-4.30967,-0.391854,-7.24444,-0.96063,-8.46055,14.3693,-22.5574,-17.4171,-18.253,-16.5707,-21.0264,-19.1396,-17.5016,-18.3106,-21.4522,-8.50222,-96.3943
134,6750,1320,281252,81035,81563.1,5.47383,18.3374,-13.9425,0.496832,-0.74654,-4.94541,1.1702,-6.06554,1.62123,-9.02456,13.6612,-26.1257,-16.5754,-16.9532,-16.4523,-19.4103,-18.8804,-18.7519,-15.5126,-20.8945,-8.38731,-95.8568
135,6800,3933,350525,95315.5,74899.9,3.7053,15.5836,-13.9507,1.15221,-1.03183,-4.68874,0.46913,-7.29641,4.87129,-8.13293,12.9789,-25.339,-17.0232,-17.6592,-18.8323,-19.5469,-17.7719,-19.1312,-15.2174,-22.1982,-8.96628,-95.0165
136,6850,1111,283651,86069.1,71950.8,5.48668,17.15,-9.89032,1.80282,-1.26208,-3.09263,1.44365,-5.6941,3.53143,-9.06392,12.856,-24.2321,-16.0292,-19.2163,-19.0827,-19.0355,-16.2958,-20.0061,-15.072,-22.3402,-8.35686,-93.4058
137,6900,2228,518827,130505,122965,5.24359,13.6518,-9.9598,-0.698489,-2.39038,-2.43632,0.395244,-6.85799,2.03351,-9.28823,12.3682,-24.8793,-17.4967,-19.182,-18.92,-17.8365,-17.9543,-18.2505,-14.2763,-21.1348,-5.47898,-94.8703
138,6950,4163,680741,101078,129971,3.31872,13.6835,-9.32704,-0.181416,-1.94441,-3.60283,0.529166,-4.76919,-1.27579,-10.1237,12.9256,-22.626,-16.113,-17.7186,-20.5385,-14.5587,-17.7153,-17.2393,-15.7225,-22.3774,-6.52735,-94.3139
139,7000,3167,228646,84169.4,64287.7,3.27743,13.7774,-12.9413,0.248587,-2.55396,-1.21417,-0.181529,-5.96205,-1.07372,-11.3978,15.0617,-19.631,-14.3212,-18.3908,-18.6749,-15.8955,-17.8599,-15.8266,-18.2455,-22.3372,-5.94789,-92.609
140,7050,888,281784,70082,73124.8,3.10075,10.3062,-13.3803,-0.890201,-0.791045,0.648876,-0.772666,-5.65512,-3.67808,-12.8171,14.713,-21.2981,-15.0638,-18.6476,-19.4712,-17.7234,-19.853,-18.4199,-20.5762,-23.0534,-7.04767,-91.6754
141,7100,204,176872,48830.4,49081.1,3.059,10.7628,-12.5701,-2.78017,-2.03133,-1.44806,-1.85355,-5.47268,-3.54205,-12.0855,12.6439,-21.0197,-14.9018,-18.854,-19.9244,-17.3589,-22.7238,-19.5602,-21.4929,-22.2179,-7.09393,-91.2668
142,7150,3663,207721,65910.8,49066.8,4.95194,8.37375,-13.8871,-1.45582,-3.05023,-1.59197,-0.0487398,-6.78323,-3.12109,-14.1218,12.702,-22.2134,-15.3904,-18.9594,-20.2813,-17.3912,-21.2773,-18.6185,-17.5813,-21.8304,-5.01452,-91.2675
143,7200,1778,271325,66118.8,66383.6,4.36512,8.83169,-13.4519,-0.659425,-3.76944,-3.90143,0.593313,-4.86635,-1.23496,-14.5347,14.1527,-22.4894,-14.8998,-18.0618,-19.4743,-16.5816,-24.2345,-21.3159,-18.3092,-21.5559,-4.71226,-92.7623
144,7250,3807,403278,87677.6,89577.1,5.46213,11.5725,-12.6941,-0.636869,-3.43979,-1.46936,2.53149,-3.57599,-1.6806,-15.0771,13.2286,-22.416,-16.7606,-16.5892,-18.3987,-17.2977,-23.6622,-22.3875,-16.7668,-22.5115,-3.48378,-94.9605
145,7300,5020,159223,56499,41023.4,5.68867,12.3687,-14.1275,0.751927,-6.08081,-0.382956,1.63255,-4.76047,-1.45772,-13.4539,15.1749,-25.9438,-17.8186,-15.8525,-17.8151,-16.3594,-23.1146,-20.8876,-17.1105,-24.2779,-3.76184,-99.2337
146,7350,1128,263755,111011,77376.4,4.15043,10.5865,-12.1338,0.728632,-6.35611,-0.88527,-1.53253,-6.359,-1.74193,-15.0242,14.8222,-26.314,-15.9147,-18.0295,-18.6768,-15.1913,-22.16,-21.6844,-19.0742,-25.1712,-3.79623,-99.1935
147,7400,7059,384880,106073,96449.6,4.00155,12.763,-12.3375,1.83844,-5.49285,0.706344,-1.38218,-5.57894,-2.63727,-13.6443,16.31,-26.7456,-15.9667,-18.5743,-20.0279,-16.0618,-16.2444,-20.5564,-19.6093,-25.9659,-3.95694,-99.8194
148,7450,6285,589772,145771,155303,5.07209,13.7264,-13.2741,1.18379,-7.44255,-0.355513,-1.55929,-5.81633,-3.57747,-12.5663,14.4491,-26.7192,-16.6675,-18.6675,-20.9554,-17.08,-16.5759,-21.1064,-17.8036,-27.5449,-5.16035,-100.519
149,7500,246,721163,144715,165699,4.11358,14.5585,-13.3461,0.217268,-8.34165,-0.835205,0.419058,-6.91852,-4.94575,-11.1125,14.9573,-25.1731,-17.4142,-17.5533,-21.7837,-17.892,-17.4331,-20.0386,-18.4934,-26.7863,-4.55095,-99.9548
150,7550,801,537639,104678,106311,3.5027,14.8891,-12.9941,-0.47809,-10.5598,0.229851,-1.24762,-3.62042,-5.44146,-10.879,13.9639,-28.6542,-18.0602,-17.7445,-22.2252,-18.6378,-16.6978,-23.5841,-18.1329,-25.7736,-5.52068,-100.659
151,7600,7671,810709,127052,166111,2.22928,16.2533,-14.0791,0.812676,-10.0206,0.464359,-1.95875,-3.7589,-4.87298,-9.78592,13.5691,-29.2541,-18.2872,-17.0628,-20.1872,-18.1879,-17.9933,-22.5147,-16.9414,-24.5608,-5.82932,-99.5368
152,7650,3552,343972,82702.7,80936.7,1.95565,13.72,-16.7551,2.05127,-10.1542,0.678229,-3.60466,-4.65852,-5.6481,-10.1249,12.5071,-27.8131,-16.3564,-16.5624,-20.1116,-17.575,-18.8169,-23.4768,-17.0569,-22.9529,-4.80246,-100.675
153,7700,524,210990,52681.8,50244.2,3.26174,14.9344,-14.7917,1.51042,-10.8134,0.170296,-3.85499,-3.25238,-4.48253,-9.69989,13.2614,-26.5423,-18.5383,-17.8349,-20.7543,-19.5783,-18.4371,-23.2832,-17.9164,-24.8767,-4.35741,-98.8738
154,7750,2698,155996,49591.3,41407.9,3.51625,15.4271,-15.2632,-0.557594,-10.9633,0.834692,-3.34476,-3.45724,-5.22709,-9.01032,15.0216,-27.3937,-19.1541,-18.842,-21.4649,-20.0261,-18.3228,-19.2925,-18.8992,-27.0058,-4.93205,-99.5775
155,7800,2443,445913,96654.9,108891,0.732352,16.0095,-15.9101,-0.48678,-8.83866,0.480605,-4.92552,-4.57627,-6.39268,-9.16995,13.1866,-26.317,-17.8851,-19.5153,-19.9455,-20.6135,-16.9263,-18.271,-16.5737,-26.5171,-3.85753,-99.9713
156,7850,303,252937,91893.4,73673.8,0.740655,16.534,-17.612,-0.449178,-8.02218,0.921477,-6.71487,-6.11272,-3.82795,-10.5625,12.5918,-25.7962,-17.9278,-20.7192,-16.9721,-21.206,-16.0779,-17.1672,-16.9847,-29.1309,-6.23683,-104.114
157,7900,393,499953,109644,120839,2.5025,15.5504,-16.9389,-2.35404,-9.4574,0.159619,-5.39111,-4.65988,-2.76567,-12.3683,12.338,-27.0689,-18.0442,-20.1348,-16.3929,-19.3707,-16.9744,-20.3162,-16.0837,-28.8921,-6.68394,-103.184
158,7950,9726,386587,101824,93994.3,2.0735,14.5824,-14.3174,0.317546,-9.42489,0.177408,-4.36728,-2.60676,-0.392447,-12.586,12.924,-27.0342,-16.7466,-21.1033,-16.0077,-20.8588,-18.1907,-20.8388,-14.9733,-28.2597,-4.54056,-103.353
159,8000,649,599837,124058,138158,1.50879,16.612,-15.8377,-0.240588,-10.0237,-0.232714,-3.30895,-4.92674,-0.919438,-14.1592,15.2015,-27.152,-14.6258,-20.2004,-16.105,-20.4953,-17.2496,-19.7816,-14.0146,-27.3536,-4.99594,-104.959
160,8050,293,249503,72672.7,56865.1,2.71907,18.2106,-16.7457,0.189145,-10.9365,-1.01935,-2.72443,-6.79685,-2.06046,-17.0648,15.6875,-26.7351,-13.9048,-21.494,-17.7859,-21.348,-16.1589,-19.1004,-17.1886,-28.3393,-5.01086,-105.053
