agents,meanScore,clow,chigh,Q1,Q2,Q3,means
350,6.5800003,10.246754198151832,4.8459127080809639,1.7966679999999999,4.2666649999999997,6.5900009999999973,"[0.133333, 0.433333, 0.433333, 0.7, 0.9, 1.16667, 1.33333, 1.46667, 1.63333, 1.86667, 2.1, 2.5, 3.16667, 3.5, 4.2, 4.33333, 4.83333, 5.1, 5.76667, 5.9, 6.3, 7.26667, 9.96667, 10.2667, 11.5333, 12.8667, 15.0, 19.6333, 26.3333, 26.7667]"
700,10.012217666666666,15.591600111131696,7.3736064764271729,5.5133299999999998,7.3000000000000007,10.893319999999994,"[1.4, 2.83333, 3.0, 3.7, 4.4, 4.46667, 4.76667, 4.76667, 5.23333, 5.63333, 5.8, 5.9, 6.7, 7.13333, 7.26667, 7.33333, 8.13333, 8.36667, 8.6, 10.0, 10.1333, 12.6667, 13.2333, 14.1, 14.9667, 17.3333, 21.0333, 23.3, 24.3333, 33.8333]"
1050,22.745551333333331,35.420678265639495,16.751208394095045,11.330010000000001,17.883299999999998,23.966689999999996,"[5.5, 6.46667, 7.46667, 8.83333, 9.46667, 10.2333, 10.3667, 11.1667, 11.1667, 11.4, 12.6, 14.8333, 16.1333, 17.3, 17.3333, 18.4333, 19.4333, 22.1333, 22.4, 22.7, 23.5667, 24.9, 25.0, 31.6333, 35.7333, 35.8, 39.6667, 39.8333, 51.0, 99.8667]"
1400,28.265560000000001,44.016752642566374,20.816478747732727,16.809999999999999,27.600000000000001,36.076689999999999,"[4.06667, 5.93333, 11.2, 11.2333, 11.8, 12.1, 12.8667, 13.8333, 16.6, 16.9, 17.8, 20.1333, 21.1667, 23.5, 26.7333, 28.4667, 29.3667, 30.8667, 32.9667, 34.5333, 35.4667, 37.5, 38.6, 39.3, 39.8, 44.4, 51.1667, 52.0333, 63.4667, 64.1667]"
1750,40.124443333333339,62.484086539378829,29.550082217120046,23.079999999999998,38.299999999999997,49.63000999999997,"[13.7667, 13.7667, 14.2667, 16.8, 17.0, 18.9, 18.9667, 20.9667, 22.1, 23.5, 25.3667, 28.7667, 32.0, 32.1333, 37.2667, 39.3333, 40.3, 41.1667, 42.7, 45.7667, 47.0, 55.7667, 56.2667, 59.0667, 63.4, 66.0333, 68.1667, 69.1333, 73.5333, 100.533]"
2100,54.082210000000003,84.219922051193379,39.829431120254419,47.759990000000002,55.63335,59.423319999999997,"[11.2667, 16.4667, 21.8, 25.1333, 30.1667, 42.5667, 43.2, 45.8333, 46.0333, 48.5, 50.3333, 53.0, 53.2333, 53.7667, 55.5667, 55.7, 57.3, 57.9333, 58.4667, 58.5333, 58.9333, 60.5667, 61.8, 68.1333, 71.4, 73.7667, 77.4667, 80.2333, 81.5333, 103.833]"
2450,69.461119999999994,108.16884354371962,51.155396470960156,53.903319999999994,63.75,85.453320000000005,"[30.0, 37.8, 39.0333, 41.0333, 43.8333, 45.9, 49.4333, 49.9667, 51.9667, 54.7333, 57.1, 57.9, 62.1667, 62.3333, 63.5, 64.0, 66.7667, 68.6, 73.0333, 81.3667, 85.2333, 85.9667, 86.6, 87.7667, 91.3667, 96.7333, 97.7333, 100.9, 107.7, 143.367]"
2800,81.412210000000002,126.77976695507427,59.956906541775723,71.616680000000002,76.450000000000003,85.293319999999994,"[42.0333, 48.1333, 49.6333, 57.8667, 59.0, 60.0, 60.5333, 65.6333, 69.6333, 72.4667, 73.3667, 73.5, 75.0333, 75.2333, 76.1333, 76.7667, 78.9667, 79.2, 80.4667, 83.5667, 84.8333, 86.3667, 89.6667, 91.8333, 92.0667, 93.4, 119.333, 125.733, 140.867, 161.1]"
3150,88.858833333333322,138.37607629002801,65.441053198014046,75.639989999999997,83.349999999999994,102.53989999999999,"[55.4, 55.7, 60.2667, 60.4, 60.7667, 62.1667, 66.5333, 67.7333, 70.8333, 77.7, 77.9, 78.1, 78.2333, 81.0667, 82.1667, 84.5333, 86.4, 89.7667, 92.4, 92.5333, 102.5, 102.633, 109.833, 111.333, 118.567, 122.833, 123.2, 124.933, 126.033, 143.3]"
3500,97.522179999999992,151.8671370467747,71.821268971942018,78.520009999999985,90.183350000000004,113.13689999999997,"[61.5333, 62.3, 63.1, 68.7667, 72.3, 73.0, 76.0, 77.1667, 77.8667, 78.8, 79.3667, 82.3333, 83.8, 83.9, 88.9, 91.4667, 94.1333, 100.933, 101.2, 104.533, 109.767, 121.0, 121.5, 123.1, 126.5, 130.1, 130.9, 144.233, 146.433, 150.733]"
3850,95.147779999999997,148.16958506215067,70.072616295730526,77.090000000000003,89.983350000000002,106.95999999999999,"[54.6667, 62.1333, 63.2333, 64.8667, 65.0, 65.5333, 72.2333, 72.5, 75.9, 77.6, 78.1, 80.8667, 81.0667, 89.4333, 89.8667, 90.1, 91.0667, 92.4667, 101.967, 103.3, 106.6, 107.8, 109.1, 113.8, 122.833, 123.767, 137.733, 142.033, 151.8, 167.067]"
4200,98.384473333333332,153.20994972618624,72.456314265495223,84.079999999999998,94.816649999999996,108.227,"[47.0, 71.7, 71.8, 71.9, 74.0333, 74.4667, 74.8333, 75.9, 79.6, 86.0, 86.1, 86.6333, 87.9333, 94.1, 94.6, 95.0333, 98.8667, 99.9333, 101.267, 103.7, 107.867, 109.067, 110.533, 115.333, 126.433, 131.1, 137.0, 139.167, 144.167, 155.467]"
4550,92.855496666666667,144.59990986484306,68.384439330826424,77.663309999999996,83.416650000000004,108.833,"[57.4, 64.1, 67.3, 70.0, 73.1667, 73.5667, 74.1667, 76.2333, 76.8, 78.0333, 79.3667, 81.2667, 82.8333, 83.1333, 83.2, 83.6333, 87.7333, 89.2333, 91.9, 93.0333, 107.933, 110.933, 112.8, 113.133, 117.3, 124.833, 124.9, 125.533, 132.733, 149.467]"
4900,102.39327333333334,159.45268321505114,75.408638578330724,90.630009999999999,95.683300000000003,106.423,"[59.5333, 65.1667, 76.1, 83.0333, 85.0333, 88.1333, 88.3, 89.3, 89.7667, 91.0, 92.6333, 94.5, 94.9, 95.0, 95.1333, 96.2333, 96.9667, 102.6, 104.167, 105.267, 106.033, 107.333, 108.933, 111.433, 112.2, 124.033, 125.033, 142.7, 152.6, 188.733]"
5250,100.32441999999999,156.23094603994889,73.885009064338803,87.513300000000001,95.666700000000006,105.4932,"[68.2333, 70.7, 76.9667, 77.9333, 81.3667, 82.8, 84.6, 85.7333, 85.8333, 88.2333, 88.4, 91.2333, 91.4, 92.4667, 94.1667, 97.1667, 97.8333, 98.9333, 99.7667, 102.733, 104.733, 107.267, 107.8, 108.4, 109.733, 109.9, 122.2, 135.2, 173.233, 174.767]"
5600,102.82774666666667,160.1292700310606,75.728611184915906,88.183300000000003,95.916650000000004,111.89699999999999,"[73.4, 73.7, 74.6333, 75.5, 85.0333, 85.2, 85.6333, 85.9, 87.1333, 88.6333, 88.9333, 91.2333, 91.9, 92.7, 95.4, 96.4333, 100.433, 102.5, 107.3, 108.3, 111.267, 113.367, 114.0, 116.833, 122.767, 123.033, 127.2, 150.033, 150.9, 165.533]"
5950,105.17889999999998,163.79062097185493,77.460143600901787,97.106679999999983,104.98349999999999,112.19989999999999,"[70.8667, 77.3333, 79.8, 87.7333, 88.8333, 91.7, 93.4667, 95.2, 95.3333, 97.8667, 99.2667, 102.933, 103.033, 103.567, 104.967, 105.0, 106.6, 107.767, 110.333, 110.7, 111.8, 113.133, 114.733, 114.967, 116.133, 119.0, 124.267, 127.767, 135.367, 145.9]"
6300,115.41887333333332,179.73689528164428,85.001483212453209,99.43668000000001,106.8165,126.74689999999998,"[74.2333, 76.0333, 86.1333, 88.0333, 90.4667, 94.3, 94.7, 98.5333, 99.1333, 99.5667, 101.0, 101.367, 102.733, 104.2, 105.7, 107.933, 109.033, 110.633, 114.0, 121.733, 125.267, 130.2, 132.567, 132.933, 135.267, 153.367, 157.033, 161.067, 177.033, 178.367]"
6650,109.89337,171.13226429435764,80.932166251853118,89.730009999999993,104.0835,123.9431,"[75.1667, 78.9, 81.9333, 82.3, 83.0, 85.5333, 86.0667, 87.0667, 89.5667, 89.8, 98.2667, 99.5, 100.633, 100.633, 100.8, 107.367, 108.067, 112.6, 117.967, 118.067, 123.533, 124.9, 127.033, 132.767, 136.8, 139.0, 141.267, 143.5, 155.167, 169.6]"
7000,118.70220999999999,184.84989562195011,87.419532171798735,107.4931,117.81700000000001,129.483,"[81.1667, 83.6333, 87.0, 95.8333, 96.5, 98.2333, 98.8, 99.7667, 103.2, 109.333, 110.067, 111.0, 111.967, 115.9, 117.167, 118.467, 119.633, 123.367, 128.667, 129.033, 129.333, 129.833, 135.8, 137.033, 139.0, 141.267, 142.633, 147.867, 156.833, 162.733]"
7350,124.46229,193.81982286066014,91.661605667078504,108.19989999999999,119.717,131.25,"[79.6, 91.1, 92.8667, 92.8667, 93.8, 94.5333, 99.2, 104.167, 107.033, 108.7, 111.167, 115.7, 119.067, 119.667, 119.667, 119.767, 122.6, 122.8, 123.9, 128.1, 129.6, 135.1, 136.867, 143.0, 144.467, 151.2, 151.633, 174.733, 199.767, 201.2]"
7700,120.44895333333334,187.57002461403044,88.70594027678861,108.4768,113.33349999999999,127.40989999999999,"[71.3333, 91.7333, 94.6, 96.6667, 97.3333, 100.567, 101.067, 101.9, 107.333, 108.967, 109.6, 109.9, 110.0, 111.867, 113.067, 113.6, 115.567, 116.367, 118.667, 119.7, 126.8, 128.833, 132.067, 133.033, 135.167, 140.367, 158.4, 164.433, 182.133, 202.4]"
8050,115.31999999999999,179.58292405106263,84.928666871929607,99.533320000000003,112.45,119.52699999999999,"[74.2667, 77.7, 83.5667, 84.5, 87.4333, 87.5667, 96.7333, 97.0333, 99.0667, 99.7333, 103.067, 106.4, 106.633, 107.5, 111.233, 113.667, 115.033, 115.367, 116.1, 116.133, 118.267, 122.467, 126.5, 126.633, 127.767, 134.833, 150.233, 165.3, 191.867, 197.0]"
8400,115.65784666666667,180.10903827479578,85.177477720066307,105.76009999999999,111.0335,121.46689999999998,"[83.1, 87.2667, 87.6, 96.8667, 97.0, 97.4, 97.9, 102.667, 102.867, 107.0, 107.167, 107.7, 108.667, 109.1, 110.2, 111.867, 112.2, 116.0, 117.367, 118.0, 120.467, 123.8, 126.667, 134.0, 134.367, 135.6, 142.5, 155.033, 159.433, 159.933]"
8750,123.67448666666668,192.59301028541589,91.081419343307601,109.947,120.95,125.67299999999999,"[82.9333, 86.7667, 88.3, 93.9333, 99.2333, 102.8, 105.1, 105.9, 107.567, 110.967, 112.067, 114.433, 116.1, 117.8, 120.433, 121.467, 123.333, 123.9, 124.133, 124.967, 125.133, 126.933, 130.967, 132.133, 139.467, 160.667, 162.567, 167.467, 175.9, 206.867]"
9100,126.97223333333334,197.72845070494105,93.510080703707786,113.733,123.90000000000001,133.97989999999999,"[91.9667, 97.4333, 107.667, 108.6, 108.733, 109.4, 110.733, 111.333, 113.033, 114.033, 114.233, 116.267, 117.733, 119.933, 123.833, 123.967, 125.067, 129.167, 130.367, 131.867, 133.7, 134.633, 135.667, 136.867, 140.167, 145.1, 153.067, 166.933, 172.967, 184.7]"
9450,132.63332333333332,206.54422503303877,97.679251938029765,117.0099,129.78299999999999,141.43009999999998,"[90.4333, 92.0, 96.1667, 96.1667, 106.333, 109.967, 110.767, 111.033, 113.533, 118.5, 120.867, 121.3, 122.5, 126.1, 128.033, 131.533, 132.3, 133.367, 134.433, 140.967, 141.2, 141.967, 145.7, 149.033, 158.933, 167.7, 167.733, 172.8, 194.567, 203.067]"
9800,144.31444333333332,224.73473566251627,106.28193966930823,120.9701,136.81650000000002,159.8031,"[95.2333, 100.7, 106.3, 106.4, 108.133, 112.867, 114.667, 118.4, 119.967, 121.4, 125.767, 125.767, 127.967, 131.5, 135.9, 137.733, 142.767, 148.467, 148.833, 151.0, 159.633, 160.2, 168.1, 170.933, 182.6, 183.9, 201.133, 202.033, 202.733, 218.4]"
10150,145.15661,226.04620594120462,106.90216246053247,127.1568,143.18349999999998,161.67309999999998,"[97.3333, 100.8, 106.0, 109.267, 109.5, 110.333, 115.533, 118.3, 122.233, 129.267, 129.4, 133.133, 138.233, 138.633, 139.767, 146.6, 148.367, 153.9, 154.567, 157.7, 160.033, 165.5, 166.767, 173.633, 174.333, 175.033, 178.867, 181.433, 186.1, 234.133]"
10500,157.47668999999999,245.23174176277081,115.97541922566879,136.8768,160.26650000000001,167.57319999999999,"[95.5667, 112.633, 114.267, 124.467, 125.833, 126.6, 132.033, 136.033, 136.433, 137.067, 153.2, 153.467, 153.667, 155.067, 160.033, 160.5, 161.933, 163.867, 164.0, 166.233, 167.233, 168.367, 168.867, 173.067, 182.0, 182.6, 185.067, 206.5, 218.9, 238.8]"
10850,152.48999999999998,237.46618182922768,112.30291719823572,135.93299999999999,150.59999999999999,160.25999999999999,"[114.033, 114.667, 115.2, 118.933, 119.9, 125.9, 133.567, 134.467, 135.933, 135.933, 140.533, 141.933, 145.467, 146.2, 150.533, 150.667, 151.267, 151.733, 156.633, 158.267, 159.0, 163.2, 165.367, 174.333, 175.1, 176.067, 181.067, 184.367, 193.933, 260.5]"
11200,161.96886666666666,252.2272171456529,119.28373153622368,138.173,157.58350000000002,182.0932,"[113.233, 114.2, 117.433, 121.4, 125.233, 133.867, 134.333, 135.367, 137.333, 138.533, 140.033, 141.167, 142.367, 152.433, 156.1, 159.067, 160.7, 161.167, 170.033, 172.0, 180.733, 185.267, 192.033, 194.567, 194.567, 202.8, 214.133, 215.933, 223.167, 229.867]"
11550,158.16890000000001,246.30969091172494,116.48520480055103,136.84989999999999,154.28300000000002,166.65679999999998,"[104.833, 108.767, 123.167, 124.533, 128.067, 131.3, 131.9, 132.4, 135.333, 137.5, 137.8, 139.233, 145.167, 150.3, 153.433, 155.133, 155.367, 158.433, 159.867, 161.367, 164.267, 172.233, 177.233, 186.3, 196.067, 205.4, 208.867, 212.9, 216.633, 231.267]"
11900,172.13336666666666,268.05596004815919,126.76948799147627,154.03320000000002,171.94999999999999,182.72989999999999,"[107.667, 117.033, 125.167, 128.4, 136.6, 142.433, 142.767, 148.367, 153.567, 154.233, 157.533, 157.767, 166.133, 170.133, 171.267, 172.633, 172.933, 173.367, 176.767, 176.867, 181.7, 185.133, 185.667, 189.567, 194.4, 210.1, 220.533, 227.1, 248.7, 269.467]"
12250,186.3655,290.21905508357884,137.25089720708112,154.35989999999998,171.98349999999999,202.89700000000002,"[135.2, 137.833, 137.933, 138.633, 142.7, 143.633, 144.467, 151.233, 154.033, 154.5, 158.133, 159.933, 162.4, 166.2, 168.267, 175.7, 180.333, 187.467, 192.4, 199.367, 202.567, 203.667, 215.667, 224.833, 231.567, 242.433, 246.333, 248.033, 284.533, 300.967]"
12600,193.4967,301.32416909669837,142.50274692263008,159.51679999999999,185.21699999999998,208.56319999999997,"[115.467, 119.133, 125.1, 131.933, 138.333, 143.833, 151.767, 153.067, 158.933, 159.767, 162.133, 164.433, 170.4, 175.267, 177.867, 192.567, 195.233, 196.5, 197.3, 202.867, 207.533, 210.967, 211.033, 236.167, 238.467, 255.0, 255.833, 261.267, 331.967, 364.767]"
12950,203.86993333333334,317.47796352840101,150.14222730895909,166.62309999999999,205.39999999999998,238.02299999999994,"[122.9, 126.1, 127.1, 129.333, 132.4, 134.467, 135.567, 164.067, 164.5, 167.533, 172.6, 172.933, 197.533, 202.233, 203.533, 207.267, 207.733, 209.033, 213.4, 227.167, 233.433, 248.733, 251.0, 251.5, 257.267, 269.033, 281.833, 297.567, 301.8, 306.533]"
13300,213.98666666666668,333.23232143548432,157.59280548359325,176.983,210.83350000000002,244.9632,"[124.3, 142.367, 147.833, 154.733, 158.667, 161.967, 162.267, 168.933, 176.633, 177.133, 180.6, 196.133, 196.6, 202.567, 204.4, 217.267, 218.5, 222.3, 232.767, 239.867, 244.233, 246.667, 249.633, 252.0, 275.333, 276.6, 285.7, 291.933, 300.867, 310.8]"
13650,206.65663333333333,321.81757274148714,152.19452279952452,181.7268,203.05000000000001,227.42309999999998,"[140.6, 145.467, 162.833, 167.067, 167.367, 173.233, 179.3, 180.767, 181.633, 181.767, 183.333, 191.267, 197.867, 201.033, 201.333, 204.767, 207.067, 209.2, 218.133, 224.0, 224.133, 235.1, 239.733, 243.133, 244.533, 244.633, 245.733, 263.767, 268.733, 272.167]"
14000,209.18776666666665,325.7591988701995,154.05860344186846,182.12299999999999,211.46699999999998,232.78,"[141.333, 143.467, 144.433, 146.733, 148.467, 155.667, 162.067, 176.0, 179.533, 183.233, 184.333, 184.367, 186.867, 187.8, 210.167, 212.767, 215.8, 217.433, 221.433, 228.033, 232.3, 233.9, 244.7, 246.033, 255.0, 268.067, 271.833, 290.167, 295.233, 308.467]"
14350,216.6122,337.32095266331589,159.52640803152784,184.24690000000001,206.5,254.93000000000001,"[118.767, 137.133, 147.4, 153.233, 160.9, 164.167, 164.267, 172.533, 176.5, 187.567, 188.333, 190.7, 191.533, 199.367, 204.3, 208.7, 231.933, 243.6, 246.033, 247.233, 254.3, 256.4, 257.933, 263.433, 265.0, 267.333, 271.367, 281.067, 281.167, 366.167]"
14700,236.35559999999998,368.06650853141986,174.06664945989459,193.49299999999999,211.09999999999999,276.6869999999999,"[139.567, 148.7, 161.6, 164.167, 165.2, 173.633, 182.967, 188.233, 191.533, 194.333, 201.5, 206.3, 207.033, 208.333, 209.867, 212.333, 217.767, 220.467, 237.5, 255.9, 271.767, 288.167, 294.067, 298.933, 304.5, 319.267, 333.367, 362.7, 365.167, 365.8]"
15050,247.66550000000001,385.67893406667054,182.39594818912485,196.41309999999999,236.3835,262.37009999999998,"[151.3, 157.733, 158.3, 158.5, 170.267, 174.833, 179.267, 187.0, 188.9, 199.633, 202.233, 209.633, 211.1, 219.7, 232.867, 239.9, 245.9, 248.5, 256.433, 259.233, 261.6, 264.167, 283.667, 288.9, 310.3, 326.233, 352.933, 402.2, 441.9, 446.833]"
15400,251.98336666666668,392.40296391112622,185.57588800642236,201.5532,238.25,264.21309999999994,"[150.667, 159.4, 167.367, 168.0, 168.933, 171.467, 181.8, 197.467, 199.267, 202.533, 204.233, 211.267, 219.9, 227.933, 237.333, 239.167, 242.333, 247.367, 258.933, 259.367, 261.733, 270.0, 279.567, 302.333, 344.667, 361.167, 391.267, 402.033, 415.1, 416.9]"
15750,271.00223333333332,422.02023488005858,199.58253898990287,233.53699999999998,253.19999999999999,286.5,"[135.3, 141.167, 159.967, 161.8, 167.8, 194.033, 199.433, 206.167, 227.167, 236.267, 238.3, 239.5, 245.733, 249.067, 251.1, 255.3, 267.067, 271.533, 275.833, 281.9, 285.9, 287.9, 291.767, 305.533, 325.933, 349.833, 369.133, 386.167, 434.067, 689.4]"
16100,290.2611,452.01124762641257,213.76594058081727,229.1232,269.88350000000003,315.31009999999998,"[178.367, 180.733, 191.033, 196.2, 197.3, 207.733, 213.3, 221.6, 223.967, 231.333, 235.6, 244.033, 250.433, 250.933, 263.1, 276.667, 287.567, 290.333, 291.8, 309.967, 314.3, 317.667, 328.967, 334.6, 344.933, 363.3, 432.267, 443.933, 519.667, 566.2]"
16450,324.72540000000004,505.68103404137128,239.14754874656686,245.69299999999998,276.63300000000004,335.14319999999987,"[160.533, 186.033, 189.233, 190.7, 229.033, 229.233, 238.233, 240.833, 241.633, 247.433, 251.067, 252.733, 257.933, 264.333, 275.833, 277.433, 282.467, 282.533, 289.433, 311.5, 324.933, 358.967, 359.767, 427.333, 436.267, 449.333, 503.933, 514.7, 519.367, 949.0]"
16800,355.6199666666667,553.79182678582583,261.90018801630288,252.86689999999999,303.43349999999998,410.71320000000003,"[171.3, 186.067, 202.667, 213.133, 234.033, 237.733, 241.4, 245.933, 249.6, 254.267, 265.4, 269.867, 274.7, 291.633, 301.167, 305.7, 324.733, 331.067, 381.133, 383.533, 408.333, 416.267, 427.5, 439.767, 457.567, 501.133, 524.033, 643.833, 717.1, 768.0]"
17150,360.65116666666665,561.6267002465064,265.60546991680616,258.98000000000002,302.73349999999999,391.54689999999994,"[200.3, 207.167, 208.0, 214.8, 216.367, 247.967, 248.233, 250.233, 252.4, 261.8, 273.967, 275.767, 280.133, 288.9, 293.8, 311.667, 333.467, 344.433, 355.1, 376.167, 382.567, 412.5, 421.233, 469.7, 477.0, 502.367, 522.6, 554.833, 730.6, 905.467]"
17500,373.96113333333335,582.35374441076408,275.40773947204229,294.65999999999997,320.83299999999997,415.27689999999996,"[195.967, 207.067, 218.567, 226.567, 228.7, 239.1, 241.6, 245.9, 269.6, 305.4, 310.5, 311.2, 314.433, 314.633, 318.933, 322.733, 327.6, 361.9, 364.6, 386.533, 413.767, 418.8, 455.4, 481.467, 532.9, 546.2, 570.467, 585.633, 664.9, 837.767]"
17850,414.86343333333332,646.04915400505627,305.53068268220295,303.34689999999995,365.75,437.87989999999991,"[230.533, 241.8, 245.667, 252.567, 262.067, 280.467, 281.467, 282.067, 284.4, 311.467, 313.167, 316.933, 352.667, 356.533, 362.533, 368.967, 383.333, 406.367, 416.367, 416.933, 433.7, 447.633, 453.067, 469.3, 558.467, 571.3, 636.333, 684.767, 879.467, 945.567]"
18200,466.56549999999999,726.56258022325756,343.6072313860152,346.25,405.38350000000003,445.83690000000001,"[237.3, 250.367, 271.567, 277.6, 295.833, 316.133, 321.033, 331.367, 342.4, 347.9, 348.8, 351.433, 365.767, 371.367, 391.7, 419.067, 427.033, 429.4, 434.467, 437.167, 444.867, 448.1, 467.533, 581.367, 625.867, 649.733, 663.0, 862.867, 1082.63, 1203.3]"
18550,462.90013333333337,720.854660836167,340.90783228267833,345.51999999999998,397.21699999999998,492.06680000000006,"[260.167, 274.933, 297.767, 298.4, 308.867, 319.533, 321.767, 322.7, 336.0, 349.6, 354.133, 375.267, 387.167, 391.933, 396.167, 398.267, 398.9, 408.967, 462.533, 470.6, 491.567, 493.233, 510.6, 523.3, 605.767, 694.333, 703.1, 704.133, 955.533, 1071.77]"
18900,496.35000000000002,772.9447134299769,365.54234999897898,366.09989999999999,442.35000000000002,566.80009999999993,"[252.033, 277.067, 282.7, 291.133, 292.367, 301.567, 303.633, 354.5, 357.933, 369.6, 374.033, 377.067, 426.1, 438.367, 438.767, 445.933, 490.333, 511.233, 531.533, 534.133, 565.4, 570.067, 577.967, 609.467, 693.467, 727.7, 753.367, 758.133, 987.633, 997.267]"
19250,520.93783333333329,811.23429898391532,383.65032698709194,359.97309999999999,472.16700000000003,651.52689999999984,"[209.6, 251.167, 309.967, 318.133, 328.633, 339.933, 345.833, 352.6, 356.1, 361.633, 363.933, 392.233, 403.867, 409.267, 454.567, 489.767, 506.867, 542.467, 592.5, 628.033, 630.367, 700.9, 703.1, 736.467, 745.7, 776.867, 782.267, 782.467, 859.167, 953.733]"
19600,584.2414,909.81424699693468,430.27092640816653,379.10309999999993,519.26649999999995,674.00319999999988,"[231.767, 276.0, 303.5, 307.7, 310.2, 318.767, 325.5, 328.4, 337.5, 396.933, 434.8, 443.133, 484.5, 487.5, 507.6, 530.933, 566.833, 568.267, 630.0, 634.267, 664.633, 695.867, 705.933, 718.733, 749.433, 800.333, 833.3, 1224.17, 1287.47, 1423.27]"
19950,640.57346666666672,997.53777500456044,471.75728891372211,455.57679999999999,567.2170000000001,677.58999999999992,"[254.7, 305.333, 311.967, 330.767, 337.233, 346.833, 363.467, 436.933, 451.633, 457.267, 473.0, 473.567, 521.067, 544.133, 555.767, 578.667, 586.267, 594.3, 613.833, 621.533, 673.3, 687.6, 778.967, 892.067, 980.633, 1037.23, 1124.67, 1188.9, 1281.6, 1413.97]"
20300,700.1644,1090.336197263769,515.64367918127357,445.91300000000001,651.0,811.06680000000006,"[248.3, 282.233, 301.267, 308.867, 313.333, 328.467, 359.6, 410.7, 427.433, 453.833, 540.433, 559.733, 579.7, 591.067, 630.633, 671.367, 699.1, 737.433, 738.333, 796.167, 805.767, 823.433, 838.1, 905.867, 910.733, 922.433, 1042.73, 1412.9, 1416.7, 1948.27]"
20650,794.60646666666662,1237.4068050111273,585.1965652255841,416.78319999999997,672.61649999999997,983.23999999999933,"[322.7, 329.6, 337.3, 353.233, 366.767, 378.5, 378.767, 379.333, 415.967, 417.133, 439.533, 525.033, 539.233, 571.7, 642.833, 702.4, 733.333, 780.933, 800.133, 873.433, 912.5, 1148.3, 1176.1, 1188.33, 1284.53, 1307.77, 1348.83, 1608.97, 1661.2, 1913.8]"
21000,859.05703333333327,1337.7729272687404,632.6618852580192,553.8069999999999,807.91650000000004,1034.4199999999996,"[267.6, 289.567, 338.867, 428.2, 428.433, 429.467, 438.367, 455.833, 456.367, 595.567, 607.8, 624.7, 663.5, 723.667, 776.833, 839.0, 902.1, 903.0, 944.533, 995.8, 1002.77, 1108.27, 1157.87, 1249.43, 1286.27, 1362.57, 1431.3, 1444.9, 1488.3, 2130.83]"
21350,946.3415,1473.6973094074635,696.94347901996332,646.09989999999993,933.2835,1156.9690000000001,"[293.133, 335.7, 373.133, 384.033, 436.9, 489.867, 517.133, 550.633, 626.733, 654.4, 662.0, 701.433, 761.0, 907.833, 917.367, 949.2, 980.767, 1099.57, 1112.27, 1152.07, 1155.4, 1160.63, 1211.4, 1240.1, 1311.8, 1406.47, 1589.27, 1601.8, 1869.27, 1938.93]"
21700,1026.2080333333333,1598.0700599262084,755.76205518786594,770.8732,903.88300000000004,1247.8799999999997,"[323.567, 324.5, 373.467, 462.133, 474.333, 646.733, 664.9, 694.6, 769.567, 771.433, 776.5, 802.633, 834.4, 869.633, 902.633, 905.133, 905.533, 921.033, 930.4, 1108.9, 1218.93, 1315.43, 1453.97, 1555.9, 1582.37, 1622.77, 1644.2, 1801.47, 1964.4, 2164.77]"
22050,1085.8264333333334,1690.9112548554997,799.66867358049035,842.08319999999992,1071.1849999999999,1297.1209999999996,"[317.333, 373.4, 561.4, 597.233, 639.167, 670.433, 728.433, 801.967, 815.367, 853.533, 878.933, 883.967, 904.367, 933.5, 1054.97, 1087.4, 1111.17, 1117.0, 1144.2, 1214.83, 1270.73, 1358.7, 1383.23, 1398.33, 1577.83, 1617.37, 1730.17, 1746.63, 1758.17, 2045.03]"
22400,1127.4885333333334,1755.7898686268124,830.35117975535172,860.78009999999995,1054.415,1286.5809999999997,"[325.9, 410.133, 455.867, 511.233, 619.833, 624.3, 718.833, 742.433, 840.667, 869.4, 914.967, 926.5, 957.767, 959.633, 959.8, 1149.03, 1164.03, 1224.33, 1255.6, 1259.3, 1261.93, 1344.1, 1354.3, 1362.4, 1555.97, 1737.4, 1796.03, 2030.23, 2218.17, 2274.57]"
22750,1248.9661999999998,1944.9618646977478,919.81472714273127,914.5,1075.615,1667.2809999999995,"[293.067, 358.6, 476.5, 606.0, 695.433, 742.733, 758.5, 893.033, 901.9, 919.9, 939.9, 1043.6, 1046.73, 1059.83, 1067.33, 1083.9, 1181.0, 1273.23, 1310.0, 1318.13, 1600.9, 1822.17, 1845.1, 1882.67, 1887.73, 1904.77, 1906.33, 1974.87, 2120.93, 2554.2]"
23100,1284.0375333333334,1999.5769582666824,945.64339160181112,1008.9691,1305.2,1660.9999999999998,"[355.233, 398.7, 440.467, 502.033, 564.1, 792.0, 844.333, 921.933, 939.667, 1038.67, 1111.63, 1170.27, 1193.77, 1223.33, 1296.13, 1314.27, 1422.47, 1458.03, 1488.7, 1613.17, 1644.17, 1700.27, 1758.07, 1765.17, 1878.47, 1884.6, 1913.07, 1946.4, 1958.1, 1983.9]"
23450,1401.2797,2182.1531905948304,1031.9876589984171,1047.3499999999999,1471.73,1726.1900000000001,"[337.867, 353.6, 526.967, 547.667, 653.133, 733.533, 797.767, 847.167, 865.7, 1125.2, 1176.9, 1247.57, 1251.1, 1334.67, 1431.83, 1511.63, 1629.67, 1640.3, 1644.93, 1645.23, 1724.27, 1730.67, 1875.93, 1884.13, 1975.9, 2034.63, 2043.0, 2329.63, 2333.7, 2804.1]"
23800,1501.3919333333333,2338.0537073766745,1105.7164008868281,1109.6409999999998,1550.8499999999999,1827.2420000000002,"[336.567, 400.667, 495.767, 654.7, 730.133, 824.667, 858.967, 897.3, 995.1, 1158.73, 1240.6, 1399.47, 1453.37, 1457.07, 1529.2, 1572.5, 1619.17, 1728.47, 1756.03, 1815.93, 1826.93, 1827.97, 1902.7, 2046.43, 2065.63, 2145.23, 2294.83, 2606.43, 2629.03, 2772.17]"
24150,1545.6622333333332,2406.9939599141157,1138.3197442879759,1179.769,1653.5999999999999,1928.2589999999998,"[294.433, 365.833, 540.467, 732.867, 749.167, 834.0, 1006.07, 1070.7, 1169.43, 1184.2, 1197.2, 1434.67, 1439.8, 1579.23, 1603.7, 1703.5, 1742.73, 1745.37, 1756.3, 1881.87, 1914.0, 1961.53, 2050.2, 2079.03, 2197.17, 2197.9, 2204.9, 2224.73, 2533.97, 2974.9]"
24500,1576.9257666666667,2455.679328732776,1161.344113067946,1378.6689999999999,1598.9349999999999,1879.4109999999994,"[289.8, 489.467, 651.5, 874.2, 918.933, 933.833, 1184.07, 1223.23, 1358.53, 1387.3, 1404.47, 1436.67, 1454.33, 1467.77, 1587.1, 1610.77, 1674.4, 1750.83, 1794.2, 1817.57, 1828.0, 1999.37, 2017.83, 2171.0, 2225.37, 2252.8, 2261.9, 2362.63, 2423.77, 2456.13]"
24850,1698.02,2644.2542204057004,1250.5252768112546,1559.1790000000001,1728.0149999999999,2033.7689999999998,"[292.7, 345.8, 597.967, 718.133, 979.8, 1158.87, 1270.2, 1539.53, 1558.43, 1559.5, 1561.33, 1593.5, 1649.7, 1663.67, 1707.0, 1749.03, 1806.37, 1809.8, 1942.4, 1944.1, 2033.37, 2034.7, 2074.53, 2113.4, 2114.67, 2325.0, 2356.8, 2466.6, 2803.37, 3170.33]"
25200,1911.9583333333333,2977.411274399899,1408.0824866864066,1631.2400000000002,2143.6199999999999,2241.3509999999997,"[373.5, 374.133, 958.467, 1087.7, 1096.2, 1413.23, 1542.27, 1577.27, 1626.2, 1633.4, 1853.63, 1924.9, 1988.27, 2053.03, 2122.17, 2165.07, 2171.93, 2174.73, 2187.23, 2202.13, 2240.43, 2243.5, 2280.03, 2343.77, 2353.63, 2441.13, 2453.17, 2511.07, 2659.53, 3307.03]"
25550,1910.9966666666667,2975.9137118612025,1407.3742568218977,1713.768,2042.0500000000002,2223.5509999999995,"[299.3, 385.5, 844.7, 1249.77, 1347.83, 1411.37, 1530.4, 1635.17, 1682.73, 1727.07, 1738.97, 1832.33, 1857.97, 1859.53, 2012.2, 2071.9, 2084.4, 2104.17, 2141.43, 2163.17, 2202.83, 2271.9, 2422.93, 2514.1, 2543.77, 2569.9, 2614.43, 2680.23, 2705.77, 2824.13]"
25900,1900.5976666666668,2959.719792097007,1399.715800293965,1656.46,1983.52,2152.8889999999997,"[284.067, 322.733, 1234.5, 1282.8, 1316.5, 1353.43, 1533.6, 1634.47, 1641.2, 1663.0, 1664.23, 1717.1, 1804.0, 1855.57, 1960.57, 2006.47, 2008.8, 2024.17, 2042.93, 2096.07, 2129.87, 2206.6, 2227.97, 2315.1, 2343.5, 2389.27, 2484.3, 2679.87, 2936.07, 3859.17]"
26250,2064.1788000000001,3214.4577234496501,1520.1869031330159,1834.319,2269.1499999999996,2387.73,"[320.967, 331.067, 1158.07, 1322.8, 1432.57, 1478.47, 1725.77, 1776.93, 1794.3, 1851.47, 1879.13, 1972.23, 2038.23, 2095.03, 2245.2, 2293.1, 2299.03, 2342.5, 2348.0, 2377.63, 2387.73, 2387.73, 2388.2, 2455.67, 2622.2, 2687.0, 2703.87, 2735.0, 2972.27, 3503.2]"
26600,2061.2224333333334,3209.8538995633585,1518.0096547824728,1855.2279999999998,2036.5349999999999,2435.5019999999995,"[349.733, 372.3, 1065.73, 1245.3, 1296.2, 1587.03, 1683.7, 1770.8, 1792.13, 1882.27, 1890.27, 1909.37, 1934.93, 1982.77, 2012.3, 2060.77, 2093.7, 2125.27, 2179.4, 2282.97, 2417.73, 2476.97, 2507.97, 2554.33, 2628.23, 2856.7, 3050.73, 3094.6, 3341.07, 3391.4]"
26950,2265.3364333333329,3527.7119377159643,1668.3316276397136,2032.691,2382.4200000000001,2632.0419999999999,"[320.2, 323.333, 1383.03, 1424.47, 1624.7, 1679.83, 1976.23, 2000.7, 2029.1, 2034.23, 2118.87, 2134.0, 2144.8, 2193.6, 2270.07, 2494.77, 2509.73, 2552.1, 2565.8, 2627.37, 2631.73, 2632.77, 2767.43, 2805.9, 2860.67, 2979.0, 3029.0, 3102.13, 3346.13, 3398.4]"
27300,2108.9449,3284.1700642089477,1553.1553838306875,1904.3199999999997,2191.5999999999999,2518.3099999999995,"[291.967, 459.6, 1078.6, 1367.7, 1420.3, 1471.93, 1557.93, 1768.93, 1796.8, 1950.4, 1957.3, 1994.13, 2059.63, 2141.03, 2182.73, 2200.47, 2248.13, 2282.73, 2351.57, 2400.97, 2504.0, 2551.7, 2567.27, 2570.3, 2660.83, 2788.13, 2987.6, 3113.57, 3242.97, 3299.13]"
27650,2240.6482333333333,3489.2660554270524,1650.1497345295199,1997.652,2243.3850000000002,2618.9789999999994,"[308.5, 366.267, 1257.17, 1540.57, 1600.3, 1743.03, 1886.5, 1925.27, 1982.07, 2004.33, 2037.8, 2103.67, 2120.2, 2138.17, 2166.07, 2320.7, 2384.57, 2419.9, 2492.87, 2540.87, 2561.1, 2754.03, 2815.83, 2956.43, 3029.2, 3044.9, 3087.23, 3097.17, 3140.1, 3394.63]"
28000,2301.6925333333334,3584.3277436914491,1695.1064724685605,2014.402,2282.5300000000002,2661.3909999999996,"[352.133, 352.533, 1282.33, 1471.97, 1799.37, 1895.8, 1896.0, 1940.47, 1980.27, 2029.03, 2033.93, 2089.9, 2193.9, 2215.97, 2279.53, 2285.53, 2307.27, 2364.97, 2402.03, 2502.77, 2587.63, 2833.5, 2893.3, 2972.07, 2990.43, 3009.57, 3098.0, 3486.63, 3722.07, 3781.87]"
28350,2351.3027666666667,3661.5836469593605,1731.6424677877189,2135.5189999999998,2368.8199999999997,2630.6599999999999,"[351.2, 413.333, 1436.17, 1787.8, 1950.53, 1995.23, 2047.03, 2054.5, 2108.1, 2147.27, 2180.23, 2205.4, 2245.37, 2260.3, 2307.67, 2429.97, 2431.0, 2432.87, 2509.37, 2515.6, 2624.9, 2644.1, 2664.67, 2737.77, 2827.77, 2831.93, 3003.7, 3374.93, 3925.47, 4094.9]"
28700,2396.7005666666669,3732.2797072219805,1765.0761708133737,2018.1800000000001,2546.2150000000001,2705.509,"[344.8, 385.267, 1743.87, 1780.27, 1828.7, 1897.37, 1904.6, 1916.4, 1936.63, 2053.13, 2080.0, 2234.7, 2301.07, 2315.93, 2497.63, 2594.8, 2601.43, 2627.23, 2671.7, 2689.2, 2704.0, 2709.03, 2783.5, 2804.33, 2923.8, 3184.23, 3248.63, 3342.53, 3749.97, 4046.27]"
29050,2625.5130999999997,4088.5997193233607,1933.5876468764061,2488.9389999999999,2602.6700000000001,2826.6289999999999,"[370.5, 382.633, 2060.7, 2176.17, 2272.83, 2342.37, 2361.93, 2400.47, 2473.0, 2495.77, 2500.83, 2511.43, 2549.2, 2567.5, 2597.67, 2607.67, 2610.53, 2644.83, 2758.93, 2780.17, 2820.2, 2841.63, 2868.73, 3010.4, 3035.7, 3198.93, 3542.87, 3555.83, 4074.27, 4351.7]"
29400,2499.0360999999998,3891.6424743944135,1840.4422861413989,2288.1280000000002,2542.8000000000002,2820.0,"[360.8, 386.433, 1679.3, 1950.5, 1980.13, 2130.0, 2138.33, 2275.73, 2276.13, 2293.27, 2416.0, 2429.97, 2438.77, 2449.73, 2478.47, 2607.13, 2631.47, 2632.7, 2636.57, 2667.87, 2814.33, 2833.23, 2975.63, 3012.0, 3015.67, 3073.73, 3249.03, 3421.73, 3606.4, 4110.03]"
29750,2477.5809999999997,3858.2313610245901,1824.6414446515969,2297.569,2516.0999999999999,2842.529,"[324.667, 429.433, 1784.7, 1880.43, 1889.5, 2115.77, 2143.73, 2159.67, 2271.83, 2308.6, 2346.3, 2359.27, 2390.73, 2434.47, 2487.97, 2544.23, 2571.7, 2648.27, 2678.07, 2789.83, 2839.37, 2849.9, 2876.33, 3153.83, 3159.2, 3161.8, 3254.4, 3271.23, 3563.53, 3638.67]"
30100,2345.8251999999998,3653.0536657012553,1727.608454306084,2029.3389999999999,2358.6350000000002,2638.9479999999999,"[300.333, 353.833, 1655.27, 1655.63, 1664.77, 1927.97, 1931.47, 1945.6, 2004.3, 2040.07, 2081.8, 2153.43, 2196.33, 2241.4, 2345.0, 2372.27, 2431.9, 2526.6, 2564.5, 2616.63, 2626.27, 2668.53, 2887.53, 2949.33, 3003.23, 3056.6, 3358.3, 3380.3, 3679.13, 3756.43]"
30450,2716.6742333333332,4230.5610693390463,2000.7242539223155,2578.79,2714.0649999999996,3079.5520000000001,"[382.267, 389.8, 1966.17, 1966.37, 2137.1, 2147.8, 2244.33, 2421.6, 2555.2, 2588.9, 2612.57, 2643.43, 2661.93, 2680.5, 2686.7, 2741.43, 2807.33, 2887.57, 2923.4, 3058.07, 3073.33, 3094.07, 3236.67, 3330.17, 3448.4, 3527.43, 3529.73, 3545.43, 3867.8, 4344.73]"
30800,2583.1457999999998,4022.6229276293911,1902.3857885000352,2419.5500000000002,2638.25,2887.069,"[327.967, 411.167, 1753.3, 2092.13, 2217.5, 2247.17, 2268.4, 2279.07, 2319.87, 2462.27, 2467.3, 2468.4, 2502.47, 2503.7, 2558.03, 2718.47, 2721.9, 2799.87, 2803.0, 2849.5, 2877.1, 2910.33, 2986.83, 3150.03, 3160.93, 3244.53, 3355.43, 3587.37, 3698.87, 3751.47]"
31150,2594.6192333333333,4040.4900166590905,1910.8355231292753,2524.0590000000002,2757.25,2870.1900000000001,"[417.767, 497.9, 1706.5, 2018.43, 2071.43, 2250.7, 2418.63, 2431.03, 2479.7, 2543.07, 2555.87, 2615.07, 2702.23, 2741.33, 2744.57, 2769.93, 2782.47, 2822.67, 2839.0, 2855.8, 2863.77, 2885.17, 2929.1, 2963.97, 3003.53, 3068.07, 3254.1, 3491.77, 3523.53, 3591.47]"
31500,2673.2425666666668,4162.9267847707924,1968.7385311506712,2430.6689999999999,2736.5500000000002,3001.1700000000001,"[361.767, 363.7, 1722.13, 1927.23, 2145.53, 2236.63, 2245.1, 2288.0, 2331.43, 2473.2, 2601.3, 2608.07, 2618.1, 2668.73, 2683.57, 2789.53, 2890.07, 2941.67, 2963.43, 2981.43, 2991.63, 3023.43, 3026.0, 3168.07, 3294.67, 3336.67, 3589.83, 3735.33, 3818.43, 4372.6]"
31850,2622.4515666666671,4083.832123866548,1931.332947391634,2493.3699999999999,2729.9650000000001,2986.0100000000002,"[277.0, 461.767, 1758.97, 2001.3, 2016.47, 2217.63, 2354.27, 2357.37, 2398.03, 2534.23, 2538.13, 2589.8, 2627.07, 2627.37, 2632.7, 2827.23, 2891.0, 2921.77, 2943.47, 2954.77, 2977.07, 3006.87, 3055.93, 3109.63, 3120.7, 3132.4, 3198.67, 3288.33, 3702.47, 4151.13]"
32200,2563.7169999999996,3992.3672849411905,1888.0772376595796,2416.0209999999997,2579.0,2949.5619999999999,"[408.767, 458.633, 1893.4, 2091.47, 2127.57, 2139.43, 2315.73, 2323.87, 2374.7, 2433.73, 2480.0, 2498.97, 2528.37, 2548.47, 2571.23, 2586.77, 2630.9, 2763.2, 2899.7, 2906.63, 2920.03, 3018.47, 3072.9, 3172.27, 3188.97, 3191.97, 3210.23, 3217.27, 3337.53, 3600.33]"
32550,2816.3146666666667,4385.7268720767761,2074.1055335749461,2689.2399999999998,2897.7649999999999,3225.8890000000001,"[290.167, 405.933, 1844.9, 2385.33, 2399.07, 2411.07, 2563.63, 2639.63, 2684.83, 2691.13, 2704.93, 2791.17, 2821.27, 2859.33, 2882.83, 2912.7, 2949.93, 3017.53, 3029.5, 3100.9, 3224.17, 3229.9, 3260.67, 3308.57, 3331.47, 3381.67, 3496.9, 3511.07, 3763.57, 4595.67]"
32900,2711.5349000000001,4222.5578044442045,1996.9393360536851,2593.5009999999997,2890.6149999999998,3062.6100000000001,"[353.667, 354.8, 1671.77, 2157.1, 2319.07, 2363.03, 2446.63, 2489.2, 2533.77, 2619.1, 2656.53, 2773.67, 2803.2, 2870.6, 2875.33, 2905.9, 2908.9, 2936.43, 3009.37, 3023.37, 3060.57, 3067.37, 3086.63, 3124.7, 3133.87, 3395.87, 3434.23, 3502.9, 3700.27, 3768.2]"
33250,2543.6853333333333,3961.1728236715394,1873.3246991127285,2393.3500000000004,2695.4650000000001,2983.8110000000001,"[422.933, 485.367, 1736.67, 1957.9, 2099.47, 2115.37, 2313.17, 2370.83, 2380.4, 2398.9, 2416.0, 2560.4, 2631.0, 2635.83, 2670.53, 2720.4, 2746.9, 2814.6, 2870.83, 2926.4, 2982.8, 2986.17, 3000.6, 3018.0, 3032.03, 3035.03, 3041.13, 3234.47, 3297.53, 3408.9]"
33600,2784.7496666666671,4336.5720420588113,2050.8591463930834,2580.0509999999999,2940.585,3164.7489999999998,"[363.567, 400.633, 1919.57, 2209.27, 2269.07, 2316.57, 2351.3, 2374.33, 2406.5, 2654.43, 2667.0, 2749.87, 2750.93, 2859.0, 2886.7, 2994.47, 3001.4, 3004.3, 3019.33, 3097.33, 3144.97, 3210.9, 3249.27, 3303.47, 3309.47, 3405.9, 3493.67, 3827.27, 3874.67, 4427.33]"
33950,2708.1876666666667,4217.345300546519,1994.4742296999796,2461.259,2749.6149999999998,3124.9389999999999,"[385.967, 431.733, 1853.0, 2190.03, 2221.2, 2327.3, 2342.43, 2362.07, 2444.9, 2468.27, 2514.6, 2572.8, 2620.1, 2720.43, 2736.13, 2763.1, 2773.03, 2807.63, 2833.7, 3086.2, 3096.07, 3192.3, 3194.37, 3299.77, 3321.4, 3583.03, 3641.57, 3751.03, 3768.7, 3942.77]"
34300,2811.9485666666665,4378.9277305167743,2070.8900717952934,2620.5499999999997,2883.915,3251.7309999999993,"[380.6, 493.967, 1485.57, 1514.23, 1980.27, 2330.33, 2379.77, 2505.83, 2564.83, 2644.43, 2690.0, 2784.43, 2810.67, 2814.43, 2875.2, 2892.63, 3001.8, 3012.93, 3082.97, 3124.2, 3225.7, 3312.47, 3336.8, 3363.37, 3474.4, 3956.97, 3960.63, 4008.33, 4138.73, 4211.97]"
34650,2712.6721000000002,4224.3287175662208,1997.7768393485753,2537.0,2780.6149999999998,3050.4019999999996,"[346.633, 403.9, 1616.3, 2026.43, 2225.63, 2328.5, 2377.9, 2461.6, 2474.0, 2564.0, 2581.5, 2605.6, 2699.9, 2764.3, 2770.13, 2791.1, 2889.73, 2927.67, 2977.53, 3001.17, 3010.43, 3143.67, 3216.4, 3287.03, 3346.27, 3442.33, 3597.7, 3736.27, 3778.47, 3988.07]"
35000,2842.5451000000003,4426.5744086456843,2093.4232211787707,2608.4099999999999,2979.75,3147.3619999999996,"[374.733, 400.3, 1824.4, 1997.6, 2250.43, 2374.67, 2435.63, 2594.1, 2607.43, 2608.83, 2623.73, 2779.1, 2879.8, 2947.47, 2967.1, 2992.4, 3007.87, 3023.43, 3059.93, 3101.27, 3142.43, 3158.87, 3316.13, 3413.8, 3535.7, 3728.73, 3829.43, 3976.87, 4017.4, 4306.77]"
35350,2869.3693333333335,4468.3466446622288,2113.1782192438204,2567.0609999999997,3046.5999999999999,3356.1289999999999,"[354.033, 399.767, 1420.83, 2061.5, 2151.6, 2228.67, 2388.4, 2435.3, 2562.07, 2569.2, 2897.03, 2948.93, 3018.83, 3037.93, 3039.0, 3054.2, 3072.9, 3073.3, 3199.03, 3212.23, 3348.5, 3373.93, 3420.47, 3499.7, 3568.1, 3665.33, 3777.07, 3866.73, 3923.2, 4513.3]"
35700,2774.9941333333336,4321.3801655267462,2043.6745778826366,2630.5909999999999,2831.6500000000001,3055.3410000000003,"[351.367, 397.867, 2296.8, 2302.1, 2314.07, 2401.63, 2536.93, 2575.27, 2594.8, 2645.93, 2762.73, 2814.13, 2815.77, 2818.7, 2825.5, 2837.8, 2869.87, 2920.8, 2965.63, 2986.33, 3042.03, 3086.4, 3161.13, 3229.87, 3256.07, 3338.33, 3733.8, 3759.97, 3789.7, 3818.5]"
36050,2690.3207666666663,4189.5219382006289,1981.3159570834853,2375.6599999999999,2615.9499999999998,3071.2179999999998,"[410.8, 427.633, 2141.27, 2204.73, 2239.23, 2239.5, 2319.37, 2349.4, 2352.77, 2385.47, 2424.73, 2487.93, 2503.23, 2538.13, 2594.43, 2637.47, 2721.7, 2799.97, 2842.23, 2881.6, 3020.17, 3190.33, 3216.03, 3288.57, 3475.2, 3590.7, 3667.6, 3719.37, 3889.33, 4150.73]"
36400,2727.2817666666665,4247.0797291809558,2008.5362870891515,2462.9390000000003,2782.1300000000001,3065.0520000000001,"[344.933, 355.8, 1868.2, 2140.8, 2186.8, 2371.23, 2434.93, 2435.17, 2449.8, 2468.57, 2533.3, 2536.77, 2685.8, 2710.77, 2781.53, 2782.73, 2791.1, 2900.33, 2927.0, 3014.4, 3057.63, 3082.37, 3129.07, 3208.7, 3226.43, 3347.63, 3849.43, 3964.93, 4092.0, 4140.3]"
36750,2774.5832,4320.740236550072,2043.3719415647972,2614.0120000000002,2806.5999999999999,3186.3589999999995,"[376.933, 443.133, 1852.37, 1907.3, 2293.3, 2382.83, 2481.9, 2510.73, 2592.97, 2623.03, 2642.13, 2714.2, 2716.1, 2760.93, 2779.77, 2833.43, 2912.37, 2985.77, 3033.7, 3129.23, 3172.37, 3219.0, 3262.27, 3275.93, 3493.7, 3596.1, 3741.4, 3802.0, 3806.67, 3895.93]"
37100,2652.5064333333335,4130.6352875672483,1953.4671804736111,2496.288,2739.3999999999996,3003.8499999999999,"[336.333, 364.2, 2154.53, 2195.77, 2220.47, 2250.1, 2359.2, 2382.93, 2425.63, 2526.57, 2581.4, 2691.23, 2715.57, 2716.73, 2723.93, 2754.87, 2762.9, 2917.3, 2920.83, 2927.03, 2985.4, 3046.9, 3062.3, 3150.97, 3221.8, 3263.5, 3290.97, 3305.93, 3568.27, 3751.63]"
37450,2862.9924333333333,4458.416169910397,2108.4818819582188,2726.761,2886.4650000000001,3256.0309999999995,"[419.1, 476.333, 1808.37, 1899.9, 2350.83, 2373.17, 2417.23, 2514.67, 2702.1, 2737.33, 2784.3, 2813.63, 2832.7, 2838.6, 2842.1, 2930.83, 2963.03, 3058.13, 3066.83, 3155.3, 3253.43, 3262.1, 3291.57, 3302.33, 3403.43, 3589.83, 3646.7, 4146.07, 4368.9, 4640.93]"
37800,2744.9625333333333,4274.6132340150234,2021.5574797901022,2665.8580000000002,2915.23,3077.6799999999998,"[389.333, 438.533, 2177.83, 2232.63, 2282.6, 2359.03, 2531.17, 2597.73, 2638.53, 2677.57, 2682.83, 2782.73, 2830.63, 2876.37, 2891.33, 2939.13, 2968.43, 3016.93, 3018.63, 3034.03, 3074.77, 3084.47, 3107.87, 3112.17, 3119.23, 3222.63, 3440.07, 3514.97, 3566.67, 3740.03]"
38150,2862.6054666666669,4457.8135632028852,2108.1968961524271,2668.2600000000002,2988.9700000000003,3182.2799999999997,"[330.067, 573.567, 2153.4, 2156.23, 2449.03, 2483.07, 2574.27, 2627.97, 2662.17, 2670.87, 2807.03, 2823.2, 2842.3, 2921.97, 2968.17, 3009.77, 3056.13, 3079.83, 3090.7, 3109.4, 3157.23, 3240.73, 3318.9, 3385.3, 3414.53, 3418.83, 3589.13, 3724.7, 3951.0, 4288.67]"
38500,2785.1848,4337.2496566647078,2051.1796050638386,2587.21,2813.335,3092.212,"[405.167, 494.867, 2127.57, 2267.17, 2292.07, 2388.2, 2493.67, 2549.87, 2552.07, 2602.27, 2614.9, 2661.67, 2759.03, 2764.57, 2775.3, 2851.37, 2964.87, 3027.37, 3047.7, 3082.87, 3088.63, 3100.57, 3143.8, 3185.77, 3363.23, 3531.9, 3582.67, 3624.37, 3763.9, 4448.13]"
38850,2822.1079,4394.7484275893503,2078.3720232027472,2658.3009999999999,2992.0299999999997,3159.5599999999999,"[376.567, 464.1, 2239.7, 2249.03, 2281.27, 2397.1, 2490.8, 2621.37, 2632.87, 2669.2, 2669.93, 2733.17, 2744.73, 2881.83, 2935.93, 3048.13, 3048.33, 3138.67, 3141.8, 3150.0, 3151.97, 3177.27, 3231.0, 3302.03, 3345.27, 3604.6, 3645.3, 3707.17, 3731.93, 3852.17]"
39200,2841.5702333333334,4425.0562903092296,2092.7052700308527,2739.3110000000001,2852.3299999999999,3050.3999999999996,"[397.967, 490.0, 1633.23, 2225.9, 2492.47, 2668.67, 2710.93, 2735.97, 2738.17, 2739.8, 2764.43, 2786.0, 2811.37, 2822.03, 2850.23, 2854.43, 2857.87, 2868.37, 2905.33, 2911.37, 2998.23, 3172.13, 3280.4, 3408.17, 3493.57, 3571.7, 3771.7, 3788.7, 3963.8, 4534.17]"
39550,2946.3764666666666,4588.2665733544773,2169.8909592163227,2797.52,2990.7650000000003,3386.0479999999998,"[426.467, 649.767, 1807.63, 2411.57, 2578.7, 2608.33, 2678.97, 2742.37, 2788.7, 2801.3, 2824.7, 2870.8, 2906.5, 2944.37, 2983.03, 2998.5, 3062.77, 3197.37, 3280.97, 3303.07, 3364.07, 3437.33, 3530.77, 3654.33, 3687.07, 3710.97, 3731.7, 3783.97, 3789.8, 3835.4]"
39900,2835.8409999999999,4416.1343992706334,2088.485913898367,2535.6009999999997,2970.3999999999996,3261.9189999999999,"[389.967, 472.033, 2047.03, 2196.77, 2220.7, 2373.87, 2454.07, 2476.93, 2484.9, 2557.33, 2618.33, 2691.37, 2738.77, 2852.73, 2963.43, 2977.37, 3026.17, 3046.7, 3057.2, 3112.43, 3252.1, 3284.83, 3368.13, 3430.2, 3608.7, 3611.27, 3755.67, 3923.53, 4009.9, 4072.8]"
40250,2805.54,4368.947942613755,2066.1704132489886,2645.5700000000002,2923.6799999999998,3098.0109999999995,"[419.233, 435.467, 1756.8, 2133.87, 2268.97, 2354.6, 2541.37, 2563.83, 2565.7, 2679.8, 2722.2, 2868.67, 2875.33, 2876.87, 2893.43, 2953.93, 2960.73, 3004.47, 3027.73, 3058.33, 3088.0, 3121.37, 3145.8, 3158.7, 3290.47, 3524.3, 3751.9, 3995.93, 4052.7, 4075.7]"
40600,2826.5784666666668,4401.7102506396905,2081.6644205940247,2754.761,2989.4000000000001,3206.2599999999998,"[391.367, 399.567, 2260.07, 2265.17, 2377.6, 2548.8, 2555.37, 2663.5, 2717.57, 2770.7, 2772.73, 2798.67, 2810.33, 2866.8, 2954.63, 3024.17, 3088.83, 3101.63, 3117.3, 3161.73, 3190.93, 3242.03, 3256.13, 3302.63, 3320.2, 3449.9, 3450.67, 3521.63, 3528.0, 3888.7]"
40950,2782.4380000000001,4332.9721820221175,2049.156694361759,2601.9899999999998,2894.02,3201.5419999999999,"[374.833, 438.167, 1984.0, 1987.67, 2392.77, 2459.0, 2536.53, 2574.73, 2582.6, 2610.3, 2613.6, 2625.73, 2643.7, 2704.07, 2888.87, 2899.17, 3034.73, 3064.17, 3090.47, 3177.17, 3179.33, 3253.37, 3267.97, 3275.9, 3307.93, 3308.23, 3421.43, 3618.8, 3857.9, 4300.0]"
41300,2978.1532000000002,4637.7511266738575,2193.2932797118551,2801.6320000000001,3322.8499999999999,3487.0720000000001,"[383.633, 415.133, 1929.97, 2169.07, 2264.0, 2305.93, 2341.1, 2397.67, 2780.87, 2810.53, 2824.53, 3079.87, 3202.23, 3215.17, 3284.1, 3361.6, 3369.4, 3406.93, 3418.07, 3424.13, 3477.13, 3510.27, 3517.1, 3543.8, 3599.53, 3644.9, 3654.73, 3834.37, 4010.3, 4168.53]"
41650,2762.1205666666665,4301.332708494434,2034.1936998485842,2385.9220000000005,2845.2150000000001,3154.2489999999998,"[505.5, 586.967, 1917.0, 2159.97, 2162.53, 2250.53, 2320.37, 2338.1, 2378.67, 2389.03, 2607.27, 2662.83, 2691.83, 2694.57, 2828.13, 2862.3, 2896.77, 2982.43, 3000.0, 3060.93, 3132.97, 3203.9, 3262.6, 3272.77, 3298.47, 3356.37, 3406.8, 3813.07, 4169.17, 4651.77]"
42000,2831.1784333333335,4408.8735827983573,2085.0521160211429,2671.569,2879.5500000000002,3252.9690000000001,"[396.333, 499.2, 1934.83, 2250.67, 2380.6, 2422.37, 2479.63, 2556.5, 2653.6, 2679.27, 2729.1, 2768.77, 2773.43, 2800.5, 2817.63, 2941.47, 3006.73, 3061.87, 3159.97, 3178.47, 3249.27, 3261.6, 3300.13, 3337.97, 3457.53, 3525.7, 3529.17, 3582.0, 3583.87, 4617.17]"
42350,2808.8678,4374.1301838091867,2068.6212077132309,2606.1089999999999,2952.5349999999999,3166.0990000000002,"[461.767, 468.367, 2241.83, 2396.67, 2444.87, 2479.7, 2500.87, 2528.07, 2533.4, 2637.27, 2645.6, 2695.3, 2731.5, 2755.03, 2914.7, 2990.37, 2994.63, 3050.03, 3088.13, 3114.1, 3164.5, 3169.83, 3248.67, 3260.83, 3425.9, 3487.27, 3599.97, 3654.43, 3711.8, 3870.63]"
42700,3034.623,4725.6891409348582,2234.8810774271215,2911.5819999999999,3155.0799999999999,3344.0120000000002,"[406.0, 510.1, 2375.83, 2563.3, 2669.57, 2686.3, 2808.07, 2837.43, 2875.07, 2927.23, 2960.27, 2994.27, 2995.73, 3090.37, 3154.73, 3155.43, 3170.2, 3231.1, 3291.43, 3334.03, 3337.73, 3358.67, 3470.03, 3510.77, 3535.13, 3636.83, 3852.07, 3898.73, 4184.8, 4217.47]"
43050,2762.0715333333333,4301.2563509729634,2034.1575887175377,2619.52,2886.2650000000003,3117.5999999999999,"[384.133, 580.333, 1517.7, 1940.23, 2017.9, 2026.67, 2168.43, 2190.97, 2619.17, 2619.67, 2732.07, 2751.43, 2787.87, 2825.47, 2852.53, 2920.0, 3013.37, 3035.77, 3069.73, 3101.17, 3114.0, 3126.0, 3153.53, 3196.3, 3346.47, 3443.93, 3495.7, 3998.47, 4386.23, 4446.9]"
43400,2866.7974666666664,4464.3415862485153,2111.2841400956036,2579.3499999999999,2721.8699999999999,3213.8809999999989,"[469.667, 860.867, 2237.0, 2310.63, 2379.9, 2384.6, 2400.47, 2510.8, 2567.87, 2584.27, 2605.5, 2655.93, 2675.13, 2687.63, 2716.07, 2727.67, 2794.73, 2968.73, 3066.63, 3085.73, 3133.4, 3401.67, 3404.8, 3483.47, 3692.9, 3756.23, 3877.5, 4033.63, 4205.2, 4325.3]"
43750,3050.1898666666666,4749.9307593385438,2246.3454655070122,2771.0589999999997,3144.6350000000002,3431.8189999999995,"[448.733, 608.633, 2285.13, 2376.87, 2395.17, 2408.0, 2540.6, 2633.3, 2648.23, 2823.7, 2966.8, 2982.67, 2993.93, 3095.53, 3114.97, 3174.3, 3174.4, 3256.77, 3373.63, 3408.1, 3427.37, 3442.2, 3659.83, 3713.83, 3781.2, 3914.37, 3949.17, 4119.8, 4176.83, 4611.63]"
44100,2812.3520999999996,4379.5561357886445,2071.1872583027371,2504.0120000000002,2721.8850000000002,3043.6999999999994,"[321.433, 1106.57, 2307.3, 2365.83, 2410.27, 2441.4, 2461.1, 2462.2, 2472.47, 2517.53, 2521.03, 2571.97, 2684.5, 2688.23, 2697.37, 2746.4, 2768.47, 2824.7, 2854.77, 2998.4, 3002.6, 3139.6, 3270.0, 3302.7, 3474.73, 3610.83, 3765.53, 3831.73, 4065.07, 4685.83]"
44450,2939.9064333333331,4578.1910660295734,2165.1260328755579,2715.1599999999999,3082.665,3282.7109999999998,"[486.9, 642.633, 1978.27, 2269.2, 2549.07, 2591.43, 2592.8, 2608.07, 2693.53, 2724.43, 2933.23, 2937.9, 2975.67, 3027.77, 3028.8, 3136.53, 3150.2, 3162.93, 3235.33, 3245.27, 3259.83, 3336.1, 3471.47, 3523.27, 3665.03, 3675.93, 3679.73, 3767.27, 3888.7, 3959.9]"
44800,2869.7200000000003,4468.8927229259061,2113.4364715202378,2640.96,2961.2849999999999,3199.0080000000003,"[417.0, 1127.67, 2234.6, 2281.1, 2447.43, 2456.67, 2498.03, 2583.33, 2608.13, 2655.03, 2677.13, 2701.3, 2778.1, 2830.13, 2889.47, 3033.1, 3050.8, 3074.17, 3099.63, 3116.5, 3194.67, 3209.13, 3290.77, 3292.17, 3459.5, 3464.37, 3509.03, 3850.27, 3858.87, 4403.5]"
45150,3012.1243333333332,4690.6529256447948,2218.311689928024,2458.8889999999997,3113.665,3425.6999999999998,"[377.6, 982.2, 2072.83, 2156.27, 2311.2, 2417.17, 2421.13, 2422.37, 2434.2, 2469.47, 2651.33, 2746.5, 2946.9, 2959.7, 3070.4, 3156.93, 3177.27, 3221.6, 3350.43, 3388.6, 3403.83, 3476.73, 3670.37, 3755.87, 3777.63, 3898.37, 3928.73, 3994.3, 4793.63, 4930.17]"
45500,2840.8931000000002,4424.0018194110989,2092.206587830935,2644.46,2908.6849999999999,3146.5010000000002,"[402.033, 1296.57, 2041.67, 2377.2, 2401.43, 2459.5, 2490.3, 2615.67, 2632.63, 2649.53, 2651.63, 2720.7, 2731.5, 2848.2, 2890.4, 2926.97, 2971.1, 3070.63, 3107.97, 3127.07, 3137.63, 3167.2, 3220.93, 3324.83, 3326.93, 3413.6, 3590.17, 3681.17, 3883.7, 4067.93]"
45850,2863.6721000000002,4459.4745858606229,2108.9824298589929,2690.6700000000001,2993.9349999999999,3309.7679999999991,"[481.433, 784.2, 1812.8, 1921.0, 2123.9, 2162.6, 2270.97, 2421.57, 2657.0, 2705.1, 2719.1, 2808.2, 2815.2, 2924.07, 2990.87, 2997.0, 3010.93, 3075.47, 3087.17, 3230.47, 3235.47, 3483.13, 3508.8, 3524.7, 3539.97, 3543.1, 3704.37, 3725.5, 4124.87, 4521.2]"
46200,2836.6821,4417.4442084747561,2089.1053511313362,2621.6210000000001,2919.2849999999999,3120.3109999999997,"[422.233, 886.9, 2053.1, 2344.1, 2352.3, 2376.43, 2444.43, 2570.0, 2606.97, 2627.9, 2633.13, 2678.77, 2742.0, 2763.6, 2880.37, 2958.2, 2976.07, 2976.93, 2994.33, 3074.7, 3092.3, 3185.67, 3249.23, 3331.9, 3463.8, 3621.47, 3822.03, 3878.57, 3922.53, 4170.5]"
46550,2892.6474333333331,4504.5966382830493,2130.3216288892545,2500.5699999999997,2905.8299999999999,3177.9499999999998,"[405.533, 1047.2, 2252.33, 2310.9, 2392.73, 2405.27, 2406.43, 2459.7, 2494.97, 2502.97, 2586.7, 2698.4, 2701.3, 2746.23, 2901.43, 2910.23, 2922.5, 2966.17, 3073.4, 3166.43, 3177.17, 3179.77, 3298.37, 3516.77, 3559.53, 3583.6, 3822.53, 3866.93, 4285.53, 5138.4]"
46900,2777.7482333333332,4325.6690081483985,2045.7028647490251,2634.6690000000003,2977.3850000000002,3161.7709999999997,"[579.567, 1391.33, 1984.7, 2103.83, 2132.77, 2199.17, 2297.3, 2328.1, 2632.03, 2635.8, 2708.67, 2740.13, 2850.13, 2864.87, 2960.07, 2994.7, 3051.1, 3066.67, 3120.7, 3129.63, 3141.8, 3208.37, 3219.3, 3290.33, 3318.4, 3371.97, 3385.67, 3455.47, 3486.37, 3683.5]"
47250,2892.6103333333331,4504.5388640332894,2130.2943061911888,2660.4619999999995,2881.8150000000001,3271.4599999999996,"[374.7, 1293.43, 2154.5, 2441.77, 2452.0, 2464.27, 2495.7, 2650.4, 2652.37, 2663.93, 2675.57, 2784.87, 2787.23, 2841.77, 2875.23, 2888.4, 2901.03, 3012.93, 3173.83, 3215.83, 3241.1, 3342.3, 3349.3, 3408.53, 3417.93, 3643.83, 3821.7, 3872.6, 3913.83, 3967.43]"
47600,3046.0453333333335,4743.4766541111157,2243.2931789061954,2845.2690000000002,3164.4650000000001,3392.1219999999998,"[388.0, 1375.17, 2105.27, 2470.2, 2479.3, 2657.4, 2732.63, 2746.13, 2823.03, 2854.8, 2891.63, 2988.87, 3095.2, 3100.47, 3150.1, 3178.83, 3223.17, 3223.77, 3231.93, 3301.93, 3385.93, 3406.57, 3461.27, 3563.83, 3653.17, 3658.63, 3749.4, 3929.63, 4212.53, 4342.57]"
47950,2751.7052333333336,4285.1133535259423,2026.5232144598683,2497.9409999999998,2704.7200000000003,2929.5619999999999,"[395.367, 1512.93, 2071.57, 2136.97, 2345.13, 2465.7, 2467.87, 2473.67, 2483.57, 2504.1, 2573.77, 2597.57, 2613.83, 2615.4, 2640.17, 2769.27, 2852.7, 2872.87, 2891.6, 2924.37, 2924.63, 2941.07, 3005.63, 3069.8, 3222.13, 3420.2, 3728.2, 3869.27, 4045.57, 4116.23]"
48300,3010.598766666667,4688.2772256548978,2217.1881697821318,2846.241,3052.3649999999998,3334.3999999999996,"[364.9, 964.833, 2179.0, 2314.27, 2433.9, 2504.9, 2579.0, 2605.73, 2685.5, 2915.13, 2959.57, 2966.83, 3004.3, 3026.8, 3040.2, 3064.53, 3080.43, 3218.27, 3227.87, 3239.87, 3275.27, 3472.37, 3475.63, 3625.9, 3631.93, 3664.5, 3708.73, 4211.5, 4363.23, 4513.07]"
48650,2873.4389999999999,4474.6841632185333,2116.1753694745967,2560.299,2930.2649999999999,3241.2809999999999,"[457.8, 1741.97, 2073.37, 2142.17, 2418.33, 2487.07, 2507.5, 2514.77, 2531.2, 2572.77, 2598.93, 2748.93, 2786.53, 2796.67, 2925.43, 2935.1, 3175.23, 3176.13, 3177.77, 3186.8, 3238.8, 3247.07, 3252.5, 3297.1, 3299.7, 3364.23, 3367.0, 3606.0, 4059.97, 4516.33]"
49000,2940.191233333333,4578.6345729387795,2165.3357769297127,2708.1199999999999,3013.5,3256.1309999999999,"[518.467, 1294.27, 2236.2, 2266.07, 2436.4, 2446.2, 2456.83, 2623.3, 2690.27, 2715.77, 2744.27, 2884.63, 2889.47, 2895.73, 2961.33, 3065.67, 3135.33, 3193.53, 3214.7, 3241.03, 3245.4, 3281.17, 3311.2, 3325.53, 3413.83, 3689.27, 3753.4, 3835.0, 3913.3, 4528.17]"
49350,2812.9655666666667,4380.5114612985981,2071.639052494294,2632.7979999999998,2979.6499999999996,3171.1289999999999,"[548.167, 1166.47, 2048.73, 2170.7, 2297.17, 2329.7, 2510.63, 2518.9, 2581.53, 2654.77, 2660.5, 2692.07, 2739.2, 2861.1, 2967.93, 2991.37, 3003.4, 3054.03, 3090.03, 3153.23, 3164.67, 3186.2, 3246.27, 3359.57, 3372.4, 3475.53, 3488.5, 3489.67, 3644.73, 3921.8]"
49700,3019.0531000000001,4701.4427988503749,2223.4144554159416,2776.98,3026.6350000000002,3252.9810000000002,"[568.433, 1750.43, 2521.53, 2531.3, 2666.63, 2669.37, 2689.97, 2755.23, 2766.27, 2781.57, 2820.73, 2914.7, 2937.73, 2973.77, 3001.17, 3052.1, 3068.13, 3127.43, 3221.03, 3232.27, 3249.03, 3262.2, 3413.3, 3475.8, 3482.87, 3496.33, 3628.4, 4050.77, 4195.33, 4267.77]"
50050,3033.2392333333332,4723.5342600451222,2233.8619874317883,2864.7020000000002,2960.4700000000003,3346.8119999999994,"[400.267, 2122.07, 2252.07, 2318.6, 2460.57, 2571.5, 2704.97, 2781.67, 2810.97, 2887.73, 2892.47, 2896.03, 2924.87, 2943.03, 2943.77, 2977.17, 3091.83, 3148.57, 3168.07, 3206.27, 3303.33, 3448.27, 3479.27, 3552.9, 3595.47, 3806.13, 3818.37, 3835.37, 4110.2, 4545.37]"
50400,2981.547766666667,4643.0373407554243,2195.7932452131381,2606.6620000000003,2938.9000000000001,3254.4009999999998,"[370.433, 1635.93, 1946.97, 2231.93, 2348.67, 2440.67, 2450.9, 2509.23, 2568.47, 2623.03, 2738.07, 2773.53, 2805.27, 2834.4, 2921.13, 2956.67, 2986.67, 3168.93, 3207.57, 3212.7, 3251.8, 3260.47, 3292.53, 3506.27, 3846.13, 3979.3, 4137.33, 4314.3, 4364.9, 4762.23]"
50750,2994.7173333333335,4663.545745979889,2205.4921156630248,2638.8820000000001,3086.665,3245.8710000000001,"[443.9, 2211.97, 2285.23, 2332.93, 2443.23, 2447.67, 2474.1, 2572.37, 2607.97, 2652.13, 2835.13, 3009.4, 3039.13, 3039.37, 3045.53, 3127.8, 3145.13, 3173.03, 3181.33, 3198.23, 3237.9, 3264.47, 3387.5, 3411.8, 3467.1, 3530.57, 3704.0, 3746.8, 4335.93, 4489.87]"
51100,2895.3336666666664,4508.7797950354206,2132.2999346116526,2570.1489999999999,2965.5,3160.0989999999997,"[437.5, 1795.93, 2194.27, 2241.1, 2293.7, 2349.07, 2353.57, 2507.1, 2525.93, 2589.1, 2695.67, 2744.6, 2838.2, 2861.3, 2912.87, 3018.13, 3031.73, 3116.17, 3118.07, 3122.63, 3137.17, 3213.6, 3245.2, 3494.03, 3541.37, 3620.43, 3684.77, 3723.03, 4066.0, 4387.77]"
51450,3082.611433333333,4800.4194841418421,2270.222680516546,2814.4279999999999,3143.6800000000003,3390.3309999999997,"[450.533, 2130.13, 2393.27, 2399.77, 2447.0, 2617.93, 2641.47, 2780.27, 2807.33, 2817.47, 2913.13, 2925.43, 3115.73, 3122.53, 3126.23, 3161.13, 3202.8, 3235.83, 3251.17, 3345.93, 3376.03, 3423.7, 3463.53, 3499.13, 3568.43, 3730.07, 3849.1, 3909.77, 4147.13, 4626.37]"
51800,3109.7408999999998,4842.6670470272556,2290.202470986078,2725.1289999999999,2987.6849999999999,3422.5189999999993,"[550.567, 2213.43, 2292.13, 2411.5, 2562.5, 2571.2, 2655.4, 2682.5, 2693.23, 2738.8, 2760.6, 2766.8, 2830.53, 2837.5, 2971.4, 3003.97, 3122.0, 3271.2, 3279.07, 3287.77, 3388.97, 3500.8, 3504.57, 3639.37, 3853.53, 3906.13, 4249.03, 4262.83, 4721.27, 4763.63]"
52150,3144.6402333333331,4897.0142923223711,2315.9044641764967,2885.48,3151.8150000000001,3395.4379999999992,"[576.967, 2071.7, 2111.77, 2249.1, 2401.6, 2408.9, 2634.3, 2652.3, 2831.3, 2908.7, 2994.53, 2998.67, 3033.43, 3081.27, 3120.4, 3183.23, 3197.57, 3331.67, 3344.33, 3350.03, 3353.27, 3493.83, 3553.97, 3555.4, 3668.3, 3850.67, 4064.33, 4472.5, 4487.07, 5358.1]"
52500,3028.511,4716.171183669856,2230.3798286244746,2740.7389999999996,2912.8850000000002,3299.2399999999998,"[407.8, 1721.57, 2154.03, 2262.1, 2478.27, 2613.5, 2652.17, 2685.0, 2720.6, 2749.37, 2803.7, 2812.37, 2837.33, 2884.83, 2903.57, 2922.2, 2999.7, 3064.07, 3233.23, 3245.9, 3266.03, 3376.73, 3512.13, 3598.73, 3754.0, 3852.13, 3939.9, 3980.57, 4493.0, 4930.8]"
52850,2978.4063333333334,4638.1453204318759,2193.4797025053067,2669.0509999999999,2928.6999999999998,3279.8490000000002,"[615.3, 2184.83, 2372.3, 2444.33, 2551.6, 2626.67, 2626.83, 2638.9, 2659.37, 2673.2, 2724.33, 2820.43, 2858.73, 2907.0, 2927.67, 2929.73, 2964.6, 2990.47, 3139.57, 3160.47, 3263.67, 3317.6, 3359.87, 3509.07, 3556.07, 3572.47, 3591.17, 3661.37, 4036.6, 4667.97]"
53200,3019.8483333333334,4702.6811818481447,2224.0001136439337,2816.2809999999999,2944.6849999999999,3466.0200000000004,"[922.2, 2108.1, 2165.53, 2326.17, 2341.67, 2477.6, 2601.87, 2710.07, 2752.07, 2843.8, 2850.23, 2886.13, 2888.53, 2897.3, 2899.47, 2989.9, 3037.9, 3260.93, 3451.27, 3451.7, 3455.73, 3490.03, 3567.77, 3595.37, 3617.27, 3668.17, 3670.77, 3691.47, 3971.23, 4005.2]"
53550,3024.0158999999999,4709.1711559044907,2227.0693633933261,2721.77,2948.835,3445.1680000000001,"[932.767, 2245.77, 2262.3, 2294.3, 2387.67, 2512.27, 2564.53, 2678.6, 2683.13, 2738.33, 2752.03, 2858.87, 2931.23, 2936.13, 2943.77, 2953.9, 3023.17, 3037.43, 3056.77, 3149.17, 3432.07, 3475.73, 3523.07, 3625.1, 3643.3, 3685.9, 3866.1, 3886.43, 4013.37, 4627.27]"
53900,2869.73,4468.9082954999649,2113.4438361288808,2699.1689999999999,2886.415,3187.3099999999999,"[892.3, 1706.47, 2406.6, 2433.8, 2479.43, 2547.03, 2673.27, 2675.77, 2681.13, 2706.9, 2791.27, 2839.43, 2839.97, 2857.67, 2873.8, 2899.03, 2910.27, 3051.97, 3074.33, 3101.9, 3176.03, 3213.63, 3233.4, 3247.87, 3283.33, 3325.63, 3345.3, 3603.63, 3605.77, 3614.97]"
54250,2780.4210000000003,4329.8311938343704,2047.6712527984512,2579.48,2772.6700000000001,3050.2700000000004,"[1048.97, 1692.5, 2096.33, 2144.47, 2163.13, 2382.53, 2442.03, 2522.8, 2551.13, 2591.63, 2673.13, 2698.17, 2702.63, 2735.43, 2741.27, 2804.07, 2884.67, 2968.77, 2972.97, 2978.43, 3046.07, 3060.07, 3090.43, 3355.17, 3377.53, 3397.93, 3444.87, 3594.97, 3619.1, 3631.43]"
54600,2992.6136666666666,4660.2697954836285,2203.9428474914766,2580.692,3082.6849999999999,3417.261,"[1561.7, 1967.63, 2107.7, 2242.73, 2297.33, 2414.13, 2463.3, 2465.77, 2497.77, 2616.23, 2753.6, 2805.3, 2822.4, 2825.73, 3048.97, 3116.4, 3167.73, 3171.1, 3266.43, 3288.57, 3415.53, 3421.3, 3473.73, 3474.43, 3546.9, 3583.1, 3632.37, 3822.53, 4073.77, 4434.23]"
54950,2877.354233333333,4480.7811893227845,2119.0587855992285,2620.6499999999996,2928.5700000000002,3321.3110000000001,"[935.267, 1916.97, 2158.83, 2243.33, 2375.4, 2478.8, 2490.87, 2598.1, 2618.83, 2621.43, 2693.37, 2795.07, 2806.83, 2849.6, 2885.57, 2971.57, 2998.43, 3088.27, 3119.8, 3269.2, 3314.33, 3337.6, 3362.33, 3374.73, 3399.73, 3443.9, 3456.67, 3509.97, 3589.5, 3616.33]"
55300,3015.7783333333336,4696.3431442060382,2221.0027179262029,2670.1009999999997,2916.4200000000001,3298.0100000000002,"[1368.77, 2055.7, 2139.2, 2297.53, 2450.0, 2561.43, 2563.3, 2569.53, 2639.77, 2683.1, 2685.17, 2827.1, 2860.13, 2865.47, 2871.47, 2961.37, 2996.6, 3054.0, 3139.43, 3293.27, 3295.67, 3303.47, 3526.47, 3572.83, 3609.67, 3678.4, 3870.47, 4073.13, 4255.73, 4405.17]"
55650,2941.971,4581.4061277612627,2166.6465054273121,2535.2389999999996,2693.0500000000002,3305.9599999999991,"[1367.73, 2199.33, 2281.2, 2395.03, 2396.8, 2403.07, 2454.1, 2513.1, 2518.6, 2542.37, 2556.37, 2595.77, 2617.57, 2618.37, 2673.0, 2713.1, 2779.67, 2922.97, 3011.9, 3121.03, 3223.67, 3497.97, 3615.1, 3710.63, 3711.27, 3717.8, 3859.87, 3876.67, 4047.27, 4317.8]"
56000,2897.8373333333334,4512.6786484940503,2134.1437871289236,2536.1400000000003,2882.0349999999999,3123.6109999999999,"[1068.33, 1862.57, 2162.83, 2316.37, 2331.67, 2356.43, 2472.77, 2501.0, 2512.83, 2546.13, 2598.03, 2649.5, 2718.23, 2798.9, 2851.37, 2912.7, 3000.6, 3001.4, 3035.17, 3115.8, 3116.63, 3139.9, 3283.1, 3322.23, 3391.77, 3658.7, 3677.23, 3814.17, 4133.53, 4585.23]"
56350,3022.4696666666664,4706.7632725948715,2225.9306230562383,2525.5990000000002,2936.3850000000002,3467.5009999999997,"[1481.3, 1980.87, 2153.87, 2282.67, 2295.4, 2296.6, 2355.63, 2382.37, 2483.13, 2543.8, 2679.8, 2707.8, 2725.0, 2752.17, 2891.17, 2981.6, 2985.83, 3142.9, 3296.5, 3313.77, 3466.7, 3469.37, 3539.67, 3660.87, 3772.0, 3925.0, 3953.87, 4094.6, 4486.3, 4573.53]"
56700,3026.838666666667,4713.5669302013503,2229.1482205723978,2814.5499999999997,3026.5500000000002,3241.9099999999999,"[1732.67, 2196.43, 2281.37, 2357.93, 2478.8, 2750.57, 2785.93, 2786.17, 2811.47, 2815.87, 2841.77, 2869.07, 2913.17, 3009.73, 3018.13, 3034.97, 3050.57, 3062.17, 3129.83, 3218.2, 3227.27, 3276.07, 3358.03, 3368.47, 3453.13, 3511.37, 3608.67, 3803.2, 3818.6, 4235.53]"
57050,3110.6103333333331,4844.0209785245452,2290.8427746102025,2625.8980000000001,2921.5349999999999,3461.759,"[1329.83, 1653.87, 2256.07, 2429.0, 2471.33, 2500.6, 2576.53, 2585.0, 2616.63, 2629.87, 2661.9, 2670.33, 2680.03, 2886.33, 2890.57, 2952.5, 3081.47, 3266.33, 3327.97, 3377.97, 3454.97, 3477.6, 3546.37, 3741.1, 4167.0, 4202.0, 4328.67, 4366.7, 4513.3, 4676.47]"
57400,3125.8803333333335,4867.8002991129933,2302.0885320081766,2783.509,3130.165,3437.8679999999999,"[1622.7, 2038.7, 2353.23, 2426.87, 2649.3, 2664.43, 2720.2, 2726.47, 2761.2, 2793.07, 2821.4, 3050.37, 3061.77, 3082.17, 3117.73, 3142.6, 3261.07, 3275.93, 3295.47, 3407.03, 3427.77, 3461.43, 3604.4, 3699.0, 3711.4, 3721.97, 3834.47, 3869.1, 4075.43, 4099.73]"
57750,3074.1133333333332,4787.1857549805673,2263.9641624455753,2806.241,3016.9849999999997,3367.4200000000001,"[1766.37, 2178.03, 2251.63, 2422.03, 2497.8, 2582.37, 2639.0, 2700.6, 2717.67, 2844.2, 2851.23, 2904.8, 2938.0, 2961.43, 3002.77, 3031.2, 3072.47, 3178.93, 3206.27, 3221.63, 3349.3, 3409.7, 3447.0, 3457.4, 3566.57, 3604.93, 3775.53, 4066.2, 4066.57, 4511.77]"
58100,3112.0533333333337,4846.2681009612934,2291.9054876373984,2774.9390000000003,3190.3699999999999,3344.7390000000005,"[2214.23, 2218.47, 2313.3, 2315.53, 2402.4, 2459.33, 2616.63, 2715.97, 2772.93, 2775.8, 2884.77, 2960.83, 3012.33, 3047.77, 3137.67, 3243.07, 3294.27, 3299.63, 3320.57, 3327.73, 3333.57, 3370.8, 3435.2, 3498.13, 3523.27, 3757.8, 3792.17, 3982.5, 4112.13, 4222.8]"
58450,3093.2636666666667,4817.0077533897993,2278.0676334840168,2823.1289999999999,3177.7350000000001,3286.4099999999999,"[1482.27, 2206.07, 2264.4, 2329.53, 2424.67, 2483.1, 2501.73, 2580.2, 2775.13, 2843.7, 2893.27, 2910.27, 3110.33, 3159.3, 3174.17, 3181.3, 3219.67, 3220.3, 3226.27, 3230.2, 3274.5, 3314.2, 3378.97, 3541.1, 3664.37, 3722.33, 3830.93, 3877.53, 4096.53, 4881.57]"
58800,3022.4289999999996,4706.69994412703,2225.9006736477563,2687.8699999999999,2990.0149999999999,3326.5510000000004,"[1905.1, 2169.43, 2508.4, 2511.0, 2520.97, 2570.8, 2589.93, 2661.97, 2669.67, 2695.67, 2897.33, 2911.27, 2954.57, 2975.83, 2988.83, 2991.2, 3022.9, 3104.63, 3109.03, 3138.57, 3320.53, 3340.6, 3390.8, 3431.1, 3523.57, 3643.3, 3655.53, 3680.8, 3826.67, 3962.87]"
59150,3135.1373333333331,4882.2158309196238,2308.9059502290702,2809.2890000000002,3128.9650000000001,3441.1809999999996,"[1792.37, 1807.3, 2270.0, 2562.1, 2582.5, 2651.27, 2734.6, 2745.1, 2784.53, 2819.9, 3039.0, 3040.5, 3062.23, 3123.97, 3125.13, 3132.8, 3136.9, 3352.47, 3358.4, 3362.07, 3406.33, 3522.5, 3551.93, 3583.23, 3686.93, 3729.33, 3768.1, 3792.77, 4164.13, 4365.73]"
59500,3075.8803333333335,4789.9374288168328,2265.2654887928065,2602.3299999999999,3005.2150000000001,3431.0789999999997,"[2027.6, 2105.07, 2238.63, 2339.73, 2393.2, 2465.8, 2535.63, 2548.03, 2597.43, 2604.43, 2723.03, 2801.3, 2812.27, 2848.87, 2999.53, 3010.9, 3065.57, 3213.03, 3292.67, 3379.03, 3410.4, 3479.33, 3487.3, 3527.87, 3662.2, 3683.33, 3685.6, 4032.93, 4196.47, 5109.23]"
59850,3168.0023333333334,4933.3950955652899,2333.1097365345331,2878.5009999999997,3137.2650000000003,3430.672,"[2098.87, 2205.03, 2330.13, 2566.53, 2705.3, 2808.0, 2813.83, 2822.43, 2862.87, 2885.2, 2889.67, 2938.27, 3010.23, 3046.67, 3113.4, 3161.13, 3202.93, 3288.7, 3343.67, 3353.87, 3412.63, 3472.77, 3538.67, 3697.53, 3709.27, 3746.07, 3759.73, 3958.1, 4091.07, 4207.5]"
60200,3311.4876666666669,5156.8386935399813,2438.7810691366358,2837.7489999999998,3382.02,3641.5389999999998,"[1874.1, 2426.53, 2606.83, 2665.7, 2695.43, 2719.97, 2765.6, 2802.13, 2817.33, 2846.5, 3151.43, 3185.17, 3308.07, 3371.6, 3376.97, 3387.07, 3402.3, 3425.97, 3452.23, 3556.13, 3615.7, 3701.83, 3708.33, 3716.3, 3739.0, 3813.87, 3921.87, 4294.3, 4359.8, 4636.57]"
60550,3160.7516666666666,4922.1039412007422,2327.7699042943946,2961.9699999999998,3057.5999999999999,3429.6589999999997,"[1859.43, 2103.53, 2555.03, 2664.83, 2703.3, 2704.13, 2846.37, 2931.33, 2947.83, 2968.03, 2979.37, 3000.83, 3013.07, 3015.57, 3035.43, 3079.77, 3107.27, 3231.2, 3320.73, 3396.2, 3403.67, 3490.3, 3599.3, 3687.2, 3691.8, 3704.3, 3776.23, 3922.43, 3948.7, 4135.37]"
60900,3088.6646666666666,4809.8459265799565,2274.6806499690665,2788.7699999999995,3169.1300000000001,3385.2400000000002,"[1798.13, 2103.3, 2192.87, 2404.93, 2563.73, 2663.5, 2711.63, 2719.07, 2748.87, 2805.87, 2871.97, 2973.27, 2976.6, 3148.2, 3159.23, 3179.03, 3186.2, 3220.2, 3333.6, 3343.57, 3379.3, 3399.1, 3471.47, 3500.83, 3549.53, 3625.17, 3696.13, 3730.7, 4088.87, 4115.07]"
61250,3083.8443333333335,4802.3394267976064,2271.1306631161506,2843.0589999999997,3084.6000000000004,3345.4589999999998,"[1482.47, 1835.4, 2378.7, 2564.17, 2594.67, 2653.83, 2670.53, 2800.37, 2800.73, 2861.2, 2893.9, 2932.2, 2988.47, 2998.4, 3043.63, 3125.57, 3140.23, 3142.8, 3192.8, 3257.53, 3344.1, 3348.63, 3364.17, 3540.13, 3603.77, 3769.2, 3829.4, 3882.43, 4100.03, 4375.87]"
61600,3020.0773333333332,4703.0377937941012,2224.1687631818604,2797.9110000000001,3041.4200000000001,3315.1489999999999,"[1725.33, 1752.47, 1899.43, 1964.3, 2448.7, 2472.97, 2635.87, 2674.83, 2751.2, 2817.93, 2841.57, 2974.2, 2983.5, 3008.17, 3022.97, 3059.87, 3081.57, 3101.3, 3136.83, 3221.3, 3302.27, 3345.2, 3379.33, 3461.0, 3571.27, 3644.77, 3851.37, 4017.4, 4178.1, 4277.3]"
61950,3032.8316666666665,4722.8995738350477,2233.5618305321918,2732.4299999999998,3069.4349999999999,3386.6810000000005,"[2084.97, 2145.43, 2182.67, 2379.23, 2404.67, 2496.97, 2633.83, 2685.43, 2705.97, 2743.77, 2854.0, 2880.67, 2885.03, 2945.57, 3024.6, 3114.27, 3152.17, 3152.17, 3210.97, 3271.83, 3377.63, 3407.8, 3464.37, 3500.03, 3549.73, 3564.4, 3600.97, 3685.97, 3905.7, 3974.13]"
62300,3251.4733333333334,5063.3809284951039,2394.5828613391359,3032.9389999999999,3278.6199999999999,3435.5609999999997,"[1611.27, 2016.77, 2302.03, 2682.3, 2725.53, 2785.6, 2924.13, 2942.2, 2971.43, 3059.3, 3103.37, 3142.47, 3214.03, 3220.67, 3256.37, 3300.87, 3330.77, 3336.23, 3394.13, 3413.63, 3430.23, 3448.0, 3598.6, 3647.13, 3692.57, 3915.27, 3926.47, 4069.87, 4179.03, 4903.93]"
62650,2911.8066666666664,4534.4324962831934,2144.4316544293883,2726.4110000000001,2932.8150000000001,3206.4519999999998,"[2050.53, 2112.27, 2425.67, 2463.0, 2483.37, 2484.8, 2492.5, 2505.67, 2698.67, 2738.3, 2743.37, 2834.2, 2853.8, 2896.57, 2924.03, 2941.6, 3062.93, 3064.77, 3080.2, 3154.33, 3198.43, 3225.17, 3233.6, 3273.53, 3301.9, 3337.23, 3349.5, 3383.23, 3501.73, 3539.3]"
63000,2968.163,4622.1938137372026,2185.935888385251,2618.8919999999998,2970.3999999999996,3153.8889999999997,"[1800.0, 2252.03, 2338.0, 2357.77, 2440.57, 2466.53, 2513.27, 2522.03, 2564.67, 2642.13, 2665.7, 2779.83, 2789.7, 2920.47, 2968.2, 2972.6, 3003.33, 3036.33, 3078.47, 3087.63, 3143.2, 3178.83, 3213.93, 3548.73, 3600.73, 3657.27, 3682.67, 3804.93, 3960.37, 4054.97]"
63350,3261.6639999999998,5079.2504196330656,2402.0878885203379,2861.558,3202.8850000000002,3440.2919999999995,"[2289.33, 2432.77, 2441.63, 2668.43, 2678.3, 2687.8, 2696.57, 2756.03, 2839.83, 2870.87, 2910.13, 2931.8, 2976.83, 3032.1, 3192.8, 3212.97, 3218.5, 3347.1, 3360.23, 3363.03, 3415.53, 3498.07, 3506.13, 3720.67, 3733.87, 4114.7, 4333.43, 4397.9, 4400.87, 4821.7]"
63700,3122.7249999999999,4862.8866329115035,2299.7647524943318,3060.1910000000003,3124.5500000000002,3302.2779999999998,"[2052.8, 2265.23, 2281.6, 2474.33, 2495.1, 2737.9, 2745.87, 2887.33, 3030.0, 3073.13, 3109.0, 3109.93, 3119.73, 3123.47, 3123.57, 3125.53, 3155.23, 3188.43, 3228.87, 3251.5, 3293.77, 3322.13, 3335.17, 3460.27, 3512.8, 3707.43, 3740.0, 3831.63, 3832.23, 4067.77]"
64050,3290.9443333333334,5124.8474355642984,2423.6517081142133,2977.8980000000001,3247.3699999999999,3555.7809999999999,"[2106.6, 2468.7, 2609.6, 2756.23, 2762.3, 2825.27, 2837.1, 2901.1, 2930.83, 2998.07, 3053.03, 3103.4, 3163.27, 3164.7, 3225.07, 3269.67, 3356.03, 3360.93, 3403.17, 3411.03, 3532.03, 3611.2, 3695.63, 3756.3, 3810.43, 3910.4, 4030.4, 4059.37, 4091.97, 4524.5]"
64400,3242.6833333333334,5049.6926358970395,2388.1093703418737,2921.4299999999998,3265.6999999999998,3551.0790000000006,"[1993.17, 2204.37, 2213.07, 2322.93, 2374.37, 2514.2, 2649.87, 2809.43, 2882.37, 2938.17, 3025.77, 3040.63, 3069.6, 3072.63, 3169.33, 3362.07, 3365.07, 3444.83, 3447.2, 3495.63, 3550.8, 3551.73, 3668.53, 3936.6, 3947.53, 4081.6, 4189.67, 4247.97, 4353.93, 4357.43]"
64750,3115.7559999999999,4852.0341060496248,2294.6323567309732,2824.3789999999999,3030.4650000000001,3414.212,"[2116.7, 2169.1, 2330.8, 2462.5, 2587.73, 2598.33, 2671.93, 2706.33, 2817.33, 2827.4, 2924.2, 2941.6, 2967.93, 2968.03, 2995.23, 3065.7, 3093.63, 3188.2, 3203.03, 3353.6, 3413.93, 3414.87, 3442.77, 3484.1, 3518.77, 3586.57, 3992.97, 4081.63, 4172.8, 4374.97]"
65100,3173.0966666666664,4941.3282838768646,2336.8615136642698,2969.4920000000002,3241.1999999999998,3391.5619999999999,"[2088.5, 2282.33, 2441.07, 2468.0, 2545.93, 2739.8, 2874.53, 2928.3, 2967.07, 2970.53, 3066.3, 3098.5, 3215.47, 3218.1, 3236.97, 3245.43, 3245.8, 3247.6, 3326.87, 3341.17, 3391.43, 3391.87, 3407.93, 3480.67, 3585.53, 3586.53, 3752.27, 3755.27, 3918.33, 4374.8]"
65450,3127.9826666666663,4871.0741732660445,2303.6368182319052,2833.3199999999997,3080.8499999999999,3355.6179999999999,"[1880.0, 2156.93, 2270.23, 2492.0, 2646.67, 2656.83, 2767.33, 2781.4, 2820.23, 2838.93, 2859.37, 2941.2, 2971.3, 3025.23, 3035.73, 3125.97, 3159.47, 3219.43, 3267.87, 3307.0, 3345.67, 3378.83, 3442.93, 3446.3, 3455.23, 3516.0, 3884.37, 4272.1, 4369.83, 4505.1]"
65800,3133.5250000000001,4879.7050128954743,2307.7185298288518,2875.6189999999997,3029.4700000000003,3380.0219999999999,"[2247.2, 2363.07, 2516.23, 2601.9, 2605.47, 2720.37, 2762.13, 2840.63, 2865.7, 2879.87, 2927.17, 2952.5, 2976.73, 2992.4, 3017.67, 3041.27, 3102.47, 3137.2, 3286.0, 3361.83, 3378.63, 3383.27, 3413.4, 3426.3, 3439.17, 3439.17, 3704.7, 4015.53, 4267.2, 4340.57]"
66150,3207.4970000000003,4994.8984577264246,2362.1960128833994,2843.1289999999999,3170.165,3379.3900000000003,"[2027.3, 2331.9, 2360.27, 2454.97, 2643.67, 2737.9, 2769.07, 2829.97, 2840.7, 2844.17, 2921.37, 2988.4, 3029.7, 3043.83, 3102.13, 3238.2, 3307.47, 3338.33, 3342.63, 3357.93, 3374.5, 3390.8, 3567.87, 3651.43, 3738.3, 3868.83, 4034.13, 4246.0, 4385.27, 4457.87]"
66500,3285.7440000000001,5116.7491779676966,2419.8218661328606,3031.192,3216.8850000000002,3594.7589999999996,"[1716.53, 2175.27, 2200.2, 2369.07, 2550.9, 2809.73, 2924.2, 2964.4, 3026.67, 3033.13, 3105.77, 3154.1, 3176.77, 3180.07, 3210.37, 3223.4, 3252.67, 3300.23, 3433.27, 3442.53, 3566.97, 3659.6, 3743.07, 3778.1, 3884.77, 3995.13, 4023.6, 4349.97, 4406.43, 4915.4]"
66850,3182.5216666666665,4956.0054349276907,2343.8026573103671,3032.8399999999997,3142.3499999999999,3463.5109999999995,"[2073.3, 2125.03, 2200.5, 2580.2, 2595.1, 2620.4, 2760.67, 2896.83, 3015.13, 3040.43, 3048.43, 3066.93, 3087.57, 3107.73, 3141.2, 3143.5, 3188.3, 3196.87, 3251.4, 3368.73, 3376.73, 3666.0, 3689.47, 3712.67, 3786.03, 3849.5, 3850.13, 3923.27, 4038.57, 4075.03]"
67200,3127.5343333333335,4870.3760028623901,2303.3066382777411,2697.3800000000001,3141.8699999999999,3519.6210000000001,"[1734.83, 1955.23, 2223.4, 2273.4, 2295.3, 2512.4, 2630.23, 2677.5, 2696.47, 2697.77, 2770.57, 2805.03, 3071.2, 3119.03, 3125.97, 3157.77, 3175.1, 3234.23, 3282.4, 3317.03, 3498.3, 3569.37, 3602.93, 3634.43, 3688.4, 3772.87, 3917.63, 3968.37, 4570.87, 4848.0]"
67550,3158.7616666666668,4919.0049989629561,2326.3043471744231,2790.8490000000002,3039.02,3310.3710000000001,"[2268.57, 2297.63, 2525.17, 2610.17, 2685.2, 2742.23, 2763.73, 2767.9, 2787.93, 2792.1, 2829.27, 2847.73, 2905.4, 3022.6, 3036.27, 3041.77, 3053.77, 3222.73, 3236.73, 3261.93, 3303.33, 3326.8, 3544.27, 3575.1, 3677.03, 3714.33, 3948.2, 4026.43, 4362.2, 4586.33]"
67900,3404.9683333333332,5302.4121540172855,2507.6259217060006,2885.1189999999997,3234.75,3675.3619999999996,"[2498.83, 2539.53, 2563.97, 2690.1, 2781.53, 2835.2, 2840.2, 2859.5, 2863.3, 2894.47, 2943.33, 2988.0, 3060.43, 3192.53, 3230.03, 3239.47, 3434.03, 3523.23, 3586.1, 3635.17, 3640.13, 3757.57, 3781.43, 3851.53, 4145.5, 4164.13, 4192.47, 4664.97, 4808.6, 4943.77]"
68250,2948.8049999999998,4592.048424873341,2171.6794789739884,2675.6390000000001,2896.3150000000001,3175.6310000000003,"[1969.23, 2008.8, 2074.43, 2422.93, 2434.23, 2459.17, 2523.57, 2571.63, 2657.53, 2683.4, 2765.37, 2788.97, 2876.5, 2887.5, 2892.13, 2900.5, 3015.0, 3034.0, 3144.23, 3168.5, 3172.13, 3183.8, 3282.67, 3373.07, 3455.13, 3474.43, 3626.33, 3752.93, 3873.37, 3992.67]"
68600,3000.9769999999999,4673.2936582551665,2210.1021151866344,2757.1700000000001,3029.6149999999998,3181.6199999999999,"[2179.77, 2185.53, 2242.2, 2249.33, 2450.83, 2511.53, 2605.87, 2629.97, 2755.63, 2757.83, 2776.23, 2848.87, 2901.33, 2927.13, 2989.6, 3069.63, 3085.2, 3088.23, 3101.27, 3101.47, 3158.43, 3235.73, 3246.23, 3316.2, 3413.13, 3433.33, 3501.77, 3516.2, 4336.27, 4414.57]"
68950,3256.21,5070.7571377411605,2398.0712309664054,2902.4790000000003,3280.1849999999999,3450.4700000000003,"[2191.4, 2303.33, 2626.0, 2655.3, 2662.6, 2673.37, 2776.47, 2796.03, 2896.83, 2904.9, 2974.1, 3090.2, 3133.87, 3175.7, 3229.17, 3331.2, 3379.97, 3389.6, 3403.27, 3448.37, 3448.67, 3454.67, 3608.37, 3642.77, 3674.93, 3737.47, 3966.9, 4202.4, 4323.27, 4585.17]"
69300,2990.6546666666668,4657.2191282254253,2202.5001206582988,2736.0500000000002,3101.1849999999999,3192.2099999999996,"[2136.6, 2155.37, 2195.03, 2244.9, 2278.43, 2544.17, 2580.67, 2609.33, 2715.4, 2744.9, 2868.3, 2907.7, 2922.9, 3038.9, 3084.67, 3117.7, 3119.97, 3145.43, 3154.73, 3156.8, 3179.37, 3222.17, 3269.3, 3375.33, 3427.47, 3496.57, 3506.33, 3613.23, 3889.3, 4018.67]"
69650,3211.0810000000001,5000.4796682692531,2364.8354886210768,2814.5900000000001,3134.3000000000002,3645.9989999999989,"[1915.33, 1967.53, 2275.6, 2286.53, 2300.6, 2775.87, 2788.37, 2790.47, 2806.47, 2818.07, 2951.8, 2962.83, 3027.03, 3036.43, 3132.4, 3136.2, 3154.67, 3246.23, 3367.9, 3377.4, 3520.8, 3938.13, 3962.97, 3971.83, 3997.67, 4014.47, 4125.13, 4129.8, 4177.97, 4375.93]"
70000,3047.5820000000003,4745.8696396582172,2244.4248737676812,2823.4479999999999,3008.8800000000001,3197.2190000000001,"[2156.57, 2180.73, 2287.13, 2329.37, 2414.13, 2534.8, 2593.5, 2688.53, 2771.13, 2845.87, 2856.5, 2901.27, 2966.77, 2997.97, 3004.63, 3013.13, 3059.7, 3070.4, 3101.67, 3161.6, 3196.7, 3198.43, 3217.57, 3235.97, 3515.7, 3684.77, 3770.83, 3807.43, 3814.13, 5050.53]"
70350,3138.9276666666669,4888.1183555738753,2311.6973823917501,2809.1000000000004,3079.5650000000001,3266.2800000000002,"[2150.4, 2396.37, 2452.1, 2460.13, 2466.77, 2670.83, 2699.13, 2732.0, 2777.53, 2822.63, 2866.1, 2885.8, 3018.0, 3035.33, 3064.33, 3094.8, 3117.4, 3161.13, 3181.6, 3226.57, 3254.4, 3294.0, 3450.07, 3550.2, 3554.3, 3654.47, 3884.9, 4089.17, 4332.87, 4824.5]"
70700,3200.3820000000001,4983.818571283281,2356.9560938338523,2940.6210000000001,3260.3499999999999,3537.6199999999999,"[2045.83, 2230.53, 2288.1, 2317.6, 2610.87, 2673.73, 2681.27, 2780.8, 2925.97, 2946.9, 2953.83, 3033.3, 3174.13, 3183.87, 3257.5, 3263.2, 3323.5, 3396.2, 3421.7, 3528.73, 3535.7, 3542.1, 3566.43, 3576.23, 3620.67, 3701.9, 3712.6, 3987.67, 3989.13, 4741.47]"
71050,3240.0316666666668,5045.5633083423336,2386.1565216166855,2920.2699999999995,3139.2150000000001,3539.8189999999995,"[2012.63, 2470.8, 2550.6, 2564.0, 2665.77, 2670.6, 2698.67, 2730.9, 2778.73, 2980.93, 2988.0, 2992.53, 3014.77, 3107.9, 3118.43, 3160.0, 3409.27, 3442.03, 3485.07, 3499.33, 3525.5, 3573.23, 3613.83, 3767.47, 3860.3, 3888.03, 3975.03, 4198.03, 4204.07, 4254.5]"
71400,3145.1070000000004,4897.7411681708772,2316.2482195592606,2853.1210000000001,3141.6149999999998,3475.2999999999997,"[1932.07, 1986.13, 2405.27, 2489.9, 2550.83, 2650.97, 2665.4, 2753.9, 2826.5, 2864.53, 2887.2, 2981.93, 2988.5, 3101.07, 3135.6, 3147.63, 3244.27, 3295.03, 3363.7, 3422.1, 3437.17, 3564.27, 3609.57, 3634.87, 3644.3, 3684.37, 3812.1, 3813.7, 3875.6, 4584.73]"
71750,3067.2649999999999,4776.5211371790028,2258.9206329598433,2747.3879999999999,3029.3150000000001,3349.1909999999998,"[2131.37, 2200.37, 2508.03, 2556.43, 2559.3, 2568.2, 2581.97, 2634.77, 2685.83, 2773.77, 2811.37, 2917.03, 2939.17, 2955.1, 3025.6, 3033.03, 3063.93, 3133.3, 3205.0, 3304.67, 3305.7, 3450.67, 3525.27, 3541.93, 3579.77, 3621.0, 3694.5, 3876.13, 3884.77, 3949.97]"
72100,3118.2966666666666,4855.9905780322742,2296.5034583002243,2832.6599999999999,3156.9499999999998,3499.6919999999991,"[2092.27, 2196.27, 2258.3, 2263.2, 2309.73, 2535.37, 2536.83, 2570.93, 2752.3, 2867.1, 2940.2, 3031.57, 3057.7, 3059.77, 3137.97, 3175.93, 3196.23, 3205.77, 3207.13, 3218.67, 3438.93, 3641.47, 3661.13, 3712.6, 3763.17, 3883.7, 3886.03, 3943.83, 3977.27, 4027.53]"
72450,3038.5679999999998,4731.8325214012248,2237.7864155368134,2625.0,2871.6350000000002,3273.8789999999999,"[2390.6, 2395.87, 2433.37, 2433.73, 2454.23, 2457.2, 2515.97, 2556.4, 2620.87, 2626.77, 2636.9, 2725.5, 2744.57, 2769.47, 2822.0, 2921.27, 3110.6, 3125.83, 3135.7, 3218.7, 3241.5, 3349.43, 3503.93, 3534.53, 3674.2, 3770.8, 3780.1, 3922.47, 4037.5, 4247.03]"
72800,3187.4626666666668,4963.6998437703569,2347.44151044091,2864.8679999999999,3106.7799999999997,3356.2800000000002,"[2360.63, 2388.9, 2516.13, 2579.47, 2625.63, 2667.43, 2699.13, 2709.33, 2846.43, 2872.77, 2934.5, 2954.57, 3044.07, 3069.13, 3080.13, 3133.43, 3208.7, 3288.07, 3316.47, 3337.67, 3344.13, 3384.63, 3468.67, 3613.23, 3789.43, 3790.6, 4011.63, 4043.77, 4055.33, 4489.87]"
73150,3205.4466666666663,4991.7055609584795,2360.686022624614,2803.7380000000003,3176.9650000000001,3403.3800000000001,"[2057.17, 2137.77, 2245.3, 2496.4, 2603.83, 2729.47, 2738.6, 2798.2, 2802.73, 2804.17, 2844.67, 2905.43, 2955.53, 3053.57, 3147.83, 3206.1, 3272.13, 3292.5, 3323.87, 3366.2, 3392.1, 3429.7, 3589.03, 3761.73, 3871.5, 4021.3, 4073.57, 4076.5, 4310.7, 4855.8]"
73500,3287.076333333333,5118.8239639181875,2420.8030774910721,2848.0790000000002,3260.9350000000004,3543.692,"[2442.97, 2525.17, 2551.13, 2695.07, 2704.33, 2740.77, 2779.73, 2815.57, 2827.8, 2856.77, 2868.47, 3038.87, 3149.93, 3154.67, 3237.3, 3284.57, 3295.37, 3309.17, 3437.6, 3496.63, 3529.43, 3576.97, 3657.57, 3659.83, 3689.0, 3843.0, 3883.1, 4087.87, 4726.23, 4747.4]"
73850,2966.9720000000002,4620.3391201667491,2185.0587634958611,2877.848,2967.1149999999998,3139.1109999999994,"[2236.87, 2307.73, 2430.8, 2550.2, 2622.07, 2626.67, 2628.73, 2737.67, 2877.33, 2878.07, 2918.0, 2923.87, 2944.97, 2953.0, 2955.8, 2978.43, 2983.57, 3013.1, 3028.87, 3073.63, 3117.7, 3189.07, 3191.67, 3230.77, 3301.27, 3329.07, 3360.87, 3373.83, 3563.73, 3681.8]"
74200,3207.5013333333336,4994.9052058418501,2362.1992042138113,2842.741,3232.8299999999999,3499.0419999999999,"[2203.5, 2325.03, 2332.3, 2459.67, 2617.13, 2703.93, 2710.4, 2714.3, 2769.5, 2874.13, 2993.63, 3067.53, 3079.33, 3203.6, 3220.53, 3245.13, 3254.83, 3321.33, 3322.57, 3447.0, 3466.03, 3576.07, 3662.6, 3710.8, 3817.83, 3817.97, 3914.17, 3940.53, 4129.37, 4324.3]"
74550,3280.3853333333332,5108.4043546151552,2415.8754178479917,2823.5790000000002,3087.7800000000002,3709.02,"[2116.57, 2271.0, 2417.77, 2483.1, 2658.6, 2682.27, 2685.1, 2742.37, 2801.83, 2832.9, 2843.93, 2859.57, 2868.47, 2940.13, 2996.53, 3179.03, 3280.2, 3315.37, 3587.2, 3651.47, 3705.0, 3718.4, 3727.5, 3807.43, 3826.23, 3835.6, 4182.33, 4342.03, 4724.43, 5329.2]"
74900,3085.6480000000001,4805.1482000720889,2272.4589930284064,2822.54,3019.4349999999999,3205.7389999999996,"[2252.03, 2295.47, 2513.23, 2532.3, 2592.6, 2683.27, 2712.17, 2766.97, 2800.63, 2831.93, 2851.03, 2862.87, 2876.8, 2989.8, 3011.1, 3027.77, 3030.1, 3121.77, 3123.17, 3134.2, 3162.8, 3305.93, 3368.8, 3376.57, 3444.03, 3631.3, 3662.07, 3984.5, 4253.33, 4370.9]"
75250,3249.346,5060.068122906905,2393.0161635937998,2900.951,3190.0999999999999,3555.9699999999993,"[2122.43, 2232.73, 2263.53, 2479.63, 2643.63, 2653.53, 2736.47, 2796.13, 2835.97, 2928.8, 2929.57, 2939.5, 3067.67, 3163.4, 3187.87, 3192.33, 3235.8, 3452.83, 3495.23, 3506.33, 3512.83, 3656.63, 3755.0, 3787.5, 3895.77, 3930.57, 4144.93, 4238.87, 4271.67, 4423.23]"
75600,3240.6996666666664,5046.6035562894895,2386.6484774740425,2945.8490000000002,3173.7849999999999,3392.1119999999996,"[2140.0, 2466.47, 2587.47, 2596.83, 2603.87, 2774.37, 2853.77, 2911.97, 2943.63, 2946.8, 2980.1, 3062.03, 3135.37, 3164.23, 3170.97, 3176.6, 3192.47, 3226.63, 3233.23, 3361.2, 3390.93, 3394.87, 3438.83, 3618.33, 3876.37, 3887.37, 4081.47, 4085.27, 4375.67, 4543.87]"
75950,3170.6856666666667,4937.5737362711834,2335.0859065204245,2929.1889999999999,3124.6999999999998,3425.5689999999995,"[2214.53, 2387.07, 2441.53, 2475.73, 2513.5, 2581.13, 2893.07, 2908.1, 2912.83, 2936.2, 2962.1, 3004.8, 3089.67, 3089.97, 3097.27, 3152.13, 3223.8, 3251.77, 3262.17, 3269.77, 3390.1, 3508.33, 3537.63, 3546.27, 3721.4, 3750.73, 3787.7, 3916.87, 3996.17, 4298.23]"
76300,3297.3180000000002,5134.7728751838513,2428.3456641763541,3060.3579999999997,3302.4350000000004,3592.261,"[2017.73, 2513.67, 2611.4, 2747.43, 2907.53, 2924.87, 2943.7, 2973.8, 2982.63, 3093.67, 3143.47, 3157.2, 3195.77, 3273.27, 3301.8, 3303.07, 3367.3, 3431.13, 3460.97, 3507.4, 3573.13, 3636.9, 3651.17, 3697.07, 3708.7, 3713.27, 3779.53, 3796.33, 4094.7, 4410.93]"
76650,3173.4906666666666,4941.9418432947978,2337.1516792448069,2800.8420000000001,3009.1500000000001,3622.2200000000003,"[2115.83, 2289.03, 2317.63, 2468.67, 2619.8, 2727.63, 2732.3, 2769.47, 2796.67, 2802.63, 2846.17, 2884.83, 2929.0, 2931.83, 3004.9, 3013.4, 3019.03, 3100.1, 3140.97, 3546.3, 3616.67, 3635.17, 3644.17, 3777.03, 3787.5, 3846.17, 4041.13, 4042.43, 4358.63, 4399.63]"
77000,3130.096,4874.3651772505627,2305.1932055251414,2734.8389999999999,3043.5,3506.9580000000001,"[2296.23, 2331.53, 2420.97, 2430.23, 2530.77, 2537.4, 2606.3, 2644.97, 2704.9, 2747.67, 2786.53, 2795.3, 2844.23, 2886.37, 3036.47, 3050.53, 3053.4, 3103.03, 3272.5, 3299.57, 3464.07, 3607.03, 3624.4, 3678.23, 3773.03, 3855.5, 3909.73, 3939.73, 4265.93, 4406.33]"
77350,3114.1100000000001,4849.4708603594754,2293.4201421483235,2676.4409999999998,3009.915,3358.2999999999997,"[2299.23, 2302.63, 2459.9, 2499.53, 2501.57, 2555.9, 2588.0, 2633.87, 2638.2, 2692.83, 2721.37, 2726.23, 2841.83, 2857.9, 2961.3, 3058.53, 3144.63, 3167.1, 3218.33, 3341.0, 3352.6, 3371.6, 3375.07, 3394.5, 3508.37, 3838.67, 3973.9, 4017.77, 4221.27, 5159.67]"
77700,3304.2993333333334,5145.6446082204038,2433.4871429570389,2895.2780000000002,3457.6849999999999,3601.4319999999998,"[2446.07, 2451.17, 2502.97, 2624.67, 2627.9, 2673.87, 2685.3, 2714.27, 2805.23, 2933.87, 2977.57, 3126.33, 3331.73, 3444.63, 3452.97, 3462.4, 3474.87, 3476.03, 3482.87, 3491.0, 3595.33, 3615.67, 3669.5, 3708.4, 3745.0, 3799.43, 3891.7, 3998.43, 4390.93, 4528.87]"
78050,3072.9263333333338,4785.3372904397365,2263.0899833996427,2708.0999999999999,2936.23,3371.9889999999996,"[2068.8, 2127.93, 2203.53, 2311.63, 2554.0, 2621.83, 2641.3, 2645.97, 2657.63, 2729.73, 2805.3, 2865.27, 2879.53, 2908.2, 2932.63, 2939.83, 2940.57, 2982.07, 3142.6, 3317.0, 3337.3, 3452.93, 3514.87, 3551.07, 3727.97, 3787.3, 3871.27, 4038.93, 4197.97, 4432.83]"
78400,3172.1059999999998,4939.7855608733962,2336.1319264346953,2780.6409999999996,3071.8649999999998,3525.1199999999999,"[2322.27, 2355.03, 2565.5, 2578.77, 2620.37, 2648.83, 2682.5, 2700.47, 2761.37, 2788.9, 2846.53, 2912.2, 3043.13, 3060.63, 3067.03, 3076.7, 3213.0, 3283.47, 3306.13, 3377.4, 3484.47, 3619.97, 3640.1, 3661.4, 3670.17, 3733.0, 3815.8, 3950.9, 4045.57, 4331.57]"
78750,3035.8393333333329,4727.5832850262614,2235.7768593250735,2722.5200000000004,2958.6500000000001,3271.3699999999994,"[1637.13, 2333.47, 2454.6, 2503.5, 2510.27, 2632.4, 2635.47, 2703.37, 2719.3, 2723.9, 2736.27, 2761.5, 2846.97, 2894.83, 2914.9, 3002.4, 3023.57, 3023.73, 3103.2, 3113.93, 3212.6, 3408.5, 3430.33, 3449.17, 3655.47, 3816.27, 3836.73, 3852.8, 4023.17, 4115.43]"
79100,3047.8363333333332,4746.2657021251234,2244.6121803141696,2774.4700000000003,3033.6000000000004,3382.2109999999993,"[2052.7, 2129.13, 2169.77, 2287.03, 2359.27, 2467.67, 2490.9, 2500.83, 2760.33, 2780.53, 2854.17, 2863.83, 2866.3, 2893.1, 2976.67, 3090.53, 3111.6, 3138.33, 3151.7, 3257.97, 3358.73, 3437.0, 3521.37, 3546.13, 3596.1, 3666.1, 3687.8, 3840.27, 4203.7, 4375.53]"
79450,3062.8276666666666,4769.6110669831196,2255.6527106179569,2613.3299999999999,2936.9200000000001,3376.6990000000001,"[2209.4, 2261.13, 2313.53, 2333.47, 2429.7, 2470.93, 2561.2, 2579.77, 2594.57, 2621.37, 2687.43, 2697.3, 2877.17, 2889.4, 2906.87, 2966.97, 2986.57, 3080.93, 3084.0, 3274.83, 3361.3, 3412.63, 3518.2, 3600.13, 3622.13, 3753.0, 3905.5, 3998.03, 4256.6, 4630.77]"
79800,3043.3986666666669,4739.3551128434383,2241.3440124853282,2821.049,3099.2349999999997,3239.0319999999997,"[2156.03, 2218.07, 2401.13, 2427.37, 2541.8, 2558.9, 2584.7, 2631.93, 2722.3, 2863.37, 2924.17, 2935.13, 2946.3, 3026.5, 3077.77, 3120.7, 3124.23, 3125.43, 3128.93, 3164.7, 3188.83, 3356.17, 3382.13, 3382.83, 3431.03, 3510.5, 3512.67, 3588.4, 3930.87, 4339.07]"
