generation,agents,minScore,maxScore,meanScore,standardDeviation,w0,w1,w2,w3,w4,w5,w6,w7,w8,w9,w10,w11,w12,w13,w14,w15,w16,w17,w18,w19,w20,w21,s0,s1,s2,s3,s4,s5,s6,s7,s8,s9,s10,s11,s12,s13,s14,s15,s16,s17,s18,s19,s20,s21,s22,s23,s24,s25,s26,s27,s28,s29
0,200,0,14,4.03333,3.53781,-0.604498,2.09855,-0.282298,-0.174281,-3.05052,-0.0129027,-0.318527,-1.11794,1.96281,-0.389605,-0.944913,1.02387,1.87964,-0.26317,0.406538,-3.28903,-0.587175,0.650083,-0.899152,-2.69319,-2.86329,-3.32044,0,0,0,0,0,1,1,1,2,2,2,2,2,3,3,3,4,4,5,5,5,6,6,6,8,8,9,9,10,14
1,400,1,38,17.5,9.97843,-0.392479,1.74298,-0.583977,-1.93291,-4.69393,-2.26704,-1.67271,-1.1765,1.09288,-0.25508,-0.869826,1.20289,1.136,-1.83818,-0.869577,-3.94418,0.503153,-0.998714,0.615107,-2.66395,-4.33811,-7.82259,1,2,6,9,9,9,10,11,11,11,12,12,12,13,13,14,17,18,18,21,24,24,25,28,28,29,31,32,37,38
2,600,15,260,90.5,58.6837,-1.09017,-0.286532,-5.77283,-4.79977,-4.54839,-2.18408,-1.98615,-3.62932,1.33971,-1.22356,-1.93226,1.33745,2.0222,-2.31361,-1.1062,-2.90278,-2.0595,-2.67801,-0.983317,-7.28919,-6.52651,-11.1556,15,27,29,30,36,37,40,40,41,46,52,59,74,78,85,85,86,96,100,101,107,120,125,130,133,142,149,170,222,260
3,800,29,243,90.2,43.6533,-1.32335,-0.270912,-6.46346,-8.14384,-7.67671,-3.60144,-2.83429,-3.32109,2.07516,-3.12554,-3.13864,-1.66462,-0.260325,-3.53149,-3.18998,-3.96911,-4.72385,-4.4512,-1.4557,-10.0704,-8.41278,-15.0309,29,30,38,46,49,52,55,57,65,72,73,77,77,78,81,86,90,94,100,101,102,107,116,117,122,122,129,145,153,243
4,1000,39,207,108.3,46.493,0.2061,-1.12103,-8.18399,-9.25522,-7.88179,-6.36,-3.69406,-4.37769,2.42762,-6.26305,-4.96956,-3.87369,-2.53336,-5.15541,-5.03951,-5.05109,-5.19499,-5.88488,-2.34122,-11.0643,-13.8313,-18.7675,39,44,48,63,63,65,68,74,78,80,82,89,93,94,97,99,99,107,113,116,127,132,149,151,154,158,169,187,204,207
5,1200,32,169,80.1667,36.8371,-0.352726,-2.99811,-9.31539,-10.4263,-9.05704,-9.23304,-5.36144,-5.42114,1.7891,-6.91446,-3.47748,-3.89992,-4.58518,-6.99538,-7.66915,-6.19824,-8.31159,-9.94268,-2.61841,-11.9084,-18.6276,-19.8743,32,33,35,35,36,39,46,51,56,63,64,66,67,73,77,80,81,83,84,93,93,95,97,98,107,125,135,143,149,169
6,1400,30,230,87.9667,46.6006,-1.25715,-1.41374,-8.41845,-10.409,-8.188,-8.35298,-7.19566,-5.39521,0.513804,-7.87643,-2.18556,-6.56577,-6.00753,-9.04288,-9.37645,-8.57256,-10.8515,-9.67245,-3.99716,-13.6377,-23.7249,-20.6103,30,34,39,47,48,59,62,63,66,67,67,67,67,68,68,70,72,79,85,85,86,99,117,121,123,125,141,148,206,230
7,1600,35,191,97.4333,38.6136,-1.17566,-1.69951,-8.33137,-11.0544,-9.21809,-9.47603,-7.34253,-6.84041,-0.754886,-9.82439,-1.67141,-7.39137,-7.86207,-11.5592,-10.7747,-11.7073,-9.66848,-9.00725,-5.28004,-13.8928,-26.9157,-22.853,35,40,50,53,54,66,69,70,73,82,83,86,86,88,89,90,94,98,104,106,106,112,115,126,136,140,144,168,169,191
8,1800,36,292,114.467,64.1634,0.694941,-2.2422,-8.95644,-10.7563,-9.43437,-9.67487,-7.46399,-9.27792,-2.50315,-12.1529,-2.17773,-7.48073,-8.48167,-12.0397,-12.1676,-11.746,-11.3305,-10.8631,-7.50801,-12.1327,-26.6141,-24.2633,36,36,43,48,50,57,65,66,77,81,82,86,86,89,93,98,105,116,120,126,128,129,148,154,165,192,210,214,242,292
9,2000,39,239,114.867,57.8135,0.305048,-1.80871,-8.91502,-9.43614,-9.19503,-10.6352,-8.76302,-10.8592,-3.92979,-12.4239,-4.15893,-9.21742,-9.22343,-12.3996,-13.6974,-12.4694,-11.1754,-13.0296,-8.15146,-11.9382,-27.2893,-26.2215,39,54,55,57,62,65,67,73,77,77,78,80,81,82,90,91,101,121,122,132,134,146,152,161,161,188,200,225,236,239
10,2200,33,302,135.433,75.041,0.658498,-3.03955,-9.65994,-10.7187,-10.4762,-12.3052,-8.90155,-11.9078,-5.28271,-13.1135,-3.05287,-9.59174,-8.88929,-14.1619,-12.2262,-11.5134,-10.3748,-14.2784,-9.02414,-11.6759,-27.0919,-27.1649,33,37,42,53,68,75,76,83,84,86,93,94,95,104,109,118,118,125,149,156,179,179,183,203,214,226,247,249,283,302
11,2400,44,390,141.133,83.6568,2.94006,-4.0097,-9.50563,-9.61173,-9.35784,-12.1786,-8.93232,-12.3325,-5.95827,-12.9007,-2.46863,-10.134,-8.09541,-14.926,-13.4212,-11.6223,-10.9387,-11.7313,-8.21934,-12.2102,-26.1094,-28.601,44,52,53,54,66,68,69,75,76,92,92,100,103,109,115,132,133,136,152,152,156,162,184,203,214,234,245,281,292,390
12,2600,54,552,146.8,95.4746,2.64947,-3.53876,-10.3841,-9.29184,-10.9559,-12.1519,-9.45807,-12.9253,-6.66403,-14.3634,-2.41,-9.99513,-8.67562,-14.0618,-12.1167,-11.976,-11.9742,-11.4728,-8.90216,-11.5152,-26.4975,-30.7787,54,62,65,67,77,82,88,90,95,103,104,106,107,110,113,115,116,141,148,165,169,170,178,185,200,208,213,241,280,552
13,2800,53,423,157.9,91.7344,2.78539,-2.4528,-11.6387,-10.4034,-11.128,-11.794,-10.1408,-13.5574,-8.69539,-14.6792,-3.18671,-9.01521,-7.88636,-13.8467,-11.3453,-9.28845,-10.8785,-10.5436,-8.40451,-9.58901,-25.999,-30.4823,53,54,57,66,69,71,83,85,96,101,108,109,110,124,135,142,152,159,171,177,177,181,184,240,244,250,288,301,327,423
14,3000,58,564,208.333,134.122,3.00048,-1.5527,-14.3105,-12.3853,-10.5449,-12.9515,-9.46597,-13.9334,-9.1628,-14.6963,-2.98456,-10.2574,-7.76781,-14.2076,-10.6337,-9.16529,-10.3243,-10.2603,-8.09791,-8.7557,-25.9017,-32.4119,58,63,71,72,79,91,108,125,145,149,149,160,163,166,173,174,185,201,201,210,227,227,235,264,279,289,364,517,541,564
15,3200,97,2388,349.833,412.598,2.32605,-2.82288,-14.5741,-12.2126,-10.636,-12.987,-10.0858,-14.5203,-8.96699,-15.1621,-2.14899,-10.2945,-8.85237,-14.8044,-9.49123,-8.25,-10.75,-11.3682,-8.4257,-9.26893,-22.4617,-35.4293,97,105,110,110,111,115,116,130,158,160,192,202,211,226,252,291,302,330,336,360,371,397,408,418,492,508,514,517,568,2388
16,3400,53,1028,344.533,235.109,0.627356,-2.23391,-14.1599,-12.0003,-10.3111,-13.1854,-9.76299,-13.8337,-9.88655,-15.3564,-2.09287,-9.34419,-8.34075,-14.2437,-9.10417,-8.60475,-10.6436,-10.6648,-10.7805,-10.0337,-19.9534,-38.2996,53,78,79,85,128,158,179,181,183,199,200,237,252,259,262,263,265,284,325,420,439,475,483,530,610,614,655,687,725,1028
17,3600,54,1002,402.333,265.682,1.30198,-1.70889,-14.023,-11.2757,-10.8621,-14.2541,-10.0897,-13.2933,-10.4647,-15.8252,-1.47479,-9.05135,-8.68135,-13.9685,-10.9358,-8.4051,-11.0759,-10.6194,-10.8605,-10.1449,-20.0744,-39.0723,54,55,62,74,99,148,200,210,217,249,251,294,294,297,311,318,390,463,479,499,500,509,599,625,663,706,788,803,911,1002
18,3800,46,1723,500.4,417.201,2.64776,-2.00045,-15.3108,-11.643,-11.0215,-14.3796,-9.70633,-12.1043,-9.95662,-15.7409,-2.42295,-9.29298,-8.38408,-13.1777,-11.6765,-7.69435,-11.1114,-10.8216,-10.4609,-9.85199,-19.3635,-41.1533,46,81,103,128,150,154,176,182,208,214,220,244,293,368,371,383,425,481,494,519,543,553,661,772,948,948,1149,1199,1276,1723
19,4000,93,1875,647.433,476.707,2.28206,-1.89779,-14.8443,-11.4495,-10.9404,-14.3452,-8.81538,-13.5399,-11.863,-15.6154,-2.26927,-8.86227,-8.57306,-13.5708,-13.5193,-6.59243,-11.536,-10.5968,-10.5863,-9.69313,-19.2106,-41.8508,93,109,117,163,225,281,299,323,323,347,368,373,378,390,502,527,540,661,701,752,771,825,837,857,1004,1253,1367,1570,1592,1875
20,4200,106,3365,869.067,756.48,0.585145,-2.20019,-14.8408,-10.2706,-11.9534,-14.2318,-9.27723,-12.9909,-12.0409,-16.1114,-3.15411,-8.18485,-8.44245,-11.9755,-11.81,-7.49057,-11.8597,-10.9466,-10.1494,-9.07184,-17.6674,-42.794,106,169,186,211,242,286,312,353,413,414,416,419,432,456,580,588,617,658,667,1037,1050,1331,1467,1468,1517,1552,1657,1668,2435,3365
21,4400,175,4075,1143.4,1046.67,0.760903,-2.80457,-17.1076,-10.1336,-12.9629,-14.4415,-8.9163,-13.0168,-12.7095,-16.3885,-2.06599,-9.73691,-8.33413,-11.9977,-11.1703,-8.37173,-11.9471,-11.0581,-10.6536,-9.33602,-18.5982,-43.9398,175,182,203,235,270,311,326,357,415,444,451,466,476,517,578,699,890,919,1108,1417,1498,1679,1716,1838,1970,2004,2853,3030,3200,4075
22,4600,68,3074,668.4,562.727,0.798095,-2.37111,-17.5549,-9.9963,-12.8613,-13.83,-8.70466,-14.2594,-12.898,-15.752,-2.40074,-8.8146,-8.76804,-13.8798,-11.2362,-9.41806,-12.3811,-11.106,-11.213,-9.10092,-19.4242,-46.0299,68,179,205,262,265,278,290,409,429,433,441,445,496,511,517,519,564,649,660,703,705,716,787,797,856,947,991,1146,1710,3074
23,4800,91,3868,974.967,1036.34,0.499282,-2.41697,-17.4145,-10.3012,-11.1547,-14.0311,-8.49856,-14.4691,-13.8127,-16.4505,-1.63474,-9.02692,-9.71803,-14.9391,-12.0356,-9.14771,-13.0603,-10.9367,-11.1079,-8.3336,-17.6311,-47.1293,91,102,147,165,177,186,230,274,320,342,386,407,477,482,545,546,560,673,675,688,1074,1188,1421,1512,1825,1966,2633,2708,3581,3868
24,5000,54,5368,1213.2,1125.23,3.39649,-3.237,-18.6653,-9.96023,-11.3778,-13.8468,-9.48263,-14.9103,-13.7022,-16.4514,-0.848423,-11.1478,-10.6767,-14.5084,-12.7212,-9.44662,-12.1813,-11.4728,-10.8305,-8.39678,-16.0343,-48.9338,54,137,248,258,281,315,348,395,435,488,512,563,654,671,988,999,1136,1325,1329,1357,1530,1536,1659,1694,1828,1837,2631,2761,3059,5368
25,5200,203,7051,1715.47,1337.16,0.235457,-2.90245,-19.2677,-10.8762,-11.4027,-12.4752,-9.88411,-15.4976,-14.2821,-15.874,-2.44297,-10.9015,-10.8371,-13.4954,-11.6824,-9.67392,-12.4772,-12.4487,-10.5123,-9.81539,-14.3057,-50.7985,203,220,298,299,590,594,681,801,928,968,1301,1358,1400,1549,1570,1686,1729,1854,1925,1945,2076,2109,2225,2255,2298,2454,2462,2524,4111,7051
26,5400,149,3452,1405.4,998.892,0.907454,-3.1184,-18.7984,-11.6277,-12.5008,-13.1376,-10.544,-15.6004,-14.1354,-15.9487,-3.546,-12.4536,-9.56225,-13.4866,-11.0741,-10.08,-11.4566,-13.9268,-10.2374,-8.70045,-13.9752,-52.4925,149,233,239,293,317,405,462,524,570,788,803,911,986,994,1019,1057,1320,1537,1579,1612,1971,2155,2221,2325,2612,2706,2895,2932,3095,3452
27,5600,48,7919,2179.07,1909.95,0.0667961,-3.08578,-17.6481,-12.0512,-13.0652,-13.3917,-9.99279,-15.327,-14.2947,-15.2174,-3.45214,-13.1613,-8.65226,-14.217,-11.7553,-11.2574,-12.0704,-12.6068,-10.3281,-10.8182,-13.6487,-53.6231,48,167,228,229,298,561,590,630,665,725,983,1126,1335,1521,1586,1766,2291,2440,2451,2458,2632,2638,3491,3553,3797,3846,4683,4717,5998,7919
28,5800,115,7784,1958.17,1981.73,0.230262,-2.91215,-18.5186,-12.6807,-15.2608,-13.4367,-10.8593,-15.065,-13.6353,-17.4625,-2.40417,-13.1277,-8.05271,-15.3081,-11.6303,-12.6676,-12.8615,-12.9063,-9.977,-11.3898,-14.3412,-55.1308,115,137,237,356,436,452,526,605,612,626,630,808,837,909,964,1056,1147,1514,1608,2048,2067,2691,2799,3761,3858,4547,4690,4925,6000,7784
29,6000,123,5518,1567.37,1336.26,2.68873,-3.11751,-19.4678,-11.9463,-13.6122,-13.0222,-12.2531,-14.6565,-15.3096,-17.7532,-2.72197,-12.6215,-8.6425,-14.1276,-12.9185,-12.8583,-12.244,-13.4109,-10.4253,-11.2454,-13.9763,-55.8916,123,159,264,318,329,390,470,540,541,544,636,647,694,849,1245,1267,1407,1497,1597,1610,2156,2603,2686,2819,2953,2958,3084,3448,3669,5518
30,6200,55,6204,2124.83,1644.91,3.6419,-3.12591,-18.0458,-12.2065,-13.6965,-13.3354,-12.4612,-12.8929,-15.5908,-18.4154,-3.25734,-12.9915,-8.64233,-13.0024,-12.6801,-12.4821,-12.0179,-13.2197,-10.7965,-10.5124,-14.6119,-56.6708,55,91,114,127,554,699,744,996,1117,1249,1564,1585,1616,1775,1782,1832,1993,2091,2265,2270,2329,2442,2626,2904,3039,3913,4984,5177,5608,6204
31,6400,173,5413,2174.97,1501.35,4.39366,-2.63044,-18.2371,-11.4376,-14.4947,-13.1956,-11.6666,-13.1583,-15.5945,-18.5912,-3.17635,-12.9509,-8.24341,-12.8375,-13.3008,-12.9291,-12.0669,-12.7061,-11.4828,-10.5894,-14.4325,-58.0436,173,451,470,624,655,656,712,824,1126,1129,1283,1302,1309,1318,1681,2072,2111,2153,2789,2939,3062,3073,3318,3430,3668,3675,4208,4288,5337,5413
32,6600,77,7896,1931.9,1887.93,4.72601,-2.22928,-17.3665,-13.4735,-15.1249,-13.753,-11.4844,-14.0435,-15.4154,-17.763,-3.30807,-12.5413,-8.1991,-13.7065,-13.7706,-13.4648,-12.7164,-14.0182,-12.8437,-11.0375,-14.1103,-59.2844,77,111,334,379,442,443,500,552,576,596,621,659,714,733,912,939,1857,2218,2482,2579,2604,2667,2750,2905,3177,3797,3892,4509,6036,7896
33,6800,70,9513,2277.07,2713.29,5.69564,-2.11913,-18.3518,-13.6679,-14.8124,-12.7308,-11.5741,-12.6841,-15.7619,-17.7005,-3.42515,-12.5304,-8.5567,-13.3203,-14.5701,-14.3534,-12.3502,-13.9726,-11.8516,-11.9227,-13.0476,-61.6589,70,221,330,375,558,573,595,598,696,789,823,849,903,974,1011,1179,1396,1418,2031,2045,2064,2254,2393,2730,3204,4296,5855,9182,9387,9513
34,7000,55,8962,2448.63,2042.51,10.3307,-2.31972,-17.6604,-13.6877,-14.0463,-13.3015,-11.1316,-12.3045,-15.6359,-16.725,-3.42298,-12.9229,-8.76333,-14.1653,-14.7793,-14.2716,-12.3034,-14.7964,-11.913,-12.6825,-13.6548,-63.6335,55,433,603,726,954,1008,1119,1135,1139,1149,1473,1571,1608,1623,1722,1753,2026,2087,2259,2265,2451,2759,2765,2781,4265,5041,5474,5851,6402,8962
35,7200,197,7292,2863.83,2001.62,9.14932,-2.51029,-17.4196,-13.4106,-14.4051,-14.4907,-11.1919,-13.4559,-16.1961,-16.5897,-4.37368,-13.5673,-9.00759,-14.081,-15.2774,-14.5147,-12.8266,-14.5608,-11.8684,-13.2614,-13.4601,-65.593,197,329,458,458,477,609,856,1678,1680,2008,2128,2195,2211,2347,2360,2433,2435,2483,2623,2732,3944,4067,4379,4853,5241,5610,5746,5983,6103,7292
36,7400,127,7523,1789.37,1588.57,9.99765,-2.22016,-17.8589,-13.6675,-14.7356,-13.9959,-11.0834,-12.6707,-16.0012,-15.711,-3.76426,-13.8874,-8.80708,-14.0165,-15.2886,-13.9444,-12.1612,-15.2642,-13.1751,-14.0892,-14.1399,-66.4177,127,229,231,465,619,718,740,810,988,1019,1080,1093,1101,1155,1182,1222,1436,1530,1542,1654,1929,2012,2135,2435,2954,3012,3639,4266,4835,7523
37,7600,134,9016,2791.93,2300.8,12.7897,-1.57813,-18.9352,-10.8911,-13.8644,-14.3833,-11.5825,-11.8638,-14.8624,-16.3905,-3.06026,-13.5816,-10.1374,-14.332,-15.3004,-14.0472,-12.0185,-16.0464,-13.9294,-14.3685,-14.1978,-68.5004,134,158,275,587,811,915,927,1016,1356,1504,1584,1626,2138,2229,2245,2320,2531,2564,2830,2987,2993,3365,3663,3731,4275,4682,5561,7337,8398,9016
38,7800,19,24149,3802.37,5093.87,9.76188,-1.49013,-18.8601,-9.15614,-14.1548,-14.5372,-10.922,-11.0685,-14.9797,-16.1138,-2.74444,-14.011,-10.8969,-15.1674,-15.7636,-14.1848,-12.4058,-15.3298,-13.7794,-16.125,-13.4911,-68.8305,19,38,196,405,441,458,489,560,795,897,1329,1366,1425,1616,1675,2377,2413,2639,2647,2788,3076,4048,5090,5415,6315,8899,9993,10090,12423,24149
39,8000,322,21082,4271.8,4888.88,5.10219,-1.19062,-18.7678,-9.68909,-13.7081,-15.8904,-10.8684,-11.7861,-15.2023,-16.2642,-2.25181,-14.7515,-10.2639,-14.529,-16.1314,-15.2244,-13.0918,-15.0861,-13.6478,-16.9519,-14.445,-72.5044,322,369,459,967,1004,1017,1104,1191,1218,1864,2160,2215,2245,2677,2838,3186,3442,3668,3833,3856,3858,4040,4353,5137,5215,7325,8557,9974,18978,21082
40,8200,189,10259,2586.13,2615.47,1.93672,-1.46552,-18.0283,-10.4369,-14.3275,-16.1934,-10.5975,-12.2858,-15.5103,-17.3585,-2.30855,-15.5061,-9.30844,-14.6235,-16.6785,-14.9934,-12.9465,-15.1608,-13.9988,-17.6562,-13.4295,-74.7633,189,191,254,396,400,505,517,546,697,882,949,985,1155,1341,1467,1934,2309,2409,2508,2528,2622,2955,3449,4459,4776,5296,6128,7051,8427,10259
41,8400,341,14104,3211.93,2931.98,0.994695,-1.07751,-18.5815,-9.97506,-13.8634,-14.6349,-10.1839,-11.9235,-15.0262,-17.3193,-2.00187,-16.8218,-9.65912,-14.0412,-15.5706,-14.2232,-13.407,-15.6925,-13.8329,-17.9384,-13.2325,-76.8506,341,401,519,560,699,721,1069,1148,1181,1681,1729,1757,2214,2326,2391,2437,2467,2724,3466,3503,3801,3985,4450,4789,4802,5506,6252,6577,8758,14104
42,8600,124,9452,3695.2,2463.1,13.0642,-1.356,-18.9108,-9.72616,-13.2107,-14.5567,-10.5109,-11.7236,-14.3402,-16.687,-0.59558,-17.7215,-9.90634,-15.7009,-14.5772,-14.2034,-13.2282,-16.1086,-13.3009,-18.8821,-13.7397,-78.6194,124,695,883,904,952,1128,1245,1515,1535,1870,2079,2634,2948,3240,3508,3739,4005,4005,4018,4071,4318,5200,6000,6066,6323,6562,6869,7443,7525,9452
43,8800,245,13722,4229.83,3688.98,14.8723,-1.75851,-19.1806,-8.92603,-13.2418,-14.4913,-10.5843,-12.945,-14.5518,-16.4678,-0.195769,-17.711,-9.57022,-16.2566,-14.5421,-14.4879,-13.3795,-16.0554,-13.2551,-17.3994,-14.3404,-79.6895,245,309,444,1041,1055,1309,1561,1623,1756,1904,2140,2833,2873,2914,2915,2959,3007,3069,4249,4585,4615,4843,5464,5886,6547,9378,10140,10395,13114,13722
44,9000,171,11480,3911.43,3192.46,18.7065,-0.768959,-18.9357,-9.64651,-11.9399,-14.2713,-10.8872,-11.196,-14.1357,-15.9386,0.762442,-17.5371,-9.7357,-16.3424,-14.3544,-14.7182,-13.282,-15.8689,-13.8915,-18.0891,-15.1049,-80.6968,171,193,312,531,731,804,1702,1708,1801,2049,2140,2150,2352,2716,3063,3132,3198,3407,3577,3651,4663,5975,6060,6865,6962,7971,8364,8588,11027,11480
45,9200,378,18837,4643.3,4345.55,20.593,0.535809,-18.5405,-10.2045,-12.7223,-12.9397,-10.8822,-12.064,-13.4554,-15.2079,0.842708,-17.8585,-9.52974,-15.9146,-15.1825,-15.3349,-13.7931,-16.1803,-15.0994,-17.6437,-14.4871,-81.9488,378,431,524,821,1036,1235,1480,1547,1580,1801,1825,1856,2520,2625,3754,3860,4163,4204,4598,4712,5054,5527,6909,7161,7411,7807,10384,12286,12973,18837
46,9400,159,16311,3808.7,3324.43,16.2933,1.34798,-18.9705,-10.1428,-13.0709,-12.2628,-10.6543,-12.5391,-13.0969,-15.4367,0.771823,-17.7827,-9.54388,-16.3308,-15.2248,-14.6439,-14.454,-16.3922,-15.0535,-17.982,-14.0112,-82.1285,159,569,751,966,1010,1145,1303,1340,1543,2153,2211,2292,2364,2726,2854,2898,2979,3529,3687,4306,4946,5458,5480,5486,5616,6214,6901,7111,9953,16311
47,9600,115,18904,4928.07,4039.26,15.924,1.35321,-18.031,-10.6152,-11.9236,-12.1772,-10.082,-12.6446,-12.9722,-16.389,1.27774,-17.577,-10.3366,-17.3699,-15.6519,-14.2045,-15.844,-16.6116,-13.8671,-18.2847,-13.5953,-83.3765,115,512,641,958,1141,1552,1837,2088,2267,2553,2905,3002,3305,3677,3724,4316,4786,4881,5007,5035,6166,6377,6461,7732,7908,8671,9031,10828,11462,18904
48,9800,202,30029,6483.27,7163.46,15.5198,1.34493,-18.6439,-8.45055,-11.5757,-11.6408,-11.881,-11.748,-12.3607,-16.183,1.9297,-18.3936,-10.7102,-17.1641,-16.0649,-14.1882,-16.7817,-16.2805,-15.2417,-19.1251,-13.1767,-83.8028,202,761,771,935,957,960,1641,1899,2078,2834,2852,3076,3428,3907,4531,4745,4801,5541,5587,6194,6673,7009,7483,7657,7669,9233,16790,21729,22526,30029
49,10000,111,32498,5957.93,6553.46,16.2476,1.17293,-18.9566,-8.77716,-10.8013,-11.5667,-11.4238,-10.7184,-11.558,-15.5174,1.29191,-18.4009,-11.7744,-16.1284,-16.9344,-16.0484,-16.3401,-16.7813,-15.545,-19.3693,-12.3794,-84.9376,111,313,449,696,1067,1733,1824,1998,2024,2516,2627,3001,3422,3423,3658,3887,5151,5180,5612,5725,5729,5804,6186,9626,10031,11558,13423,14425,15041,32498
50,10200,244,18342,5457.53,4726.05,17.7484,1.55947,-19.1899,-8.72488,-10.4427,-11.1407,-9.91359,-10.6599,-11.2052,-16.299,2.24761,-17.7469,-12.1333,-15.2383,-17.3078,-16.7143,-15.9803,-17.4632,-14.8359,-20.008,-11.9182,-86.1455,244,624,842,860,939,1019,1435,1618,1745,2074,2640,2709,2981,3011,3883,3966,4494,4905,6838,7007,7158,7673,8376,9147,9179,10093,11585,14143,14196,18342
51,10400,216,18452,6260.53,4494.65,20.4148,1.9114,-19.2245,-7.80089,-11.0003,-10.1758,-10.6945,-11.5627,-11.2657,-17.276,2.73307,-18.4565,-11.7,-14.569,-17.6109,-17.6956,-16.6449,-18.2776,-14.632,-21.5618,-11.4589,-87.1272,216,223,782,1887,2014,2072,2248,2963,3393,3431,3652,3919,4378,4437,4953,5876,6104,6179,7301,7811,8645,8651,8889,9054,10114,10383,11212,13835,14742,18452
52,10600,461,33794,8132.37,8073.61,25.3583,2.56139,-19.0829,-8.01372,-11.1004,-9.83972,-8.81343,-11.1386,-9.81276,-16.9738,3.28342,-19.6041,-11.6205,-14.5494,-18.2568,-16.0712,-16.367,-17.9723,-14.8353,-22.9305,-10.7161,-87.7371,461,609,706,774,787,838,1285,1412,1484,1688,3047,3620,4213,4899,5933,6488,7275,7305,8024,8213,9428,11428,14066,14558,15424,15926,18661,19122,22503,33794
53,10800,587,34760,7899.17,8023.16,32.5963,2.53057,-18.5574,-7.68211,-11.4885,-9.9847,-7.79114,-11.0425,-10.5632,-17.0151,3.96533,-19.1084,-13.2397,-14.9476,-17.4986,-17.3408,-16.6688,-16.9179,-14.8053,-22.3299,-10.0389,-89.0487,587,643,779,1066,1092,2085,3242,3358,3488,3637,3637,3660,4215,4345,4445,4559,5358,7687,7819,8019,8483,9344,10631,11137,11571,11897,17216,20389,27826,34760
54,11000,188,89618,18125.1,19432.7,36.552,2.83702,-18.4555,-7.69073,-11.4616,-9.21152,-8.51813,-10.5545,-11.2609,-16.3982,4.30918,-18.8399,-12.6064,-15.0926,-16.8048,-17.758,-17.5309,-18.9339,-14.3412,-21.5884,-8.6923,-90.2332,188,371,513,1554,2764,3596,3688,3842,5282,7125,8508,10317,10456,10564,13725,13944,16210,16377,16659,17415,17956,21304,23574,25173,28131,31812,37540,51701,53845,89618
55,11200,194,46959,13374.5,13410.4,45.0109,3.8832,-18.4476,-6.68067,-11.0649,-8.36775,-7.97163,-10.9693,-10.4585,-16.7717,4.64386,-20.0628,-13.0596,-15.4943,-17.3454,-18.3325,-17.8016,-19.3872,-15.162,-22.1934,-7.96281,-90.9085,194,241,723,799,831,1545,1784,2111,3983,4239,4286,4710,6069,6302,7306,7843,10997,13459,13710,16355,17466,19495,20962,22304,27829,28655,29646,37971,42461,46959
56,11400,431,67388,14271.5,15313.7,47.0202,5.06525,-17.7231,-6.37073,-11.0526,-8.1805,-8.39217,-9.74417,-10.1299,-16.6754,4.6415,-19.7301,-13.452,-15.7145,-17.1019,-18.2042,-17.04,-19.6424,-13.9808,-21.8797,-7.27164,-92.6444,431,592,2097,2150,2156,2856,2958,3068,3695,3934,5879,5998,6948,7186,8762,9016,10184,10428,11507,13397,13605,20044,21060,24822,27203,29267,31505,37655,42354,67388
57,11600,977,58568,16177.9,16577,47.9434,5.26276,-17.4281,-6.26446,-10.6267,-7.69644,-8.02072,-9.97255,-10.3023,-16.7392,5.78854,-20.2622,-13.2728,-16.2893,-18.0651,-19.0444,-16.6935,-20.4545,-14.0856,-21.4142,-8.78655,-93.2561,977,987,1093,1383,1754,1844,1906,4414,4502,5055,5604,6595,9107,10488,11785,11956,12189,13820,15062,15106,15680,20085,21431,23766,26615,37700,44510,45918,55437,58568
58,11800,360,49550,14867.2,13216.4,47.7285,5.5557,-17.742,-6.36024,-9.80383,-7.23765,-7.07751,-8.99991,-9.30619,-15.3571,5.22518,-20.7191,-13.6429,-16.4858,-17.9298,-19.9444,-16.2494,-20.9266,-13.764,-23.3837,-9.35216,-94.5911,360,547,2907,3540,5200,5410,5662,5836,6749,6948,7331,9443,10192,10618,11204,11346,11616,11841,13263,14198,14603,14931,16068,17675,26248,29865,32877,41855,48134,49550
59,12000,34,59208,18378.4,16388.5,46.9669,4.8469,-17.6241,-6.1254,-9.83657,-6.7349,-6.49798,-8.38763,-8.63714,-14.4968,5.0114,-21.34,-12.597,-17.1635,-18.1295,-19.8584,-16.9563,-21.1478,-14.5215,-24.2601,-8.77597,-95.7938,34,700,1921,2876,3747,4309,4400,4581,5269,7362,7747,10844,11239,11953,13918,14402,15531,16496,16985,21152,21566,24402,25436,27939,35890,38126,42150,46863,54307,59208
60,12200,801,46406,13985.7,12947.2,50.4704,5.16437,-17.4427,-5.26267,-9.70634,-6.29729,-6.02425,-8.9196,-9.41136,-15.0634,5.92926,-22.0993,-13.4909,-17.5553,-17.5739,-18.9247,-15.529,-21.1564,-14.6653,-24.585,-8.77253,-98.219,801,1100,1163,1590,2923,3360,3449,3942,4409,4962,6283,9270,10049,10609,11224,11667,12451,12671,12826,13326,15571,16520,17176,17558,19997,27664,32678,42780,45146,46406
61,12400,2080,81784,28311.7,24974.6,52.4009,6.17318,-16.8456,-4.90754,-9.6945,-5.44102,-5.50864,-7.65909,-8.009,-14.9535,6.54388,-22.3137,-13.9779,-17.6064,-16.6147,-19.6022,-15.1796,-20.8934,-13.7771,-24.6645,-9.08645,-98.6095,2080,4142,4616,4727,6583,6654,7328,8755,9008,9915,10303,10476,10652,17494,18247,18915,19645,19735,24464,27603,46902,51867,54126,55341,55698,55864,60116,66122,80190,81784
62,12600,327,101183,36928.4,29703.9,52.1861,5.95913,-16.5779,-3.92625,-8.90883,-4.48422,-5.972,-7.64351,-7.29864,-14.2533,7.08033,-21.6884,-13.9852,-18.2971,-17.7141,-18.8596,-16.2422,-20.8409,-13.5486,-24.4992,-9.17036,-99.3165,327,925,1146,3275,4133,4465,7767,12169,13141,16910,19706,22712,29050,31443,32545,33810,34178,35269,38274,40019,47037,50021,64421,64844,68010,80240,80424,83576,86833,101183
63,12800,1090,138662,40065.9,41989.4,50.7657,5.92323,-15.5843,-2.77749,-9.41046,-3.73244,-5.21117,-6.42775,-5.50596,-13.3401,7.80665,-22.0931,-14.953,-19.1791,-18.3774,-17.6325,-17.064,-20.2129,-13.7319,-24.5483,-9.02069,-99.2619,1090,2552,3619,3737,6149,7235,7304,8765,9246,10609,10969,14292,22221,24979,26853,28080,30847,31930,32297,32938,35318,50601,53343,62637,80514,84692,120433,128600,131466,138662
64,13000,761,102771,29232.9,28263.5,50.6357,6.9506,-15.2085,-2.23883,-9.75852,-3.78944,-4.54767,-6.55644,-5.55624,-13.0886,8.83942,-22.6436,-13.8456,-18.7539,-18.8802,-17.9073,-15.6437,-20.3921,-13.8242,-24.3161,-8.81509,-98.4832,761,920,2423,5715,5955,6346,6534,7243,7985,10332,11247,13455,14692,17255,18260,20377,21620,22343,25770,26422,41895,42550,42712,45827,50011,56531,75636,83577,89822,102771
65,13200,1894,466090,82831,99954.3,50.6346,7.65567,-14.0594,-1.63045,-7.82055,-4.56747,-3.48756,-7.30046,-3.58121,-12.8572,9.47897,-22.4751,-13.27,-18.7001,-18.9532,-17.9613,-16.0039,-21.2541,-14.6884,-24.1533,-9.49441,-99.0257,1894,3132,3155,5413,6204,6517,17808,23101,27191,28622,30262,32845,39923,42323,45889,46802,51487,54207,80331,81155,89930,95259,96101,124307,146004,163356,172245,226566,276812,466090
66,13400,6550,183441,69847,48874.1,54.504,8.94253,-13.8063,-0.443292,-6.2253,-5.72211,-3.24121,-7.54617,-3.1942,-12.8031,10.2398,-23.2581,-12.2007,-19.6528,-18.7472,-17.3857,-16.7049,-22.532,-14.6592,-23.2612,-9.44977,-98.8507,6550,12392,14696,21080,24565,24770,25122,27246,28163,32084,38703,46191,50493,53062,62714,65580,68124,71534,73727,74507,78088,103076,105819,109945,123770,125975,129896,131205,182892,183441
67,13600,3570,369144,78536.1,79484.3,50.6961,10.2508,-13.0993,-0.28162,-7.05172,-5.39503,-4.08542,-8.05313,-3.78572,-12.7745,11.7447,-22.4726,-14.0416,-20.7382,-18.3905,-16.6588,-17.2952,-22.7911,-15.1368,-23.0921,-9.51286,-99.4313,3570,7340,9010,18872,20220,21989,24415,25523,28631,32602,33437,33660,33931,45694,45825,45971,48085,54545,68315,82634,96989,105206,115187,119597,141284,149856,174325,196351,203874,369144
68,13800,1209,105561,50538.2,30369.1,50.9668,10.4778,-13.3935,-1.2388,-6.39056,-5.25127,-4.51647,-7.55126,-2.96896,-13.1568,11.6928,-22.9256,-14.1129,-22.5453,-19.0203,-17.5179,-16.9268,-22.6935,-15.3467,-22.5073,-9.3134,-100.56,1209,6054,8285,13956,19634,24370,25884,26574,27102,31971,31983,33404,33466,38346,43751,46165,53622,59191,64374,64787,71739,74666,76994,77573,84046,85203,92466,95483,98288,105561
69,14000,3465,306346,84650.3,80128.2,45.9054,10.6699,-12.8985,-1.80148,-6.28575,-4.54481,-3.58495,-8.23031,-2.55008,-12.9153,11.7634,-22.9568,-14.6581,-20.6883,-19.8136,-18.5344,-16.5873,-22.9312,-15.7762,-22.9637,-10.3737,-102.071,3465,6399,10596,20524,22425,33584,38846,42267,42722,49229,52471,52696,55552,56830,59219,69597,71976,73476,74358,78038,78707,85858,87907,93253,98689,106835,184796,288899,293949,306346
70,14200,6983,385648,96292.1,88565.6,45.784,11.6253,-13.2313,-0.690508,-6.96734,-4.63059,-3.45797,-7.32739,-2.01156,-12.8055,12.8206,-24.0846,-15.223,-21.039,-19.7703,-18.4997,-16.4511,-22.8566,-16.5175,-23.6264,-10.9254,-103.862,6983,8348,19714,23624,29898,31053,31379,36952,39634,40020,40770,45160,48178,61289,71549,84869,85038,87280,90806,109528,109617,122869,123471,131571,141506,143302,194219,221786,322701,385648
71,14400,5713,459920,101688,100501,47.458,12.278,-12.9798,-0.594869,-5.69118,-4.19118,-3.2525,-6.94158,-1.8896,-12.3594,12.7691,-24.2696,-15.2971,-21.3706,-18.8743,-18.6477,-16.2324,-22.6186,-16.1355,-23.8271,-11.4276,-105.228,5713,6302,6343,10812,15747,17481,26226,27246,27459,39692,49804,64161,72597,76279,80599,81450,90518,92073,92276,99890,112357,121597,128192,159156,167309,175472,198992,222370,322600,459920
72,14600,2774,359657,78755.7,81144.1,46.1879,12.8681,-13.7852,-0.592866,-5.69814,-3.62208,-3.0024,-6.98522,-1.19238,-12.4736,12.6133,-25.833,-16.2949,-21.1904,-18.1967,-18.5784,-16.0246,-21.6291,-15.4193,-24.9591,-11.7767,-105.406,2774,6587,9473,12698,14181,17033,20068,28764,29787,36160,38478,41724,45692,45712,48797,50533,53092,64913,67163,71604,78702,91102,105124,111417,132068,139160,190185,191480,258542,359657
73,14800,6537,478299,97437.4,111097,51.5803,13.089,-14.2521,0.2512,-5.55191,-3.94531,-3.30691,-6.3414,-0.441329,-12.9905,12.4349,-25.9071,-16.7605,-21.7408,-17.3022,-19.034,-17.2123,-22.1375,-15.6091,-24.5571,-11.7847,-106.465,6537,8860,12659,16696,17342,18647,19016,23495,28353,30583,42535,49982,50050,51013,52466,56419,65272,81187,82684,89973,91530,113346,117956,151224,156050,160990,168127,339759,342071,478299
74,15000,1900,411332,97878.1,96953.6,50.8758,12.812,-15.0338,0.298496,-4.28076,-4.09182,-2.72202,-7.41317,-0.250202,-13.5462,13.2748,-26.3622,-16.1907,-21.98,-18.6529,-19.1881,-17.7202,-21.8646,-15.5193,-24.7232,-11.8008,-106.462,1900,9100,12830,20152,20171,20555,21854,28858,31492,35061,35350,35676,40308,52955,58359,60010,62040,64455,79968,110687,119792,144002,155859,181748,200688,221656,222847,230819,245819,411332
75,15200,6739,563747,93207.5,112926,53.2744,12.8809,-14.2446,0.0903647,-4.34029,-3.84308,-1.73178,-6.77077,0.427386,-13.8788,13.5616,-25.712,-16.1394,-20.9701,-19.5894,-20.5512,-17.7167,-21.6438,-16.2125,-24.4564,-10.9453,-106.451,6739,9225,10258,12161,12523,13767,14435,14491,19021,24171,25134,30209,44365,49769,54519,63147,69277,81451,90541,90977,114356,124910,128037,139400,153388,153575,203506,208997,270130,563747
76,15400,7400,581040,120310,137832,50.6683,13.0298,-13.5074,0.925614,-3.87133,-4.17214,-1.99211,-6.48915,-0.198198,-14.1102,13.6935,-26.6493,-16.1591,-21.7001,-19.7485,-21.2139,-17.9838,-21.988,-16.6368,-24.5645,-10.7555,-106.567,7400,8469,9839,11199,12019,21334,30316,34481,36468,57828,61953,63772,68277,71370,90106,91474,103965,107831,114728,116052,117882,120163,126502,127232,189419,198152,203411,275621,551000,581040
77,15600,5532,405075,102452,98659.3,48.9275,13.254,-12.9863,1.67545,-4.88167,-4.00345,-2.12043,-5.6094,-1.66519,-14.5385,13.6056,-27.8255,-16.1294,-22.4969,-20.1344,-20.5302,-17.849,-22.0635,-16.8239,-23.8762,-10.7101,-108.408,5532,18192,19034,19928,22793,23225,23353,28849,37649,39198,42930,53613,62941,76769,76835,80744,86071,86435,102319,109683,110304,115696,137460,145901,158218,162873,175051,273341,373557,405075
78,15800,5356,320795,100162,95751,48.6634,12.9552,-12.5371,0.459272,-5.33072,-3.97986,-2.55822,-5.32895,-1.00077,-13.1618,13.5784,-28.2506,-16.9433,-21.5401,-20.1084,-20.6483,-17.9942,-21.9524,-16.4632,-23.7545,-9.85947,-108.904,5356,6233,6864,9165,11435,13592,14898,16103,21092,22682,37648,43715,46026,51816,61024,70127,77254,89961,108774,122082,133109,148241,170410,171937,198151,222525,231950,284675,287234,320795
79,16000,6183,428976,137361,111944,49.1595,12.7271,-12.7394,-0.660693,-5.7118,-3.64612,-2.52189,-5.12881,-1.54403,-13.0672,13.278,-27.8433,-16.8932,-21.1716,-20.4193,-20.706,-17.1138,-22.4767,-16.0676,-24.8785,-8.7815,-109.333,6183,16115,16576,19651,29387,29970,35670,40802,56008,59638,80401,86817,87879,88186,104062,125442,129247,134284,154054,160939,165380,177227,197027,210743,226603,267774,284766,330602,370415,428976
80,16200,2715,487747,106383,125135,48.9017,13.0551,-12.3211,-0.990447,-5.45212,-2.28109,-2.95757,-4.61618,-1.0481,-12.7759,13.3431,-27.959,-16.9139,-21.1955,-19.4212,-19.96,-17.9225,-22.0175,-16.2852,-23.8732,-8.89827,-109.836,2715,5390,5418,6342,8224,18743,20467,24969,27855,34497,46191,47367,53422,55715,57145,58278,78103,78286,94977,99043,103190,106391,111742,188758,191647,192580,247411,255288,483589,487747
81,16400,8024,689809,105162,143884,49.6546,12.1789,-11.3509,-0.638024,-5.56233,-2.35501,-2.74573,-4.70983,-1.412,-12.8323,13.5532,-27.7847,-17.5024,-21.3553,-19.7694,-20.5303,-19.5453,-22.0936,-15.9284,-25.3662,-9.36266,-109.25,8024,9205,9707,9840,10433,11963,13389,20002,21803,24011,27169,28165,30598,41677,41817,66012,67783,73811,84584,94810,101586,121584,143646,144678,178042,182394,225241,270563,402510,689809
82,16600,1865,474235,97580.9,117032,50.5402,12.686,-11.2352,-0.904333,-5.5911,-1.87594,-3.48411,-4.65405,-2.34184,-13.3279,12.9554,-29.3452,-17.2467,-21.4516,-19.4744,-20.4102,-18.6122,-22.3802,-15.6404,-26.5374,-9.27047,-109.454,1865,4540,9757,16346,19973,23330,27723,34078,36188,43213,43882,44716,59932,60009,62559,64894,71255,76264,76413,76959,90293,99131,99664,114102,119436,130322,206793,266803,472752,474235
83,16800,21477,415950,138813,100643,52.6993,13.2112,-12.2762,-1.34622,-5.60397,-2.67748,-2.84335,-4.73878,-1.93712,-12.8136,13.3889,-29.3383,-16.279,-21.9586,-19.6917,-20.1258,-19.4262,-23.6127,-16.6601,-26.4878,-8.52058,-110.403,21477,22797,46465,51786,52007,54933,58030,62240,62292,62429,63405,96483,105932,106516,107351,113377,127288,133166,133347,144652,146110,154760,183241,234742,251635,253606,258695,264251,375439,415950
84,17000,9420,493228,151586,145047,47.2449,13.3018,-12.5588,-1.21987,-6.66446,-3.65112,-3.66555,-5.05036,-2.75158,-13.415,12.4494,-29.8084,-15.281,-22.4837,-19.388,-20.0037,-20.1205,-21.6551,-15.9766,-26.415,-8.48366,-110.398,9420,10964,12369,15441,16237,17080,19908,45738,47565,49486,53196,60979,79179,108478,120602,131449,136899,139027,143100,173185,193977,196285,201764,202096,230863,300849,391711,471900,474601,493228
85,17200,2244,330189,129924,91573.3,41.0533,14.236,-14.0546,-0.876794,-6.03922,-3.2039,-3.07242,-4.91992,-2.29445,-13.4859,13.7027,-29.6323,-15.651,-23.4201,-19.828,-21.2213,-19.7429,-21.5008,-16.1339,-26.3816,-7.73812,-111.428,2244,15606,17309,23375,24527,26464,37613,68667,70839,75748,78843,78896,87059,104134,104458,116737,131466,146968,158744,165386,175122,184233,185491,200803,216488,232343,268127,283970,285886,330189
86,17400,841,476115,148223,119178,41.2625,14.6645,-15.2036,-0.813673,-5.64949,-3.18341,-3.00344,-4.10124,-3.11871,-14.2188,13.9715,-29.5121,-17.1052,-23.8587,-20.9023,-21.6324,-19.3479,-21.2233,-17.4917,-26.7649,-8.30232,-112.592,841,9584,21209,26771,27105,31264,39446,42524,42971,66103,70729,86122,90639,91076,104100,122477,160617,184777,196780,202306,215252,217416,221757,226069,232791,248789,326219,331165,333680,476115
87,17600,6826,338557,138016,98931.3,34.1028,14.8043,-14.6624,-0.717557,-6.23968,-2.83139,-2.79933,-3.99686,-3.17982,-14.3131,14.4844,-29.3646,-17.4052,-24.0384,-20.8113,-22.7755,-18.893,-20.5381,-17.8597,-26.2521,-8.74884,-113.011,6826,16250,22171,30027,44436,48417,50224,54348,60375,74173,88542,88817,100540,105129,107041,120241,132019,134172,142306,151919,157978,171139,204639,235926,251647,266475,302208,311184,322756,338557
88,17800,5140,384357,111267,89134.9,32.1775,14.4161,-14.3851,0.27236,-6.51788,-1.88565,-2.50125,-4.02729,-3.06418,-15.0365,14.5531,-28.6469,-18.0923,-24.2964,-21.4128,-22.7698,-18.6658,-21.6871,-18.6105,-26.9183,-9.51343,-113.193,5140,6360,6495,8986,19246,24673,30442,31595,44947,65765,86205,88065,91092,97064,97274,101916,106478,113716,114418,115146,128758,131393,151787,160308,185775,188180,245227,253041,254175,384357
89,18000,3121,613022,140948,141308,28.6995,14.1788,-14.6049,0.734288,-6.31011,-3.05385,-2.91115,-4.81186,-3.13394,-14.8604,15.8956,-27.9026,-18.842,-25.3087,-21.9693,-23.3989,-18.4969,-21.9179,-18.261,-26.8065,-9.57373,-114.63,3121,3923,6560,13987,15000,15604,27665,34529,42353,49067,52544,56287,61400,67795,85360,108130,114228,115622,146435,170374,192353,205615,226854,245647,263151,275589,317483,326767,371966,613022
90,18200,198,380706,74439.3,81992.4,30.904,14.9136,-14.5421,1.02054,-5.75213,-2.92283,-1.98064,-4.93612,-3.45352,-15.6501,15.8144,-28.9253,-18.9819,-25.1213,-22.4682,-23.6417,-19.3189,-21.0675,-17.4752,-26.9993,-9.88819,-114.283,198,921,7042,13921,14076,15729,21783,22467,22673,24585,32979,33439,39086,39681,40321,48001,50490,51011,55554,86650,87007,92049,96656,103463,117135,140229,176826,199932,218569,380706
91,18400,9621,266967,106414,74134.8,34.4887,15.1149,-15.376,0.866872,-5.74771,-3.33871,-1.13285,-4.87253,-1.93961,-15.3628,16.4035,-29.3773,-18.0793,-25.8105,-22.0277,-22.942,-19.4549,-20.8524,-16.9456,-27.5954,-10.4077,-115.499,9621,16136,29175,32155,32668,41115,45007,48302,48443,49128,56912,66654,69441,71943,80669,98073,102369,106901,118092,127876,135071,150594,158674,158726,169135,175724,229854,231316,265678,266967
92,18600,7506,745668,147106,169062,34.2313,16.0042,-14.9983,0.70529,-5.21521,-3.64899,-1.87172,-5.8247,-1.61478,-15.2197,16.364,-28.8788,-17.9256,-25.139,-21.9591,-23.3837,-19.5331,-20.9348,-17.0319,-27.817,-10.6602,-116.406,7506,14482,15071,18759,25547,35433,37728,40420,43829,50638,62458,66568,69123,71918,74102,75953,77126,81247,88478,105888,114614,217887,218090,260461,260740,287408,359492,413240,473315,745668
93,18800,5898,621832,158845,183563,34.9996,15.936,-15.1898,-0.0111627,-5.28754,-3.24125,-1.51208,-5.75502,-1.59815,-15.7426,16.0653,-29.9022,-18.0116,-25.3532,-21.8626,-24.1547,-20.0544,-20.7743,-18.1956,-29.0197,-11.1874,-117.35,5898,7212,8849,13183,14297,14427,16617,19479,22048,29059,29451,35516,58887,67344,68520,75792,83894,97721,158331,167448,181969,205509,261428,272428,277002,418439,478682,524994,529108,621832
94,19000,7506,544905,117860,139827,39.5061,15.8122,-15.1201,-0.0201833,-4.53913,-3.42112,-2.22988,-6.08,-1.47158,-16.3196,16.2053,-30.1144,-17.9215,-25.0471,-22.1431,-24.442,-20.513,-21.2394,-18.178,-29.0828,-10.8885,-117.203,7506,15559,16277,19775,21354,22977,26317,27623,31974,44256,46718,47356,48052,56958,57163,59474,64462,74172,86994,97820,125143,134976,144984,151785,207193,228191,278911,306220,540698,544905
95,19200,3218,724440,92795.7,141536,40.2652,16.5395,-15.6774,0.279784,-4.78457,-4.5335,-1.52667,-5.19255,-0.38772,-15.9388,16.8447,-30.2793,-17.2512,-24.6867,-22.0584,-25.3173,-20.6471,-21.1448,-18.2956,-29.7992,-10.9962,-118.233,3218,5807,9756,12291,12806,13837,17191,23044,23268,24344,33446,36075,38810,46653,50416,55618,55871,63489,70646,83101,85540,104245,105286,111483,113977,119520,153128,202144,384421,724440
96,19400,6607,646388,157102,145606,39.4838,16.8743,-15.5235,-0.873081,-4.38142,-4.20705,-1.82144,-6.25682,-0.329591,-15.8749,17.369,-30.6323,-17.9513,-24.8735,-22.5679,-26.0697,-21.1588,-21.3591,-18.9357,-29.8989,-11.0814,-120.079,6607,13949,15954,16206,36383,36996,40406,43683,46454,58387,66153,76891,85151,92367,95821,96111,113345,136748,152400,181393,253644,270421,270688,274740,289892,293056,311641,328211,362971,646388
97,19600,690,584098,162059,143986,36.806,16.4876,-14.719,-1.09839,-4.78989,-3.92957,-2.13533,-5.72464,-1.13044,-15.8943,17.7902,-30.9469,-18.3221,-25.2904,-20.8187,-26.1171,-20.6503,-21.9172,-19.3786,-29.4695,-10.9947,-120.274,690,4061,12349,13113,41725,53863,55706,64966,68230,81117,84457,84645,102626,116982,119182,138222,143707,145015,155573,164095,183146,212088,239011,248618,248948,267790,342290,344121,541332,584098
98,19800,10129,561724,154990,139201,36.0958,16.351,-13.8464,-0.40323,-4.68702,-5.3265,-2.91272,-5.95846,-0.799992,-14.7694,18.0596,-30.7574,-19.0883,-25.2958,-20.8069,-25.8279,-21.3575,-21.9132,-19.5409,-29.7328,-11.2194,-120.455,10129,15017,18546,24504,27469,29855,36138,47279,60089,62326,77365,79720,85811,89837,106217,149177,152176,162648,172614,188038,194731,197362,201779,233644,239126,242108,292595,391525,500140,561724
99,20000,777,951129,169383,203858,35.7919,16.4797,-13.7893,-0.582028,-3.23365,-5.17508,-2.27311,-5.20054,-0.135039,-13.555,17.9765,-31.3537,-18.8176,-24.9986,-19.9152,-25.701,-21.0026,-21.639,-18.2604,-29.273,-10.1123,-120.639,777,793,5093,12033,21116,22420,38673,40234,44089,46249,50599,56757,66628,80452,99209,114753,123739,141104,145583,182686,182950,218136,223242,244552,267481,290297,414874,430998,564842,951129
100,20200,1517,282102,104157,75873,32.1672,16.4214,-13.1086,-0.226998,-1.76451,-6.10293,-0.999292,-4.17796,-0.155651,-13.4453,17.8682,-31.5205,-18.1998,-25.6232,-20.3998,-24.8064,-21.0372,-21.72,-18.7561,-29.5903,-10.9966,-121.029,1517,12248,15213,25129,25235,27873,30475,44454,51227,59084,65902,67289,74487,74796,90583,91970,93159,98288,100731,120796,132006,143345,156132,180409,184091,193354,223564,227627,231632,282102
101,20400,2432,327828,94178.7,82838.8,34.1771,16.6726,-14.0687,-0.00291477,-3.58935,-6.24043,-1.81632,-5.06297,-0.902606,-13.0009,17.7171,-30.6751,-20.0575,-25.2004,-20.5181,-24.3667,-21.6087,-22.2628,-18.3428,-29.3429,-11.7045,-120.915,2432,2718,3204,11598,11764,15682,21468,23532,28972,31795,45528,47722,50767,59474,73225,76294,94392,94492,108375,115010,119317,130025,135444,166120,192219,192228,194097,222265,227373,327828
102,20600,11680,826499,131591,163562,35.4818,17.0522,-13.0285,-0.725406,-3.60421,-5.76214,-1.42041,-4.99796,-0.805924,-13.5763,16.6496,-30.4626,-19.6658,-24.8673,-21.7708,-24.1712,-21.223,-23.1776,-17.9615,-29.118,-11.1921,-121.277,11680,12726,13758,18920,24699,25585,28703,41984,42045,42092,49903,50149,50956,51308,68518,75330,81813,117405,120391,132786,136193,140219,143406,182879,191299,296819,306652,327861,335138,826499
103,20800,34927,451403,169865,120069,38.7854,16.0814,-13.6803,-0.151268,-3.60906,-4.9065,-1.11698,-5.68824,0.0887722,-14.45,16.9014,-30.8335,-18.8597,-25.4242,-22.526,-24.4628,-20.5404,-23.7961,-17.2788,-28.5199,-11.6866,-121.598,34927,37218,39688,45568,49092,60688,61981,70411,72165,75737,91146,92874,98159,106702,109640,115885,123555,201857,226968,227577,237968,255155,267761,294209,306608,308150,324970,351339,356550,451403
104,21000,1462,503804,156368,143936,37.9122,16.7322,-12.9211,0.320537,-2.99431,-5.1452,-1.25733,-5.36979,1.1083,-15.0521,17.0513,-31.5142,-18.6935,-26.126,-22.1946,-24.4162,-20.0526,-24.3007,-17.0007,-28.8179,-11.9119,-122.068,1462,5365,10141,12304,17417,17834,26106,43147,43234,55464,81509,89158,94516,95885,116528,118789,120167,147961,154735,198326,207075,209009,213248,245915,265399,341062,352353,430720,472393,503804
105,21200,6561,669629,144780,161584,34.6906,16.7419,-13.3584,-0.0843648,-2.09435,-5.45314,-0.699015,-4.91603,1.62905,-15.7104,16.9144,-31.9552,-18.0989,-26.9398,-21.8837,-24.7372,-21.1272,-23.9938,-17.309,-30.2997,-11.9068,-123.582,6561,7205,7911,13289,20517,20944,25078,45479,48998,49066,53805,60662,66041,69826,86104,87422,90136,121553,135475,144317,160457,164673,208094,210489,232063,271190,340558,354511,571343,669629
106,21400,2999,666266,115874,137113,35.6762,17.0443,-13.5976,-0.377938,-2.67085,-4.76641,-2.42223,-5.0646,2.29596,-15.7204,17.0371,-31.8697,-18.2254,-26.2051,-21.1661,-25.8059,-22.8599,-23.9623,-16.1643,-30.3952,-12.0317,-123.691,2999,7723,11832,15229,23019,23423,33796,35622,37023,54798,57728,59068,59860,82663,83639,84816,87781,105687,113748,115192,121345,122558,128222,152333,156901,164632,177374,227134,463799,666266
107,21600,3007,434917,114299,124576,38.6937,17.7858,-13.8866,-0.286674,-2.84276,-5.43029,-2.39658,-5.73138,1.66322,-15.3182,17.2069,-31.5611,-16.9526,-27.6863,-22.1557,-26.1493,-23.0558,-24.7758,-16.7514,-31.0803,-12.1456,-125.091,3007,3588,4596,8475,9123,13934,15558,25196,25577,38292,39067,41838,45536,61342,65243,67460,69970,74519,92828,105434,108929,142083,163983,212052,242507,270132,316120,341869,385802,434917
108,21800,1634,299553,116699,98964.6,37.542,16.9456,-14.1366,-0.20703,-2.66574,-5.4183,-2.18722,-6.24275,2.10108,-15.2694,16.8876,-30.85,-17.1379,-28.0272,-22.2241,-26.1418,-22.757,-25.1178,-17.0045,-30.9101,-11.0938,-127.015,1634,1995,5891,7434,13407,20686,22702,23868,25069,44326,59122,70680,73211,80653,90012,111350,114686,122408,125224,131856,139535,184328,191323,194985,197394,278931,287398,287929,293382,299553
109,22000,4505,287823,93304.8,84246.4,41.0764,16.4165,-14.3372,-1.35819,-2.55415,-4.59466,-1.12304,-6.50895,1.77027,-16.3622,16.4257,-30.6383,-17.7871,-28.2538,-21.9132,-26.206,-22.0305,-25.4656,-17.3356,-31.1022,-11.2936,-128.43,4505,5383,14948,20339,22759,25260,27035,28406,33588,35096,39251,41967,42296,49322,51161,51709,93959,98640,100058,107513,113318,118602,119850,122722,177047,195728,228905,260211,281744,287823
110,22200,14200,526192,182688,124554,42.8606,16.933,-13.6455,-1.43998,-3.20152,-4.31215,-0.952338,-6.46911,1.22163,-16.0858,16.9743,-29.8158,-18.2308,-28.7796,-22.2406,-25.7883,-21.7351,-25.1982,-18.1459,-31.4579,-10.8791,-129.703,14200,16153,41679,46289,50228,72426,75988,82139,101481,114372,119185,140341,150176,159333,172754,175746,184145,185455,191551,211096,214427,224781,227207,240780,271100,327053,331585,345927,466857,526192
111,22400,3482,564590,82615.2,111260,36.8848,16.3771,-13.0574,-1.89314,-3.67818,-3.39158,-1.39493,-7.06322,0.565729,-15.5024,17.0474,-30.5912,-17.1824,-30.3656,-22.3064,-26.8808,-21.8781,-25.7307,-18.2764,-31.7127,-10.8224,-131.894,3482,6011,10777,11794,13076,13958,14365,23338,23844,24928,26849,27500,28330,28481,30876,42899,45969,60804,70370,76982,82362,102826,111326,119701,128054,134853,207472,213281,229357,564590
112,22600,5720,323801,132522,96198.7,37.795,17.023,-13.9083,-0.662475,-3.88998,-2.53591,-1.87973,-6.6177,0.307977,-14.567,17.1883,-31.2413,-17.0847,-31.1308,-22.1365,-27.4942,-22.3242,-26.3841,-18.7127,-31.4104,-11.5898,-131.991,5720,13537,15467,25345,26161,32101,43968,45549,52828,59859,84629,88174,93484,94513,108494,124138,130114,131275,147162,169336,176852,202767,211505,218670,225047,265557,268904,291607,299088,323801
113,22800,2941,547246,143491,139150,33.912,17.0038,-14.7457,-0.70954,-3.8555,-1.99664,-3.62247,-6.2116,0.442386,-14.5565,16.6094,-31.4496,-18.4284,-31.0972,-21.3313,-26.9107,-23.6198,-26.5147,-18.3826,-31.4599,-10.914,-132.761,2941,3058,6065,17317,21329,23282,38860,42569,48919,59172,62911,62940,63966,64770,85663,94626,120036,144895,146540,171304,178605,194593,219594,221908,239020,303340,318770,322610,477886,547246
114,23000,861,732543,148091,164887,34.43,16.9672,-13.1025,-1.65484,-3.72646,-2.03563,-3.07811,-7.05821,-0.316566,-14.554,16.6233,-32.725,-18.5696,-29.8664,-20.2818,-26.8339,-23.6888,-27.2623,-18.4246,-31.767,-11.3844,-134.526,861,2911,4460,10811,19500,26148,26211,26828,30862,32577,43752,66620,70394,91982,97697,99779,104209,112367,132902,145829,171381,206980,219800,237216,247239,294629,334733,380353,471163,732543
115,23200,945,814946,117027,156641,32.8856,17.2159,-14.1734,-1.15552,-3.68616,-1.74214,-2.52911,-7.75572,0.306919,-14.5963,17.4803,-32.4893,-18.4074,-30.1165,-20.2664,-26.8553,-24.1168,-26.7037,-18.9573,-32.6101,-12.0876,-135.761,945,1558,1722,4876,6012,21572,26030,39808,42941,46958,55057,57228,69437,72080,72341,78068,81685,84152,86874,96797,98926,119504,130572,174219,188871,198531,212710,262530,363858,814946
116,23400,1711,439608,152561,129045,33.266,17.2322,-14.6855,-2.09323,-4.60336,-1.97747,-1.62575,-7.41308,-0.0471315,-14.9263,17.093,-32.2523,-17.8541,-29.9155,-20.1498,-27.1948,-24.314,-26.3642,-19.7975,-33.0027,-12.5571,-135.426,1711,8642,9203,25997,26753,30414,31264,33495,33608,51278,51457,75704,91482,95307,102155,125648,161613,176137,195692,198618,215102,221616,230196,232426,299701,315755,358219,363660,374367,439608
117,23600,1023,516741,129953,140575,31.9182,16.5198,-15.9212,-1.71437,-4.51031,-2.47818,-1.25821,-8.40057,-0.111401,-15.9608,17.4854,-32.2923,-17.9528,-31.1333,-21.3934,-27.491,-23.3951,-27.6711,-20.3693,-32.6597,-12.5791,-135.728,1023,5333,6883,13981,25302,26605,41464,42883,46786,48725,49790,53740,72759,75280,77008,77782,92950,95488,101900,105968,107794,126935,157303,211737,214012,272810,314297,452760,462558,516741
118,23800,615,414713,96728,111408,30.5569,16.2429,-15.6505,-0.918345,-4.37305,-2.6153,-2.52932,-8.98345,0.653507,-15.4872,16.1819,-32.8989,-18.6085,-29.846,-21.413,-27.1246,-24.0123,-27.7637,-20.2348,-32.926,-13.3574,-135.284,615,2185,7828,8700,15501,21240,21864,23955,26394,31051,35801,37893,39902,46013,48975,50351,51430,54752,61514,84205,115366,141308,141543,148492,179739,189387,191791,303090,406243,414713
119,24000,3828,463651,98365.5,101873,29.3894,17.2078,-16.056,-2.36509,-5.16711,-2.19796,-2.97132,-8.95136,-0.258693,-15.2889,16.1475,-33.7871,-18.5514,-30.2982,-22.2703,-27.6409,-23.5082,-28.3957,-20.2935,-32.6586,-12.778,-134.71,3828,3974,4576,9187,9262,9672,19028,21201,33320,33370,38575,43688,45946,50950,72263,72938,87420,100022,101278,102428,104118,113262,147458,172945,184162,196743,206140,231704,267857,463651
120,24200,10737,388161,117076,88785.2,25.8439,17.4481,-15.8778,-1.86003,-5.59001,-2.44344,-4.06642,-8.11975,0.156958,-16.1307,17.1144,-33.6108,-18.7619,-30.7313,-21.6176,-26.9531,-22.4393,-28.3329,-21.1111,-32.2813,-12.3586,-135.887,10737,13790,15741,18942,27067,45009,46846,51523,64149,64291,65895,66577,77162,84236,93258,94359,95797,126212,128864,141254,144746,146037,152535,202627,212731,213019,216303,247704,256710,388161
121,24400,11059,631253,187654,174868,26.4181,17.4469,-15.5695,-1.73229,-5.45908,-1.85302,-4.29378,-8.06819,0.0872043,-15.8701,17.203,-33.5212,-17.9847,-31.0402,-21.4786,-28.0729,-22.0105,-27.8125,-20.8322,-32.2021,-12.7003,-135.234,11059,11963,30324,33088,38904,42872,45618,51760,67803,81676,88834,90108,96259,111716,128719,130308,135177,138286,151373,170387,180054,224647,264688,366789,413513,436124,442279,462381,551666,631253
122,24600,12042,475636,112823,125864,27.7017,17.3893,-15.1372,-1.31313,-4.95318,-1.76018,-4.0695,-7.12754,0.725107,-15.3612,17.2575,-33.6386,-17.7061,-30.9209,-21.4515,-27.8083,-23.5345,-28.0839,-20.2652,-31.6282,-12.6694,-135.129,12042,13588,14191,18104,22243,23823,28192,29873,31205,32057,35379,40139,59420,59947,82188,83552,84006,86896,98056,107188,108226,115977,116540,149311,152011,230430,235306,368144,471023,475636
123,24800,3484,475210,100420,114063,30.4926,17.8195,-15.1932,-1.11611,-5.21123,-1.18442,-2.89014,-6.78419,0.940523,-15.4885,17.2687,-34.5053,-18.053,-30.8123,-21.1212,-28.0764,-23.4345,-28.1333,-19.9707,-32.0521,-13.2307,-135.426,3484,4712,5928,8504,11521,13001,20761,23456,26799,29796,31980,32965,39452,46368,47276,55534,63929,71776,76769,88259,97937,142642,157332,178996,184777,205972,247044,302536,317894,475210
124,25000,5590,997013,169188,210033,29.6831,17.0045,-15.0196,-0.789122,-5.52225,-1.85535,-2.14434,-6.30243,0.796107,-15.4986,17.399,-34.6966,-18.5459,-30.5636,-21.7331,-27.0238,-23.3943,-28.8641,-20.3929,-33.8884,-13.0099,-136.425,5590,7590,8808,13870,16644,21637,26317,39825,52405,59184,61990,65872,79000,81856,108995,114726,119420,121199,124592,124977,177103,197382,236041,241443,252885,256882,462698,494235,505450,997013
125,25200,455,603585,151902,161320,30.4758,18.0155,-15.545,0.0403812,-5.7606,-2.8572,-3.00817,-5.33664,-0.156873,-16.0017,17.6461,-35.8159,-18.9229,-30.5891,-22.026,-27.2519,-23.7146,-28.1809,-20.032,-34.9796,-13.0924,-136.843,455,5796,13450,13747,29024,33889,35596,40049,45421,66635,76222,77295,77937,98079,98142,103449,107895,111874,112579,125972,154323,180159,194074,219970,255274,298343,303045,490345,584429,603585
126,25400,2122,1483431,208200,288156,29.3573,18.7144,-16.1135,1.23488,-5.63345,-2.53346,-2.34111,-6.25618,0.581591,-17.1033,18.5356,-35.5793,-18.8258,-30.7134,-22.2375,-26.9138,-23.7385,-28.7485,-19.2765,-35.0876,-13.0189,-137.363,2122,3826,3857,13612,13761,14535,31315,60260,74226,78202,79998,86306,93826,96434,106916,126445,151239,159510,161930,162269,180902,235587,251570,286629,321234,386994,435455,554882,588718,1483431
127,25600,2294,546025,139819,134466,29.9025,19.11,-16.4999,0.360595,-6.37103,-3.12783,-2.26682,-5.88459,0.472852,-16.1251,19.4832,-34.8901,-18.1206,-31.2097,-21.9784,-26.6657,-23.8941,-27.8055,-19.1877,-34.9759,-14.1244,-138.601,2294,4481,6868,16449,22786,37728,44749,46145,64969,65084,74606,76614,84683,90775,100365,104509,108982,113077,113537,146924,188323,188452,203481,214194,218009,236446,266372,277247,530388,546025
128,25800,1014,499737,113110,130956,33.4723,20.0018,-17.6984,-0.00541732,-6.06271,-3.0458,-3.14868,-6.39664,0.882067,-17.0317,19.3473,-34.9955,-18.3747,-30.9402,-21.9818,-26.48,-24.5536,-29.0705,-19.1016,-34.395,-13.1454,-137.494,1014,1452,2454,3254,7962,9104,11789,14140,18341,35790,36516,38694,43399,50084,55509,58487,70623,75765,85273,88916,116404,143330,174590,257547,263267,265264,275158,291294,398140,499737
129,26000,5204,398732,122712,112932,33.6735,19.7988,-17.4797,0.427754,-5.93107,-1.85329,-2.65282,-6.82344,0.233876,-16.2157,19.0212,-34.9211,-19.2507,-32.3512,-22.5338,-26.8336,-23.6726,-29.0573,-19.1343,-32.9735,-14.286,-138.251,5204,7589,9880,10303,26317,27077,28932,33053,40099,48721,50952,68662,72120,72543,78945,90853,91168,109919,119785,128798,132634,142480,205782,211600,216871,266903,299405,303363,382685,398732
130,26200,8366,710978,155325,165256,33.5763,19.392,-16.437,-0.14156,-6.19342,-2.55078,-2.20688,-5.74479,0.195167,-17.4421,18.1425,-34.9353,-18.8667,-32.5444,-23.2613,-26.7233,-23.7829,-28.7194,-19.4547,-33.7444,-13.2887,-138.567,8366,11002,11030,11836,12189,16531,26442,31725,37836,39511,39976,45673,60527,80660,84758,101663,118561,147006,167934,219270,235149,241953,244015,249874,256218,265821,303345,368888,511025,710978
131,26400,3466,547290,167277,155178,34.6959,19.5849,-17.3852,-1.71908,-7.19526,-2.53915,-2.86626,-5.56286,0.919736,-18.1098,18.7248,-35.5359,-19.8371,-32.5004,-23.5804,-26.0307,-24.4388,-29.6412,-19.2756,-33.6232,-13.267,-139.075,3466,6195,7859,12081,33049,34992,42893,50252,52681,53420,78682,90717,94785,112832,116922,119451,142236,142889,184783,190317,194790,222445,240437,243879,262319,336164,384211,503813,512464,547290
132,26600,7165,386765,122489,103181,31.243,19.3789,-17.1514,-2.22622,-6.86381,-2.97482,-2.59526,-6.09442,1.01817,-17.7952,18.2305,-35.4807,-19.9621,-32.1583,-24.2062,-25.8634,-24.207,-29.632,-18.486,-34.0118,-13.0105,-140.099,7165,18048,23161,26406,27076,27599,31783,38917,39706,43180,49026,61059,79380,95151,103025,106745,115120,116247,116436,143003,148777,153229,163825,180788,183638,262868,285260,298687,342605,386765
133,26800,10144,621665,114068,150634,32.6698,19.528,-16.8004,0.517657,-5.89986,-2.24877,-2.86598,-6.12445,1.04744,-17.0247,17.6957,-35.8762,-19.8337,-33.0207,-24.6053,-25.7621,-24.3523,-28.8139,-20.044,-33.9959,-12.7047,-141.271,10144,10635,11955,13386,14446,15002,19319,28950,30014,44768,45275,46177,52037,54729,58292,74611,75776,85560,85617,90945,106372,111035,123064,158748,172068,194741,207519,248454,610727,621665
134,27000,2718,412747,136410,119450,28.927,18.86,-16.0539,0.0201052,-6.99048,-1.46565,-1.88344,-6.48335,1.11949,-17.979,18.8844,-34.9682,-19.9503,-32.8585,-24.3235,-25.4712,-24.6458,-29.9061,-22.099,-34.0591,-13.2942,-141.985,2718,3502,7955,12506,15139,20273,20902,36176,44705,46553,56618,58073,91095,117419,131340,132446,139131,145776,154077,164105,171915,178444,179106,200018,205219,238442,366218,369530,370143,412747
135,27200,3583,442641,141413,113439,26.3599,18.2924,-16.3492,1.61085,-7.58172,-1.98335,-1.27938,-6.43242,1.06079,-18.2362,19.381,-35.6731,-19.4517,-33.1744,-23.5295,-26.0447,-24.2676,-28.8275,-21.0324,-34.4386,-12.9286,-141.688,3583,3768,6202,7853,10186,12080,30920,51750,54636,62989,65236,72801,77426,122820,132841,150625,163149,168723,169906,174441,201910,205754,209135,220065,258522,271178,286482,290509,314253,442641
136,27400,6282,489574,126850,118209,24.4378,18.4525,-16.6812,0.462945,-6.47347,-3.05612,-0.523198,-6.02619,1.92137,-18.1053,20.0336,-34.7737,-19.0713,-33.0686,-23.1494,-25.9724,-24.6009,-28.786,-19.7792,-33.6325,-13.6833,-141.231,6282,16869,17352,25449,28258,32727,40009,41946,43858,56240,71379,75202,77285,85567,88519,91106,105623,124531,127306,127995,129329,130652,160653,164185,202271,208822,287371,336014,413139,489574
137,27600,572,682203,180688,153141,26.2406,19.2714,-16.3936,0.903917,-5.60945,-3.71224,-1.62388,-6.8897,1.88598,-18.2431,19.0274,-35.0253,-19.6945,-33.4651,-22.9109,-26.175,-24.7122,-29.4833,-19.873,-33.03,-13.9232,-141.439,572,6023,10432,11306,18638,18858,41275,42089,43025,99917,109662,119440,122502,125343,138729,189268,211261,218240,218784,220269,229834,253643,271080,271334,323032,339929,340302,353571,390087,682203
138,27800,318,298374,109451,83235.4,28.0615,19.0263,-15.8301,1.12195,-6.55864,-3.92208,-1.66763,-7.43902,1.98138,-18.1536,18.5681,-35.4237,-18.9694,-32.7261,-23.583,-25.7368,-25.7164,-29.2136,-19.8509,-33.1792,-14.7837,-142.193,318,12128,16654,27781,29982,30566,38230,39594,41664,49730,56453,69083,75884,82173,86812,99633,103613,110831,114438,116631,129054,139269,169610,182476,189675,200366,251577,252002,268922,298374
139,28000,1032,292773,88519.1,74226.7,25.7352,17.8014,-16.1272,0.25679,-8.06714,-3.57964,-1.76553,-8.92372,1.43002,-18.1895,18.1628,-34.2188,-18.8848,-32.9935,-23.4602,-25.161,-25.8299,-30.0687,-19.8816,-32.0691,-14.9658,-142.675,1032,7990,10969,15170,16068,17315,18017,29190,31028,37153,40459,40934,55339,63382,66140,70443,78323,82555,95573,116983,130479,136210,145767,146334,157347,158157,169010,180558,244874,292773
140,28200,3260,510283,85974,104376,23.2321,17.6515,-16.2967,0.376453,-8.01761,-2.05795,-2.27536,-9.2122,1.22366,-17.7433,18.727,-34.2991,-17.9881,-32.4155,-23.1546,-24.9513,-25.622,-30.8485,-20.6782,-33.429,-15.5266,-143.447,3260,6374,8730,9933,14583,17213,17484,24240,24340,26730,38348,38915,46438,48593,51032,53185,56669,65373,73609,81764,93237,111324,116684,132783,136439,136513,142395,173660,319088,510283
141,28400,5557,506186,130579,127071,25.0879,16.4544,-15.1748,0.817147,-8.84285,-0.872493,-2.80749,-8.91868,0.947237,-17.2523,18.9545,-33.6033,-18.0637,-31.7679,-23.7495,-24.8129,-26.6982,-31.3583,-20.431,-34.7176,-16.286,-144.154,5557,5988,16696,24038,30839,32021,36767,38108,40164,43057,55050,60780,61016,61121,83300,104774,108905,115157,116314,130186,152738,162331,178975,195888,196728,279976,307364,365638,401695,506186
142,28600,6891,475697,109445,110963,27.7274,16.658,-14.4918,0.990004,-8.29789,-0.74682,-3.64007,-8.80039,1.22616,-16.8628,18.3083,-34.6065,-18.6884,-31.9699,-23.9401,-25.1634,-25.8494,-31.6244,-20.3348,-33.5695,-15.898,-143.706,6891,10105,11302,17537,19092,23122,30461,33901,35944,36433,42494,47244,51772,53506,64334,76555,78522,89397,109277,117656,118212,130508,146606,158165,218508,224349,232785,294288,328691,475697
143,28800,2887,648440,112136,129757,25.3405,17.6315,-15.4296,1.0918,-9.02181,-1.58193,-3.2893,-8.38103,1.6209,-16.7398,18.7422,-33.4173,-19.0416,-32.5285,-23.3955,-25.986,-26.3711,-32.3411,-20.1034,-33.7771,-16.0386,-144.215,2887,3923,9434,20953,23464,25516,28045,35853,36004,38027,38877,40027,43886,57727,58702,87317,92998,99305,103794,108047,109185,111867,152465,186897,196602,201859,235689,274118,292172,648440
144,29000,855,547133,130536,144281,27.145,18.025,-14.6263,1.74908,-8.12481,-3.24751,-3.32882,-8.49511,1.86567,-16.9948,19.3659,-33.2643,-18.7446,-32.821,-23.5986,-25.2233,-25.638,-31.9874,-20.4977,-35.0045,-15.6383,-146.058,855,1097,5464,6239,7932,11048,16674,19773,20171,24531,33439,40841,45384,51938,70359,87905,89488,90279,91626,98110,193756,223227,254888,255957,279958,290860,305981,339449,411721,547133
145,29200,2554,384237,128355,104483,27.8241,18.8667,-15.1192,0.946554,-7.28765,-2.33913,-2.4742,-8.58722,2.19774,-16.4283,20.0656,-34.2381,-19.0477,-32.8869,-23.7733,-24.1561,-25.6666,-31.7869,-20.7074,-35.808,-15.1671,-145.979,2554,9644,12292,26416,31493,45308,46016,53856,58465,68631,73513,77150,79752,85848,102579,104287,112293,113871,121446,128804,134246,152446,189261,203633,210600,256209,282308,321337,362157,384237
146,29400,4196,577722,157229,147717,29.1785,19.1141,-15.3421,0.906177,-7.11952,-2.43512,-2.00709,-8.6528,3.16151,-16.3825,21.3644,-34.7435,-18.3379,-32.4996,-24.0775,-25.184,-26.117,-30.2009,-21.6672,-35.5227,-14.5314,-147.114,4196,8962,9587,26642,30038,42511,47203,48539,61324,64888,97881,99241,102425,118851,120823,121252,124609,128221,138032,144235,162068,181422,189345,249136,268263,276336,346324,352780,574019,577722
147,29600,4188,851098,165248,170292,28.3852,19.0982,-15.8922,0.618317,-6.7384,-2.05546,-1.99115,-8.89856,3.15806,-17.6514,22.3405,-33.057,-17.962,-32.7701,-24.9705,-25.3048,-25.6948,-30.3769,-21.011,-35.3948,-15.3029,-147.023,4188,13243,21472,55654,59817,61619,67733,72942,73096,74844,79861,83638,88044,89962,95541,118116,127454,129947,143828,160690,180910,185743,196732,231475,241675,274712,276950,446481,449962,851098
148,29800,17476,408693,121110,98533.4,27.5532,18.8824,-15.5626,0.0824045,-6.08848,-2.30351,-1.57675,-8.73791,2.65662,-17.9696,21.8908,-31.9638,-18.3718,-32.7716,-24.8095,-25.1449,-26.3084,-30.8938,-21.3664,-34.4616,-16.3639,-145.897,17476,20409,21287,35521,36825,40929,42307,52715,53751,56278,68556,73292,85663,85752,96195,105691,107100,109422,124643,131792,136285,149830,163028,163846,176303,197417,227467,242470,402356,408693
149,30000,9581,775286,147266,150367,25.8625,18.585,-15.2552,0.880651,-6.69173,-2.5416,-1.88783,-8.95468,1.56142,-18.1452,22.5408,-33.0323,-17.6767,-33.0956,-25.3391,-25.581,-25.9691,-31.6713,-21.3607,-36.8725,-16.7706,-147.753,9581,9815,15565,19580,35040,38107,39499,49461,52764,70477,76988,78279,83872,84482,89464,116995,125513,125888,161663,165064,165072,202808,209531,213175,256009,256059,256260,301426,334264,775286
150,30200,6708,519584,108839,121705,26.6391,19.2833,-15.0294,0.623406,-6.02384,-2.16394,-1.9285,-8.67754,1.51779,-17.8328,22.1341,-34.3943,-19.4028,-33.2774,-25.5145,-25.9646,-27.0782,-31.3003,-21.615,-36.8874,-17.0048,-147.068,6708,8496,13113,13415,15435,19301,26872,31729,32850,42004,44220,55808,56120,57521,64794,66337,73554,74019,81731,89600,97299,120867,147481,182376,188711,209611,226043,282147,417428,519584
151,30400,2782,506305,91054,104010,28.8078,19.6154,-15.7047,1.75082,-5.98479,-1.27014,-2.42274,-9.03395,1.54221,-17.3799,21.5825,-34.9695,-18.3723,-33.891,-24.8092,-26.317,-26.7793,-31.3171,-22.1851,-37.3581,-17.0051,-147.47,2782,5323,13445,17695,19162,19240,21361,29981,31976,37571,41631,43818,44063,44978,48291,53249,55091,61949,79075,91340,95367,112215,136409,140501,144282,145267,195628,198157,295468,506305
152,30600,1766,568484,114931,135636,27.2583,20.3672,-15.4313,1.565,-6.00327,-0.572513,-2.3297,-8.80557,1.57766,-17.1578,22.0301,-35.2512,-19.4619,-32.7006,-24.4918,-27.2117,-26.8598,-31.2973,-21.9026,-36.6497,-16.4708,-148.156,1766,22891,28709,30162,31208,36006,44227,47429,49789,52724,57246,57864,58133,66195,66685,72738,77271,81087,84566,85959,92514,106355,108106,112742,116607,176038,223014,393241,498178,568484
153,30800,1794,708106,191982,162481,26.9766,21.3674,-15.9739,1.31646,-7.30015,-0.473523,-1.59916,-8.73719,0.771692,-17.7404,21.9932,-35.5337,-19.349,-32.3045,-25.6649,-26.4337,-26.9148,-31.1703,-22.4854,-37.6829,-15.3151,-148.793,1794,16718,21994,30798,38144,45578,53778,70154,77458,90379,93816,97319,123472,126856,127473,164734,203777,209334,211532,228898,238935,246446,267330,297317,329766,346873,388985,414823,486876,708106
154,31000,5436,439819,119497,113027,28.4017,21.0922,-15.6511,-0.072714,-6.9089,-1.43408,-2.11425,-7.27228,1.04201,-17.2185,21.7091,-36.4082,-19.8251,-31.9217,-25.7423,-26.8257,-26.4425,-31.0518,-22.8739,-37.7613,-14.8274,-149.585,5436,8509,11435,11582,14352,19614,23229,26139,36247,41154,56388,59689,63809,65663,70906,82523,91757,94622,113129,122722,163050,190496,192264,204747,207787,266727,271629,309718,319771,439819
155,31200,1490,896608,172302,178210,32.8572,21.1462,-14.7569,0.268976,-7.68621,-3.21035,-2.61989,-8.65562,-0.232246,-16.888,22.0451,-36.193,-19.6623,-32.2943,-26.5691,-28.0247,-27.3581,-31.2136,-22.9488,-38.2953,-14.4151,-150.086,1490,1810,19768,25316,41531,56481,57469,64139,68729,70735,74842,98187,98966,107591,109852,116727,134808,149637,156487,165826,170731,187713,276754,287284,303866,322945,328113,356062,418584,896608
156,31400,7126,358155,115324,96371.6,29.985,20.179,-15.2235,0.785346,-7.08755,-3.77913,-1.19592,-8.21045,-0.173901,-16.6781,22.856,-36.5619,-17.9683,-31.4897,-26.0914,-28.4049,-26.9636,-31.0055,-23.1873,-37.7304,-14.4339,-149.308,7126,11657,15948,18341,19706,24828,26364,33417,39126,44110,45113,58092,59581,67584,89699,98010,110278,115712,125010,134171,135295,165926,194358,211119,228068,238482,251030,255108,278305,358155
157,31600,5920,639857,197830,179474,27.8588,19.8547,-14.1682,1.45191,-7.80195,-3.93889,-1.43037,-8.11765,-0.166256,-16.7979,22.9712,-37.3461,-18.2367,-31.7631,-26.2725,-27.9754,-27.7933,-29.8863,-24.2638,-38.6229,-14.9715,-149.641,5920,8625,22974,25200,27585,36994,61660,73786,77327,83203,97124,101495,111079,129561,130195,133242,151219,190739,207840,211702,238487,241589,302218,313967,321016,328360,507251,542349,612336,639857
158,31800,9576,393911,99224.5,99916.5,29.2789,19.3694,-14.84,1.90773,-8.68943,-3.61304,-1.36232,-9.15423,0.566553,-16.7185,24.0874,-36.2396,-17.9226,-32.1255,-26.2803,-26.9501,-27.7897,-29.6249,-24.2486,-39.1459,-14.8921,-149.862,9576,13161,14779,15220,19449,25836,27543,28073,28595,44441,44896,54622,54640,56588,64206,68545,69341,73051,94181,102106,105982,108500,116843,145168,156550,201217,217299,238683,383734,393911
159,32000,1280,475905,137405,121074,28.2149,19.1535,-15.5426,1.29432,-8.0984,-4.1276,-2.00037,-8.93729,-0.0769674,-17.4277,23.2863,-36.4084,-18.4245,-31.4043,-26.2343,-27.8906,-27.9221,-29.6242,-25.8422,-38.7874,-15.2905,-150.532,1280,2168,17974,18242,19012,25350,27052,29335,40161,42988,50379,61431,73739,105644,108974,123710,128516,135801,147481,153923,196858,218524,222734,231057,244451,252703,289307,310991,366448,475905
160,32200,426,556196,122843,145876,25.6046,19.4399,-16.2251,1.30044,-8.63202,-2.63897,-1.80276,-8.68711,-0.50278,-17.2625,23.0681,-36.8561,-19.0453,-31.1377,-25.7646,-28.4746,-27.7953,-30.2263,-24.8483,-37.9146,-15.5968,-149.847,426,4912,7721,8126,20083,28453,34318,38670,41591,41779,42825,43733,48939,50544,54901,56710,60579,64316,76328,96064,117656,176508,179265,210030,234358,272891,275820,289727,551829,556196
161,32400,649,485317,123197,118492,25.273,18.777,-16.8833,0.715131,-7.67464,-1.82589,-2.55272,-7.82989,0.267561,-18.7019,22.8077,-36.4717,-18.2301,-32.6169,-27.05,-27.6477,-28.0557,-29.1091,-24.5802,-37.8705,-16.1642,-149.168,649,5332,8088,9105,16999,20648,23668,25429,33178,36384,36685,40436,46256,69655,97161,108875,117041,132763,144792,144910,148007,172327,182309,202528,220610,260108,278222,293706,334713,485317
162,32600,2267,388219,126496,106455,26.2658,18.9801,-16.8015,0.451588,-7.45939,-2.08422,-3.14665,-8.42801,0.476106,-18.7502,23.6245,-35.7575,-17.8405,-31.4905,-28.1826,-28.1887,-28.6187,-29.9354,-26.6512,-37.9464,-14.7753,-150.542,2267,4323,7483,44337,45978,52292,55686,59057,60100,61981,64717,69761,83726,86896,90199,93538,101380,103300,103990,117982,119801,123462,171802,200378,221093,256728,323834,327334,353244,388219
163,32800,1814,643079,143684,174618,28.4061,18.7137,-16.822,-1.21423,-6.31359,-1.46196,-3.38836,-8.49212,-0.890918,-18.1572,24.9301,-35.7566,-19.3391,-31.645,-28.5053,-28.0032,-28.2323,-30.1679,-26.7792,-38.8842,-15.8231,-150.919,1814,3679,4079,8277,10354,14276,16400,26424,28395,31316,37655,48769,53420,54942,65544,74087,78343,87253,107300,163792,172292,175685,190713,218912,263900,346373,354701,400585,628175,643079
164,33000,937,668749,145239,145202,27.2523,18.7714,-16.3971,-2.29698,-6.99468,-1.42364,-2.63329,-8.72809,-0.359413,-19.0113,25.0356,-35.8441,-20.1541,-32.5258,-27.2387,-28.4475,-28.537,-31.5283,-25.2738,-38.8526,-15.9955,-152.708,937,2220,5932,6252,11809,16824,20731,25536,54695,82107,86150,90806,101316,113856,122461,126021,131308,134769,135588,140979,141397,143035,154450,218089,288038,291725,325822,349093,366489,668749
165,33200,4486,616032,148119,140451,25.5085,18.599,-15.5335,-1.72765,-6.97963,-0.639576,-2.18981,-8.06857,0.235932,-18.41,24.7885,-35.3495,-19.0148,-32.485,-27.3739,-29.311,-28.9409,-31.4616,-23.7578,-37.8821,-15.912,-152.354,4486,20976,23974,31502,32049,34339,46097,46743,50574,58709,64583,65632,72470,73271,92806,108034,117470,134666,144394,149350,171230,193742,223303,264594,274808,275791,289909,313858,448187,616032
166,33400,5181,496215,155390,137025,26.2112,18.5174,-15.3975,-0.380544,-7.04367,-1.0822,-2.28301,-8.20579,-0.665315,-18.1287,24.3155,-35.675,-20.0878,-32.1539,-27.8523,-29.7275,-29.1567,-31.8557,-24.2294,-36.7012,-16.0429,-153.129,5181,6000,12320,15894,16933,39801,39880,65039,79305,86046,86429,86969,87888,88560,90200,102463,110287,138626,145298,169162,171875,199421,253236,270037,295984,304727,345430,404651,447848,496215
167,33600,1173,461439,140968,123684,29.4597,18.6462,-16.4288,0.459893,-6.75723,-2.91082,-1.27513,-8.17496,-1.02527,-18.6918,24.171,-36.585,-20.3027,-31.4062,-28.2492,-31.2635,-29.7762,-32.1184,-23.2536,-37.1,-15.8836,-153.594,1173,1899,1958,2549,6123,6138,27694,31577,53171,60643,79493,80897,87330,112607,114720,117185,120383,129431,142923,143309,155702,246291,258683,275927,279968,282003,295480,314077,338255,461439
168,33800,1857,537302,125252,144659,31.388,19.2798,-16.4085,0.507318,-6.63942,-2.76567,-0.878722,-7.0056,-1.48565,-19.342,23.2499,-37.0428,-21.2738,-31.6039,-28.5058,-31.7897,-30.0635,-32.3518,-23.4266,-37.0183,-17.1747,-154.452,1857,2243,4463,9513,10235,14207,21591,28944,29301,35606,39162,46393,56098,74493,80282,101210,106553,107227,109356,121012,126288,127444,131143,150954,176896,269166,347922,365395,525305,537302
169,34000,5173,468814,135218,136947,32.9109,20.0082,-17.4124,0.707773,-7.11725,-3.43357,-0.0327302,-6.25343,-0.830034,-18.5963,23.5692,-37.4551,-21.4905,-31.2745,-28.6849,-32.3442,-30.4212,-32.8138,-24.2615,-38.391,-16.0841,-153.539,5173,9107,9667,10045,28624,28827,29039,33314,35100,42619,44084,44981,52934,60327,62367,69157,75013,108094,134402,143381,167393,195578,230646,248233,261701,322545,340118,346940,448314,468814
170,34200,1031,395871,102219,91720.7,36.0331,20.9354,-18.1968,1.43273,-6.87949,-3.34064,-0.395213,-6.24327,-0.691573,-19.0722,23.9848,-37.8142,-21.8651,-31.8468,-29.0894,-32.0142,-29.9452,-32.7831,-24.4896,-37.4901,-15.3144,-154.484,1031,3847,10428,23740,23817,28128,28134,29146,45248,49440,57455,66215,67561,77662,79366,84875,85693,91718,95523,107395,112910,125426,128516,148011,166538,167135,196534,260722,308487,395871
171,34400,2028,575906,117560,127156,35.2192,21.378,-17.9212,0.626341,-7.01545,-4.41591,8.27169e-05,-7.4842,-0.45061,-19.9027,23.5982,-36.5802,-21.4555,-31.7054,-29.1966,-32.4456,-30.5601,-31.6906,-24.2288,-38.3114,-14.9952,-155.707,2028,2312,9922,11516,11547,21173,27183,41266,42583,46539,47055,62004,63788,74553,85905,87253,88697,93927,119674,120618,124830,133076,151096,175337,190429,195255,196982,307547,416788,575906
172,34600,3052,747716,191988,185055,34.2765,20.3914,-18.016,-0.360533,-8.51225,-4.89073,-0.1449,-7.10118,0.421963,-19.5305,23.228,-35.9684,-21.0491,-33.2673,-28.7134,-31.686,-29.5141,-32.9713,-24.8891,-39.4688,-13.1767,-157.06,3052,4667,6667,13031,17371,24384,33383,36168,76874,78064,94609,97581,100696,114234,129655,139692,147135,157322,197393,201534,209996,303022,325137,328160,350560,404166,417544,427276,572540,747716
173,34800,41,678661,181139,145966,32.8268,20.2846,-18.8069,-0.291076,-8.49217,-5.47652,-0.328202,-6.92656,0.17085,-19.1008,23.1633,-36.3069,-20.8334,-32.9809,-27.8628,-30.5826,-30.088,-33.1467,-25.4089,-39.7938,-12.1955,-156.345,41,9358,16635,31894,32424,48355,53362,57285,61339,90872,121386,130652,140056,146504,165148,172789,184936,197489,197751,214098,238273,249593,255694,279143,281704,282071,299648,367986,429018,678661
174,35000,767,748598,151544,179373,32.0504,19.8024,-19.3447,0.0350903,-8.5168,-6.75012,0.443463,-6.73248,0.19398,-19.2999,22.5394,-35.9768,-21.1661,-33.0716,-28.7296,-31.3378,-29.7983,-34.0304,-25.9958,-39.6499,-12.4187,-157.608,767,9319,11701,13170,15542,16195,17262,19881,20736,36750,70288,70396,70923,73724,76689,79880,86909,125957,136103,136181,139299,162455,163320,187788,342607,391609,392796,450336,479151,748598
175,35200,1607,1101534,195555,240237,33.5605,19.7269,-19.0367,1.97206,-8.39512,-6.42348,-0.671275,-7.15158,-0.584641,-19.5712,21.8159,-35.714,-21.8872,-33.6144,-30.343,-32.8691,-31.0494,-34.0172,-26.914,-39.5576,-12.5902,-158.956,1607,2758,5840,15368,15994,25041,27547,37075,40441,41858,44451,44751,83737,105068,116694,134176,137136,144555,166729,193903,216599,243268,281249,326156,347020,400169,404295,454605,707035,1101534
176,35400,1539,667535,183967,178461,33.8506,19.3539,-19.2251,1.10066,-9.01128,-6.28843,-0.731771,-8.04007,-0.16524,-20.0281,22.2941,-35.2582,-22.1272,-33.1786,-31.0181,-33.3492,-30.1574,-33.7644,-26.4552,-39.7324,-12.8364,-161.532,1539,9785,17525,22941,30979,31311,32167,38086,43606,58756,59006,64141,86473,115702,121720,126895,140773,177536,218896,225552,233338,252860,253563,336335,344236,363501,397313,421524,625402,667535
177,35600,477,1271989,171206,257396,33.8673,19.8914,-18.9062,-0.464295,-9.63651,-4.72109,-0.597383,-7.48464,-0.0724187,-19.9815,22.9621,-35.1541,-22.7014,-34.0529,-30.3259,-32.7963,-29.1558,-32.9789,-26.9731,-39.4551,-13.4474,-160.613,477,2209,7837,8140,10078,11576,18363,18851,21996,44959,52861,60068,65695,79511,81851,113941,126380,127106,145087,167967,172078,183440,192288,218394,220943,284205,340422,348365,739106,1271989
178,35800,690,292067,112226,89158.7,32.1799,19.8038,-18.8178,0.600987,-9.50774,-4.17366,-0.251846,-7.42382,0.582279,-20.9132,23.0322,-35.3273,-23.1398,-33.935,-30.5252,-32.6254,-29.3105,-34.2549,-26.2539,-40.6597,-13.3656,-161.506,690,3747,6453,9832,11621,23211,37067,43960,51054,51562,54891,57733,72057,85451,93383,105429,105701,111397,131800,134469,140661,141657,166197,185956,227994,228776,247491,264930,279543,292067
179,36000,397,449138,128290,129626,30.8846,20.5077,-19.1176,0.87082,-9.60491,-4.7411,-0.268035,-7.10199,-0.279134,-20.9018,23.0318,-35.1747,-24.1279,-33.5561,-30.8349,-33.4933,-29.8412,-33.2647,-27.1946,-40.3097,-13.0507,-162.11,397,1530,1544,2562,7122,9945,15575,17029,17530,19977,35451,50372,60892,70563,87252,118132,119798,127479,140383,156691,167760,186959,189796,199683,236610,269597,301935,377719,409268,449138
180,36200,1393,643634,148101,151825,31.017,20.6121,-18.1692,-0.128898,-9.11637,-3.95478,0.260027,-5.28198,0.56223,-20.8285,23.7705,-36.6596,-23.4103,-33.7788,-31.8302,-34.6084,-29.8274,-32.5925,-27.5593,-39.4547,-13.8992,-162.755,1393,6335,11375,21510,28113,34012,36022,36330,47219,49383,49732,52852,71008,89472,99503,100744,103026,120230,120864,146631,180999,223640,225336,240279,256121,279983,300088,406388,460804,643634
181,36400,149,655067,138211,148639,28.668,20.9196,-17.269,1.50475,-8.38411,-4.54267,0.155688,-6.32561,-1.35488,-20.0644,24.1052,-36.4517,-23.6944,-34.7309,-31.0533,-35.6604,-29.5855,-32.3295,-27.2495,-39.0435,-14.3312,-163.809,149,5129,19554,19850,22248,31961,37674,51483,58107,60560,61276,61736,64082,64986,71481,90851,107343,107760,111233,123556,131863,133174,171471,246046,248238,255423,311027,367563,455454,655067
182,36600,3269,559054,136716,125469,27.6416,20.8183,-17.6673,1.21229,-7.30845,-4.88577,-1.80761,-5.76868,-1.18967,-19.7638,24.6282,-36.1416,-23.3508,-34.7635,-30.4875,-35.3023,-29.1388,-33.4246,-27.4101,-38.7905,-14.9079,-163.913,3269,13437,32047,34524,36889,46039,46067,50471,52946,64770,68208,69411,69767,86252,91189,93487,121310,121322,124758,140279,153966,171205,181412,200494,206938,246967,283432,312042,419542,559054
183,36800,16530,679169,124287,136337,28.6156,21.5672,-16.675,1.42364,-7.49387,-5.29439,-0.478175,-5.6746,-0.637878,-19.2647,24.7836,-36.5699,-23.3623,-34.7249,-30.2267,-35.851,-29.4304,-32.3443,-27.5142,-38.8639,-15.5636,-164.936,16530,17981,20169,23467,36693,37065,40566,42776,44076,51754,60567,61203,68251,71788,87250,99027,101314,102855,103870,117460,119739,119760,131001,174213,200337,203824,207101,271014,417778,679169
184,37000,12793,656708,219510,187464,28.3446,22.3147,-16.9451,1.67454,-7.76036,-5.24237,-0.0801421,-5.35068,-0.104361,-19.2502,24.639,-36.9218,-23.7412,-34.6781,-30.5046,-34.6464,-29.3311,-32.7111,-28.2506,-39.1247,-14.9789,-164.998,12793,13227,16081,20886,21720,23463,43749,67243,112639,127245,141401,144183,152145,158126,164067,164734,168573,183720,206835,222038,263208,289406,322948,334471,390561,468215,552749,566970,575202,656708
185,37200,1832,564809,142883,147426,29.1136,23.217,-18.4356,0.509412,-6.82583,-4.61439,-0.170515,-5.89387,1.06635,-19.9766,24.9973,-37.7711,-24.6019,-35.1738,-31.4327,-34.537,-28.921,-31.9517,-28.1112,-38.845,-14.7299,-164.398,1832,8746,19885,21866,30830,45597,48379,53592,55253,67234,71973,80699,83466,89607,94928,103256,107692,111693,115650,129884,141081,142568,152541,177347,191315,211188,385106,449622,528862,564809
186,37400,4000,553518,132589,125432,31.1348,23.4636,-18.7383,0.446186,-6.88037,-4.86974,-1.07101,-6.19356,-0.0600226,-21.4801,25.2077,-37.775,-24.216,-35.4454,-31.8388,-34.4773,-29.714,-32.7134,-27.6931,-38.1581,-15.5891,-164.44,4000,5103,7227,8745,12166,15370,39492,50033,58205,60150,69211,76197,79607,79745,83786,120008,122669,125978,136151,150287,167640,167863,172096,202038,202655,232322,257377,319604,398433,553518
187,37600,184,1284560,143188,238540,33.7975,22.6306,-19.753,-0.546839,-5.88007,-4.76891,-0.946145,-7.36633,-0.0802125,-20.8922,25.2526,-37.4315,-25.3885,-36.2636,-29.8214,-34.638,-29.8058,-33.5956,-28.5276,-38.7809,-16.2228,-164.631,184,2484,13285,14800,22652,24404,26768,28040,46975,53239,57811,60571,66285,70808,83665,95448,96305,107820,110342,113230,114009,122580,133366,146063,147713,185168,280209,300428,486436,1284560
188,37800,4622,484582,160317,128946,33.2511,22.3914,-19.5586,-0.198743,-6.13556,-5.45767,0.331343,-6.78444,0.727417,-19.9529,25.4748,-37.3255,-25.733,-35.0185,-29.4512,-34.8608,-30.4594,-33.3945,-28.2786,-39.1699,-15.3866,-164.602,4622,11645,20797,29912,37068,40057,42787,46348,47487,76679,78729,87372,87403,104271,119252,128317,141020,150172,183240,208433,211971,253529,272949,286221,291556,297189,324498,359641,381765,484582
189,38000,8994,625746,117037,148481,33.5065,22.366,-19.5311,-0.726581,-5.76475,-6.20567,-0.316722,-7.3994,0.950708,-21.7975,25.6622,-37.7216,-25.4628,-35.016,-28.8258,-34.5674,-30.4091,-34.128,-26.9747,-39.9757,-14.9579,-165.98,8994,10230,12804,14719,16740,21637,21866,25966,27653,27905,43924,44846,51083,56993,72129,74982,75996,78552,83009,85605,115716,117818,118696,166816,174534,182250,287328,340996,525570,625746
190,38200,367,497625,137717,127967,30.8828,22.4613,-18.8869,-1.15992,-5.73892,-5.33414,-0.358804,-6.73164,1.23519,-22.2763,24.8368,-38.0449,-24.6649,-33.9788,-28.7984,-33.9304,-30.4541,-35.0566,-27.5249,-39.8772,-14.2063,-165.03,367,926,6696,6740,15185,26465,31855,31899,35623,48512,74117,81680,92927,96532,102809,107760,109226,115430,120432,136846,193693,206701,208598,243308,246661,255049,277351,336520,423986,497625
191,38400,1909,568944,163101,150283,28.8797,22.3828,-19.5733,-0.83356,-6.14213,-6.1236,-1.37081,-7.43341,2.15676,-22.6884,24.2242,-39.8605,-25.7511,-34.4446,-27.917,-34.6572,-30.3822,-35.0365,-26.1399,-40.7561,-13.8049,-166.975,1909,3172,31744,43996,48941,50006,51221,59838,64790,73288,76921,84789,87858,92018,94105,99153,117969,122256,123411,128417,132077,243404,250033,258036,365919,366465,408350,411049,432942,568944
192,38600,3954,608165,165155,177426,29.2921,22.4627,-18.9039,-0.834928,-6.50765,-6.82397,-2.41773,-7.43863,0.960478,-22.3936,24.267,-40.3597,-26.507,-35.6992,-28.3851,-34.0634,-29.794,-34.6716,-25.6876,-41.8164,-14.5325,-168.876,3954,10844,12924,21614,23974,24165,28971,33475,37846,52446,57355,60862,66332,67301,77026,77462,80617,116797,138184,170810,182635,236435,293906,296512,297835,405458,425902,441455,603378,608165
193,38800,881,464533,145451,114202,34.58,22.626,-18.8521,-1.5696,-7.11502,-6.90834,-1.73911,-6.31217,0.462154,-21.3905,23.6533,-39.7546,-26.3536,-34.7387,-27.9644,-34.8378,-30.3468,-35.3163,-26.1686,-43.3013,-14.515,-168.379,881,6399,9748,12653,26355,41952,47878,81747,82913,88359,98652,105643,105644,109028,117906,120114,124284,127740,158142,182824,201507,202523,215354,216396,219229,219254,230715,315944,429221,464533
194,39000,2698,360471,111998,92906,37.4209,22.2125,-19.4595,-2.30103,-6.64736,-5.49755,-2.19731,-5.93101,0.954255,-21.2279,23.6007,-39.5343,-26.3536,-35.3655,-28.8888,-35.0756,-30.8756,-35.0665,-27.1954,-43.1125,-14.7592,-168.612,2698,4374,7724,15111,17541,18906,37333,41077,48047,65810,68071,69884,79028,87196,94070,94828,99525,105830,106570,112766,124534,147421,152176,191560,198976,217165,223381,235902,331963,360471
195,39200,1734,862719,147444,189600,34.3214,22.477,-19.3545,-0.874316,-6.75344,-3.81576,-2.70323,-5.96519,1.07766,-21.9892,24.4892,-40.1501,-25.253,-33.9782,-28.6683,-34.783,-30.7487,-35.3182,-28.9867,-43.8025,-14.0681,-168.916,1734,2331,6019,8826,11662,13564,20187,25670,32620,41311,50983,60700,69718,82325,90050,91999,95430,102360,116936,145557,148073,159266,165966,211112,234366,265974,281964,447063,576844,862719
196,39400,817,564025,145593,127870,33.3332,23.3152,-20.0829,-0.0667714,-6.7004,-4.14284,-2.18999,-5.91824,2.10551,-21.8965,24.5969,-40.362,-23.8778,-34.6027,-30.4354,-35.3468,-30.304,-34.8322,-27.4525,-43.1825,-14.1183,-168.264,817,16761,32447,33766,35544,44643,44702,57364,61834,65532,68039,68966,70808,72799,83987,97083,103964,173009,176226,177146,181963,182480,188249,260910,266383,271590,280555,294704,391503,564025
197,39600,12359,790077,144275,168612,38.1376,22.9945,-20.2108,0.371782,-7.26226,-5.3605,-1.72999,-4.94762,1.56384,-22.3296,24.4505,-40.3063,-24.0249,-34.7968,-28.8401,-34.5603,-29.9459,-34.6654,-27.7235,-42.7873,-14.9545,-169.224,12359,13813,18490,24622,27098,31204,31660,33603,34998,35141,35527,42810,50853,55432,64333,107697,108659,111258,131367,139636,148553,166745,180987,225981,232452,342707,354726,385626,389823,790077
198,39800,2064,727382,123882,150348,36.8876,22.7643,-20.2184,0.154305,-6.5784,-4.84907,-3.12952,-6.06901,2.69155,-21.8845,24.8542,-39.7436,-24.457,-34.6155,-27.9084,-34.6567,-30.5494,-34.9264,-26.744,-43.1257,-13.8195,-170.409,2064,9497,11431,11481,11560,12944,26022,33081,39607,42432,45034,46092,61452,63649,67527,74513,88916,99186,106138,146867,151843,152855,166916,170051,174340,213408,218658,313662,427838,727382
199,40000,8112,586266,139115,126283,37.2066,22.7108,-19.983,0.23749,-6.34421,-5.11917,-3.93376,-6.06492,2.99706,-22.1087,25.5065,-39.5198,-24.3236,-33.2971,-26.9214,-35.5365,-31.9664,-35.864,-25.5564,-43.285,-13.5144,-171.014,8112,9282,10996,14174,16311,19934,32950,37273,46292,83135,85570,88122,95654,101480,119003,121854,124159,128853,136197,139076,147143,161131,204713,221508,265140,266606,282212,285266,335031,586266
200,40200,2075,1066261,208792,236495,35.589,22.8323,-19.0843,0.381713,-6.5772,-4.11792,-4.09801,-5.79451,2.35979,-22.1197,25.9818,-39.6562,-24.2956,-35.389,-28.2439,-35.3533,-31.9928,-37.1,-25.4805,-43.1765,-14.2834,-171.998,2075,6053,7489,9407,17125,20126,35833,49175,71399,87766,92706,112771,124246,125757,128597,139179,139460,146182,184579,191237,216241,244756,275825,280158,365940,366292,500781,572278,684078,1066261
