generation,agents,minScore,maxScore,meanScore,standardDeviation,w0,w1,w2,w3,w4,w5,w6,w7,w8,w9,w10,w11,w12,w13,w14,w15,w16,w17,w18,w19,w20,w21,s0,s1,s2,s3,s4,s5,s6,s7,s8,s9,s10,s11,s12,s13,s14,s15,s16,s17,s18,s19,s20,s21,s22,s23,s24,s25,s26,s27,s28,s29
0,200,0,4,1.4,1.40443,1.60676,0.794403,0.847288,-0.0568807,1.30925,2.51975,0.328314,1.10967,0.689984,-1.15132,-0.0512158,-0.442254,1.7391,-0.705936,0.261118,-1.08732,-0.496635,-1.09461,2.66721,-2.18742,-1.00568,-1.61621,0,0,0,0,0,0,0,0,0,0,1,1,1,1,1,1,1,1,1,2,2,2,2,3,3,3,4,4,4,4
1,400,0,11,3.73333,3.42338,1.48646,1.67588,0.202869,-2.23342,-0.0614436,2.63333,-4.03427,-1.43367,-1.37985,-4.21944,0.346051,-0.369823,1.67599,-0.38028,1.01612,-0.95447,-1.77881,-0.484625,1.95405,-4.7103,-2.02001,-2.80737,0,0,0,0,0,1,1,1,1,1,1,1,2,2,3,4,4,4,4,4,5,6,6,6,7,7,9,10,11,11
2,600,0,17,4.7,4.40337,0.745153,0.106947,0.935775,-4.02877,-0.316197,2.02044,-2.09343,-2.11558,-2.22094,-2.87878,3.40908,-2.08569,0.321453,1.81052,0.97354,-1.7256,-3.52576,-1.72355,-2.51032,-3.49071,-3.81716,-5.78586,0,0,0,0,0,0,1,2,2,2,2,3,3,4,4,4,4,5,5,5,5,6,6,7,7,9,11,13,14,17
3,800,0,22,3.76667,5.00815,0.236864,-1.25175,-0.632828,-3.25606,1.35094,2.59453,-2.26141,-3.14794,-8.92523,-4.57181,4.77278,-6.79634,1.08977,0.249213,0.442306,-3.42637,-3.22874,-1.98894,-1.47931,-3.1685,-3.78813,-6.57034,0,0,0,0,0,0,0,0,0,0,1,1,1,1,1,2,2,3,4,4,4,5,6,7,8,9,10,10,12,22
4,1000,6,64,26.2333,14.827,-0.150064,-1.69941,-1.56018,0.0418548,-2.05376,1.97027,-3.87811,-2.30857,-11.0769,-4.81882,6.9698,-9.26769,-1.27417,-4.78276,-0.934751,-4.37419,-3.6179,-2.11937,-1.72142,-4.199,-3.85787,-8.23841,6,7,12,13,13,15,15,15,15,16,17,17,17,20,22,23,23,26,27,30,30,33,37,38,41,42,46,53,54,64
5,1200,0,63,33.3,16.0606,0.092224,-2.64752,-7.22243,-1.69849,-1.98435,-0.406007,-4.99368,-4.50396,-12.1369,-6.5219,8.72651,-9.63647,-3.45302,-7.2615,-3.29946,-5.81112,-3.05574,-2.29574,-2.27354,-2.15459,-3.45913,-10.7647,0,1,8,10,15,22,22,25,25,26,28,29,31,31,35,37,38,38,40,42,43,43,43,45,47,48,50,54,60,63
6,1400,22,107,45.1,17.0867,0.932891,-3.47817,-10.9462,-1.70456,-1.62039,1.21816,-5.79188,-4.59083,-12.0947,-6.26917,5.20423,-11.845,-6.17808,-9.39136,-4.28856,-6.04658,-3.67662,-4.07793,-3.2158,-3.81625,-4.57232,-12.9158,22,24,25,26,26,27,28,31,34,35,35,44,44,45,47,48,48,48,51,52,52,53,54,54,55,56,56,60,66,107
7,1600,26,154,69.7333,27.9938,0.816486,-4.0398,-9.44489,-3.69555,-2.14929,0.124581,-6.44414,-5.41749,-14.2357,-7.87784,3.20981,-13.0789,-7.73446,-8.96175,-6.9113,-6.28776,-5.4007,-7.75234,-4.78968,-5.50745,-4.74293,-14.086,26,31,32,36,39,41,44,48,55,57,63,64,65,66,66,66,70,73,75,78,83,83,84,85,93,93,106,107,109,154
8,1800,42,183,91.6,34.852,1.99642,-4.50981,-10.9636,-7.11618,-4.53786,-0.118905,-8.86637,-6.98178,-13.4695,-10.0804,3.55738,-13.0374,-10.4397,-9.92983,-8.24295,-9.51389,-6.20588,-9.35864,-7.06631,-5.52213,-6.0543,-16.3309,42,51,52,54,57,59,71,72,72,73,76,77,78,80,83,84,87,90,96,97,98,99,100,110,121,126,130,155,175,183
9,2000,37,357,106.633,70.3854,1.98258,-4.81828,-11.0134,-8.61721,-5.3525,-2.74819,-10.107,-7.37387,-14.7547,-9.67134,1.33371,-12.4597,-11.4793,-10.0017,-8.49865,-9.1032,-7.34582,-9.27804,-7.7701,-5.77506,-9.32592,-17.9461,37,37,52,52,57,60,60,63,67,69,69,71,76,78,79,84,95,95,102,108,111,113,117,117,138,155,204,236,240,357
10,2200,62,379,128.633,73.9168,0.800393,-3.86214,-11.7596,-9.803,-6.15734,-5.33692,-12.0179,-8.67992,-13.7726,-11.4491,2.40032,-12.5946,-13.8072,-11.7888,-8.87689,-10.0278,-8.12206,-10.5558,-8.70087,-6.77171,-11.9427,-20.0913,62,64,65,66,67,68,80,80,86,90,95,97,108,108,109,115,118,118,119,123,127,139,147,149,173,177,178,210,342,379
11,2400,41,449,151.9,103.479,2.32702,-3.29143,-11.938,-9.74711,-9.05156,-6.67419,-11.5223,-8.92461,-13.6576,-13.5151,1.03055,-12.8952,-13.9286,-11.5399,-9.56851,-10.3234,-9.93529,-10.5965,-9.95434,-6.4513,-14.1833,-23.7741,41,49,62,62,71,81,85,86,94,95,99,104,113,114,117,117,118,122,127,131,144,161,173,206,260,274,281,294,427,449
12,2600,25,438,164.967,104.377,2.08681,-3.3271,-11.3252,-10.9269,-8.38149,-6.61047,-10.5684,-6.4644,-14.1991,-14.3872,1.26648,-13.1935,-15.3795,-12.5132,-8.79614,-10.8856,-12.4516,-9.76759,-10.1952,-6.7771,-16.5452,-25.4904,25,66,66,69,70,70,73,83,84,89,95,113,122,123,141,155,156,167,169,172,201,210,233,234,237,248,283,326,431,438
13,2800,23,658,161.2,141.483,3.54304,-3.0554,-11.6435,-12.5805,-8.83238,-8.03039,-11.0769,-6.70947,-12.7298,-13.1418,0.0565479,-13.172,-14.2345,-14.0406,-8.1566,-11.0829,-12.6947,-9.92228,-10.2639,-6.71849,-17.2199,-28.7831,23,33,37,42,53,56,57,58,66,77,87,89,98,99,104,104,107,130,167,174,199,223,231,231,240,266,306,384,437,658
14,3000,61,613,230.1,162.665,3.83318,-2.60365,-9.89959,-12.5725,-10.3815,-7.47439,-10.911,-7.0616,-12.7453,-13.1057,-0.879441,-12.5771,-13.7011,-12.8119,-8.81049,-11.3543,-12.992,-9.40033,-9.3071,-6.83216,-18.4429,-32.3768,61,70,73,75,83,87,102,116,121,133,140,141,154,164,164,166,173,183,184,207,229,281,349,387,462,464,470,517,534,613
15,3200,60,841,299.367,189.389,3.76266,-2.41747,-10.7323,-12.3038,-10.7137,-7.89277,-11.0378,-7.11138,-11.1373,-14.569,-1.19826,-10.8408,-12.9362,-13.1667,-7.80837,-10.239,-11.6357,-10.1405,-10.1282,-7.44179,-19.006,-34.2335,60,82,96,115,122,126,138,150,160,167,177,205,205,220,250,257,295,297,315,358,361,405,418,427,446,505,556,594,633,841
16,3400,63,1005,280.033,223.854,2.61717,-2.0053,-13.1627,-12.0763,-10.5134,-8.30127,-10.5713,-7.78834,-11.9268,-15.1151,-0.69356,-11.3471,-13.9888,-12.3414,-8.05362,-10.3545,-11.5579,-10.5103,-9.88666,-8.14688,-19.3163,-35.3196,63,88,91,91,114,145,156,159,161,169,174,174,188,199,199,205,209,221,245,246,251,283,297,341,401,532,543,552,899,1005
17,3600,55,1952,465.033,391.513,1.48295,-0.915059,-14.6638,-11.3627,-10.5682,-8.72456,-10.0436,-8.7758,-12.4887,-14.2526,-0.0659638,-11.5907,-13.4832,-12.0236,-7.26002,-10.7822,-13.0098,-10.2415,-9.87754,-8.09736,-19.4169,-38.0638,55,84,122,138,149,161,222,226,227,273,277,313,354,355,362,391,401,419,468,480,483,527,584,620,628,650,670,1077,1283,1952
18,3800,101,1077,407.933,282.892,2.59115,-0.0754123,-15.7188,-13.2504,-10.3449,-8.59806,-11.7194,-8.08624,-12.0456,-13.9373,-1.46911,-12.4669,-12.0495,-12.6939,-7.00663,-9.93686,-13.1835,-11.3449,-9.2335,-8.11099,-19.1891,-39.1767,101,101,115,135,149,155,173,180,205,217,225,257,276,285,300,312,340,375,423,486,492,501,598,650,659,693,753,947,1058,1077
19,4000,49,1903,563.733,475.885,2.10269,0.163953,-15.5584,-13.7349,-9.96599,-9.48109,-12.4553,-7.79002,-12.7142,-14.0844,-1.41804,-12.9298,-12.6442,-12.4442,-7.9195,-9.96784,-12.9865,-11.8328,-9.41761,-8.46739,-18.2085,-40.8193,49,51,56,127,146,169,182,183,228,239,303,367,422,445,453,487,513,550,550,598,636,688,689,827,894,919,1072,1340,1826,1903
20,4200,111,1513,533.233,365.205,2.98675,-0.321976,-16.1942,-13.7017,-11.0938,-8.80209,-13.1246,-9.00361,-11.9124,-13.9968,-0.870929,-13.2331,-12.6787,-12.2243,-8.36549,-10.9477,-12.8223,-13.187,-9.20395,-8.10411,-18.2474,-41.9599,111,115,144,162,190,193,194,194,233,244,285,291,351,386,402,426,438,614,679,685,751,807,811,870,870,904,984,1004,1146,1513
21,4400,164,2284,546.633,485.442,3.52405,-1.45414,-14.851,-14.0022,-12.4356,-8.33569,-13.4219,-9.88834,-12.8011,-14.5351,-1.21591,-14.1142,-12.517,-12.3652,-8.51394,-11.5656,-12.7446,-12.9992,-9.09913,-8.48765,-18.1689,-42.5352,164,185,196,222,226,229,254,264,277,280,285,313,315,326,330,331,355,363,387,474,639,643,670,673,677,896,1120,1478,1543,2284
22,4600,111,2306,817.733,642.699,4.60222,-2.35677,-14.5557,-14.6574,-13.6227,-8.28226,-13.2802,-12.0535,-12.8218,-14.864,-1.12844,-14.4942,-12.143,-12.553,-8.3935,-11.6853,-11.3884,-12.7416,-9.7682,-8.06156,-17.4572,-44.5577,111,129,137,155,175,207,269,305,320,413,443,466,479,492,566,627,639,721,956,980,1000,1074,1314,1328,1505,1718,1763,1843,2091,2306
23,4800,102,3605,853.1,784.558,4.57876,-2.15792,-14.9942,-13.9049,-14.0429,-8.56709,-13.1344,-12.2834,-12.8323,-14.5017,-1.93523,-13.1684,-12.6795,-12.3438,-8.88307,-12.4362,-11.938,-12.9534,-9.45142,-9.44493,-17.2586,-45.7531,102,132,149,160,171,183,213,356,386,397,471,480,505,572,705,761,808,822,859,891,920,981,987,1117,1213,1414,1556,1992,2685,3605
24,5000,180,3146,1131.57,832.409,4.29123,-2.55164,-14.9441,-12.9761,-14.3907,-9.29672,-12.4715,-13.1248,-13.2709,-14.1717,-3.12898,-12.8365,-11.9649,-11.7369,-9.49283,-12.082,-12.9323,-13.5456,-8.96826,-9.63858,-16.8385,-47.1033,180,181,198,264,289,329,341,377,463,578,605,653,690,943,944,1056,1085,1112,1285,1297,1318,1407,1429,2019,2236,2253,2387,2423,2459,3146
25,5200,88,2858,1244.17,922.127,5.42008,-1.88298,-14.2876,-13.004,-13.3709,-9.37885,-13.7678,-13.1886,-14.2376,-14.0123,-3.42551,-13.228,-12.136,-11.1793,-10.2147,-11.3097,-13.5513,-12.0632,-9.04485,-10.1424,-15.5625,-47.7709,88,115,229,245,245,300,309,330,342,383,490,555,819,1021,1142,1293,1453,1483,1497,1653,1740,1849,2021,2095,2341,2411,2578,2699,2741,2858
26,5400,123,6348,1559.17,1588.12,5.94837,-2.28172,-15.2275,-12.2056,-13.3791,-9.37197,-12.5955,-12.4888,-14.6189,-13.2664,-2.86022,-12.7786,-11.0141,-11.2475,-10.3825,-10.4947,-13.1285,-12.4237,-9.45832,-11.4748,-15.2568,-48.0647,123,128,210,304,460,541,560,561,643,699,713,761,765,818,855,859,945,948,1275,1343,1606,1877,2100,2266,2891,2959,3150,4264,5803,6348
27,5600,113,5247,1515.2,1386.12,5.4543,-1.42601,-15.6034,-11.7481,-13.9795,-9.30901,-12.6275,-11.6959,-13.7445,-13.468,-2.52871,-13.2349,-10.607,-12.3068,-10.0045,-11.4414,-12.5759,-12.4978,-9.05178,-10.6704,-13.8391,-49.7258,113,116,184,237,268,286,295,313,319,480,661,790,907,1023,1029,1035,1091,1360,1572,1672,1716,2441,2471,2718,2860,2948,3032,3793,4479,5247
28,5800,36,7601,2091.47,1991.66,4.23546,-0.731114,-16.4202,-11.8303,-12.5377,-9.92259,-12.5438,-12.1149,-13.7599,-13.1422,-2.50907,-13.8976,-10.4437,-12.4653,-11.4113,-12.5998,-11.4215,-11.2235,-8.73768,-10.5254,-13.2021,-50.1247,36,117,200,210,229,278,485,602,803,863,864,943,1292,1479,1593,1620,1629,1683,2175,2183,2718,2801,2956,3333,3514,3566,4265,5465,7241,7601
29,6000,188,9056,1680.8,1860.75,3.55276,0.0267716,-16.7491,-12.2882,-12.152,-9.97194,-11.6086,-12.3117,-14.7572,-13.577,-2.38411,-13.8129,-10.2398,-13.1721,-11.7431,-13.4205,-11.4742,-11.5062,-8.8863,-10.7229,-13.3121,-51.777,188,204,228,228,240,253,315,493,585,678,783,848,871,1026,1102,1285,1327,1722,1861,1909,2058,2198,2277,2352,2394,2432,2632,2695,6184,9056
30,6200,85,8427,1403.13,1721.03,3.17862,-0.353498,-17.0361,-11.9262,-12.4,-10.2239,-13.3792,-13.0792,-15.7887,-14.5705,-1.96574,-14.8863,-11.2019,-13.8087,-12.6134,-12.9071,-11.9947,-11.4512,-8.76507,-11.6187,-14.343,-53.4286,85,103,175,180,318,337,417,475,481,482,540,583,609,711,745,754,832,878,1066,1149,1409,1460,1537,2044,2375,2615,3215,3939,4153,8427
31,6400,152,8473,2907,2326.83,2.13467,-1.13117,-16.3458,-12.1212,-11.8957,-11.6875,-13.0499,-12.6102,-16.1634,-14.9761,-3.04101,-14.4663,-11.5011,-14.7014,-13.4612,-11.9683,-12.2451,-12.9486,-9.17701,-11.2414,-13.5919,-53.4064,152,327,340,636,727,792,979,1069,1093,1187,1325,1867,2002,2197,2382,2477,2637,2668,2700,2764,3628,4070,4231,4770,4787,5897,5937,7354,7742,8473
32,6600,106,6901,1953.4,1952.73,3.07291,-1.8889,-17.056,-12.7152,-12.3264,-11.7906,-13.97,-13.3211,-15.5038,-15.1219,-3.4828,-13.6802,-11.2378,-14.0388,-13.5806,-11.8927,-11.9279,-14.0002,-9.1731,-10.9404,-13.4806,-54.6229,106,225,319,327,485,654,664,717,745,748,760,846,876,1059,1146,1164,1268,1405,1451,1454,1634,2116,2745,3283,3766,4667,4805,5413,6853,6901
33,6800,69,4200,1523.93,1271.05,2.42509,-2.16604,-16.7131,-12.3329,-12.1054,-12.4596,-13.6078,-14.4204,-14.8668,-15.3787,-3.81056,-13.0403,-11.9887,-13.7637,-13.3699,-11.577,-11.1721,-13.5111,-9.23189,-11.0363,-12.9505,-55.4305,69,125,131,165,194,289,333,432,459,516,806,973,997,1080,1204,1264,1498,1500,1805,1813,1905,2085,2170,2309,2459,3511,3583,3704,4139,4200
34,7000,26,3873,1621.07,1114.63,0.600608,-1.85547,-16.8176,-13.094,-11.9195,-13.1104,-12.424,-12.5248,-14.2139,-14.8566,-4.01437,-12.5751,-11.4678,-15.0072,-12.3063,-11.3629,-11.6009,-12.6738,-9.16328,-11.2377,-13.3512,-56.3992,26,217,241,337,344,658,703,722,745,782,785,837,888,964,1440,1745,1842,2017,2111,2194,2348,2389,2417,2433,2768,2856,2940,3422,3588,3873
35,7200,88,7191,2210.7,1796.39,0.177926,-2.09086,-16.4643,-13.7275,-12.4136,-13.0887,-11.7023,-12.7574,-13.6316,-15.1212,-4.28605,-13.1517,-9.79915,-14.5381,-12.3467,-10.9474,-12.3476,-12.5014,-9.79461,-11.8074,-12.9976,-57.601,88,322,355,748,751,780,871,1056,1096,1151,1373,1395,1610,1649,1740,1815,1862,1914,1929,1966,2035,2209,2510,2877,3656,4607,5388,5663,5714,7191
36,7400,269,14019,3022.7,3315.5,-1.12538,-2.6516,-16.1666,-14.187,-12.2353,-13.3469,-10.7298,-13.3306,-13.6403,-15.7204,-3.75793,-13.1346,-9.47951,-13.9244,-11.6867,-11.614,-11.8023,-13.2053,-8.60175,-11.9867,-13.2118,-58.8632,269,277,317,330,446,513,633,667,787,920,1055,1160,1297,1390,1464,2225,2636,3093,3096,3170,3229,3526,3532,3740,5112,5950,6770,7854,11204,14019
37,7600,111,9290,2845.07,2512.04,-0.25046,-2.25386,-15.8905,-13.6586,-12.539,-12.3137,-10.7828,-13.1587,-14.2576,-16.3801,-3.91576,-13.5364,-9.44719,-14.1691,-11.5951,-11.1963,-11.2449,-13.4699,-8.95916,-12.5707,-13.1718,-59.2088,111,165,349,555,660,700,997,1390,1447,1503,1534,1551,1571,1610,1775,1780,1848,2091,2347,3154,3252,3853,4188,4270,4439,6370,7001,7593,7958,9290
38,7800,271,6684,2657.63,2032.09,0.651744,-2.41437,-15.017,-13.3208,-12.6305,-12.9045,-10.9031,-13.0926,-14.1613,-16.4258,-3.29169,-14.7103,-9.28884,-13.7437,-11.5908,-11.0741,-10.4751,-12.9863,-9.25024,-13.1167,-13.812,-60.9152,271,387,416,418,433,624,660,853,1044,1319,1540,1578,1675,1862,1881,2434,2753,2843,2906,3000,3181,3625,3936,4266,5106,5499,5809,6096,6630,6684
39,8000,175,10928,3700.33,3202.57,-1.2943,-2.82831,-15.6212,-13.0857,-12.5691,-13.413,-11.7789,-12.5504,-13.8445,-15.9171,-3.21749,-14.8339,-9.94143,-13.2434,-11.5339,-12.0276,-10.8288,-13.4728,-9.77677,-12.5753,-14.5638,-61.8139,175,191,310,465,763,778,902,966,1020,1105,1298,1995,2058,2498,2829,2902,3114,3412,3812,4817,5059,5535,5978,6201,6502,7002,8780,9365,10250,10928
40,8200,137,6867,2303.4,1626.54,-1.66695,-2.38855,-16.9376,-13.2905,-12.9581,-13.6461,-11.8005,-13.184,-14.4015,-14.6327,-3.54826,-17.6963,-10.8101,-13.5538,-12.5779,-12.7071,-11.335,-14.143,-9.84198,-13.1228,-15.1654,-62.9599,137,252,312,344,665,736,846,1028,1423,1452,1495,1513,1602,1868,1944,2026,2104,2386,2441,2980,3070,3335,3392,3493,3614,3974,4015,4188,5600,6867
41,8400,108,7254,2486.5,1866.26,0.590532,-1.61955,-17.5043,-12.9921,-11.9995,-13.6071,-11.6623,-13.625,-14.6304,-14.2547,-2.55107,-18.0094,-9.35523,-14.2916,-12.9759,-13.3968,-12.1377,-14.0476,-9.60278,-13.4457,-15.1753,-63.5567,108,404,445,602,792,1041,1198,1201,1204,1391,1453,1551,1793,1923,2061,2063,2067,2164,2309,2358,2587,2628,3359,4066,4278,4766,5278,5975,6276,7254
42,8600,115,12960,3315.67,3160.73,-1.06468,-1.20185,-17.8504,-12.6074,-11.8736,-13.0249,-11.8803,-11.3354,-14.1648,-15.4986,-1.38334,-18.6262,-9.91061,-14.6757,-12.4026,-13.5979,-12.3975,-13.5732,-9.65711,-14.3929,-14.9829,-64.3863,115,277,300,396,464,638,860,1013,1143,1182,1411,1457,1666,1716,1913,2030,2361,3308,3553,3554,4598,4662,4877,5132,5436,7529,7717,8534,8668,12960
43,8800,103,5371,1839.53,1260.31,-1.15409,-2.06767,-17.4948,-12.7839,-12.5104,-13.6804,-11.6915,-11.8684,-14.6826,-16.032,-1.70115,-18.5374,-9.63167,-14.3162,-12.9473,-14.8295,-11.7459,-13.3299,-9.06665,-14.62,-15.7949,-65.2373,103,327,419,433,551,691,796,820,845,866,1095,1291,1424,1681,1692,1730,1742,1883,2125,2213,2365,2398,2625,2683,2881,2909,3022,3835,4370,5371
44,9000,118,8947,2577.53,2264.03,-1.84251,-1.83192,-16.9927,-13.0515,-13.1094,-13.699,-12.7392,-12.0533,-14.7723,-16.2488,-0.728557,-17.7296,-9.73123,-14.841,-12.7665,-15.1922,-11.053,-14.6468,-9.12674,-14.4104,-15.8774,-67.9505,118,155,212,260,328,633,635,731,891,1369,1447,1910,1918,2074,2075,2291,2342,2502,2589,2868,2871,2996,3075,3445,3944,4719,4977,7496,7508,8947
45,9200,157,12912,3411.17,3341.86,-0.837458,-0.955551,-16.661,-13.1469,-13.4551,-13.5065,-12.3322,-13.1073,-14.8467,-16.4203,-1.55107,-17.5732,-10.5601,-14.8003,-12.8635,-15.4898,-10.7609,-15.6028,-9.16403,-15.0965,-15.4842,-68.5714,157,214,285,336,432,448,594,662,900,938,1059,1491,1639,1918,1973,1989,2814,4109,4218,4274,4340,4359,4476,5455,6466,6592,7642,9338,10305,12912
46,9400,104,8837,3211.47,2743.68,-1.27096,-0.445902,-17.7701,-13.6642,-14.4709,-13.3309,-12.3281,-12.7107,-14.2926,-16.049,-2.77939,-17.2718,-10.0557,-14.1499,-13.3649,-14.793,-10.1946,-15.332,-9.62446,-15.3877,-15.6304,-70.0424,104,251,408,462,482,522,659,696,1044,1088,1373,1534,1987,2194,2264,2374,2580,2696,3606,4348,4594,4692,4713,5839,5999,7451,7583,7896,8068,8837
47,9600,127,11706,2282.63,2312.5,-1.74293,-0.195293,-17.6806,-12.3207,-14.9276,-13.7433,-11.5275,-13.6661,-13.1164,-16.9142,-1.46704,-16.3935,-10.3378,-14.1607,-12.1221,-14.5204,-11.7183,-16.6236,-9.52974,-16.3573,-15.9046,-70.4149,127,152,260,312,476,508,631,669,754,1174,1191,1251,1297,1419,1433,1642,1772,2230,2411,2523,2711,2745,3242,3560,3739,3930,4361,4917,5336,11706
48,9800,152,15615,3208.47,2827.48,-1.51557,-0.165998,-18.3747,-12.1322,-14.6022,-13.7757,-11.514,-13.8453,-13.02,-17.8048,-0.998316,-16.5658,-10.4558,-14.7943,-11.4673,-14.9988,-11.5651,-17.3373,-9.15592,-16.3179,-14.5911,-71.2187,152,174,496,572,597,622,971,1314,1363,1376,2443,2889,2919,3047,3370,3597,3659,3695,3800,4041,4072,4084,4162,4265,4267,4351,4420,4671,5250,15615
49,10000,84,13317,3379.4,3080.04,-1.39266,-0.450431,-17.8316,-10.8196,-13.4993,-15.1755,-12.2112,-13.0804,-12.1734,-18.9302,-0.619607,-16.4633,-10.3516,-14.0647,-12.1866,-15.4634,-13.3541,-16.9386,-9.44384,-15.7395,-13.7406,-71.4911,84,251,294,373,418,839,863,893,978,1978,1979,2060,2075,2147,2159,2532,2673,3032,3176,3573,4318,4870,5064,5134,5251,6946,7037,8316,8752,13317
50,10200,96,16260,4145.6,3916.68,-0.717043,-0.41429,-17.9556,-11.5546,-14.5498,-13.941,-13.0933,-12.7481,-13.0462,-18.9815,-0.759582,-16.729,-10.9429,-14.4404,-12.5747,-15.7531,-13.1711,-16.2062,-10.1141,-16.0404,-14.026,-72.321,96,237,560,581,623,756,919,932,1096,1559,1663,1899,2032,2162,2512,2645,3609,3757,3953,4014,6380,6593,6915,7070,7373,8953,9128,9892,10199,16260
51,10400,231,16441,5101.9,5167.27,-0.400501,-0.28517,-18.6643,-10.7945,-12.886,-14.3593,-12.7893,-12.1347,-12.6045,-19.4207,-0.789878,-16.6881,-11.5333,-15.1666,-12.1646,-16.7517,-13.5821,-16.5585,-10.6953,-16.3551,-14.2132,-73.5677,231,273,277,393,450,639,744,999,1013,1202,1384,1450,1761,2652,3012,3413,3590,5582,5746,6666,6736,6963,7216,8929,9269,9655,14401,15589,16381,16441
52,10600,32,16701,3852.2,4184.77,1.84479,-0.943969,-18.8085,-11.0759,-13.3371,-13.8965,-11.9421,-11.4745,-12.4645,-19.0588,-0.165195,-17.3717,-11.4171,-15.0903,-12.8927,-17.4474,-13.2803,-16.8679,-11.0803,-14.8786,-15.0872,-73.5707,32,218,370,594,851,930,1000,1099,1124,1216,1439,1562,1635,1686,1729,2449,2947,3202,3870,3950,4177,5183,5336,5540,6131,6143,8316,10946,15190,16701
53,10800,50,11259,3377.67,2852.49,-0.378063,0.104757,-19.029,-11.3852,-15.0103,-14.2271,-11.568,-11.3132,-12.5118,-18.3432,-0.0763684,-17.8314,-11.8778,-14.5001,-12.8123,-16.0767,-12.9964,-16.8183,-11.1974,-15.159,-14.7926,-75.4418,50,332,370,541,741,885,904,968,972,1308,1473,1565,1897,2653,2786,3082,3256,3295,3616,3738,3861,4658,4879,5407,6233,6583,7870,8027,8121,11259
54,11000,171,8503,1966.27,1719.01,-0.260135,0.231597,-19.1887,-12.1825,-14.8761,-14.9366,-11.848,-11.5818,-13.2837,-18.9142,-0.424508,-18.7045,-12.9207,-15.1272,-15.0354,-16.1553,-14.1721,-16.8352,-11.7919,-14.1951,-14.8786,-75.0238,171,246,388,470,475,477,616,687,779,1119,1205,1219,1302,1450,1452,1494,1651,1703,2025,2253,2254,2763,2799,2811,3119,3306,3544,3965,4742,8503
55,11200,91,13328,4088.7,3972.18,-0.416025,-0.970588,-19.3882,-12.5312,-13.7872,-14.3022,-12.4618,-11.8227,-15.4577,-19.9176,0.00705926,-18.9593,-12.4205,-15.7348,-15.151,-15.6726,-14.2604,-16.1261,-12.041,-14.785,-14.5596,-76.3123,91,185,287,299,326,342,425,760,934,1405,1575,1578,1857,2015,2846,2924,3976,4005,4957,5063,5180,5490,6332,6588,7039,7970,9606,11957,13321,13328
56,11400,292,19052,3767.33,4023.41,-0.473571,-0.801739,-19.4532,-12.5431,-14.4172,-14.3225,-13.2646,-12.3576,-14.9641,-18.8949,0.591778,-19.7609,-12.6811,-15.6403,-14.5301,-15.7734,-14.7698,-16.8479,-12.6869,-14.7175,-14.0015,-76.6319,292,458,498,634,789,861,904,957,978,1392,1455,1564,1978,2425,2770,2976,3135,3411,3432,3851,4171,4608,4997,5537,5621,5643,6373,10719,11539,19052
57,11600,181,13515,3543.1,3782.8,-1.27981,-0.708687,-19.556,-12.1128,-14.369,-14.4258,-13.5517,-11.6047,-14.9769,-19.7628,1.3162,-17.8116,-12.817,-14.8243,-14.3586,-16.1257,-14.1238,-17.5142,-13.0312,-15.3055,-13.6182,-77.0985,181,190,248,347,382,505,507,590,751,978,1331,1405,1533,1806,2043,2273,2470,2766,2990,3016,3588,4381,5697,5768,6529,9037,9074,10676,11716,13515
58,11800,82,9862,3062.93,3213.11,-2.26101,-0.00882498,-18.8735,-12.2643,-14.6665,-13.7033,-12.5775,-11.6842,-15.1014,-20.4342,1.42031,-17.8293,-12.7899,-15.3312,-14.7842,-15.5454,-14.9195,-17.661,-13.0054,-16.792,-13.3418,-78.1324,82,89,261,294,325,366,661,685,832,903,932,1051,1108,1151,1301,1633,1971,2463,2692,2739,3628,4283,4431,5966,6735,8421,8589,8720,9714,9862
59,12000,157,16423,4279.77,3836.98,-2.17019,-0.29032,-19.4537,-11.4775,-14.8114,-14.008,-12.11,-10.9097,-14.4013,-20.038,0.423573,-18.2846,-12.397,-17.041,-14.7915,-16.6642,-15.4308,-17.2191,-13.1558,-17.8797,-11.9469,-78.8832,157,202,599,684,960,1277,1367,1393,1498,1609,2076,2116,2787,2876,3273,3607,4017,4313,4528,4734,4810,5390,5688,6532,7065,7514,8225,9081,13592,16423
60,12200,234,19387,3756.3,4221.95,-1.77917,-0.605462,-19.0045,-11.4019,-14.3621,-13.6656,-12.706,-11.1074,-13.6206,-18.8864,1.09939,-18.3821,-12.0931,-16.3282,-16.0863,-17.215,-15.2726,-17.1364,-12.7942,-17.0875,-11.6855,-79.2962,234,346,464,508,538,857,860,922,1228,1308,1834,1857,1933,2001,2672,2697,3090,3165,3168,3287,3428,3505,4338,4777,6580,7693,7759,8621,13632,19387
61,12400,9,18615,3688.27,3727.38,-2.75734,-0.621182,-18.3972,-12.2732,-12.3015,-13.7393,-12.4755,-11.5069,-13.9477,-18.4862,1.01688,-17.2206,-12.2487,-15.9306,-16.287,-17.4439,-16.157,-16.3443,-13.5188,-17.3486,-11.1625,-79.7772,9,195,440,539,575,692,801,907,1116,1323,1350,1561,2410,2792,2822,2920,3155,3257,3795,4396,4414,4982,5972,6255,6384,6994,7026,7193,7758,18615
62,12600,345,19539,5949.33,5138.57,-2.32779,-0.46672,-18.4491,-10.8689,-11.9219,-14.2769,-12.6497,-10.3242,-13.7072,-17.9558,0.702453,-17.3623,-11.6951,-16.5113,-15.9545,-17.6854,-16.3211,-16.1959,-13.1177,-17.533,-10.3497,-81.837,345,368,960,1217,1231,1501,1721,1785,2726,2961,3368,3535,3817,4086,4240,4566,4711,4988,5295,6370,7127,7292,9036,9153,9494,11781,12586,13454,19227,19539
63,12800,249,13013,5078.07,3855.3,-0.278054,0.357255,-17.8905,-10.6233,-10.4966,-14.0702,-11.2414,-10.5443,-14.1113,-17.5915,0.756629,-17.5214,-11.7899,-16.5445,-16.5393,-18.5958,-17.0284,-16.297,-13.3947,-18.4896,-10.7239,-83.0839,249,350,994,1072,1124,1245,1419,1607,1892,2046,2377,3203,3489,3986,4600,4768,5056,5064,5159,5554,6176,6684,7405,8968,10319,10321,11086,11319,11797,13013
64,13000,395,26924,7260.97,6884.5,-1.72466,0.261214,-18.0088,-10.8332,-10.4113,-13.1616,-11.5642,-11.829,-14.858,-16.7173,1.03714,-17.9636,-13.2043,-15.9512,-16.7128,-18.4407,-16.2613,-16.8107,-13.6612,-19.2397,-9.48003,-83.4509,395,506,537,804,1489,1722,1817,2395,2728,2777,3459,3491,4411,4439,4817,5386,5433,5809,5863,6764,7384,11193,11681,12580,12632,13422,15920,16567,24484,26924
65,13200,217,26458,6836.13,6961.34,-1.43389,0.882706,-17.9496,-11.8845,-10.5532,-13.207,-11.408,-11.0792,-14.7907,-16.883,1.30325,-18.5239,-11.8057,-16.2282,-16.4685,-18.9154,-16.2607,-16.6163,-14.9657,-19.4454,-10.2729,-85.2495,217,283,422,1432,1509,1621,1921,2014,2520,3489,3501,3547,3569,4651,4867,5136,5624,5688,5803,6106,6649,7692,8596,8596,8866,11184,16742,20123,26258,26458
66,13400,301,21130,6497,6269.06,-0.995385,0.145708,-17.5854,-11.4177,-11.0761,-12.2029,-12.7466,-11.8915,-13.689,-16.0906,1.21441,-18.4843,-12.1652,-16.1519,-16.8946,-19.5246,-15.828,-17.2658,-14.5597,-19.7392,-10.2015,-86.8432,301,575,937,971,983,1403,1574,1702,2119,2222,2592,2733,3187,4054,4106,4252,4827,4912,5360,5576,8822,9432,9528,9574,11819,12791,17359,19971,20098,21130
67,13600,217,12346,5031.5,3799.49,-2.41841,-0.446395,-17.8188,-11.9957,-11.4455,-11.1581,-12.397,-11.8734,-14.6497,-16.3929,1.36946,-17.4392,-12.3226,-16.9987,-16.2231,-19.8925,-15.7284,-18.7783,-14.0274,-20.2947,-11.1337,-89.5749,217,419,730,759,1078,1175,1340,1468,1651,2078,2973,2978,3401,3991,4072,4858,5237,5444,6080,6429,6642,7284,7383,7397,8440,9470,11658,11709,12238,12346
68,13800,450,37121,6792.23,8221.26,-1.76839,-0.0456167,-17.9009,-12.1072,-11.4734,-9.80681,-12.3779,-10.9514,-14.3353,-16.7153,1.5448,-18.0648,-11.6294,-17.6192,-15.9909,-20.8036,-15.3249,-18.8901,-13.3971,-19.9279,-11.8483,-91.5761,450,467,742,829,960,1618,1632,1655,1828,1976,2488,2543,3230,3644,3839,4185,4357,4689,4846,5114,5724,6422,8418,8851,11116,14342,18745,19248,22688,37121
69,14000,399,16603,5232.37,3776.08,-1.39172,-0.804561,-18.7399,-12.0245,-11.572,-8.93387,-13.1273,-11.1108,-14.1655,-17.0537,1.66383,-18.5926,-11.513,-18.0624,-15.0254,-20.2304,-16.1945,-19.7183,-13.3019,-20.0304,-12.7209,-90.674,399,712,978,1175,1256,2266,2306,2479,2681,2757,3530,3742,3971,4444,4498,4862,5103,5357,6348,6398,6426,6443,6510,6636,6678,8599,8868,11089,13857,16603
70,14200,172,20530,6860.2,5619.69,-0.034735,-0.738632,-19.0722,-12.5385,-12.0672,-8.71688,-12.5945,-11.6512,-12.9933,-17.0375,2.49309,-19.1001,-12.3454,-18.3997,-15.4408,-19.9381,-15.4287,-20.5049,-13.3098,-21.7711,-12.2178,-91.5729,172,227,648,705,886,1534,1710,1887,2514,2549,3934,4543,4613,5063,5200,5237,5371,6900,6946,8282,9532,10114,10678,12373,13608,13922,14105,15285,16738,20530
71,14400,233,35383,7905.43,9469.28,0.0137559,-0.125005,-18.9511,-11.8089,-12.2383,-8.67601,-12.7079,-12.9583,-12.7547,-19.032,2.37752,-19.4474,-13.9106,-19.2148,-16.3018,-21.232,-15.7223,-20.0061,-12.8871,-22.4328,-11.3015,-92.7398,233,268,447,577,736,800,989,1512,1945,2045,2704,3166,3201,3625,3625,4143,4372,4515,4590,6668,7724,9310,12606,12837,15262,16212,21930,23742,31996,35383
72,14600,173,30095,7098.1,7303.15,0.187029,-0.180474,-20.0676,-11.1057,-12.2208,-8.04463,-10.8294,-13.6548,-12.8267,-18.4163,2.6341,-18.7986,-13.1236,-18.372,-16.0518,-21.8075,-15.3558,-20.9147,-12.8602,-21.6327,-10.6626,-93.0878,173,570,886,895,990,1105,1494,1741,2111,2179,2297,2511,2667,3055,3521,4550,5244,6256,6783,6825,7057,10734,11755,13621,15141,15905,15916,16226,20640,30095
73,14800,330,24921,7214.93,6527.13,-0.142276,0.383749,-18.3383,-10.255,-10.8173,-7.55599,-9.87386,-12.6996,-12.1587,-17.1342,3.17276,-19.1767,-14.073,-18.3892,-15.7681,-20.6865,-14.9866,-21.1455,-13.1735,-22.0781,-10.3489,-93.6632,330,697,811,1623,1704,1925,1991,2003,2460,2538,3276,3724,3796,4107,4732,5205,5375,5957,7693,7825,8704,9195,9226,9908,16166,16713,17071,17118,19654,24921
74,15000,176,38179,7597.83,8360.92,0.0603563,1.44688,-16.5005,-9.78453,-11.4397,-8.62236,-9.51525,-12.603,-11.2697,-17.3355,5.1562,-18.892,-14.3085,-18.9097,-16.3875,-20.8206,-16.1098,-19.6779,-14.2556,-23.5637,-9.92797,-95.4315,176,331,897,965,1513,1757,2225,2416,2884,3100,3226,3436,3939,4001,4111,4494,5136,5338,5949,6082,6744,8899,10831,13419,14546,15602,15809,16420,25510,38179
75,15200,1135,51525,13165.9,11784.2,-0.0486997,2.90963,-16.41,-9.82329,-11.8235,-9.56527,-9.92221,-10.3308,-11.1921,-16.2495,5.64876,-18.9631,-15.1417,-18.7428,-15.329,-20.8559,-16.588,-19.823,-13.7925,-24.0276,-8.99928,-96.2654,1135,2048,2219,3599,3686,4219,4472,4817,5041,6517,7439,8011,8019,8055,8228,8581,8721,10277,10334,12175,13428,15088,19476,21319,26002,26502,29945,29962,34137,51525
76,15400,1783,97632,17677,18440.8,0.534568,3.31822,-15.3898,-8.71529,-10.7564,-10.2107,-9.29346,-10.7637,-11.3087,-16.3449,6.25879,-20.3063,-13.935,-19.2004,-16.1828,-21.5102,-16.2631,-20.1287,-15.0829,-24.4201,-10.8572,-97.5297,1783,2640,3562,5074,5300,6904,8162,8355,8680,9255,10705,11090,11377,12823,14660,14728,15555,15816,16539,16880,17481,18400,18641,20283,21885,22447,22667,34777,56209,97632
77,15600,657,51882,13289.3,13152.1,0.0364174,4.28979,-14.6605,-9.30762,-10.6769,-8.67414,-8.32455,-10.1988,-10.0974,-16.8578,7.25704,-20.8603,-13.9385,-19.6144,-17.158,-21.7703,-16.1801,-20.5441,-15.6316,-24.7993,-10.9277,-99.5819,657,1084,1275,1316,2075,2737,3243,3257,5034,5193,6102,6545,6553,6868,7220,7389,8265,9178,10656,13144,17418,20027,22189,24024,26136,26251,28980,30128,43853,51882
78,15800,521,44773,11550.6,10041.1,0.96278,4.51112,-14.4874,-9.03285,-10.8952,-8.58395,-7.32481,-10.3027,-9.49083,-15.7403,6.51972,-20.8627,-15.4725,-19.5575,-17.5106,-21.3867,-15.6862,-19.5636,-15.6183,-24.9634,-11.4609,-99.7294,521,712,1448,2678,2910,3562,3566,4116,5171,6341,7057,7802,7958,8229,10129,10132,10593,11084,11619,12684,12842,13672,13793,16659,17151,18548,19603,23391,37773,44773
79,16000,202,76199,17239,17810.9,1.34904,6.38156,-13.6703,-9.26782,-11.0931,-7.93193,-7.25983,-9.86021,-9.50744,-15.7894,7.00913,-20.7183,-15.8138,-19.7487,-17.7161,-20.6242,-17.3999,-19.572,-14.5769,-22.953,-11.3962,-102.724,202,259,1849,2135,3615,3636,3774,4010,4649,4769,5287,6268,6574,9145,12221,13307,13594,15890,17518,19073,19879,22682,23725,24955,30173,31313,44969,46563,48937,76199
80,16200,622,250132,32544.2,46433.8,1.42267,7.29321,-13.6942,-8.14472,-9.50259,-6.90475,-6.86836,-9.10064,-9.14217,-14.8731,8.50115,-21.7036,-15.9867,-20.9484,-17.2033,-20.1665,-18.5587,-19.1466,-14.7627,-23.2478,-10.5093,-103.381,622,1892,2732,3926,4206,4444,5115,7269,7983,11392,13113,14321,15354,15662,17399,17744,19451,26327,32683,33479,34309,34639,39775,44943,49872,55402,62601,71130,78408,250132
81,16400,522,55183,15587.2,14600.9,1.48842,7.42385,-14.1764,-7.52675,-8.93917,-5.68938,-5.07232,-7.77872,-8.60386,-13.5821,7.50346,-21.8259,-16.2203,-22.0729,-17.9709,-21.349,-18.7299,-19.1911,-13.931,-23.423,-9.76566,-103.635,522,1400,1493,1593,1632,3990,3990,4737,5024,5699,5884,6559,7558,8942,9436,9472,12989,13062,15485,19015,20351,22281,22941,27339,27969,30340,35809,40058,46864,55183
82,16600,1024,153023,46590.6,42837.3,1.42989,8.25086,-14.5302,-6.27027,-8.4962,-5.41666,-5.72726,-7.24127,-6.08452,-13.3053,7.31378,-22.4611,-16.1431,-23.1352,-17.2834,-21.409,-18.2851,-19.1799,-15.0474,-22.9285,-9.11009,-103.92,1024,1110,3372,7036,8332,12702,14730,15228,17483,17784,19470,20720,22867,24991,26069,30068,41422,42457,44596,48029,54854,58402,84420,84830,90693,95840,100611,102557,152999,153023
83,16800,5221,240425,46609.5,47801.1,0.673617,8.505,-14.0766,-5.35912,-7.56812,-6.51506,-6.20323,-7.44835,-5.79119,-14.0569,8.48945,-23.8183,-16.0064,-21.5669,-17.8,-21.4754,-18.4884,-20.73,-14.6694,-22.8843,-9.12308,-106.374,5221,5464,5522,8492,9063,10756,12456,16628,17020,21251,24140,24353,32210,32580,35080,41195,45296,46051,47306,48626,49084,50606,53775,58516,65413,68307,81239,99177,143033,240425
84,17000,2219,198422,41549.9,46554.9,1.03744,8.88556,-15.4114,-4.72614,-6.04597,-6.594,-5.58739,-7.34941,-5.02354,-13.6878,8.73563,-23.2697,-16.2919,-21.8134,-17.3848,-21.9313,-19.0744,-21.1058,-15.1275,-22.9449,-9.03783,-105.545,2219,2711,2729,2753,4819,5312,8521,10914,11375,18274,19295,20309,21067,22937,24297,27061,28280,32531,36619,40270,42921,46112,58212,65641,67047,67553,87799,106746,163750,198422
85,17200,612,235388,51192.3,61016.1,2.24026,9.11741,-15.1741,-4.75374,-5.59554,-4.27945,-4.44569,-6.91984,-4.67711,-13.9726,9.58701,-24.1244,-16.391,-22.3023,-17.7984,-22.4873,-18.7673,-20.2645,-14.1789,-22.8252,-9.4212,-106.362,612,1337,3814,3858,4191,4485,5494,6179,10389,12533,14068,15201,15923,16486,20562,20625,21883,44498,45534,45908,63267,63948,74145,109060,113668,118330,120108,123899,200375,235388
86,17400,62,221407,54979.1,50039.5,1.52161,10.0193,-14.8349,-3.80871,-6.13585,-3.97793,-3.34841,-6.68917,-4.70565,-14.1359,10.2957,-24.8562,-15.7767,-23.3174,-17.8083,-22.6855,-18.5062,-19.9258,-13.8862,-23.4629,-8.76799,-106.695,62,6330,11773,18562,19377,20965,24605,28287,31312,31791,32372,33462,35148,35530,36253,36664,37911,45724,56727,58611,59309,59395,61838,65311,79209,80108,82778,164406,174146,221407
87,17600,324,525712,82838.4,123200,2.00111,10.6073,-15.1197,-2.98722,-6.67125,-4.65123,-3.22671,-6.6781,-4.06698,-14.2764,10.8004,-25.2654,-16.3122,-22.9565,-17.9811,-23.7678,-18.3845,-20.3253,-15.053,-23.8026,-9.52084,-105.483,324,409,2217,4071,4087,6589,8136,9308,10185,12882,14517,25135,29311,31101,36553,38153,47182,50823,51250,59652,65058,83092,96804,106870,140787,148302,193655,277388,405599,525712
88,17800,1435,328461,83853.6,83911.3,1.78685,11.6976,-14.704,-2.13508,-5.48324,-4.39789,-1.89826,-6.0635,-3.36548,-14.3064,11.6136,-26.2009,-17.2244,-22.6662,-18.1596,-24.5886,-17.2726,-21.0712,-15.6699,-26.0416,-9.08975,-105.654,1435,4023,4721,6156,11978,13594,14450,20083,26502,27677,28033,35500,38565,39635,56289,57767,61864,72351,79480,83325,94698,107909,109556,181498,184624,190006,196941,210189,228297,328461
89,18000,462,568042,83816.6,124200,1.92478,12.0532,-14.059,-1.99573,-5.13759,-3.91608,-2.14959,-4.94577,-3.60866,-12.9075,11.1449,-25.873,-17.2826,-22.4145,-19.3828,-24.374,-16.6842,-21.9687,-15.9263,-26.0105,-9.84296,-106.844,462,2264,3793,3932,5405,6018,10896,11898,12384,19732,24075,25560,26084,28916,45725,46930,50872,51013,52024,61483,80577,89452,90686,114737,122964,150597,200640,210295,397042,568042
90,18200,721,642262,100284,148532,1.43216,12.9043,-13.8948,-1.48473,-6.32715,-4.73306,-1.74873,-5.57484,-3.43326,-12.9341,11.2016,-24.6105,-15.8496,-23.4576,-19.0754,-24.5202,-17.805,-22.483,-15.8874,-25.6695,-11.2795,-107.364,721,1220,4019,4022,7065,7938,9200,16762,16862,16907,20766,22697,24070,32348,36932,43076,48242,53126,70474,83233,85585,93397,119002,185205,196328,203430,208557,250879,504184,642262
91,18400,6610,348412,86614.5,78964.6,1.68284,13.1209,-14.2031,-1.70658,-6.9797,-3.8244,-2.07611,-5.77724,-3.33871,-11.7935,11.401,-24.7274,-16.1826,-23.0687,-19.9472,-23.6952,-16.9836,-22.77,-16.101,-25.5529,-10.6793,-107.772,6610,6815,9080,13790,21638,23252,27852,28185,28801,31200,33153,45680,46899,51356,52592,54923,58293,80777,86471,88402,127253,133557,143893,149600,153526,173285,177170,187177,208794,348412
92,18600,4100,350731,120377,99775,1.06937,13.0448,-14.4082,-1.03373,-6.82281,-3.68207,-2.4776,-5.41099,-3.2211,-11.505,11.4277,-24.7232,-15.849,-23.1066,-20.5129,-24.5362,-17.5809,-22.8895,-15.4132,-24.9777,-11.3643,-109.24,4100,4431,9655,14536,24389,28358,29655,30144,42557,47277,49685,49710,55869,58168,101762,111509,111674,137684,146759,156981,158969,166990,195480,211901,254469,257355,259782,265672,275067,350731
93,18800,712,582534,117643,138889,0.930095,13.7956,-14.9313,-1.18079,-6.6835,-2.43068,-2.60094,-6.88012,-2.32552,-12.7948,12.2333,-24.4719,-15.0402,-24.8235,-20.4075,-24.607,-18.5654,-22.8483,-15.9943,-25.8079,-10.0288,-108.841,712,7550,15830,16389,19263,31038,33510,34754,35870,38203,38682,47632,51281,58048,61626,64213,68524,75308,80400,80822,136131,137214,148639,193369,201739,203719,250951,327620,487718,582534
94,19000,2431,297331,78183.5,65509.7,0.790194,13.5729,-14.6615,-0.684243,-6.1662,-1.9127,-4.16954,-6.91841,-1.82752,-12.2688,12.8455,-25.027,-14.9664,-24.4665,-21.2167,-24.7096,-18.4233,-22.1337,-15.0018,-25.8339,-9.91732,-109.493,2431,6869,9024,9332,12873,26442,26473,28267,31388,39224,43726,46357,52333,54227,65115,68302,80131,85391,85587,88772,98516,104011,107718,115636,121371,133815,143485,143659,217698,297331
95,19200,2393,227886,68547.4,64291.7,0.53752,14.1039,-14.2808,-0.876048,-5.15693,-0.877636,-4.01711,-6.58892,-2.01855,-12.2221,11.9225,-25.7556,-14.809,-25.2405,-20.9135,-24.0242,-17.6858,-22.1524,-15.2081,-25.8992,-10.2856,-109.565,2393,5396,10014,11176,17230,17706,18164,18759,20009,20330,20787,22242,33408,35103,35763,42840,47148,55326,59974,77244,94674,111507,115292,116849,130828,140521,177314,184274,186265,227886
96,19400,1635,683214,113342,141604,1.61202,13.5256,-14.3728,-0.362149,-4.4616,-0.603984,-3.8494,-5.35815,-2.47753,-12.0856,12.0651,-25.7777,-15.6316,-25.1592,-19.1409,-23.2064,-17.1867,-21.7943,-15.3771,-25.5484,-10.9423,-109.882,1635,2997,4262,9282,10498,11714,13457,13949,17300,20102,40156,44612,48394,52748,57686,60615,65875,76812,86613,100371,145421,178879,185576,192645,205021,247798,257682,260052,304900,683214
97,19600,6301,770429,140235,155925,-1.0975,14.0215,-13.8931,-0.173109,-4.90415,-1.94325,-3.86796,-4.7017,-1.89111,-11.3471,11.4168,-26.6705,-15.4931,-25.1555,-19.4266,-23.3649,-17.0499,-21.333,-14.6742,-26.0193,-9.88044,-110.358,6301,8885,9394,9659,20937,21942,24427,55161,60648,84303,85241,87079,93905,101722,104658,105331,108566,115966,121119,136556,140055,153347,164648,165681,177555,236666,250437,309458,476984,770429
98,19800,9072,522824,165882,114434,-2.7168,14.753,-14.032,0.909401,-4.50596,-1.49631,-3.55348,-4.94194,-1.55056,-11.1282,12.2293,-26.5985,-15.1227,-24.8902,-18.2733,-23.7525,-17.6963,-20.7959,-14.3817,-25.6226,-9.05953,-110.904,9072,15305,20646,22964,41998,72727,87674,89464,95522,99652,106582,109509,119512,134058,143541,156281,161145,187316,191577,195289,207265,209348,234817,240186,267736,303671,307024,309114,314627,522824
99,20000,269,367365,99454.9,109920,-0.602568,15.9276,-15.6814,0.614601,-4.69859,-0.900142,-4.02532,-5.90331,-1.51309,-11.8309,12.1285,-27.3603,-14.1172,-24.6896,-17.6915,-23.9564,-18.1754,-21.5251,-14.9529,-25.4764,-10.0592,-111.297,269,626,3555,4199,4275,8066,16993,19619,20858,25743,29569,30410,31927,34990,50533,55688,59755,85983,88942,92711,106489,139521,177139,192731,195956,229842,251503,293351,365040,367365
100,20200,5131,454257,98920.5,99459.8,-0.942685,15.5173,-15.5907,0.00270795,-4.88345,-0.238544,-3.45503,-5.27185,-2.69755,-11.6006,12.6651,-27.1342,-15.6237,-24.0951,-18.6535,-24.1702,-17.7837,-20.8561,-15.0084,-25.3375,-10.2493,-111.505,5131,7554,12115,16725,18668,30095,31496,37563,41349,41650,50684,57502,58376,59039,69781,70036,75504,76603,79015,91040,98894,99375,125507,127993,182892,196565,206729,237796,307682,454257
101,20400,5974,332783,116755,76251.3,-1.70036,15.84,-14.7483,0.0097657,-5.89248,0.343794,-3.92985,-6.01414,-1.52107,-11.6513,12.9574,-27.2648,-15.4595,-24.8233,-18.9466,-24.6002,-17.8595,-21.5866,-15.5186,-25.3149,-10.7356,-110.703,5974,30929,42309,44255,44683,53225,55876,57264,68991,73090,75677,84721,94907,96425,107073,108598,114382,118615,119209,127092,127987,134808,135168,147943,156429,184749,210670,259122,289696,332783
102,20600,10798,539423,141656,128106,-0.920973,14.9247,-14.4967,-0.259844,-5.96023,0.64386,-3.7303,-5.22638,-1.91576,-12.5171,13.0935,-27.5614,-13.8602,-24.0414,-18.7868,-23.755,-18.4672,-22.0521,-15.7606,-26.068,-10.9344,-110.962,10798,22487,28872,34682,37623,37631,39525,45145,46374,53277,58148,61882,83841,84865,87459,92837,117609,130080,144027,144077,164553,173966,225393,229459,231428,273201,298925,346740,405360,539423
103,20800,1753,635998,122130,154290,-0.697863,14.724,-13.505,0.365111,-5.56111,0.574293,-4.45046,-4.95288,-2.03827,-12.6865,13.2603,-27.1116,-14.3644,-23.5693,-19.1205,-24.5618,-18.6382,-22.1623,-16.7232,-25.9924,-10.3389,-112.097,1753,1835,7089,13790,17105,17985,19802,24330,26467,29717,31062,35584,37115,64174,66034,72207,74174,83234,108922,109883,118335,133393,140463,145036,208408,234709,284733,446965,473602,635998
104,21000,5013,299920,95966.8,83602.5,-0.763714,14.1721,-13.2345,-0.167457,-4.58731,0.31161,-4.74169,-5.03117,-2.96501,-12.257,13.3496,-27.9292,-15.7406,-22.9384,-18.8533,-24.3066,-19.6961,-22.1143,-16.583,-26.5631,-10.169,-114.116,5013,9272,9862,10188,16372,18477,21983,23421,25539,27338,31273,37004,39183,53250,61217,80083,83532,115646,127127,133354,133849,144732,153424,172440,179072,180945,203728,239392,242367,299920
105,21200,2088,441496,108491,97978.3,-1.00356,14.5123,-13.2297,0.137423,-4.70413,-1.07077,-4.10279,-5.102,-2.31675,-11.9798,14.4745,-27.9361,-15.5048,-23.2945,-17.5048,-25.0726,-20.0984,-21.8822,-16.6793,-26.1742,-10.895,-113.355,2088,4820,8060,11038,13577,20473,27854,28742,34293,36743,58363,65009,70653,81918,84778,95935,100337,100354,109608,112907,144891,153904,159441,176210,182580,213980,222860,237951,253871,441496
106,21400,14496,338916,107472,92314.3,-1.52721,14.5546,-14.4669,0.360731,-4.57848,-2.0469,-4.0374,-5.33537,-2.06981,-12.4541,14.4178,-29.0185,-15.9508,-23.8472,-17.8092,-25.1936,-20.778,-21.796,-17.858,-26.2511,-11.8346,-114.823,14496,22498,22843,23383,32456,34543,34575,36670,37924,40437,40745,46428,48173,57519,65763,69217,92179,95112,103931,106694,116228,169787,177264,184882,184948,199711,251279,283346,292212,338916
107,21600,2953,407735,107962,93181.4,-2.85145,15.3783,-14.6726,0.666166,-4.85289,-2.32904,-3.93881,-4.31783,-2.4169,-12.4197,15.2675,-28.4071,-16.4013,-23.4721,-18.2815,-24.7651,-21.6036,-21.7817,-19.087,-26.7136,-12.1878,-115.268,2953,5863,8972,12121,23770,29547,31330,36475,36901,58602,58699,60210,63180,66442,72847,94630,94744,98950,122296,136309,138140,142599,159990,163839,183772,194979,224758,230957,277240,407735
108,21800,535,699462,116248,150540,-2.52216,14.5292,-13.9097,1.25419,-4.72239,-2.35831,-3.32281,-3.81387,-2.06199,-12.3988,15.0703,-28.6326,-15.5752,-23.7273,-18.6301,-24.9821,-21.8456,-22.4111,-18.5517,-26.7976,-13.5005,-115.084,535,7126,8482,15638,20681,21151,21349,22333,33808,39273,39418,40760,41389,50919,53652,61723,69111,81211,82760,101717,102714,103365,137423,171458,172720,246617,297846,349514,393274,699462
109,22000,2243,359989,145068,93593.6,-3.20318,15.0085,-14.5553,1.94927,-5.74265,-1.60287,-4.09971,-3.85283,-1.6822,-12.7022,15.9605,-28.509,-15.6739,-23.8287,-18.9205,-24.7366,-21.5094,-23.1685,-17.8109,-26.8734,-13.3598,-115.598,2243,9516,16622,30492,34536,69166,90338,90393,96100,105920,107741,113016,128853,131082,131425,135530,143039,151502,152006,152433,153271,161548,182438,184365,212071,277477,282499,306186,340254,359989
110,22200,580,343648,117074,106963,-3.15198,15.2823,-13.3901,2.59837,-4.21494,-2.76196,-3.90463,-4.02425,-1.45007,-12.5169,15.8288,-27.2956,-15.9529,-23.7077,-18.069,-24.9584,-21.0543,-22.0437,-18.5885,-27.0672,-14.0698,-116.106,580,2851,5608,13824,22249,23370,37436,41298,46478,46727,48575,62235,62713,75066,75279,78061,83731,90075,119032,123864,130732,132563,143121,220381,281782,286787,299759,305555,308845,343648
111,22400,16343,382546,109088,80211.2,-3.83537,16.6941,-14.3454,2.0398,-4.90716,-3.50183,-5.17489,-3.6865,-1.73241,-13.1361,15.5393,-27.8689,-17.2633,-23.6485,-18.9591,-25.4553,-20.8235,-22.1174,-18.5315,-27.056,-13.458,-114.757,16343,17841,18204,25405,25979,28029,31035,31778,48011,70174,70606,85108,87071,106686,107107,107748,110141,113040,115425,118580,124694,134402,152115,153460,174303,184097,201810,202894,228000,382546
112,22600,1806,421726,125881,111978,-6.61862,16.708,-14.0072,1.27442,-5.50765,-2.70462,-5.62023,-2.88606,-2.15787,-12.7203,15.8511,-27.9247,-17.0677,-23.3292,-18.9992,-25.1674,-21.1588,-22.0948,-18.7407,-25.956,-12.7199,-116.161,1806,2255,12495,18355,20545,23258,34395,35967,38038,40959,43342,45256,67427,72412,82191,104771,119590,136613,143933,145734,157429,163597,182252,250645,259404,261853,289252,295286,305657,421726
113,22800,5838,426926,117860,110432,-4.52478,16.3914,-13.1358,0.0454961,-4.65524,-2.88987,-5.93878,-2.20393,-2.15301,-14.1257,17.1343,-28.6567,-17.7192,-23.6415,-18.5296,-24.8627,-20.0391,-22.7809,-19.0628,-26.1626,-13.3202,-116.274,5838,6768,7822,7983,14499,14846,18696,19139,21511,36137,65694,76150,84758,90867,97784,99942,102284,112637,120855,138296,143068,162707,170746,176122,176768,212440,247011,271623,405869,426926
114,23000,648,601683,146026,130187,-5.00305,17.0354,-13.7372,0.0589484,-4.71065,-2.46135,-4.47955,-2.62409,-1.63998,-13.346,16.8566,-28.0722,-16.3911,-23.3945,-20.0339,-24.9902,-20.1465,-21.834,-19.662,-26.8252,-13.2011,-116.319,648,3911,6199,12158,33043,35111,38722,55377,63746,71918,74824,90475,91624,106178,118800,119599,132964,137964,143909,155450,185681,199298,212426,234803,238018,246865,277207,324137,368027,601683
115,23200,468,617499,165414,142890,-5.1024,17.3766,-14.1965,0.676046,-6.11195,-1.6463,-3.92635,-2.42399,-1.2913,-14.5247,16.9307,-29.1253,-15.7765,-24.2105,-19.873,-23.9225,-21.0368,-20.8646,-19.1182,-26.9613,-12.0029,-117.034,468,1337,23499,25879,28273,41871,47651,51539,69500,97786,103739,105371,113250,121707,130633,131248,156747,170817,177040,180121,189790,194420,204289,258927,267117,298974,319686,331312,501930,617499
116,23400,4206,431242,91115.9,94546.1,-6.5026,17.4267,-13.6098,0.518102,-6.45301,-1.5181,-4.24436,-2.62332,-2.53709,-14.8585,17.86,-28.0811,-16.237,-25.1596,-20.0984,-24.1841,-21.5039,-20.7896,-18.9949,-25.1548,-12.5007,-116.809,4206,4466,5417,9337,12112,13213,17015,18352,35329,41514,43081,47348,53137,56882,60694,61213,65364,67253,67569,92621,92693,116166,123900,166664,174340,180333,218245,224722,229048,431242
117,23600,11277,691032,182014,168219,-6.15283,17.9259,-13.9786,2.09044,-6.17065,-1.26055,-3.81984,-2.2728,-1.70805,-15.5054,18.5703,-27.8861,-16.0484,-25.7308,-20.3399,-24.1481,-21.2374,-21.666,-18.6581,-24.9796,-12.9667,-116.652,11277,13002,25081,26783,33690,34444,49776,63346,89624,91906,96897,101143,105051,107892,114470,144593,145510,152579,157358,158044,171222,200864,245293,293189,353673,411452,429985,443103,498149,691032
118,23800,211,303931,96018.6,84904.7,-7.21143,17.5734,-14.215,1.48819,-6.03047,-1.30673,-4.38621,-2.83364,-0.70431,-15.4376,18.1335,-28.8451,-16.7464,-25.8806,-20.4955,-23.7022,-21.1287,-20.8625,-19.112,-26.1099,-13.017,-116.564,211,273,3111,5925,6652,7434,8694,12282,16629,20531,23228,54843,65243,71840,83559,86329,89227,94717,125658,135938,150114,151941,169085,172950,176837,200527,205200,211123,226526,303931
119,24000,11039,615086,134241,129747,-7.57266,18.3572,-15.1692,0.917761,-6.53489,-1.09286,-3.70746,-3.22513,-1.76825,-14.4044,18.2949,-29.8661,-16.1791,-26.0035,-20.4027,-22.0537,-21.0309,-21.1011,-19.4626,-25.3033,-13.9246,-116.275,11039,20789,21193,23525,28584,28719,29197,34151,45024,47632,62669,63866,69490,80505,86355,107845,120457,129643,130473,136999,144651,191073,198086,205416,238508,250333,269138,287919,348858,615086
120,24200,2829,584246,160334,143931,-9.6648,16.9828,-14.6346,0.69107,-5.44631,-0.820484,-4.21134,-2.7526,-2.09217,-15.4182,17.9126,-29.3845,-16.9233,-26.4373,-20.862,-23.539,-21.1562,-21.0786,-19.3088,-25.1743,-13.2716,-117.031,2829,10626,22809,49223,53482,56604,57592,60159,70928,73592,76093,76975,87412,92997,94182,116378,119407,128463,133720,167120,167128,189231,235247,253999,285086,315790,340382,411523,476790,584246
121,24400,1073,565323,116957,140925,-8.87493,16.4818,-14.1416,1.07987,-5.96166,0.0283619,-3.21646,-2.35235,-1.70573,-15.3958,17.6873,-30.3985,-16.404,-27.7437,-19.3521,-23.6694,-21.4718,-21.5777,-19.6679,-25.4441,-12.3535,-116.832,1073,5433,7672,11124,11717,11886,12316,15184,20744,27997,29680,44525,51798,57269,60085,68069,77093,87839,98182,127900,132407,135797,144553,157418,207472,245848,279721,321506,491078,565323
122,24600,3219,399389,143006,125218,-7.49438,15.5586,-14.622,1.04373,-5.64146,0.192047,-3.53558,-2.43938,-2.55479,-15.4699,17.1846,-30.2158,-15.8686,-26.3768,-18.616,-23.0876,-20.1834,-21.9427,-18.82,-26.3103,-12.1749,-117.325,3219,3290,6066,14703,22627,34736,39513,51580,56681,58484,63440,69821,79232,79671,93388,105867,122543,124030,137485,161041,166984,188351,236913,245150,298096,338068,344706,368835,376270,399389
123,24800,728,547595,140475,134030,-8.00964,15.7839,-15.4513,1.38693,-6.07872,0.592989,-3.40937,-3.11517,-2.3561,-14.853,16.148,-30.3902,-16.396,-28.0245,-19.5426,-23.4499,-21.1515,-21.7271,-17.9277,-26.3738,-12.5114,-116.644,728,9913,17750,20576,27798,31674,32906,37593,38096,46828,51499,59151,79635,94792,102625,119614,124468,134219,135108,151756,155268,162271,200220,210939,223706,295459,329592,342153,430309,547595
124,25000,6789,400878,120650,97914.4,-7.95947,14.8637,-15.0448,1.84105,-6.49344,0.468716,-2.37927,-2.6679,-2.4741,-15.1925,15.6869,-30.9691,-17.0171,-27.5485,-20.1547,-23.1992,-22.0772,-22.1539,-18.3883,-27.7618,-11.682,-117.51,6789,11341,17394,20726,25061,29198,31007,34932,40087,43753,57133,68209,78721,97173,99606,107797,122845,132009,142570,162217,165828,170141,171934,176029,176607,188075,243527,293193,304706,400878
125,25200,17629,506184,150016,134796,-9.35754,14.5968,-14.2762,1.46014,-6.14697,0.613408,-3.20836,-3.25059,-2.05953,-15.6075,16.4037,-30.9902,-16.8689,-26.791,-20.7064,-23.7249,-20.8469,-21.822,-18.3739,-27.6831,-10.5533,-117.723,17629,17794,24648,29569,42391,44565,50224,52650,61172,67270,68863,76036,77060,80958,84703,97495,101210,120597,134633,147489,178282,196593,207083,234134,276805,314520,351361,378610,459948,506184
126,25400,202,464475,144400,116327,-7.57663,15.6812,-14.6865,0.564137,-5.14585,0.552517,-3.30245,-3.78707,-2.42947,-15.2744,16.4042,-30.9444,-17.2895,-27.2169,-21.0701,-24.3778,-21.0942,-22.9719,-18.3862,-27.1226,-9.4732,-119.641,202,8281,26225,26643,36894,37803,74449,75735,76937,83946,84518,89001,96811,111802,113812,117325,119002,124540,135424,139827,140269,144976,166477,222406,279751,306377,333380,341664,353033,464475
127,25600,1112,560333,147385,146285,-9.75456,15.7105,-14.5411,0.475042,-4.92112,-0.237618,-4.12275,-3.6077,-1.87701,-15.4399,16.8873,-30.0924,-17.0257,-26.5379,-22.4531,-24.3242,-21.4929,-23.7387,-19.7607,-27.222,-9.87112,-119.819,1112,16975,26327,30662,34279,38696,39006,39325,41295,49556,53187,64089,73097,78175,84226,95381,98265,104920,135179,145539,149092,149784,212039,226400,333983,340311,355524,410498,434285,560333
128,25800,2298,395981,110634,102644,-8.32516,14.9984,-14.3749,-1.60401,-5.84673,-0.842975,-4.20472,-3.37094,-0.485151,-15.3697,16.432,-29.7828,-17.5137,-27.1088,-22.0194,-24.5138,-20.6673,-24.9974,-19.8643,-26.8189,-10.5555,-120.948,2298,4734,21731,23026,23066,24261,31354,34767,42004,43962,45695,53393,58032,66300,75439,76489,87392,104434,107136,111761,116341,132908,157957,169005,199525,222128,258224,280569,349099,395981
129,26000,7601,509634,127170,111535,-7.77423,14.7144,-14.2683,-1.07827,-4.48819,-1.19231,-4.76464,-4.63075,0.525069,-15.4144,16.3901,-29.6262,-17.0426,-28.2844,-21.2459,-23.9481,-20.4397,-24.8276,-18.9172,-27.1008,-10.5505,-120.601,7601,8128,12037,13055,16690,17759,32922,59712,61190,69186,70128,70458,71124,84990,90357,137338,140300,140735,140748,150185,150385,155750,174171,182904,190156,221460,225813,242129,368041,509634
130,26200,3657,538623,124515,129239,-7.02064,15.4745,-13.5663,-0.398603,-5.19701,-1.11304,-5.86011,-5.13345,0.749075,-16.1208,16.4815,-29.5167,-17.8054,-28.8049,-20.8602,-24.6259,-19.5682,-25.0917,-17.4022,-27.6042,-11.5113,-120.928,3657,5460,13018,14891,19251,25882,30467,40708,41045,41804,55455,60955,61744,67579,68894,71134,84665,92422,104550,116717,139655,151403,154481,202775,255536,266354,277369,350785,378180,538623
131,26400,10632,597002,133353,133301,-7.68542,15.3719,-15.4103,0.295999,-5.17359,-1.75474,-4.97056,-4.98402,0.501992,-15.5028,16.5986,-29.139,-17.7184,-29.1096,-20.3412,-25.204,-19.5511,-24.3863,-17.2493,-27.6265,-11.7434,-121.468,10632,17372,18076,19170,28067,38654,40266,45351,48672,48778,49775,50605,60083,87730,91592,102705,106948,115585,115910,117197,138259,170506,177780,213730,243946,257432,275455,279931,433388,597002
132,26600,2436,503516,124150,120395,-7.4352,15.3307,-15.35,0.204872,-6.11382,-1.17812,-4.33418,-4.73483,-0.539241,-15.1857,17.3427,-29.9359,-17.5801,-28.104,-20.6177,-25.9662,-20.9002,-24.5471,-18.2057,-26.198,-10.8702,-120.811,2436,6005,11346,16270,20321,21942,23445,30499,31281,43161,52954,65707,68626,76092,92967,109628,115816,142327,142656,149732,150089,150483,168393,179340,181041,224594,238112,268522,437190,503516
133,26800,6665,260243,107241,71126.9,-5.55788,16.2828,-15.6077,-0.312805,-4.5282,-1.74246,-6.57466,-4.39466,-0.487263,-14.6433,17.2387,-29.6809,-17.8614,-29.0223,-21.5733,-25.0651,-21.5872,-23.9339,-17.717,-27.6669,-12.0386,-122.374,6665,16741,21937,30653,32149,33399,43561,49496,58358,58424,65551,67225,87191,91773,99324,101571,113240,123568,127797,130853,134484,139821,141157,150113,153669,165411,202016,252937,257911,260243
134,27000,8543,527610,123751,132967,-5.13881,16.9192,-14.8456,-0.303842,-3.08349,-2.69819,-6.00572,-4.0486,-0.587242,-14.9525,17.1587,-28.4994,-18.7195,-28.9945,-21.1513,-25.9965,-22.5763,-24.0888,-17.0351,-28.0763,-12.1376,-122.957,8543,16180,18122,18176,19962,26242,26386,29725,39504,46370,51061,64225,68990,78823,83735,84588,93311,94063,105015,108863,112152,112696,143076,162116,205808,222073,303613,375119,466376,527610
135,27200,2155,470276,159787,111962,-6.19885,16.8917,-15.0923,-0.367693,-4.10808,-3.03811,-5.81221,-4.15313,0.234651,-15.2644,16.33,-28.7768,-18.2648,-27.7966,-20.7479,-26.062,-21.7375,-23.9953,-18.4192,-28.3282,-11.2983,-122.288,2155,11642,16775,20790,21539,31182,55292,71381,83185,97426,100379,100416,130888,133574,148305,179869,182061,193320,195625,203089,205964,208868,243810,260148,263582,268972,277518,292189,323384,470276
136,27400,4065,374122,145141,118829,-5.97456,17.3666,-15.9149,-0.142442,-4.83742,-2.08702,-5.88128,-5.72776,0.292885,-15.1345,15.7498,-29.6913,-17.183,-28.0985,-20.6498,-25.9934,-21.4853,-22.6796,-18.5516,-30.2112,-11.2617,-123.959,4065,4525,5612,26931,29591,33879,37813,41303,48895,68905,69981,74111,81916,82467,100335,114656,140824,142793,158855,172229,187320,190531,246496,291810,297644,318706,329692,336548,341676,374122
137,27600,1466,346061,82738.7,86874.5,-4.3474,17.1249,-16.5795,-0.231091,-4.24124,-2.19079,-5.41008,-6.21155,1.42455,-14.8632,15.7748,-30.3849,-17.6933,-28.418,-21.2691,-25.6881,-22.4365,-22.7076,-18.4968,-30.0013,-11.8518,-126.836,1466,2578,9292,12080,14915,17053,19522,20026,20201,22745,33536,44748,47597,53522,53833,58244,67234,70377,75345,76126,87346,93423,113678,120655,124453,162797,175630,217352,320327,346061
138,27800,3438,329626,95584.2,93530.6,-5.28224,16.7362,-15.1462,0.187596,-3.87368,-1.77677,-5.46063,-5.77025,1.64666,-14.6717,15.192,-31.0744,-17.8191,-29.2912,-22.6841,-26.4106,-23.416,-23.8371,-17.6893,-28.2141,-11.8862,-127.58,3438,10717,15318,17705,18278,24279,27050,30624,30699,32181,43232,46044,46101,48639,62754,62775,72842,74141,80532,87579,89085,103331,137689,150405,167552,204195,268071,268921,313722,329626
139,28000,524,389847,135437,123025,-6.08245,16.9053,-13.4941,-0.0763974,-5.08118,-1.76702,-5.26582,-5.01501,1.67905,-14.7271,14.8541,-30.5303,-18.5218,-28.9885,-23.084,-27.1193,-23.4948,-24.1581,-18.0852,-28.3586,-11.4961,-127.752,524,4372,5144,5391,5856,6656,26976,31210,46433,55613,59820,60647,80834,80882,103742,104217,111399,126833,132335,154473,162838,172755,228617,274596,287811,324884,328610,344727,345059,389847
140,28200,1806,426256,125341,121112,-6.13446,15.9732,-13.6628,-0.229638,-4.87935,-1.65928,-4.79485,-5.90425,1.49749,-14.5185,14.9134,-31.5424,-17.6515,-28.9072,-22.7996,-27.39,-23.1969,-23.2068,-18.106,-28.1289,-11.6926,-127.187,1806,8055,11601,32823,34224,36185,42739,44763,45729,52131,58915,59519,60016,65781,70445,71375,98525,108795,125172,125582,146625,153997,154356,155557,175431,244131,375127,375151,399422,426256
141,28400,461,582272,133352,134833,-5.81479,17.0584,-14.1145,-0.833958,-3.82181,-1.16059,-4.25273,-5.15741,1.99551,-14.9656,15.1554,-32.4848,-17.5029,-28.9411,-21.8614,-26.6136,-22.949,-24.3532,-18.3401,-27.365,-11.2237,-126.786,461,3381,8299,16009,22272,29048,30439,30610,33547,43598,48638,55021,72548,75212,79440,89353,105766,108859,117800,135361,140681,212916,237090,241992,245606,249730,280018,348400,356191,582272
142,28600,1363,633780,131365,147842,-8.926,17.9949,-15.7273,-1.14074,-3.83322,-2.44505,-5.49319,-5.14485,1.86529,-15.0844,14.5824,-32.1265,-16.9186,-28.6893,-22.3306,-27.1667,-22.1714,-24.2827,-17.4631,-27.7087,-10.7546,-127.22,1363,4222,10209,16604,17366,20483,30414,37389,43834,46931,52518,65795,66209,69943,74184,78030,85990,87747,91379,112834,132615,159180,159505,214462,222525,257560,315131,385274,447464,633780
143,28800,4659,371179,94880.2,82036.4,-8.73812,18.0086,-15.9437,-1.24347,-4.00982,-1.7771,-6.72734,-4.08941,1.22109,-15.1353,14.6669,-31.3078,-16.6406,-29.4441,-20.7908,-26.1074,-22.9181,-24.618,-16.8368,-27.285,-10.4205,-127.909,4659,10569,12236,13375,15169,17224,19444,28595,33162,36034,39985,46255,72952,73839,77347,86229,89294,99319,101090,105023,129203,140514,148639,152596,161314,165416,167109,193441,235195,371179
144,29000,2269,705241,137936,151905,-8.73507,17.9454,-15.5029,-1.8201,-3.76036,-3.04917,-5.34162,-3.99736,0.355605,-14.0928,14.6146,-31.0738,-16.7421,-29.1203,-20.4682,-26.6583,-24.1283,-25.245,-16.6143,-27.7931,-11.4253,-127.073,2269,7988,9395,10207,23826,29371,29766,34342,46037,48622,52539,73494,75540,89656,96940,98058,98881,111647,124334,127582,131369,171676,186890,216192,241812,247414,270440,296810,479731,705241
145,29200,8430,737231,145631,143592,-8.3342,16.5395,-15.9683,-2.41297,-4.98007,-1.40906,-5.55264,-4.16941,-0.685212,-14.2506,14.1727,-31.6496,-16.7025,-30.2196,-21.3998,-27.1216,-23.5699,-25.2189,-16.4738,-28.1602,-11.7614,-126.253,8430,11010,13213,21173,24740,28639,30860,36013,55912,60436,64973,90396,96844,97775,118751,131641,137122,159090,161879,164190,171984,194534,195100,205238,236158,241078,263890,275291,335340,737231
146,29400,69,360875,114368,107371,-8.61153,18.2638,-15.3051,-2.8271,-6.58819,-1.5754,-6.76982,-4.99007,-1.11155,-15.2391,14.1634,-32.326,-17.4627,-29.6871,-21.2341,-27.5121,-22.3864,-25.3056,-16.6104,-27.6067,-12.6661,-127.733,69,796,8470,13537,17325,22873,23292,23855,33833,43768,49568,58329,63588,71786,87912,88353,89710,106318,110872,114878,117316,129130,158305,199077,225119,264723,299533,310416,337419,360875
147,29600,14781,352281,109486,97491.7,-8.67882,17.6158,-15.6554,-2.75014,-6.68118,-1.12961,-4.39498,-4.7326,-1.62767,-14.0897,14.7034,-31.8741,-17.1527,-29.0505,-21.8918,-27.9055,-22.5668,-25.0312,-16.6379,-28.812,-12.676,-129.147,14781,15166,27771,29141,31390,38326,39361,39434,39846,42309,44923,47353,50531,52040,55876,77213,86551,88924,100632,108077,110539,154094,158705,180275,190954,235875,248488,277856,345879,352281
148,29800,214,354424,105339,84346.3,-8.78001,17.477,-14.9203,-2.47625,-7.03882,-1.16849,-4.66994,-5.0498,-2.4837,-14.2968,14.388,-33.1217,-17.8495,-27.9685,-22.0506,-27.5448,-22.1187,-26.1652,-17.7471,-29.4892,-12.9334,-129.494,214,1759,16487,21734,24626,28273,41590,47654,48518,53497,55003,59472,65322,72432,73855,77193,80598,86504,98423,129205,156541,161741,169970,191997,193113,209320,211322,213555,215823,354424
149,30000,4084,696587,111110,159501,-9.09231,18.1198,-14.93,-2.13138,-6.2192,-1.57405,-4.5962,-4.62542,-2.59048,-14.1619,15.3851,-33.0796,-17.7868,-28.2632,-21.5653,-27.6946,-22.352,-26.3498,-17.4795,-30.504,-12.9123,-129.787,4084,4213,4499,8495,10085,12035,12453,12504,13306,13932,19194,22758,31502,35721,39453,39742,47606,72408,75491,87010,122562,132380,138961,170780,191849,205756,254127,374208,479590,696587
150,30200,3843,375271,116464,99243.6,-8.6968,17.2735,-14.1185,-1.81308,-6.36528,-0.875161,-3.73847,-4.79336,-1.53046,-12.1859,15.4222,-34.228,-18.3059,-27.6603,-22.117,-27.281,-21.7205,-27.5332,-18.2023,-29.7931,-12.7274,-129.541,3843,6696,14918,15957,16259,22687,36589,36697,40092,44143,48984,52722,63087,81440,84191,101804,109031,109108,125177,137877,164874,168934,174420,188439,191833,229385,260018,289906,299526,375271
151,30400,6745,679218,153605,134868,-8.22608,17.1744,-13.6989,0.146762,-5.24684,-2.18852,-5.04694,-4.26775,-2.90195,-12.3709,15.6306,-34.2937,-17.83,-27.9687,-24.2598,-27.6399,-21.5719,-28.2941,-17.7889,-29.5054,-12.3141,-129.987,6745,19704,20860,50523,57609,60501,69690,77852,79948,85558,86279,87390,98764,101256,113241,116642,122058,126177,129135,166703,167500,188473,196300,208927,234340,276024,283544,318104,379077,679218
152,30600,483,400016,118521,109368,-8.61198,17.69,-13.7743,1.3278,-5.65598,-2.13793,-5.39795,-4.77241,-1.83347,-12.1979,15.3539,-33.3262,-17.9224,-29.4131,-23.4856,-28.2648,-22.5223,-29.0857,-16.9723,-28.4778,-11.953,-131.162,483,3126,4571,23055,28756,30741,35127,37372,47262,49423,53206,56118,75250,77981,92395,94373,96856,110790,114280,138614,139947,147435,163472,176619,181578,188032,226906,368895,392954,400016
153,30800,1522,495417,119742,135308,-7.70059,17.4971,-15.1946,1.5103,-6.56228,-1.12285,-4.83582,-4.34088,-1.58568,-12.6005,14.6297,-33.9478,-17.8014,-29.7929,-24.6769,-28.1913,-22.4846,-28.9951,-16.6256,-30.2045,-11.6052,-133.886,1522,7824,8336,9182,11475,11688,13230,24288,25619,37425,37606,46756,50890,51450,75113,90270,91126,105263,105447,125061,127137,133498,150930,156957,157644,278097,315723,397654,449634,495417
154,31000,106,364613,99101.3,98012.4,-8.63417,17.8545,-14.9195,0.326546,-6.14299,-1.49001,-3.7637,-4.37728,-0.976902,-13.3794,14.4672,-33.7231,-18.5841,-30.3802,-24.0853,-27.3563,-22.5919,-29.823,-17.1874,-30.1346,-12.329,-133.438,106,5087,6342,15394,21292,24999,26209,29801,30033,37526,39081,40679,46327,48942,56451,80041,85953,88301,88966,109151,120040,124763,131085,133498,134929,222539,242861,307210,310821,364613
155,31200,1131,551548,125585,138925,-9.95412,18.5837,-14.52,-0.359967,-6.56475,-0.951309,-3.31749,-4.51879,-1.38725,-12.8932,15.2733,-34.7539,-18.685,-31.0295,-23.9758,-27.7655,-23.0544,-28.5854,-16.7728,-32.2524,-11.5613,-133.522,1131,1524,11646,12268,19907,22429,24971,26150,31124,31257,39236,41766,48858,70095,78666,87148,106594,112037,124041,124059,135762,144114,151985,164480,211024,229515,334705,379282,450221,551548
156,31400,4146,359481,117062,105083,-9.30329,19.1609,-14.7655,-1.01185,-6.51958,-0.9924,-2.96178,-4.12182,-2.14339,-12.8674,15.9793,-35.6508,-18.6388,-31.472,-24.5956,-27.356,-23.5218,-28.0918,-17.6027,-33.2132,-11.0647,-136.396,4146,4295,7473,15093,15274,19040,29404,34771,37389,40585,44056,46701,53181,57832,80009,95496,108264,111494,123748,150224,166039,170362,179084,199877,211069,235031,266190,314532,331709,359481
157,31600,1199,458999,128735,109947,-9.34036,18.8991,-16.1662,-0.997034,-6.66734,-2.26847,-3.43956,-4.07113,-2.99183,-13.2805,16.3087,-35.7581,-18.2033,-30.9773,-25.4831,-26.7666,-24.2291,-28.1866,-18.0462,-33.133,-12.6782,-137.05,1199,4776,7537,12035,22461,31578,32155,40871,51095,53056,59598,61587,67548,80194,91594,100050,118725,142873,153290,161067,182057,185070,212544,228294,229247,233848,271051,281497,286147,458999
158,31800,9602,520198,132748,126822,-9.76565,19.2538,-16.3012,-0.783825,-5.87901,-2.81017,-3.01101,-4.22167,-2.66969,-13.2604,15.5902,-36.4504,-19.0728,-30.5715,-25.7431,-27.4758,-24.7748,-28.8543,-18.5766,-33.1631,-12.7421,-137.623,9602,18815,21908,23559,24240,32087,38544,42352,49869,51877,57312,57916,61423,75956,83260,87918,89418,109121,115121,120768,148518,184687,185088,208761,271591,282907,302112,303787,403713,520198
159,32000,5779,452185,134262,101906,-9.11283,19.9402,-16.2542,-1.14842,-5.02189,-2.53208,-2.46332,-4.00681,-2.88892,-12.8777,15.7505,-36.2898,-19.0453,-31.22,-25.8932,-27.4579,-24.3983,-29.549,-18.1642,-33.303,-12.5706,-137.87,5779,13954,22890,26668,38170,46116,49618,60866,61827,74067,84908,92517,94754,100145,111417,114988,142353,149766,157613,160665,164953,167230,167563,172439,188190,195455,297941,301515,311301,452185
160,32200,667,784098,159655,170289,-10.167,19.2463,-16.6122,-0.626525,-6.93609,-2.35697,-2.61221,-4.30122,-2.72759,-14.9245,16.0248,-36.6985,-19.791,-30.631,-26.1996,-27.1578,-24.4858,-29.0788,-18.0657,-33.3661,-11.9227,-137.882,667,10085,12756,24554,24927,31200,37297,45352,53577,67433,77203,83940,88530,115602,118369,124065,124334,124486,126054,133930,155977,181970,236285,252322,265427,292141,314395,323036,559624,784098
161,32400,847,437931,116666,107257,-7.3603,20.1751,-16.2756,-0.598493,-6.40854,-1.45108,-2.67641,-4.44741,-1.64987,-14.6593,16.2829,-35.7674,-21.0795,-29.7299,-26.1042,-26.8127,-24.1983,-29.8092,-19.1334,-33.7777,-13.3127,-139.379,847,3755,3883,7472,15706,24041,27596,32285,33125,35140,53858,66340,69675,71138,73708,78227,109257,120945,126453,157171,175106,181787,183528,188647,190890,191260,214986,285950,339270,437931
162,32600,9262,565343,119985,123723,-8.37472,20.1817,-15.4072,-0.415408,-6.57836,-0.311455,-3.3581,-5.33224,-1.64202,-14.4435,16.2761,-34.9134,-21.2556,-30.7922,-26.8549,-26.8617,-25.9928,-29.6205,-19.064,-33.0785,-13.2605,-140.389,9262,17309,22454,25012,29069,34324,35288,35770,43322,49039,54218,56814,58831,60032,65071,65591,92412,95060,102482,103922,140055,147956,163916,167456,189550,234341,268846,292516,374290,565343
163,32800,1027,331999,111969,95173.9,-9.03679,20.2531,-15.9917,-0.245082,-6.54323,0.828151,-4.26796,-5.45903,-1.05419,-14.038,15.9018,-34.3926,-21.7288,-30.7592,-27.2185,-27.2177,-26.1003,-29.3761,-18.6648,-32.6852,-12.874,-141.759,1027,11215,12008,12340,21443,25808,28881,30635,37603,38464,54172,63063,65380,65951,71607,101423,104823,105782,117982,120121,150208,165876,180083,183617,199507,204399,276300,282896,294457,331999
164,33000,1607,587316,139949,141647,-8.64558,20.1041,-15.4415,-0.275289,-6.3481,-0.0888579,-4.66223,-5.45529,-0.276918,-14.2455,15.8057,-35.9895,-21.4701,-31.0423,-26.91,-29.387,-26.4668,-27.9245,-18.7403,-33.747,-13.1962,-143.014,1607,2203,15713,17787,18849,20266,37402,38919,50746,57530,59252,73035,79982,81138,84402,111606,115108,117908,137014,149977,165258,170506,172271,188908,224959,276356,303345,342971,496134,587316
165,33200,1380,704066,188387,170418,-8.76253,19.1833,-16.286,1.22441,-7.28943,-0.961656,-4.94497,-5.31112,0.147293,-13.8212,15.8457,-35.5693,-20.9429,-32.4923,-27.5414,-29.0923,-27.3907,-27.7232,-18.5996,-34.4924,-13.3097,-143.482,1380,12572,22425,30175,52596,62391,63983,70946,72357,80378,80936,91396,106783,108271,121321,127306,157375,161999,193070,193180,200262,220972,227329,362578,366810,373779,438908,449588,496474,704066
166,33400,3881,644883,180841,176951,-9.53969,19.5509,-15.3781,0.751278,-6.79292,-1.13966,-3.78466,-5.22017,-0.460247,-13.4841,15.8542,-35.6776,-21.8795,-32.4994,-29.0661,-29.0997,-27.0917,-27.8694,-19.5532,-33.921,-12.0659,-145.18,3881,8327,17902,19102,20419,21675,23017,24542,29395,45901,56223,63657,85040,89992,122549,130253,154651,175989,178563,220715,226696,278470,285848,297042,362753,428610,438872,483308,486941,644883
167,33600,1132,589310,131596,130704,-10.7615,19.5886,-15.4404,0.570426,-7.13025,-2.64794,-3.33337,-4.38093,-0.346549,-13.1068,16.3637,-34.2844,-21.578,-32.6949,-28.7079,-28.4623,-26.2036,-28.6712,-20.0956,-35.7624,-11.0485,-145.367,1132,3592,4401,12843,16141,21873,27984,34127,42888,46489,57669,79492,83848,85906,97991,100844,116906,131586,133668,137117,144938,145974,168588,232856,237224,239825,255199,315603,381851,589310
168,33800,3848,534254,139785,125857,-11.7831,19.2655,-15.362,0.445968,-6.54818,-2.86736,-3.22356,-5.04001,-0.137526,-12.5717,16.464,-35.5677,-21.7915,-31.9514,-28.7622,-28.3951,-26.2443,-28.914,-19.9592,-36.5331,-11.9306,-146.215,3848,18488,18836,22552,43215,50741,63306,64659,70234,76684,79386,81092,84246,85653,85726,101860,116471,119540,129749,132268,132393,133384,180425,218515,225656,236389,309603,315997,458385,534254
169,34000,7604,731222,138345,163127,-13.3966,18.5884,-14.9219,-0.477158,-6.49679,-2.70981,-3.26604,-4.49571,0.0362698,-13.9513,16.458,-35.6386,-21.3143,-30.448,-28.7497,-29.1136,-27.2394,-29.1345,-19.5367,-36.6894,-11.2875,-145.867,7604,9460,12140,26904,26991,27295,30694,30878,35156,57036,70015,75908,80683,81716,81804,95613,100055,102143,109716,111698,125016,140668,167524,205897,209944,219691,243934,355198,577752,731222
170,34200,385,363792,103026,113935,-12.6033,19.0372,-14.4484,-0.354744,-6.40557,-3.89213,-4.15664,-4.80539,0.200195,-13.5626,16.9408,-34.8488,-22.5359,-29.5153,-28.2705,-28.8428,-26.3896,-29.0057,-20.6857,-36.2432,-11.8646,-147.195,385,481,2851,11672,13415,18188,19295,20444,28745,29207,29436,29736,34073,34607,39164,45507,55037,57146,63102,134183,135616,155946,166085,194007,201210,234800,271389,337627,363626,363792
171,34400,2121,526621,126452,146034,-12.1086,20.0497,-15.5648,-2.18617,-6.78933,-4.12531,-4.22845,-4.05998,0.0424538,-12.6832,16.3697,-36.0619,-21.5132,-30.2521,-28.4951,-29.6793,-26.364,-29.1082,-20.5252,-36.6992,-12.5541,-148.765,2121,4087,14657,15343,20751,24899,27426,28246,38519,40387,57525,57656,58982,60723,61435,66246,66990,92401,94544,98238,108192,144568,146599,180580,216185,239917,384238,416689,498783,526621
172,34600,647,537636,102097,118539,-10.8399,19.8396,-17.1991,-2.74713,-7.06324,-1.83742,-4.59187,-4.48189,-0.259457,-13.3649,16.441,-36.1887,-21.5759,-31.2105,-29.2924,-29.0861,-26.7731,-29.2638,-21.1943,-37.2874,-12.8603,-149.042,647,1495,2415,11421,18308,18400,21292,25285,26046,31623,40309,46488,50579,53555,60855,72940,74675,80741,91205,97736,98464,126760,143119,160808,172935,177081,182181,250596,387315,537636
173,34800,6810,350471,80873.5,73169.3,-12.28,19.658,-17.8682,-2.06308,-8.08305,-1.96108,-4.84065,-4.44867,0.42519,-12.4477,16.2036,-35.8147,-21.7736,-30.6278,-30.5645,-29.2608,-27.1836,-28.7494,-21.2506,-37.3165,-12.7009,-150.423,6810,8859,14401,15462,28093,36495,37251,39953,40477,42917,45297,46272,47153,51145,52855,53933,55525,65786,71609,73153,82375,90105,111077,120364,128386,152815,166477,170203,220486,350471
174,35000,205,785840,185732,152993,-7.5817,20.1342,-17.8868,-0.822687,-7.39662,-2.76179,-3.54065,-5.02232,-0.216611,-13.3387,16.3218,-35.1926,-21.9958,-31.244,-30.5941,-30.5234,-27.8243,-28.9441,-21.0831,-38.3762,-12.3006,-150.414,205,3762,21279,34017,49044,54464,72536,83623,86272,98747,104226,118206,144712,154150,158008,192767,199075,199281,207512,234677,236428,246623,253117,259186,266955,296629,309642,320656,380310,785840
175,35200,2643,448614,158466,124222,-7.22098,20.7563,-18.1614,-0.539694,-6.13405,-2.40989,-2.53029,-5.35723,-0.650381,-13.6518,17.3915,-36.7619,-22.6044,-30.4916,-29.7617,-31.5398,-28.6532,-29.7179,-21.0901,-39.2093,-11.6316,-149.594,2643,17435,38315,52844,55198,55586,61847,70038,79077,86818,93056,93736,96924,100966,103033,110630,120764,132731,142721,160074,183491,185617,225459,270699,283103,324778,338101,400590,419082,448614
176,35400,359,712566,165838,209604,-8.68877,21.1254,-18.517,0.443383,-6.15816,-3.55841,-2.27905,-5.67824,-0.752989,-14.4138,17.3426,-37.1912,-22.7643,-30.7882,-28.0517,-30.754,-27.686,-31.115,-21.8797,-39.7779,-11.4617,-149.808,359,1085,6655,7005,8649,12419,17051,17230,25089,36632,45906,50009,54314,61301,62554,74927,87858,119388,122092,152018,157808,212158,217561,224848,326218,364805,476509,628799,691325,712566
177,35600,19763,490190,146998,125919,-8.81349,20.0192,-18.1847,0.594801,-6.0618,-3.21796,-2.3207,-5.01285,-0.783334,-14.1679,17.4832,-37.0936,-23.7819,-32.1817,-28.0049,-30.8391,-26.5302,-30.8138,-21.4723,-39.9879,-11.6474,-151.282,19763,21401,25073,26034,27679,28553,36090,64995,69168,82800,85217,89051,91449,92145,99299,105173,106605,145184,157405,165305,168810,174094,186794,205831,219540,258301,346711,389094,432173,490190
178,35800,1660,532238,154287,133037,-10.1351,20.4996,-16.9765,0.16513,-6.07193,-3.62759,-2.64106,-5.49981,-1.25911,-14.5258,17.8119,-37.3884,-23.21,-32.4308,-27.3141,-31.5025,-25.9733,-30.1772,-22.0785,-39.222,-12.6571,-151.698,1660,20041,24118,24718,26357,35146,42108,46024,57182,61676,77261,85669,97797,105417,117185,122234,147276,158514,162448,190718,203779,204681,213114,224371,243903,250655,296496,398137,457685,532238
179,36000,8512,510744,153236,130509,-10.2397,19.7904,-16.606,1.07676,-6.38899,-3.63273,-1.88257,-5.57215,-0.790951,-15.636,19.0512,-37.6079,-23.5975,-32.2535,-27.6239,-31.643,-26.5439,-30.8254,-22.6343,-39.798,-12.3297,-152.666,8512,10714,38141,39106,41447,50998,51013,60463,77999,82823,87827,94926,100851,109949,114461,119286,119648,121437,138714,141252,154703,169484,219876,234958,244021,282645,293213,370659,507202,510744
180,36200,524,500998,154377,139904,-11.8087,20.063,-16.9388,0.968979,-6.31482,-3.32894,-2.15741,-6.90136,-1.73866,-15.497,19.0147,-37.7603,-23.4281,-33.0399,-28.539,-30.3555,-26.1355,-30.6325,-23.4693,-39.5398,-11.7799,-153.611,524,11058,14186,14214,23125,28542,29067,35836,38041,43467,53656,72938,86894,111559,127105,145125,147834,153910,172178,182644,185968,186776,207027,266519,282701,295376,345397,394418,474234,500998
181,36400,6139,350903,120278,86413.6,-11.8086,19.0326,-17.991,0.425275,-6.71253,-2.79341,-2.30138,-5.84566,-2.96755,-16.0856,19.8309,-37.4359,-22.6406,-32.3485,-28.5532,-30.9196,-26.6348,-30.6199,-21.9207,-38.2414,-11.3953,-154.432,6139,11608,13250,27839,28822,29201,30560,44623,52302,54061,69546,81080,90644,111041,114855,115144,115856,145534,147024,153162,164305,167772,168873,183332,193171,212425,215413,224469,285396,350903
182,36600,124,542363,127835,126920,-11.8272,19.4598,-17.3648,0.272113,-6.50068,-3.30075,-3.94772,-5.03956,-2.94898,-15.9649,19.9799,-36.647,-21.4615,-31.9955,-28.5681,-30.5585,-27.4161,-31.5845,-22.0052,-39.5294,-12.4651,-154.685,124,18659,35303,38449,40335,42083,47320,48103,63638,67197,77809,78602,79644,82163,83014,88314,88725,89983,105210,122750,132035,135004,141080,152816,163982,205246,216487,366601,482021,542363
183,36800,1536,564597,138691,148324,-11.6588,19.5123,-17.2748,0.532342,-6.78629,-2.87804,-4.66752,-6.29037,-2.39912,-16.7371,19.8259,-36.5877,-20.7966,-32.683,-29.0194,-31.3169,-27.9789,-32.5424,-22.463,-40.0864,-11.8945,-155.383,1536,6985,7045,7807,12863,17298,20200,20382,25782,30559,41605,49730,73684,80625,85283,88693,102951,112024,120230,146788,152246,199819,208910,239758,287411,303919,319949,329167,502881,564597
184,37000,2879,602160,150634,160465,-11.6518,19.0819,-18.388,0.528957,-7.60229,-3.43808,-4.8739,-5.53815,-2.03146,-16.6079,19.3354,-37.5869,-21.0944,-32.637,-28.3698,-32.0352,-29.2545,-31.7098,-23.9889,-40.1034,-12.2016,-156.354,2879,4451,4976,13312,13325,14704,15892,17289,19536,31646,37037,56575,58692,76663,91291,101817,145876,146226,151286,160285,166021,170153,263988,282952,312297,313611,344067,369676,530333,602160
185,37200,1331,591306,94866,128988,-13.6449,18.7634,-18.3432,-0.489586,-8.13396,-3.66596,-4.30534,-4.74878,-1.51369,-17.3267,19.338,-37.3114,-20.4123,-33.7417,-28.9862,-31.5333,-28.7925,-32.5783,-24.5294,-40.0948,-12.2517,-156.734,1331,6566,10285,12797,14176,14238,16776,17370,20085,23070,28466,40919,41421,46336,52054,54452,54546,65603,66167,81412,83776,88946,97861,101158,123087,185120,212335,345023,349299,591306
186,37400,2934,388694,165631,113008,-13.5441,20.3068,-17.4334,-0.210684,-7.97254,-4.01158,-3.92476,-5.17007,-1.14598,-18.4169,19.2687,-36.6821,-20.3397,-32.8624,-27.3162,-30.6148,-27.3418,-32.5957,-24.3842,-38.9647,-12.2103,-156.942,2934,5562,14084,27680,67714,75863,78092,80792,82921,85982,87510,113788,122935,124259,142566,155149,168492,169274,196583,199034,220509,225762,228510,248479,260051,299534,331486,378629,386061,388694
187,37600,2690,712673,159459,172123,-13.8707,21.2174,-17.8738,-0.0759669,-8.44896,-4.28583,-3.36464,-5.03895,0.300195,-18.3219,19.6937,-39.331,-19.9804,-33.2014,-26.3902,-31.3709,-28.0861,-33.2852,-25.1332,-38.5668,-12.3783,-156.609,2690,2997,4733,11815,27070,28291,35821,45778,47406,52081,57030,68205,72219,86285,103188,115498,134117,140456,143625,145006,148933,165554,245317,249806,262384,337571,346826,410318,580064,712673
188,37800,179,598837,131046,164644,-13.6662,20.0006,-18.1422,-0.100956,-8.0738,-4.14329,-3.84064,-5.89878,0.952784,-18.8074,19.5774,-38.3486,-20.3333,-33.2294,-26.7785,-31.6475,-29.1048,-32.9637,-23.7907,-37.9424,-11.9257,-157.053,179,2644,6708,7194,8739,9137,14228,23457,23909,29235,34244,34507,43241,43679,56835,63815,76335,81324,81546,86904,87948,184704,186413,196023,295975,320190,420234,429520,483684,598837
189,38000,8793,575740,191374,151968,-13.03,19.4966,-17.6853,1.30159,-7.58633,-4.11305,-3.80919,-5.98047,1.07092,-19.3831,20.7405,-37.9071,-20.2361,-32.9315,-26.4988,-32.062,-30.5946,-33.3649,-23.4279,-38.2341,-11.6748,-156.297,8793,9260,13924,31367,33891,34164,60919,87136,94510,99655,108178,122250,141091,145161,146204,155017,155589,158387,200448,201064,204165,290447,292792,338724,360687,372885,399335,432100,467334,575740
190,38200,80,673528,115836,134007,-12.8691,19.7914,-17.0036,3.506,-7.28245,-4.02289,-4.23373,-5.51854,0.215913,-19.5006,21.0541,-38.6461,-19.7185,-33.8456,-26.6959,-33.3555,-27.8814,-33.3722,-22.7396,-38.5177,-11.6436,-156.261,80,975,17819,18704,25240,29397,30558,34775,35564,40589,44695,47111,49636,50248,59289,71579,71761,81817,101163,133122,142749,145099,162162,196558,205889,215452,232311,263901,293304,673528
191,38400,11074,661693,168956,153758,-11.8911,19.9086,-17.9683,2.93524,-7.98145,-4.82601,-4.86473,-5.4397,-1.09142,-19.4699,20.654,-37.9679,-19.7483,-34.1115,-28.7858,-34.6393,-27.6177,-33.7571,-23.7398,-37.1462,-13.0611,-155.525,11074,11678,28822,30802,32117,52372,57080,57296,58288,68617,70011,77294,81406,88837,90074,107638,154702,163702,175357,200728,224605,227231,238569,257755,279189,369535,373356,376028,442822,661693
192,38600,13411,562778,177622,151057,-11.2759,19.0245,-17.8004,3.03098,-7.44566,-3.62272,-5.45995,-5.67625,0.152223,-18.3654,20.2175,-37.2684,-20.1649,-34.0177,-27.7812,-33.8072,-27.628,-32.7616,-23.4318,-37.1303,-12.4458,-156.05,13411,17928,36171,48197,50750,54219,57681,59600,65901,76363,77099,77177,80025,93865,103626,152895,157740,175124,214647,227623,235261,245887,254302,257512,258896,308432,347859,474769,542929,562778
193,38800,6699,953284,216262,234387,-9.35772,19.479,-18.2862,2.88009,-6.60794,-2.8856,-4.14748,-4.14466,0.199274,-17.5258,20.5187,-37.8211,-20.4447,-33.8286,-27.6191,-33.8945,-27.8978,-34.0234,-23.7554,-38.459,-11.1616,-154.818,6699,18920,19148,24009,28479,36414,38045,38609,53897,63870,64909,65403,87591,110794,111183,111261,121043,153439,216536,238397,249686,296986,299819,367562,397492,533204,564409,574305,642479,953284
194,39000,12331,551655,168636,156532,-8.28168,19.2002,-18.2959,2.28534,-7.03893,-2.2102,-2.52401,-4.05858,0.0359264,-18.7849,21.7632,-37.7865,-19.9529,-32.6812,-26.6041,-33.7143,-27.6524,-34.4586,-23.5247,-38.7171,-11.933,-154.106,12331,12941,14738,18725,34362,34606,39972,44466,50065,55377,71101,71562,72180,86793,93576,135737,149111,150369,163396,192293,227018,235998,249300,271610,311393,322316,411889,478380,495826,551655
195,39200,2321,617647,159899,161191,-9.10392,20.2067,-18.2798,2.09641,-6.80787,-2.01697,-2.36098,-4.07208,-1.43392,-18.5429,22.256,-38.0768,-21.2703,-32.7625,-26.3572,-33.9011,-27.254,-35.4592,-22.6932,-38.8038,-11.5351,-154.145,2321,6451,11728,24713,26257,28338,30788,39932,57486,61214,65162,66689,83138,86055,89727,120111,123376,127371,168934,185129,194591,217957,230577,243571,256353,278877,366484,379706,606276,617647
196,39400,6813,420765,141113,118023,-10.9066,20.538,-18.6239,1.86346,-7.53621,-1.82687,-1.83011,-4.05306,-1.44253,-19.1912,22.4818,-38.1187,-19.5686,-32.9857,-27.1246,-33.7018,-27.5827,-36.2011,-21.9112,-38.5888,-12.604,-154.781,6813,9889,14843,23286,24760,41270,45713,49071,56823,60826,62784,67706,85412,91368,98965,115744,122271,125467,145375,153622,155242,221651,226914,226921,257912,264157,337245,337920,382662,420765
197,39600,11741,540669,174092,128172,-13.8743,20.122,-19.8231,1.96497,-7.64334,-1.79408,-2.04567,-4.73622,-1.55172,-19.6376,23.0399,-37.6835,-20.1608,-33.9884,-26.1903,-34.2786,-27.1478,-35.9777,-21.9318,-38.6677,-13.2888,-154.502,11741,30117,37351,51826,57152,69517,70503,75113,76114,88842,98089,101928,111975,133474,153954,161844,163043,167110,184047,188086,190065,212999,217503,228871,331672,350899,354041,374541,389667,540669
198,39800,1967,482902,98538.8,105661,-14.3207,19.9259,-20.389,1.31007,-6.6441,-1.80623,-2.96891,-4.23845,-2.39878,-20.5357,23.1366,-36.6052,-20.2377,-33.5655,-27.4023,-33.8117,-27.2072,-35.7558,-22.0116,-38.0397,-13.2249,-156.254,1967,2645,3713,4161,6971,10691,19193,22435,24406,40828,42044,50042,51177,60257,61193,67215,74413,76314,95811,100462,119862,138151,146609,149050,167683,179810,227628,262034,266496,482902
199,40000,5568,627283,148555,142270,-11.5373,20.7371,-20.0161,1.20375,-6.73978,-1.98159,-3.24538,-3.67999,-2.98163,-20.0058,22.8275,-37.5926,-20.3849,-34.6741,-27.1936,-32.5979,-26.3637,-35.6611,-21.7843,-37.6811,-12.9217,-156.692,5568,11085,14087,21585,22655,29519,37767,41131,68439,73574,87992,96742,100839,101578,101731,103069,108663,112132,151993,158645,180276,190242,195370,201408,219076,256136,293244,372155,472657,627283
200,40200,1966,451636,136707,111284,-14.0335,19.848,-20.4436,1.26377,-7.30328,-2.82595,-3.44105,-3.88895,-2.21786,-19.2431,23.6938,-37.8958,-21.0704,-33.8168,-26.4252,-31.5433,-26.1349,-36.6101,-22.1327,-37.8407,-13.1053,-156.55,1966,9997,12652,22685,31425,45314,47669,55201,55488,59518,65654,76499,91190,109586,116900,117437,126783,135594,138267,143526,161329,176112,192359,207656,218973,267547,279274,337975,345006,451636
