generation,agents,minScore,maxScore,meanScore,standardDeviation,w0,w1,w2,w3,w4,w5,w6,w7,w8,w9,w10,w11,w12,w13,w14,w15,w16,w17,w18,w19,w20,w21,s0,s1,s2,s3,s4,s5,s6,s7,s8,s9,s10,s11,s12,s13,s14,s15,s16,s17,s18,s19,s20,s21,s22,s23,s24,s25,s26,s27,s28,s29
0,200,0,26,9.36667,6.46734,1.24963,-0.317572,-1.38826,-2.15505,-3.96589,0.998719,-3.40086,1.42364,1.80442,0.616202,-2.54495,-1.4389,1.10683,0.905931,0.941823,-3.03972,-2.62738,0.978496,1.39371,-2.55445,-1.53565,-5.61312,0,1,2,2,3,4,4,4,5,6,6,6,7,7,8,8,8,11,12,13,13,13,13,13,13,14,16,18,25,26
1,400,0,42,13.4667,11.0133,-1.44293,1.93973,-5.08682,-1.45974,-5.11473,-0.663093,-4.1666,0.0248291,0.720767,-1.14311,-1.28359,-1.1609,-0.982826,1.55969,-0.60409,-3.86498,-4.12236,-1.11077,1.32769,-6.14508,-1.82487,-7.61333,0,0,0,1,3,4,4,5,7,7,7,8,9,11,13,13,14,14,15,16,16,18,19,20,20,21,22,34,41,42
2,600,4,117,41.7333,27.0325,0.721789,1.86882,-8.804,-3.54915,-5.5723,-2.78342,-3.61873,-1.72519,0.358933,-4.56105,-1.67153,-3.49424,-1.3526,1.79893,-0.891229,-5.95327,-7.80425,-0.600947,0.926449,-8.78485,-4.0053,-11.893,4,11,12,13,14,15,15,16,24,27,29,29,30,37,38,38,38,38,44,54,55,57,57,57,67,68,78,78,92,117
3,800,38,334,89.4333,65.2542,1.55971,1.70905,-8.34171,-5.47061,-6.38426,-4.65086,-7.12601,-3.3838,2.23201,-6.87632,-0.85658,-6.79972,-2.78939,0.389575,0.0241365,-8.61974,-9.01925,-5.17385,-1.55882,-8.83562,-5.59632,-13.741,38,39,43,49,51,52,54,55,57,59,62,64,68,69,70,72,74,77,78,84,85,89,92,102,106,107,121,145,287,334
4,1000,39,242,99.5667,40.8671,-0.0974717,0.819541,-9.88647,-5.11465,-9.63259,-10.7682,-9.38199,-4.23222,1.09514,-6.31961,-2.35443,-9.89971,-4.61555,-1.38439,-5.80644,-9.7995,-11.5685,-9.12464,-3.7676,-9.27093,-7.40405,-16.6741,39,49,55,61,64,64,69,72,75,80,83,91,92,95,96,97,99,101,102,102,105,105,116,117,119,123,137,156,181,242
5,1200,39,222,102.933,48.4497,-0.565802,0.676117,-11.742,-5.42147,-6.61032,-10.6975,-10.0072,-4.95253,0.172547,-7.95065,-2.17391,-12.9153,-5.83755,-4.49357,-6.73199,-10.4969,-12.1788,-10.1013,-3.74027,-10.8189,-12.1384,-17.8241,39,48,50,52,54,57,60,65,66,73,73,79,84,86,94,96,97,104,105,108,113,121,132,148,154,154,169,185,200,222
6,1400,12,156,82.5333,37.0533,-2.34145,-0.0927389,-13.1171,-6.92014,-7.35382,-9.92094,-12.624,-5.57535,-0.433492,-9.01458,-3.50789,-12.6041,-7.83063,-4.90164,-9.73413,-11.0387,-12.5233,-9.79702,-4.89485,-11.3201,-16.754,-18.7561,12,24,37,38,50,51,51,54,54,56,57,61,61,76,85,88,95,96,99,100,100,101,110,118,122,123,125,128,148,156
7,1600,35,288,103.733,67.2601,-5.73898,-1.30562,-13.3562,-5.73908,-7.33879,-9.10505,-11.5074,-7.71556,-1.3616,-9.00779,-3.86145,-12.4004,-9.29147,-5.62395,-9.78186,-11.984,-14.2838,-9.79533,-3.43675,-11.6808,-19.6465,-21.2695,35,41,44,46,49,53,57,58,66,67,69,76,81,82,83,83,85,90,100,102,102,111,111,119,121,177,188,254,274,288
8,1800,31,248,101.233,50.2584,-7.32226,-0.910895,-13.5023,-7.87156,-7.55721,-9.48042,-11.4853,-7.71717,-4.39788,-9.84172,-4.86175,-11.8667,-9.42853,-5.8543,-10.8477,-12.7976,-13.5786,-9.9111,-3.12194,-14.1845,-22.3465,-23.1204,31,38,55,57,57,58,61,65,65,68,69,69,75,81,85,88,98,101,107,114,122,128,131,138,144,146,173,175,190,248
9,2000,25,405,129.4,74.506,-8.62269,-0.178523,-12.4806,-7.24332,-7.79796,-9.39252,-11.3567,-7.84066,-4.5071,-8.70291,-4.48746,-11.651,-11.0167,-6.03863,-9.97319,-11.7962,-12.6068,-8.96073,-3.14817,-12.6618,-24.0817,-27.0089,25,39,46,61,69,76,87,88,91,95,96,103,105,112,113,114,117,123,129,131,141,141,152,170,172,194,223,230,234,405
10,2200,46,282,125.733,64.4301,-7.46051,0.089863,-13.901,-7.34542,-7.79804,-7.25962,-10.9843,-8.35281,-5.67924,-9.02739,-4.0183,-10.7081,-12.3063,-6.76121,-11.2152,-12.4212,-11.7053,-9.28033,-3.82113,-12.0244,-23.2682,-28.7136,46,47,49,58,59,63,65,66,72,80,90,92,97,102,122,126,128,135,137,145,146,153,155,159,203,213,215,232,235,282
11,2400,30,537,160.467,105.123,-10.3475,0.10101,-15.9627,-8.13814,-8.51977,-8.91675,-10.3901,-7.88506,-6.89486,-9.21422,-2.57817,-11.4869,-12.6455,-8.83742,-11.2916,-13.1132,-11.4231,-9.45122,-4.07549,-10.523,-22.4311,-30.6148,30,44,56,59,65,78,81,88,100,106,111,120,131,144,151,152,155,160,164,168,181,188,196,204,223,232,237,246,407,537
12,2600,59,549,201,122.632,-9.65503,1.1874,-16.1107,-8.40308,-8.47908,-7.8028,-10.1951,-8.17918,-7.04726,-10.5434,-2.5588,-12.1734,-11.9124,-10.7715,-10.6116,-12.4663,-12.0256,-9.23342,-4.58791,-11.4239,-21.4032,-33.1543,59,69,72,82,83,89,102,106,123,130,131,138,146,155,158,160,185,196,210,230,239,241,253,260,292,345,362,425,440,549
13,2800,100,910,283.567,186.514,-9.8193,1.56313,-17.5821,-8.64791,-8.07278,-8.32099,-11.1882,-9.43038,-7.88434,-10.125,-2.88336,-13.6513,-11.3096,-10.5296,-10.7117,-11.7713,-11.7213,-9.71362,-4.88947,-9.83905,-20.4528,-35.7075,100,101,102,112,134,139,152,163,172,186,188,189,190,203,219,226,229,236,247,269,294,343,355,433,463,464,483,562,643,910
14,3000,81,1424,371.633,251.539,-8.29978,1.30597,-16.9298,-9.28213,-9.3293,-9.33179,-11.6172,-10.1427,-8.45824,-10.4122,-2.94099,-14.3962,-10.7039,-9.9131,-9.739,-12.5326,-11.163,-10.717,-4.7166,-9.81718,-19.0131,-36.8737,81,104,107,116,170,181,225,253,253,256,298,300,315,318,324,324,335,375,378,386,388,391,401,478,506,564,617,625,656,1424
15,3200,63,1886,511.233,423.059,-8.89782,1.43343,-16.2471,-8.94708,-10.629,-8.92003,-11.3879,-10.7966,-8.07401,-11.2738,-2.38164,-13.2381,-10.3977,-9.39869,-11.0673,-13.0379,-11.6898,-11.2589,-4.87856,-8.81025,-18.576,-37.7327,63,94,113,140,158,165,183,241,250,281,309,322,338,342,351,406,420,476,513,610,634,685,701,711,741,744,857,918,1685,1886
16,3400,76,1712,481.1,386.583,-7.10618,0.860867,-16.9418,-8.24823,-10.3568,-9.25783,-11.8228,-11.6673,-7.98293,-11.8925,-1.69127,-13.7718,-11.0227,-10.1427,-10.075,-11.6571,-13.2479,-10.7713,-5.90155,-8.4723,-19.0128,-39.4289,76,106,130,143,203,218,220,229,254,269,288,290,300,354,377,387,424,429,432,471,520,525,558,633,678,699,940,1027,1541,1712
17,3600,83,1475,417.4,333.512,-12.0761,0.704034,-17.4799,-8.11741,-9.68543,-9.26558,-12.645,-12.1632,-8.42809,-11.8011,-1.03178,-14.0289,-10.4179,-9.82522,-11.278,-11.5197,-13.6739,-10.3769,-7.96531,-9.40095,-19.3653,-40.8289,83,135,137,141,159,160,172,183,201,228,234,240,252,280,283,339,340,342,396,411,447,451,526,540,608,771,834,922,1232,1475
18,3800,85,1598,483.267,394.054,-9.77471,1.74277,-15.9898,-8.34624,-10.397,-10.3773,-12.5107,-11.3089,-9.67476,-10.8728,-1.86638,-14.6865,-9.64846,-10.2288,-11.2762,-10.0653,-12.9704,-10.1082,-7.77817,-9.24991,-18.5444,-42.4405,85,95,120,201,217,229,229,248,259,266,267,285,305,317,366,373,380,394,414,419,458,478,539,552,681,815,1201,1351,1356,1598
19,4000,55,2363,614.3,466.483,-9.54598,1.08342,-16.3316,-7.91356,-10.9766,-10.2732,-12.4869,-11.4089,-10.6739,-10.488,-0.385585,-15.0572,-9.57594,-10.349,-12.3496,-10.6034,-12.687,-11.5373,-7.55808,-8.59186,-19.1298,-43.8734,55,212,220,249,269,271,295,325,345,357,400,402,428,489,491,496,522,550,592,616,621,657,686,703,982,983,1065,1245,1540,2363
20,4200,186,2058,695.133,429.777,-10.2272,-0.442493,-15.6613,-9.02752,-11.1636,-10.789,-12.5195,-11.4862,-10.3185,-10.3505,-0.550638,-15.2847,-10.7789,-10.5718,-11.9896,-11.5602,-13.1966,-11.0384,-8.01191,-8.32561,-19.2356,-44.424,186,190,284,296,342,372,455,484,489,490,509,527,618,625,629,637,665,671,706,724,727,752,795,810,838,861,995,1061,2058,2058
21,4400,39,2802,782.867,644.731,-10.7065,1.16165,-15.6002,-9.25765,-11.2605,-10.2592,-12.8042,-11.1393,-10.3002,-10.665,-0.364713,-15.2446,-10.8721,-10.7817,-11.3047,-11.7066,-13.063,-10.1799,-8.0651,-7.63401,-19.2486,-47.7103,39,130,214,221,259,276,285,308,338,345,396,413,490,501,613,652,655,675,721,767,813,1078,1111,1161,1335,1451,1547,1772,2118,2802
22,4600,140,3365,979.033,867.919,-10.4009,1.69787,-16.8382,-8.74441,-10.6672,-11.2943,-13.0792,-9.97751,-10.5682,-11.3033,-1.23776,-15.0162,-10.8396,-11.2555,-12.3863,-11.1688,-12.2658,-12.037,-7.62394,-8.29371,-19.4447,-48.6403,140,177,192,192,218,281,303,362,409,414,434,441,659,667,688,752,791,925,944,951,996,1102,1292,1476,1722,1812,1918,2435,3313,3365
23,4800,90,3747,1295.83,946.108,-9.0511,1.75955,-17.3115,-8.3553,-10.4899,-10.4339,-12.1442,-9.99672,-10.6381,-12.4119,-1.17616,-15.4101,-10.7105,-11.7194,-11.7395,-11.1384,-11.7552,-11.8705,-7.64345,-8.76382,-18.6667,-49.876,90,117,178,237,259,489,619,654,655,656,780,896,997,1011,1052,1186,1231,1317,1419,1490,1519,1650,1848,1876,2076,2139,2357,2750,3580,3747
24,5000,111,3479,1129.03,917.243,-10.9029,0.860178,-17.4546,-8.13927,-11.2945,-8.97311,-12.9076,-10.0294,-11.1867,-13.4087,-0.81966,-16.5537,-11.0526,-12.6161,-10.98,-10.7601,-10.8505,-10.8288,-6.99713,-9.44587,-18.2853,-50.2424,111,214,223,234,265,297,406,431,434,440,542,660,819,865,883,894,935,964,1258,1323,1336,1405,1541,1541,1902,1936,2366,2827,3340,3479
25,5200,133,4736,1370.7,1319.89,-10.4375,0.208945,-18.1563,-9.10424,-11.3782,-7.56874,-12.5744,-9.23839,-10.8779,-13.2628,-1.016,-16.5868,-10.8559,-12.5674,-10.3188,-10.4433,-10.4385,-11.7082,-7.7696,-9.79217,-16.8045,-52.0896,133,148,177,207,207,215,261,268,361,417,490,524,718,718,755,854,945,987,1464,1536,1627,1672,2592,2627,2689,2871,3218,3735,3969,4736
26,5400,66,7973,1464.87,1496.77,-12.4946,1.35186,-17.9283,-9.12383,-11.3685,-7.68106,-11.5295,-10.613,-10.531,-14.2948,-0.713621,-17.2006,-10.5864,-12.9009,-9.46657,-10.7358,-11.1122,-11.6852,-7.24333,-10.1207,-16.0693,-53.0141,66,246,287,293,346,346,436,446,518,697,925,968,1037,1072,1223,1226,1283,1332,1409,1541,1657,1674,1715,1923,2024,2140,2426,3191,3526,7973
27,5600,289,6069,1688.8,1475.46,-10.2409,1.72576,-18.6108,-8.75683,-12.3814,-7.70446,-11.689,-11.1608,-9.81983,-14.159,-0.390528,-16.542,-10.4494,-12.468,-9.40542,-11.461,-10.8483,-11.6793,-7.18692,-11.5401,-15.2821,-53.3472,289,353,480,484,588,682,700,849,890,919,937,965,965,969,1092,1172,1173,1399,1461,1542,1729,1883,2016,2221,2579,2841,3330,4262,5825,6069
28,5800,107,11040,2253.7,2333.08,-9.33563,2.4815,-18.9477,-8.74237,-11.7383,-9.1932,-10.2344,-11.4034,-9.54362,-13.5896,-0.272966,-18.5231,-9.03421,-13.0876,-9.6484,-10.8079,-11.853,-11.2929,-8.27425,-10.9631,-14.7903,-54.4746,107,385,397,400,421,691,863,868,982,1109,1226,1266,1281,1393,1538,1580,1647,1706,1815,1934,2017,2211,2852,3129,3326,4107,4543,5330,7447,11040
29,6000,75,7555,1823.3,1707.03,-8.15714,3.1368,-17.9572,-9.64406,-12.2694,-9.28074,-9.57835,-11.9464,-9.95316,-14.2037,-0.330938,-18.7775,-9.94539,-13.6071,-9.44562,-11.2855,-11.9827,-11.5582,-8.46521,-10.8663,-13.8258,-55.4255,75,100,341,375,412,501,504,506,586,699,704,730,833,1068,1087,1105,1378,1659,2147,2398,2402,2498,2748,2916,3057,3601,3655,4331,4728,7555
30,6200,169,8131,2606.63,1938.2,-7.61769,3.52522,-18.1983,-9.56328,-11.775,-8.20902,-9.97541,-12.8502,-9.43525,-14.0366,-0.147041,-19.3885,-9.68554,-14.4431,-8.97381,-11.6883,-11.956,-11.9722,-9.52365,-10.9531,-13.0533,-56.5878,169,343,351,512,608,741,944,1122,1262,1337,1492,1505,1613,1820,2230,2374,2731,2785,2889,2931,3090,4012,4012,4035,4234,4426,5196,5437,5867,8131
31,6400,318,13309,2858.53,2828.8,-6.61421,3.52334,-18.1888,-9.59468,-11.7224,-8.25378,-10.1492,-12.0648,-9.6137,-13.8359,0.262095,-19.0877,-9.71992,-13.8627,-9.21796,-11.6719,-13.6359,-12.1929,-9.41263,-11.1378,-12.4513,-57.3284,318,556,704,749,801,910,933,1127,1128,1271,1341,1351,1518,1903,1929,1983,2093,2286,2447,2475,2485,2891,3350,3514,5054,6179,6380,6503,8268,13309
32,6600,123,9820,2540.07,2376.51,-6.31561,3.47301,-18.9286,-10.0484,-10.7792,-8.95005,-9.73889,-11.9027,-10.9772,-14.2261,0.460445,-19.2535,-9.60456,-13.6728,-10.6497,-12.4191,-14.4082,-12.3357,-9.19214,-10.8323,-13.1,-57.6341,123,197,213,452,570,651,691,919,1042,1077,1087,1149,1338,1352,1361,1454,1846,1951,2297,2824,3351,3519,3785,4613,4640,4654,6224,6316,6686,9820
33,6800,182,9508,2056.07,1789.21,-6.12976,3.59862,-18.2006,-9.69972,-11.0685,-7.39607,-9.90318,-11.4587,-11.2539,-14.03,0.552779,-20.1248,-10.3454,-13.0024,-9.6307,-12.4445,-14.445,-12.7218,-8.77766,-10.9352,-13.5038,-59.7595,182,299,465,573,586,672,827,862,912,1019,1154,1320,1461,1534,1539,1582,2130,2155,2241,2368,2473,2538,2751,2796,2942,3264,3304,3751,4474,9508
34,7000,199,4744,1580.4,1321.9,-4.81437,3.03087,-20.217,-10.164,-11.1741,-8.01717,-9.37484,-12.5574,-11.5328,-14.6229,0.853384,-20.166,-11.5459,-14.5692,-9.33418,-11.7274,-14.677,-12.8757,-9.54036,-10.793,-13.0668,-60.9343,199,202,323,336,408,411,487,510,528,549,606,824,833,948,1110,1139,1256,1548,1690,1898,1901,1941,2175,2820,3221,3361,3374,3804,4266,4744
35,7200,427,13025,3145.37,2718.68,-4.01831,3.09204,-19.4551,-9.33451,-10.4996,-8.86273,-10.3115,-12.2919,-11.3972,-14.2381,0.998447,-20.1419,-11.6003,-14.9521,-10.3044,-10.7661,-13.2325,-12.755,-9.35765,-12.7127,-12.9082,-61.4147,427,666,740,939,1100,1171,1198,1266,1290,1371,1400,1508,1628,1748,1758,2147,2430,3143,3223,3804,3970,4274,4375,4671,5268,5703,5718,6778,7622,13025
36,7400,92,13344,2914.07,2888.81,-0.0520373,1.77545,-19.6677,-8.98536,-11.721,-8.70116,-10.8929,-11.5032,-11.1417,-14.7796,0.380162,-19.3379,-10.9008,-13.6861,-9.23411,-11.911,-13.9732,-12.4858,-10.1852,-12.5092,-12.8252,-62.3978,92,349,361,535,550,655,861,898,1067,1292,1338,1363,1509,1841,1897,2372,2481,2533,2561,2835,3044,3645,3699,4590,4877,5128,5935,7434,8336,13344
37,7600,77,13702,3095.7,3328.5,0.537849,1.68202,-18.45,-10.2368,-12.7558,-8.97855,-11.0335,-11.2121,-10.9989,-14.7233,0.0715899,-18.7155,-10.506,-13.6594,-10.0598,-11.885,-13.7722,-12.8174,-10.2837,-12.3371,-12.3387,-63.5416,77,117,153,307,340,358,420,536,552,696,859,1097,1201,1519,1883,2064,2657,2814,3310,3405,3614,3655,4840,4960,5648,6457,7869,8290,9471,13702
38,7800,239,12043,3196.93,3423.58,0.503472,1.97947,-18.3173,-9.41165,-12.8409,-9.00983,-10.8676,-11.4434,-11.315,-14.3204,-0.227964,-19.2623,-11.8986,-14.1487,-10.413,-11.1905,-12.7057,-12.665,-10.2332,-12.4243,-11.4828,-64.0397,239,250,321,589,612,820,927,1067,1118,1227,1406,1522,1584,1601,1671,1749,2253,2608,2647,3037,3550,3554,3780,3787,4554,4900,9912,11273,11307,12043
39,8000,196,13035,3851.97,3892.06,-0.421917,2.49531,-18.778,-8.05143,-13.4554,-9.63225,-11.3239,-10.7156,-10.7498,-14.4167,-0.0464109,-20.9317,-12.3232,-14.291,-10.9103,-10.5281,-12.7335,-12.3438,-11.0114,-12.7691,-10.992,-64.7677,196,236,318,379,424,464,571,760,1387,1563,1641,1712,1877,2002,2149,2164,2259,3126,3173,3284,3286,4265,7388,8161,9046,9373,9669,9686,11965,13035
40,8200,158,15600,3121.37,3563.01,-0.0615704,2.09771,-17.7412,-8.67712,-13.371,-10.1122,-11.4178,-10.4401,-10.7011,-14.1136,-0.393985,-21.2202,-12.1417,-14.8314,-11.4605,-11.72,-12.4779,-11.2673,-10.0946,-12.0115,-11.387,-65.5361,158,176,395,721,748,777,805,957,1015,1140,1142,1167,1415,1505,1754,1884,1978,2376,2483,2513,3472,3588,3595,4910,4936,5413,6684,8086,12248,15600
41,8400,288,10736,3701.83,3131.45,-1.79428,1.49254,-16.6218,-8.46066,-12.8501,-9.7396,-10.5557,-10.5993,-10.6405,-13.3257,-1.6877,-21.0109,-11.4552,-13.9865,-11.8879,-12.2012,-12.3714,-12.9746,-10.9474,-12.4198,-11.4476,-64.7026,288,325,538,612,716,1207,1227,1361,1485,1525,1561,1883,1994,2050,2371,2456,3397,3414,3613,3758,5517,5596,5803,5960,6318,6432,8414,9928,10570,10736
42,8600,105,10364,3276.53,2833.82,-3.14238,1.82354,-16.7813,-7.71779,-11.7182,-9.28051,-11.0712,-11.8182,-9.57811,-13.2729,-0.478353,-20.1287,-10.7966,-13.6215,-12.2407,-12.4417,-12.6745,-12.7667,-10.4079,-13.1842,-11.3838,-65.9029,105,179,422,512,584,620,724,1049,1115,1123,1327,1347,2155,2259,2357,2774,2828,3643,3655,3786,4030,4192,4472,5362,6439,6794,7069,7544,9466,10364
43,8800,520,11337,3746.47,3176.72,-4.35989,2.7788,-16.8858,-8.19334,-12.735,-7.94499,-10.8414,-10.9532,-9.60388,-12.9598,0.10449,-20.9221,-11.4017,-13.6399,-12.8123,-13.1247,-12.7154,-13.2505,-10.9018,-13.9799,-11.419,-66.1026,520,606,638,811,812,982,1323,1575,1852,1893,1965,2137,2208,2349,2424,2428,2537,2686,3096,3803,4250,4917,5381,5436,7654,7982,8204,10111,10477,11337
44,9000,214,20715,4577.97,4545.61,-4.13089,3.13096,-16.4287,-7.87339,-12.4459,-7.94072,-10.1281,-10.6152,-9.97292,-14.4066,-0.190068,-21.1905,-11.6513,-13.5339,-13.6366,-12.7688,-13.3271,-13.1479,-11.0505,-14.1748,-11.6397,-68.0379,214,267,434,582,880,1048,1112,1230,1580,1979,2419,2491,2724,2836,2866,3304,3544,3621,3937,4186,5717,5901,6453,7076,7383,8579,10439,10970,12852,20715
45,9200,269,12461,3697.23,3168.41,-3.7594,3.759,-16.1137,-7.70837,-12.7422,-7.98832,-10.3393,-10.2732,-9.69429,-14.5583,0.35787,-20.1882,-12.2523,-13.0108,-13.276,-12.6849,-12.7521,-13.1256,-10.647,-14.157,-12.7488,-68.6247,269,412,502,835,1060,1110,1325,1331,1530,1586,1688,1701,1836,1891,2247,2319,2461,2885,4042,4677,4842,5217,5951,6086,7035,7043,8458,8592,9525,12461
46,9400,398,17985,4162.27,3724.45,-5.19038,2.02816,-15.5161,-7.8198,-12.4104,-8.02639,-10.7815,-9.3048,-9.70939,-14.1376,0.617055,-19.678,-11.8523,-13.5382,-13.3386,-12.9673,-13.5695,-13.2789,-10.9905,-14.9263,-12.2282,-69.8226,398,787,820,937,1099,1111,1139,1161,1697,2043,2201,2341,2682,2781,2814,2854,3118,4011,4429,4741,4806,5242,5536,6716,6722,7372,8837,9199,9289,17985
47,9600,73,13424,3917.9,3614.88,-6.23408,2.35673,-15.0947,-6.49982,-11.3734,-7.7475,-9.86259,-10.2349,-9.48187,-14.1961,1.00436,-18.9588,-11.0553,-13.7244,-12.5959,-12.6134,-12.97,-13.5891,-10.8138,-15.7329,-11.5559,-70.9808,73,97,227,233,425,593,974,1509,1696,1859,1937,2280,2519,2561,2677,2688,2916,3035,3583,4453,4570,4858,5563,5985,6167,9960,9982,10044,10649,13424
48,9800,472,28089,5157.77,5640.36,-7.05117,1.43163,-15.3635,-5.86361,-10.7247,-7.38083,-10.0645,-10.192,-8.86013,-14.0083,1.13803,-19.0028,-11.496,-14.0951,-12.4406,-13.2799,-12.9751,-13.5873,-11.3659,-15.8417,-11.2188,-73.3191,472,531,631,809,1086,1105,1140,1172,1318,1799,1822,1849,2272,3048,3385,4203,4999,5050,5197,5501,5602,5917,6434,8012,8915,8927,9010,12915,13523,28089
49,10000,184,33151,11696.9,9827,-7.20883,1.98879,-15.4794,-6.18159,-10.9323,-6.78435,-9.53964,-9.66155,-8.61165,-13.8593,2.57571,-20.1104,-11.3356,-14.53,-12.3111,-13.5308,-13.715,-13.8352,-10.755,-16.8592,-10.2757,-75.0122,184,466,718,1413,1761,2014,2328,2776,3743,3861,6706,6808,7626,7829,8873,9940,11176,11391,13136,13474,15904,16664,16937,20121,22514,23706,25730,28186,31770,33151
50,10200,155,29001,7192.73,7436.1,-6.97063,2.48976,-15.2805,-5.62324,-10.5047,-5.8359,-9.66762,-8.09039,-8.26715,-14.7799,3.31498,-19.6368,-11.3571,-14.8218,-12.8608,-14.3574,-14.0241,-13.7181,-10.5851,-15.9749,-10.536,-75.564,155,162,310,562,849,907,954,956,1116,1464,1475,1935,2321,2591,3992,4067,6056,7185,8589,8896,9167,11743,12227,14493,16214,16684,16701,16746,18264,29001
51,10400,573,17522,7063.27,5703.14,-6.38135,3.13269,-14.9917,-3.69539,-10.4453,-5.84935,-8.39297,-8.56784,-8.094,-14.393,3.40853,-19.2359,-11.0248,-14.6419,-12.8464,-15.1804,-14.2899,-13.6848,-10.6684,-15.598,-10.066,-76.5467,573,687,772,917,996,1797,1806,2140,2349,2618,3497,3567,3682,4270,4699,5475,5600,6588,7890,10596,10896,10960,11755,12242,14301,15113,15292,16400,16898,17522
52,10600,82,45792,11857.5,11289.7,-6.82093,4.09495,-15.818,-3.67983,-11.1962,-5.9857,-8.38255,-7.94922,-6.9605,-13.1319,3.61027,-19.4346,-11.8078,-14.9603,-13.8413,-14.4153,-15.3754,-14.1037,-12.0374,-16.5889,-9.77119,-77.6808,82,252,671,1193,1407,1859,1897,2373,2595,3229,4054,4642,5426,7969,8765,11960,12704,12801,13321,13779,15592,16721,16810,17518,18849,25578,25674,27624,34587,45792
53,10800,350,73926,13265.1,15521.2,-7.75828,5.79194,-14.6091,-4.03062,-10.3484,-6.5188,-7.31053,-7.32747,-7.75474,-13.4661,4.69463,-19.0947,-11.8016,-15.9258,-14.3837,-14.3322,-15.2793,-14.7915,-11.9953,-17.5783,-9.36855,-78.2193,350,2020,2247,3601,4457,4470,4505,4886,4989,5071,5233,5285,5433,5900,7249,7561,9057,9275,9879,10303,10774,12503,15047,16672,23961,24803,26205,39842,42450,73926
54,11000,1563,71439,15439.6,13951.4,-8.40941,6.61318,-14.193,-3.08459,-9.85706,-5.68986,-7.07342,-6.20174,-7.58248,-12.9438,5.25884,-20.3094,-11.9054,-16.5991,-13.8072,-14.3008,-15.9752,-14.2836,-12.3839,-18.0314,-9.2831,-80.4755,1563,1761,2312,3060,4077,4204,4609,5379,5944,7292,7986,10273,10704,12962,13286,13299,13331,15156,16139,16370,17728,17997,19723,23473,23868,26882,27197,29111,36062,71439
55,11200,609,125129,25520.4,29129.5,-7.7715,6.80913,-14.6202,-2.57728,-8.55869,-5.17771,-5.93242,-6.28241,-6.60936,-13.0077,6.4551,-21.3467,-11.3759,-16.2329,-12.9301,-14.9674,-15.281,-14.2834,-12.0146,-17.8463,-9.20323,-82.5592,609,1199,1872,2264,2549,3046,4247,4945,5881,8576,8872,9194,9231,15439,16753,17302,17436,17875,21619,23105,24246,27347,30894,37053,55534,57541,68541,71036,76278,125129
56,11400,548,70046,17968.9,18443.6,-5.68324,6.46884,-15.4873,-2.77452,-7.89749,-5.27336,-5.05515,-6.9498,-6.48503,-13.8021,6.52973,-21.5849,-12.0532,-16.0593,-13.8652,-14.8961,-15.2475,-14.3414,-11.1788,-17.9365,-9.40925,-83.7132,548,1977,2086,2268,2820,3157,3370,3489,4362,5264,5317,6233,7708,8431,11255,11699,13158,14540,15578,16943,19144,23610,28877,30897,34055,42611,47028,49695,52900,70046
57,11600,1422,99692,28617.3,24334,-6.90168,6.93881,-13.9595,-2.07127,-7.40975,-5.7756,-4.0233,-7.39113,-5.86863,-13.0334,6.79807,-22.5338,-11.0772,-16.7766,-13.3783,-16.1712,-15.1783,-14.3397,-11.5134,-17.9807,-8.56856,-84.8439,1422,2170,3367,4347,4636,7114,8925,9299,11456,13204,13440,14821,15645,18704,23285,27492,28001,29489,30008,30443,33612,35469,41056,42980,50779,53066,57396,72204,74998,99692
58,11800,1580,84381,25650.3,22576.4,-5.80311,8.29346,-14.3895,-2.21103,-6.07599,-5.82151,-3.57778,-6.20061,-4.59269,-13.7761,7.03734,-23.0507,-10.6456,-15.9446,-12.6231,-16.7456,-15.9824,-14.0085,-10.8282,-19.0316,-9.83275,-86.4584,1580,2834,3176,3267,3869,3909,4693,7994,8957,12021,12564,14260,15098,17318,17740,18099,21130,21688,24080,24600,33785,36192,37731,46658,47829,51322,60772,62807,69154,84381
59,12000,1906,110418,27730.5,26116,-6.40979,8.14681,-14.0155,-2.48102,-5.36639,-6.51818,-3.66527,-5.9731,-3.6275,-13.5598,6.98713,-23.0688,-11.3877,-15.4517,-13.6329,-17.9048,-15.9187,-14.7623,-11.0668,-19.5623,-9.15398,-86.2636,1906,4762,5096,5838,6801,8310,8379,9580,9628,11606,12756,12926,17324,20374,20465,21075,22565,23732,24305,27326,29576,31873,32500,34123,38089,50990,74628,75310,79654,110418
60,12200,2199,131280,32867,28684.7,-4.05439,8.32782,-13.8605,-2.31106,-4.41288,-6.45288,-3.63481,-6.81904,-3.92457,-13.0551,7.21669,-23.2709,-11.466,-16.059,-14.4783,-18.5105,-15.3856,-14.0201,-11.6805,-19.2494,-10.129,-87.4387,2199,2256,4870,5840,8570,9578,10035,10234,10264,11193,12021,14408,15303,23672,30706,30798,33254,37435,38095,39164,45656,48009,48276,49769,51668,53740,55074,62224,90420,131280
61,12400,135,86206,24557.2,22804.1,-3.00917,8.548,-14.4987,-1.77834,-5.13651,-6.16018,-3.23874,-6.19205,-3.43731,-13.0456,7.85092,-22.3248,-11.5139,-15.485,-14.0872,-18.9038,-17.0416,-14.3223,-12.1989,-19.357,-9.94662,-88.4274,135,871,1276,3263,4502,5932,7533,8149,8595,12153,12283,13060,13766,17239,17481,18497,20376,24482,24801,25403,28154,28250,30618,33870,40532,41179,63696,65200,79214,86206
62,12600,1653,159807,44460.5,39031.6,-1.5275,9.02936,-13.953,-1.52664,-4.56985,-5.22574,-3.1629,-6.49552,-3.11083,-11.7829,8.53209,-22.2435,-12.2113,-16.0867,-14.2215,-18.8853,-16.8438,-14.7348,-12.0227,-19.9547,-9.73391,-88.4465,1653,2472,5558,7110,9449,11046,11251,11516,12403,17828,19271,20257,24831,27907,29541,30261,37757,51365,54206,57348,59234,60107,69429,79471,81179,82401,84411,86947,127800,159807
63,12800,2000,171834,44796.1,40737,-1.60384,9.28392,-12.9476,-1.48002,-4.58619,-4.17236,-3.22038,-6.33463,-2.36897,-11.6009,8.59568,-23.3526,-11.8974,-17.0318,-14.6583,-18.9166,-16.8455,-16.9345,-11.4462,-20.5192,-10.8395,-88.3365,2000,2180,2444,3150,7628,8180,8318,14779,21688,21774,26402,27064,28398,32965,39335,39878,40722,41076,41087,46124,50560,51460,52760,61432,68076,92804,99797,115755,124213,171834
64,13000,360,224623,56359.5,68035.5,-2.27786,9.19868,-12.9668,-1.37931,-4.88953,-3.00343,-2.52131,-6.22308,-2.25892,-12.0704,9.3661,-23.8656,-11.1063,-18.0328,-15.5314,-17.5627,-17.6382,-17.6372,-11.4658,-20.1053,-11.0793,-88.8325,360,3839,4077,5329,5730,7395,9507,9628,10861,12091,12288,14241,22404,27502,31141,31254,34675,40376,41658,42241,42347,55594,60737,100949,109361,131160,176249,207077,216092,224623
65,13200,5884,302567,74481,67397.6,-5.49528,9.81701,-12.1861,-1.23971,-4.24668,-2.80192,-3.04801,-6.29442,-1.66069,-11.1068,8.93688,-23.6336,-12.7661,-17.7746,-15.252,-17.2945,-16.8281,-17.7306,-12.3911,-20.4992,-10.9621,-89.3179,5884,7790,9167,10980,16837,20626,22935,25797,30388,31637,33860,34158,34361,36322,46962,55464,60893,68761,83587,84349,103589,105779,114671,124717,126539,135147,146245,157778,196640,302567
66,13400,851,131058,53217,37099.4,-4.91494,11.2133,-12.3276,-1.07679,-3.79284,-2.00751,-3.29827,-6.13948,-0.441185,-10.9153,9.08385,-21.832,-13.4966,-18.3577,-15.3593,-17.9548,-17.0731,-17.681,-13.1247,-20.5457,-11.1314,-90.3887,851,1275,2337,6028,6719,10991,12690,19451,23238,39428,40088,45877,47808,47981,51373,51413,51448,58335,59026,61516,64024,81990,86102,86695,89668,94845,100134,108411,115711,131058
67,13600,701,449616,97624.3,100541,-5.18687,11.6373,-11.7513,-2.16246,-3.97644,-2.31869,-3.21448,-5.72885,-0.561659,-10.1515,9.57744,-21.9032,-12.2677,-19.5909,-15.5132,-18.4119,-16.1962,-18.1226,-13.8481,-19.9893,-10.7513,-91.8174,701,1934,2114,2354,6229,7026,16904,21879,29666,30213,37907,51346,56219,60116,68217,73084,88012,92579,107056,107238,124436,125500,130328,152886,162120,197662,209046,248784,267557,449616
68,13800,837,223663,63531.2,51643.5,-4.44917,10.9757,-11.8144,-2.78097,-4.90744,-2.49918,-2.65931,-6.03606,-1.10653,-8.83317,10.1841,-23.0097,-12.5534,-19.6731,-16.0551,-18.4111,-16.1069,-17.8775,-13.8622,-20.1776,-11.6726,-93.3977,837,5390,9246,10991,13827,20879,24795,35048,37948,40600,40799,40993,42678,46018,48767,50162,55144,56243,66601,67051,76436,77796,84004,88877,92236,92409,121204,151865,183429,223663
69,14000,13384,489422,115354,125338,-5.95813,11.2503,-12.029,-2.32557,-4.56645,-2.37941,-3.0605,-6.01351,-1.83982,-9.12485,11.3132,-22.2975,-12.5344,-20.6551,-16.0673,-18.2388,-15.8499,-18.0846,-12.9456,-20.7149,-11.5103,-93.5454,13384,13893,14025,23783,24764,27995,29693,30108,33116,33998,36975,45679,48667,55180,63114,76452,83799,94849,102478,106660,106811,112087,117441,168488,168864,264915,316847,368044,389075,489422
70,14200,31,320988,70027.3,80600.4,-6.20175,11.5035,-10.8521,-2.63457,-4.33155,-2.0705,-3.19192,-4.86606,-0.655684,-8.9692,11.3269,-23.7222,-12.5415,-19.846,-16.0249,-17.4009,-16.1815,-18.4372,-14.3661,-21.1764,-11.3492,-95.8067,31,484,4213,5847,11111,11628,13201,13806,15206,19576,26669,26997,28286,35055,48337,49194,49451,56377,61427,77624,84400,87541,88351,117624,125986,131274,134222,138341,317573,320988
71,14400,1215,733240,113059,144626,-7.60331,11.9904,-10.3604,-2.91666,-4.58944,-1.4156,-2.0271,-4.58736,-1.78872,-9.688,11.9772,-24.2892,-12.5924,-19.8451,-16.6247,-18.0472,-16.7445,-18.8626,-14.2747,-21.7062,-11.1657,-95.5036,1215,1361,1661,6638,11873,15036,15816,18902,20195,26554,33188,38581,39445,44425,44668,61124,94859,112846,145931,146405,147882,150647,155925,160863,190851,201838,228516,229874,311424,733240
72,14600,719,307363,85910,88777.9,-7.42902,11.9721,-9.92302,-2.59503,-4.39069,-1.48325,-2.43469,-3.23742,-0.673477,-9.35494,11.2427,-25.0672,-12.3538,-20.6733,-16.6789,-19.4363,-16.9097,-19.3967,-14.1612,-20.1543,-10.6004,-96.077,719,3335,3559,10219,10874,12289,13657,14203,24618,24800,27571,31365,33108,41185,42094,42974,51901,88179,92794,95498,99764,126680,132879,148688,163653,164209,247345,248084,273693,307363
73,14800,6007,763529,137113,152817,-8.51927,11.4027,-9.17493,-2.05403,-5.68386,-1.58445,-3.0122,-3.55603,-0.992254,-9.62722,11.2532,-25.9339,-13.1168,-20.9169,-17.2587,-20.3847,-16.9447,-19.338,-13.5641,-20.281,-10.0233,-97.0527,6007,9681,18660,24027,35270,37355,43863,44238,44695,52424,60428,77476,80753,87141,90071,96873,98150,100046,103514,111628,162173,165312,187392,197399,199849,237829,241599,303149,432867,763529
74,15000,916,344563,83161.9,93556.9,-10.1238,11.3517,-8.85057,-1.03208,-4.61488,-1.24705,-3.09655,-4.39719,-0.468735,-10.3026,11.2528,-25.0158,-11.9778,-21.0332,-16.9595,-19.5828,-17.0557,-20.2414,-13.5736,-19.8368,-10.6981,-97.2695,916,3734,6535,6593,7195,10568,16103,23236,23327,25199,25224,27587,29390,32838,46955,49133,49399,50686,69905,83702,88976,90468,102696,127776,160700,223808,248536,252925,266185,344563
75,15200,2757,302659,96421.5,77993.8,-8.82829,11.7713,-9.69472,-1.63444,-4.86542,-2.055,-4.6003,-4.78665,-0.37996,-11.5704,11.4617,-24.7632,-12.6286,-21.2751,-16.7007,-19.2136,-17.5707,-21.0252,-14.599,-20.8548,-10.9381,-96.13,2757,8730,16793,21597,24946,26441,32219,35152,38709,39035,44340,49426,67930,70317,82223,87017,88411,91498,95518,100835,118338,128724,128789,147526,165770,168335,223357,234738,250516,302659
76,15400,1325,450222,122912,100967,-7.59258,10.4773,-9.59699,-1.18345,-4.84551,-1.64164,-3.97346,-4.53993,-0.696516,-11.311,11.0763,-25.6029,-13.6788,-21.1734,-17.4859,-19.2472,-18.2692,-21.1879,-14.0903,-21.6293,-11.296,-96.6195,1325,5074,10128,21540,27594,28232,32857,53060,62845,70233,73696,74952,84562,89285,92233,98089,107697,116985,133289,148901,154884,172067,179721,182397,193228,207056,250742,273562,290905,450222
77,15600,2374,337212,71987.7,77883,-8.57224,11.4456,-10.1242,-0.555716,-4.91962,-1.24798,-3.70501,-5.25304,-0.6114,-10.59,10.8049,-25.4446,-13.9661,-21.4505,-16.4622,-19.0896,-17.5714,-20.6742,-13.9286,-21.349,-12.0615,-99.1704,2374,3071,5894,7925,14113,17848,21298,23908,26835,29147,29688,29984,30141,32161,44148,48134,54869,56535,58123,59927,76191,79008,91657,96949,124766,149322,168235,206238,233929,337212
78,15800,2360,446009,97223.8,103583,-12.3829,11.9589,-10.989,-0.282371,-5.07157,-1.93171,-4.03099,-6.35732,-0.375384,-10.9955,11.5812,-25.3524,-13.9035,-20.9369,-16.3472,-19.2229,-18.5866,-21.1011,-14.486,-22.0973,-11.3617,-99.8584,2360,6846,14208,15207,17840,22630,27386,28698,29349,30826,30975,51864,56327,56650,63215,68841,73216,73330,76251,94795,108184,116133,119439,135328,183847,184047,199152,216701,367061,446009
79,16000,15177,538232,197156,121026,-14.3403,12.7192,-11.521,0.363713,-4.62133,-2.02926,-2.89343,-5.55595,-0.101633,-11.2106,13.0737,-25.609,-13.7948,-20.4352,-16.258,-20.3716,-17.5584,-22.4615,-13.9542,-22.3211,-11.4953,-100.446,15177,34064,34994,60094,78503,112276,117045,125971,140002,141122,152012,155745,156613,157404,161101,184857,189059,195821,197057,217549,218065,218973,248101,266630,272808,319262,383024,404444,418674,538232
80,16200,2006,307137,95247.5,87720.1,-16.297,12.0797,-10.733,-0.261932,-4.4815,-1.55943,-3.07229,-5.80531,0.80688,-10.7122,12.4544,-24.6995,-14.46,-20.0088,-16.5523,-21.1259,-16.8785,-21.7187,-14.0947,-22.6556,-11.0189,-99.7274,2006,2235,7917,8027,15036,16097,18120,22219,23793,34107,38290,43188,50942,61651,71768,78926,82768,89867,102729,112977,114089,128480,138197,142617,161751,211494,243612,254021,273363,307137
81,16400,7673,504108,111975,121330,-16.9025,12.2639,-10.832,-0.486447,-4.46535,-2.83692,-3.30397,-6.18991,-0.359289,-9.87584,12.7877,-23.7991,-15.1042,-19.8869,-15.9773,-21.1825,-16.9538,-21.7526,-13.6809,-23.5132,-11.2963,-100.719,7673,10270,12052,12895,16125,22659,24755,26883,32361,39365,41636,45585,47208,56310,62434,67651,69671,70182,97850,100227,117728,117958,170371,198337,201517,242079,268053,310749,364562,504108
82,16600,3573,282731,86260.4,75007.7,-18.5516,12.5133,-10.5057,0.0423632,-4.04729,-2.44229,-2.19548,-7.12511,0.281013,-9.16932,12.5918,-24.3822,-14.7673,-19.2651,-17.0305,-20.7682,-16.5272,-21.5563,-13.6003,-24.4317,-11.4979,-102.241,3573,8729,16179,16470,19411,22387,23306,30429,31409,32894,53694,61579,63552,64151,67839,70315,71072,72015,72775,74081,99780,100684,102823,127127,129898,183681,193279,235736,256213,282731
83,16800,1514,438188,103374,101049,-19.0946,13.662,-11.1281,0.781646,-5.23473,-2.50462,-1.29289,-6.55522,0.807823,-9.2552,13.0682,-25.2171,-15.3603,-19.5156,-17.4892,-19.9033,-16.1071,-21.1654,-13.0395,-24.0863,-11.1033,-101.622,1514,4396,7238,8784,9224,16313,17034,18618,21486,23879,27248,29973,40315,56226,75304,78291,110029,124887,131878,133384,158330,158618,162168,169462,195178,197971,208213,209148,267920,438188
84,17000,619,649388,135887,134112,-19.404,13.7535,-11.2832,0.104494,-5.32234,-2.09292,-1.09486,-5.85224,0.118112,-9.96742,13.5307,-25.7205,-15.6573,-19.7381,-17.902,-20.42,-16.3264,-20.7029,-13.4587,-24.7106,-10.9919,-101.883,619,2082,4380,10319,22220,24935,44623,48794,49062,53863,59450,78937,90562,96938,100180,116668,127362,133549,135418,145683,146747,187086,193203,194452,225082,229525,254857,267559,383059,649388
85,17200,1513,537140,107499,122518,-17.7588,13.4982,-11.4972,-0.50957,-5.12553,-2.95749,-1.27474,-6.17353,-0.123672,-10.2466,12.6287,-26.2644,-15.5854,-19.9704,-18.4178,-20.6672,-16.0271,-20.5834,-13.7701,-24.5581,-11.5009,-101.76,1513,9081,10455,16387,18579,19045,21256,27634,31960,32051,32793,37051,38070,48489,58675,65706,71007,72268,90414,100781,104195,146971,165091,176855,197735,215896,235936,257589,384336,537140
86,17400,2502,351045,141105,104802,-17.8702,14.046,-11.6352,0.0332086,-4.19443,-3.73364,-1.49514,-6.24724,-0.884939,-10.5816,12.8858,-27.1884,-15.8875,-19.606,-17.6474,-20.8967,-14.9745,-20.306,-12.8266,-24.7444,-11.5454,-102.141,2502,6860,12392,29374,35054,43730,49839,55223,66787,67025,69039,77248,93432,95030,110541,116265,131612,137427,146043,185777,214219,222024,230700,248112,259073,261431,279541,286851,348963,351045
87,17600,2320,299994,78690.6,79602.2,-19.0752,14.1777,-12.2071,0.51561,-3.56095,-4.06599,-1.07283,-6.67007,-0.193524,-11.3676,12.6167,-28.3897,-15.2948,-20.0074,-18.4038,-21.3182,-15.415,-20.3871,-13.7649,-24.9082,-12.4401,-104.553,2320,3781,3833,5748,14190,16684,19866,20615,25168,29330,30852,38180,39716,43646,56142,58676,63491,81726,82292,82347,82961,86101,88319,104428,107363,169966,200970,243780,258232,299994
88,17800,2301,524518,98323.9,103736,-20.1898,14.0742,-13.1325,0.875525,-3.99878,-5.0998,-2.04686,-6.81024,-0.713656,-11.2145,13.1028,-27.3248,-14.7698,-20.6218,-17.9575,-20.1235,-15.934,-21.9082,-13.8091,-25.0591,-11.7461,-104.562,2301,14436,16565,18871,20933,23950,31645,34304,35146,38143,44041,44387,44583,46245,62924,67714,90907,92856,98846,106239,119228,120365,131794,135285,164141,169184,173550,205984,270632,524518
89,18000,8132,323532,113467,85699.3,-20.3931,13.9564,-12.496,0.246483,-3.90619,-4.71827,-1.69634,-7.21529,1.45342,-11.8775,13.1555,-27.6965,-15.077,-20.7419,-17.6714,-20.3665,-16.1902,-21.1332,-13.9856,-24.4806,-12.298,-104.193,8132,12747,13094,19372,20139,22160,23147,44970,60237,68233,71072,71620,72706,82123,85540,85837,105923,110667,122906,125795,155799,172763,184977,186378,200592,232863,232909,242535,245240,323532
90,18200,1822,331439,102573,90526.5,-21.7656,13.7765,-12.4252,0.0813086,-3.40226,-3.96983,-0.699621,-7.58265,0.342232,-10.9374,13.1953,-28.1365,-14.4242,-20.7924,-18.4455,-20.9284,-16.8201,-20.7365,-15.0113,-24.1744,-11.5982,-105.592,1822,3989,6175,8094,15068,20851,22997,25863,45626,48108,48361,53539,62339,65375,71977,73955,91814,96893,104104,116628,139350,149571,155700,157769,160377,214260,239101,241553,304506,331439
91,18400,1276,438109,128299,129417,-23.736,14.5443,-12.1523,-0.449264,-4.20064,-4.39366,-0.580416,-7.09249,-0.0698492,-11.1624,13.1794,-27.573,-15.0152,-21.0045,-18.485,-20.8712,-16.5674,-20.6308,-14.8951,-24.8316,-11.5985,-107.096,1276,4388,7253,13660,14382,19783,29105,32764,34509,37120,38539,39325,44037,60850,67076,81329,104352,111762,112937,134528,156814,157668,217846,249503,265564,299204,330965,337009,407317,438109
92,18600,1306,600809,132624,141401,-25.4234,13.917,-12.4078,0.275329,-4.36097,-4.73471,-0.367116,-7.28305,-0.664255,-10.6405,13.179,-27.0486,-15.6709,-21.9222,-18.4197,-21.2544,-17.2157,-20.7725,-13.8443,-25.0444,-11.1513,-107.524,1306,4163,8126,16935,18184,23260,31915,33753,34933,37538,39130,47027,48503,53611,78602,115055,115814,117613,117935,131966,133760,184357,186098,212622,256625,276056,279331,351940,421764,600809
93,18800,24,296109,96296.8,86715,-26.0048,14.4469,-13.046,0.130446,-5.01099,-4.22425,0.184169,-5.98263,-0.701146,-10.4381,12.8842,-26.842,-15.3933,-22.6341,-18.3712,-22.1135,-17.0795,-21.1893,-14.3593,-24.6524,-11.1697,-107.989,24,3270,5459,8403,13685,21208,21624,23905,26544,34658,37753,41354,58421,67324,71392,76258,85547,87996,88331,124478,125164,126777,127800,160964,184075,224454,231352,243661,270913,296109
94,19000,14003,534017,102712,116142,-26.746,15.0641,-13.3869,1.35349,-5.84183,-4.21278,1.06857,-6.51398,-1.18658,-11.1167,12.9,-26.9874,-15.1947,-22.6351,-19.0301,-22.386,-16.1548,-21.3554,-14.9781,-25.104,-10.9295,-108.122,14003,19299,22222,23101,23591,27709,31458,39318,39610,43876,46133,46978,47933,49518,50147,52293,73201,78946,83447,83489,97024,105811,124266,130363,132422,198736,227754,245538,389171,534017
95,19200,1292,475611,121810,102907,-23.8176,15.6401,-13.7097,0.650497,-5.29466,-3.56705,0.681287,-6.62999,-1.38304,-10.8323,13.4406,-27.0695,-16.4018,-22.6203,-19.4304,-22.1141,-16.0777,-21.7875,-14.6805,-25.5891,-10.6529,-109.734,1292,1462,5986,21048,30669,31780,40554,48277,56522,59255,66337,71922,84380,90016,96193,100953,107388,115074,118611,121770,156420,164983,185712,216089,227392,230000,232106,234160,262345,475611
96,19400,1416,312284,98890.8,87616.4,-22.7564,15.7761,-14.4021,0.0497385,-6.49705,-2.85181,0.543872,-7.00054,-1.96308,-11.5039,13.3333,-27.4141,-16.8793,-22.8247,-19.0463,-22.4266,-16.2184,-21.0401,-13.8413,-26.5573,-10.372,-110.396,1416,5536,6073,23501,24696,24892,33730,38553,40340,41888,42392,43142,45398,56006,65403,72792,75550,108815,111840,114116,114531,119001,134830,140608,166736,201600,241394,263087,296575,312284
97,19600,7871,689564,126436,162763,-23.858,15.9249,-14.2549,-0.726732,-6.97101,-3.28215,-0.524563,-6.60916,-1.64646,-11.8554,13.5055,-27.3861,-16.9947,-22.2309,-19.254,-22.6629,-16.4054,-20.6007,-14.1805,-26.7531,-10.3196,-109.799,7871,8859,8904,10303,13767,13832,13933,14791,16954,18312,23263,23936,28937,31360,43913,66991,70832,78014,94208,95816,131938,145251,202320,231168,283445,309425,326411,341920,446857,689564
98,19800,3146,513101,89801.9,111573,-21.9327,15.2521,-13.629,-1.01589,-7.39183,-2.97373,-0.685733,-7.32575,-0.404898,-11.0819,13.1112,-26.8133,-16.3865,-22.6511,-19.3906,-22.6661,-17.2678,-21.2997,-14.6108,-28.0757,-10.3783,-109.473,3146,3971,5143,5254,5400,6435,8467,10745,13522,14627,22240,34980,38048,42936,48094,54740,62096,78342,92726,93173,96409,114038,128197,131778,170578,184985,186586,192643,331658,513101
99,20000,621,280715,86305.9,79287.4,-21.4207,15.5816,-14.0068,-1.31729,-7.42383,-3.68007,-0.991251,-6.17923,-0.876249,-12.3947,13.4691,-26.8921,-16.071,-22.0401,-18.7089,-22.8322,-17.4717,-22.4783,-14.6515,-27.4652,-10.8661,-108.548,621,3268,14842,14915,15387,17364,20365,24836,27995,28464,39126,45144,46971,53150,54220,66709,68067,72251,88097,97797,108413,109970,112405,142815,148959,172227,210095,239505,264483,280715
100,20200,1524,584399,118687,141604,-22.2022,16.1862,-14.332,-0.767521,-8.13081,-3.40975,-1.30093,-5.77373,-0.869238,-12.9131,12.9712,-27.6403,-16.5322,-22.1374,-18.9394,-22.9577,-17.8887,-20.8259,-14.6204,-27.1906,-10.7591,-110.165,1524,3313,11836,14787,23226,23519,23863,28191,32815,34906,37419,45710,62814,63168,66371,69708,80525,91063,102090,122578,131476,150801,157041,162722,182004,190881,218440,294418,549011,584399
101,20400,2803,540518,106653,112660,-22.1785,16.0377,-14.7246,-1.36434,-8.02321,-2.68836,-1.00178,-4.51582,-1.34299,-13.3035,12.107,-28.3427,-16.9429,-23.3002,-19.4648,-23.2831,-17.8888,-20.5515,-15.4366,-26.6129,-9.79317,-110.205,2803,3038,4915,15757,16884,20373,24253,25773,35848,46704,48480,53772,59037,59837,67588,74681,80430,102124,107491,118121,118901,130864,138813,163822,167345,186337,243421,254263,287399,540518
102,20600,231,278781,89639.8,74594,-21.3794,15.8401,-14.5365,-1.23235,-6.92876,-1.68701,-2.08893,-3.9626,-1.29761,-13.5081,12.4825,-28.2351,-17.6996,-22.6506,-19.589,-22.6455,-18.5156,-20.9522,-13.8986,-27.3298,-11.3113,-110.422,231,2075,16490,20481,21358,22173,23157,24169,41360,44020,52498,53766,55785,56285,56336,62343,64948,68440,85371,118473,120835,136322,138522,139276,159218,180369,203979,214921,227211,278781
103,20800,1610,382927,80890.3,82140.8,-20.6461,15.4039,-14.3519,-1.20306,-6.63277,-2.33246,-2.17913,-4.21344,-1.16618,-13.4659,13.1347,-28.7902,-17.5804,-24.4168,-18.1961,-22.8435,-17.4612,-22.3172,-13.8786,-27.0965,-10.9882,-111.161,1610,1912,8183,12384,14549,20519,22576,25167,25655,26941,31032,32335,37749,38307,53185,64710,70155,74189,83503,84107,100316,101483,111180,112624,155157,157124,180771,189308,207050,382927
104,21000,3430,857557,148840,165470,-20.9383,15.9264,-13.8725,-0.815195,-6.60797,-2.45184,-2.32417,-5.67163,-1.17249,-12.8012,13.8729,-29.1114,-17.086,-23.7177,-18.1462,-23.1609,-18.4409,-22.2763,-13.8607,-27.8325,-10.5481,-111.962,3430,4322,6762,11992,28519,29826,32594,39360,48086,53239,54889,63435,71688,90014,99952,115738,124760,137918,180451,184785,187769,190706,218402,233606,242676,261799,269364,283120,338437,857557
105,21200,1498,312514,91015.5,96979.9,-21.9127,15.2612,-14.4642,0.511383,-5.7313,-2.15603,-2.38058,-5.328,-2.42941,-13.5294,13.7456,-29.2992,-17.568,-23.2483,-18.7571,-22.6375,-17.8738,-22.0083,-14.0001,-28.021,-11.1413,-111.765,1498,1708,2218,3981,6726,10175,14048,19779,19909,29234,31685,32603,38980,42520,59286,59354,73038,79574,88738,91598,96253,99807,114759,128228,187542,231239,260683,289909,302879,312514
106,21400,2514,258384,77137.6,66755.1,-21.9062,15.4081,-14.0759,0.312557,-5.66855,-2.0483,-2.27997,-5.81857,-2.42254,-13.4549,12.6956,-29.0532,-17.2092,-23.385,-18.4882,-23.1452,-18.5947,-22.4144,-14.7752,-27.6095,-12.2353,-113.777,2514,5740,6627,12833,19726,23318,26933,30070,31453,31537,31657,39623,52052,52784,53841,60885,63167,72059,74925,84848,94910,98023,116610,122126,128775,136033,143853,206793,232030,258384
107,21600,1535,413356,132264,120419,-25.4331,16.4985,-14.4358,0.600552,-5.60201,-2.25471,-2.47313,-6.02462,-2.34817,-12.4947,13.2884,-28.9412,-17.6356,-23.2207,-18.7928,-23.0649,-18.9082,-22.7588,-15.4237,-26.9583,-11.7392,-114.6,1535,5315,12473,15607,18308,18398,24896,26256,35502,53385,54570,68056,74534,97239,101873,111817,120469,128626,142473,152437,166729,168742,169601,200757,214502,286900,337861,341198,404507,413356
108,21800,173,377888,103387,110107,-23.9161,15.6922,-15.1796,-0.239361,-5.22515,-1.58674,-2.80982,-6.56487,-2.05987,-12.9289,13.4015,-28.379,-17.697,-23.4053,-20.507,-23.0125,-18.3531,-23.0622,-15.6906,-26.8877,-11.5712,-116.62,173,3750,4641,10716,20564,21249,23560,24484,26166,33243,38239,38950,40744,40968,55017,57289,61323,73734,91153,92271,97622,149173,153858,196183,204382,227014,246137,336274,354854,377888
109,22000,1782,632452,123316,129806,-23.984,15.8319,-14.573,-0.164247,-6.20946,-2.004,-1.92349,-6.38185,-2.75498,-13.4006,14.4459,-27.9569,-18.2851,-23.5168,-19.5875,-22.8205,-18.5004,-23.7117,-16.1839,-27.6211,-12.0093,-116.986,1782,3593,4686,16729,19293,23077,26732,27071,39550,46075,55737,57997,76568,94474,94620,101498,106660,120613,134155,135331,147968,151520,160298,162142,177826,188445,264107,266693,361785,632452
110,22200,623,606806,139680,142066,-25.0215,16.6676,-14.5939,-0.625624,-6.72648,-2.14142,-1.91269,-6.49154,-2.69186,-13.1962,14.6931,-27.5941,-19.097,-24.1397,-19.467,-23.4952,-19.6731,-23.2638,-16.1054,-27.5051,-11.3079,-117.486,623,2888,8986,14930,15176,19194,26853,36959,37519,40538,70677,72888,73746,76612,85670,96598,110368,114037,153698,166558,175946,176067,177079,225356,251504,256116,320130,341984,434886,606806
111,22400,299,394096,135960,120121,-27.9128,17.5095,-14.5604,-1.48844,-7.07416,-3.18562,-1.70096,-5.7101,-2.07938,-13.1928,14.7338,-27.3684,-18.6722,-23.6414,-19.4879,-24.1913,-20.4126,-23.4661,-15.9032,-27.3348,-12.1769,-118.125,299,3821,6299,11154,18524,20389,26827,35806,50445,51576,66279,68084,71632,90138,96399,99360,100478,126058,135804,177700,179984,207331,209129,231547,267110,302073,302158,352953,375351,394096
112,22600,1605,869347,160212,189944,-26.0561,18.256,-12.9964,-1.87236,-5.47332,-3.36813,-1.68823,-5.1197,-0.467788,-13.6384,15.6627,-27.1322,-18.0771,-24.0681,-19.8603,-23.8761,-19.8902,-23.9286,-16.3332,-27.7697,-12.5581,-118.749,1605,13701,17660,20946,23348,24344,24957,35606,39592,41340,48155,60067,76324,80165,103640,109439,112062,115106,150127,150161,158445,161138,206545,273840,274005,303331,312778,431151,567445,869347
113,22800,199,395595,151296,107189,-25.3718,17.6331,-14.0363,-2.04669,-5.02154,-2.87383,-1.02328,-4.45601,0.0793205,-12.8945,15.7421,-27.1566,-17.3235,-23.9093,-19.2625,-23.6166,-20.1174,-24.6912,-16.9832,-28.6569,-13.1368,-119.67,199,9297,11561,16981,42177,84708,85537,88117,91354,101547,102459,103689,107140,109137,117557,129126,142246,143741,147263,161366,167982,168800,210190,232161,260775,283727,295529,355461,373463,395595
114,23000,3759,554954,157423,151324,-26.646,17.4428,-14.2421,-2.16004,-5.96951,-2.24569,-1.58369,-4.93384,-0.509477,-13.2461,15.5696,-27.7147,-16.5178,-23.1565,-19.4959,-23.4279,-21.1768,-24.4382,-16.502,-29.9711,-12.6712,-119.758,3759,5453,6275,12605,13630,21906,23380,35871,38420,49028,58666,60310,63213,79620,107675,112847,114948,163724,191440,209688,223086,225611,241240,242724,271858,362438,370390,395032,462894,554954
115,23200,7896,753351,140554,171928,-26.1427,17.8709,-14.1453,-2.12344,-6.07877,-2.48587,-2.06636,-5.00554,0.315375,-12.7625,15.8616,-27.474,-16.6235,-23.8918,-18.8461,-23.4204,-20.9142,-25.0159,-16.1914,-29.0982,-13.6308,-120.011,7896,8591,9505,17046,17285,18193,39745,43481,43727,49186,56995,61592,63261,69743,71318,91327,97469,107377,111511,124132,131520,131758,141753,160500,201303,259035,363939,411753,552319,753351
116,23400,1077,414272,132923,104021,-25.5385,16.6892,-13.6728,-1.88724,-5.96799,-3.97269,-2.09834,-4.53569,1.20365,-13.4376,15.6453,-27.2333,-17.4095,-23.9865,-19.6529,-24.5291,-20.4481,-25.8151,-15.5013,-28.564,-13.3695,-119.591,1077,12441,15458,27532,39497,46097,51177,52960,62429,64621,65271,71545,73410,80333,83749,96835,124890,139299,149397,179715,185259,186858,188415,223421,243363,252044,252441,262049,341849,414272
117,23600,5699,515343,163438,132018,-26.9708,17.0602,-13.6517,-1.29447,-5.68488,-3.62312,-1.09383,-4.82919,1.07964,-13.6522,15.138,-27.4694,-16.8956,-25.4615,-19.7359,-25.117,-20.8541,-25.9236,-16.2316,-29.4705,-13.691,-119.709,5699,7101,8660,12158,12443,16642,32740,40602,47503,84623,86633,103589,116331,130938,131345,168919,170244,187103,189861,214087,214099,229859,232719,274417,308785,310778,338857,349402,361654,515343
118,23800,1058,548485,124065,128154,-28.7018,17.2654,-13.2729,-1.38684,-5.47547,-4.22075,-1.70711,-5.919,0.861843,-13.5101,14.525,-27.7999,-16.9293,-24.5431,-19.4563,-23.7189,-20.9913,-26.2071,-15.8005,-30.0419,-14.3961,-119.17,1058,16260,17461,20880,28629,30267,35578,37181,37401,38452,46378,61663,64922,71681,75646,97857,102942,114980,118732,119265,126741,133078,150683,159211,160510,259545,310957,322697,412814,548485
119,24000,1468,410488,105367,90441.8,-27.5582,17.0145,-13.0798,-1.32725,-5.21916,-3.69015,-1.41328,-4.42266,0.543509,-13.048,14.78,-28.5762,-16.7746,-23.3445,-19.7888,-23.9963,-21.8021,-26.5089,-15.6936,-30.3369,-14.2211,-120.541,1468,14343,16465,25270,26002,27711,33869,34724,47948,52733,56591,58205,68699,68700,85698,96200,98744,109013,110607,120008,123443,125920,136042,146418,154849,165799,211386,241351,292302,410488
120,24200,148,405212,104996,86249.2,-26.6169,16.7986,-13.7123,-1.06136,-5.15286,-3.43944,-0.927958,-4.99307,-0.0298408,-13.3449,15.3072,-28.2555,-17.2037,-24.3372,-19.9836,-24.0054,-21.9573,-25.974,-16.406,-29.5949,-14.2129,-120.586,148,1088,13925,35479,43542,51580,56122,56312,57232,59328,59569,73705,74538,88408,90200,91081,95820,96717,96992,97409,104950,113004,126230,127714,147157,163750,176794,240035,305853,405212
121,24400,3684,410189,98741.3,97974.5,-26.519,15.9824,-13.7579,-1.476,-5.04335,-3.40565,-1.49443,-5.79932,-0.605764,-13.539,15.9213,-28.1389,-16.9762,-25.0672,-19.6987,-23.6423,-22.3987,-25.4809,-17.2493,-29.5799,-13.8822,-121.079,3684,9191,10716,14531,15125,15449,23845,31148,31583,37468,40853,48999,50814,53066,56836,58584,61120,85048,96682,110759,122214,136045,146303,154704,166013,187950,218517,273845,290959,410189
122,24600,1716,546870,124556,122280,-28.354,16.1829,-14.532,-0.187197,-4.51072,-2.79895,-0.855991,-5.4872,-0.565654,-13.5517,15.295,-28.4802,-16.9737,-24.5737,-19.5991,-23.5632,-21.5633,-25.1964,-18.0726,-30.6937,-13.1094,-122.372,1716,8219,8835,15828,22440,43552,49752,52873,55524,56844,64652,74084,75831,79285,80170,101143,105412,116588,117536,122145,125694,140690,174199,182437,182781,191162,198553,300129,441721,546870
123,24800,5446,442784,116393,108569,-28.0825,16.9721,-15.3554,-0.810652,-4.58863,-2.09083,-2.07801,-5.77925,-0.348847,-12.6071,15.3542,-29.0456,-17.8941,-24.0579,-20.7194,-24.7298,-22.2537,-25.5878,-17.5047,-30.3564,-12.6023,-123.974,5446,6883,10906,15131,18948,19125,24571,24855,31415,39295,62371,67617,68834,74818,80460,84161,105653,109426,129248,137779,141014,146511,163942,201523,209574,223328,226332,238688,381151,442784
124,25000,1002,686589,134216,162041,-25.7806,17.0806,-15.1162,-1.39322,-5.28126,-2.11814,-2.31653,-6.02373,-0.847473,-12.7657,15.8154,-28.017,-17.5363,-24.1512,-20.6355,-24.4632,-22.3119,-25.5192,-17.1909,-28.7967,-13.4305,-123.993,1002,6179,9137,12440,16202,17244,28966,32496,33649,35470,35652,50790,55086,55645,61606,72280,103865,111243,116642,120703,132418,168518,179486,217443,249567,253131,283699,305250,574071,686589
125,25200,1281,320602,96548.4,81050.3,-26.8122,16.8205,-15.5696,-1.43537,-5.45552,-1.8378,-1.77757,-6.94823,-1.21386,-12.359,16.2359,-28.4776,-17.8133,-24.9719,-20.0425,-24.2887,-21.8835,-26.07,-17.9283,-28.888,-14.2164,-125.132,1281,4358,15578,17511,23153,30639,32239,32943,34069,34363,41185,50421,63453,73164,77727,78085,85413,88897,90277,98935,118673,120827,151675,175718,177911,179974,185882,242671,248828,320602
126,25400,11544,329821,113897,83112.7,-26.1312,17.3402,-15.6774,-0.987484,-6.42631,-1.27197,-2.72762,-7.85441,0.0285874,-12.2105,15.7184,-28.9343,-18.5776,-25.1157,-21.4914,-24.0763,-22.0471,-26.1385,-17.9452,-30.1924,-14.2783,-125.413,11544,23392,26239,37533,37964,40143,42416,42711,51685,67665,69426,71943,79249,79877,83382,85879,98554,104337,118679,121641,125344,147945,152137,197820,203870,213199,226553,240496,285466,329821
127,25600,828,450263,118612,109412,-26.7373,18.7202,-16.495,-0.989284,-6.63302,-1.43272,-2.29407,-7.75455,-0.23242,-12.7499,15.8498,-29.2291,-18.3449,-24.9022,-20.4512,-25.2041,-22.2597,-25.9295,-17.9816,-29.6482,-13.6989,-124.437,828,1741,11778,24878,33151,33772,35963,38123,39267,44503,48759,50611,62992,69230,82545,87535,90289,105687,112634,129994,137294,157892,175081,180684,202883,257854,291642,294723,305760,450263
128,25800,2108,575556,114467,149858,-25.9422,18.3017,-16.897,-1.0922,-6.87805,-1.71373,-0.758257,-8.27097,-0.73141,-13.1274,15.5689,-29.5086,-18.4263,-25.035,-19.9974,-26.637,-23.6965,-26.1566,-17.3431,-29.6555,-14.1507,-125.37,2108,3350,3849,11904,16203,16727,16906,19686,33806,35272,37555,38173,40208,48759,52558,59684,63107,67208,75788,114751,115429,126933,130854,166996,170162,177741,285706,357703,569330,575556
129,26000,6742,375761,116043,96056.6,-26.1716,17.7705,-16.3472,-1.11972,-5.992,-1.1177,-0.946789,-7.81915,-0.584225,-12.9143,16.6305,-29.9101,-17.6407,-26.0329,-20.4329,-26.659,-22.3618,-26.7833,-17.3744,-30.3756,-14.8109,-125.795,6742,8573,14489,29202,29337,31912,35812,35960,51085,63225,64496,68504,71919,75623,78026,83469,92785,101145,111773,131566,133230,156410,165308,188959,210306,220900,269674,275046,300052,375761
130,26200,987,401470,130832,104668,-24.6845,18.3606,-16.1819,-0.555274,-5.70001,-1.31103,-1.17478,-7.8915,0.526235,-13.463,16.3637,-30.635,-17.6909,-26.3059,-20.7188,-26.6898,-22.5577,-26.1464,-16.883,-30.6818,-14.7452,-125.654,987,11964,17328,19849,28302,35347,39133,48669,52196,61413,62349,68787,73716,79414,88617,104907,106966,148846,154979,169497,174120,183722,223185,224614,228514,251796,257881,282231,324163,401470
131,26400,1160,359331,102721,96288.7,-25.0449,18.7845,-16.0081,-1.05223,-6.02996,-1.51658,-1.6764,-7.48817,0.685627,-12.947,16.5411,-31.8862,-17.2121,-25.6115,-21.0673,-27.0174,-22.2272,-25.5524,-16.6258,-30.3575,-15.2453,-128.236,1160,3587,5873,8571,9751,13577,14616,28718,30256,32618,51327,60955,74870,75293,77180,86064,90093,93827,100924,107746,108887,126877,146125,158927,170172,199905,244939,296580,302891,359331
132,26600,8500,485038,135625,118510,-25.685,19.8945,-15.8453,-1.33783,-6.12254,-0.735974,-2.5043,-7.54102,0.657826,-13.6231,16.3671,-32.541,-17.8102,-27.7304,-20.6987,-26.6686,-23.7666,-26.1098,-17.236,-30.481,-15.1742,-130.21,8500,9083,15920,22920,24250,42511,43256,54108,58686,81822,85989,93138,96026,97666,110492,113511,120569,126441,130461,133165,134425,160727,178691,190323,198461,202026,242632,365809,442094,485038
133,26800,9991,403105,118670,90400,-25.402,20.2501,-14.9008,-1.19754,-5.81013,-0.77908,-1.58065,-8.15153,0.10398,-14.0962,16.2115,-34.0196,-17.3758,-26.9289,-20.5949,-27.5733,-23.6955,-26.4979,-17.3439,-31.0542,-15.1429,-130.541,9991,13257,24233,25729,26599,32743,33097,38649,60166,60986,71837,73995,84872,85222,87217,92738,94024,141364,156689,158098,159137,170223,178281,190235,191471,192221,193014,241076,269827,403105
134,27000,780,352689,136083,99462.3,-24.3556,20.6674,-15.8427,-1.13183,-5.63796,-1.24867,-1.61066,-7.56628,0.179375,-14.4651,17.5237,-33.631,-18.529,-27.1057,-21.0575,-26.3018,-22.4108,-26.5689,-17.2002,-30.989,-15.7529,-129.517,780,13480,16246,23595,34365,40567,53590,58570,71407,73521,83747,85684,93204,98674,114738,120186,121467,128253,137257,170426,172488,175859,196413,211162,269327,272157,278109,281561,332978,352689
135,27200,3578,495582,151869,130795,-23.213,20.5933,-17.2508,-1.26911,-6.10159,-1.43858,-1.29293,-6.49478,1.31639,-15.4873,16.8015,-33.8028,-18.492,-26.9088,-21.1177,-26.2791,-22.6154,-26.3106,-17.4887,-30.6704,-15.5054,-130.427,3578,22673,24750,26030,26787,39189,52808,58152,63424,71710,75552,78823,102824,103587,107351,109255,140105,140677,158528,174186,174564,181099,186781,205291,233399,306254,325077,418773,449266,495582
136,27400,3409,352792,119266,104659,-21.2301,21.2745,-16.8583,-1.63108,-6.29292,-2.1061,-1.3935,-5.79301,1.64161,-15.0809,17.0292,-33.3926,-18.3787,-27.2416,-21.756,-26.9931,-22.801,-26.8878,-18.1517,-30.2587,-15.9598,-130.634,3409,9425,10091,10906,22094,22248,22978,24950,30760,37634,40419,43528,43810,65560,80859,100650,136486,138051,143225,163614,173887,174928,185831,198697,216280,238424,248724,314258,323448,352792
137,27600,14129,611266,116136,131883,-18.3393,20.9396,-15.6325,-2.20019,-5.05406,-2.52669,-1.43358,-5.99745,0.179955,-15.0052,17.2633,-34.021,-19.4011,-27.3639,-21.1939,-27.7921,-22.7302,-26.8782,-18.6562,-30.5198,-15.4547,-130.946,14129,14266,18492,20750,22624,23856,26931,30974,31226,33136,43294,51850,58073,66893,67534,68729,76559,81814,85024,102798,104621,148038,153522,174388,205821,226295,245869,272704,402602,611266
138,27800,1638,525391,109889,113164,-19.5835,21.5326,-16.366,-2.24919,-5.18538,-3.91669,-0.805717,-5.95954,0.392901,-14.2873,18.2843,-34.0581,-18.813,-27.3756,-20.6561,-27.4244,-22.0852,-26.4371,-19.345,-30.6532,-14.79,-130.124,1638,1753,12092,14856,17679,20881,25531,28620,32934,33567,48304,56605,59229,62577,70316,77563,90667,90720,94085,130331,138154,149025,157158,169923,185475,196426,245209,249673,310293,525391
139,28000,1738,509257,141702,129806,-17.9058,21.5856,-16.2405,-1.40015,-4.76179,-4.19039,-0.802115,-5.90641,-0.523148,-13.3344,18.4186,-34.9223,-19.9864,-26.5124,-19.832,-27.5052,-21.6344,-26.9887,-19.1122,-30.2736,-13.3376,-131.289,1738,3990,5143,11531,23285,26794,32605,36877,40349,50984,63746,76904,78366,95261,106473,106586,118156,140771,143388,172804,188099,192218,204395,237744,252476,287403,299127,309687,434906,509257
140,28200,1961,477376,149282,126140,-19.6366,21.4568,-16.777,-2.05455,-5.81626,-4.70418,-1.80873,-7.40411,-0.67745,-14.2729,18.2825,-34.0038,-20.3066,-26.6385,-20.241,-28.294,-21.2204,-26.2116,-19.084,-30.8804,-13.4039,-132.733,1961,5065,14705,17817,21528,27291,28894,34029,42669,63006,69745,78633,117928,126703,132589,137719,138836,152941,155183,164013,213915,217825,222028,229216,239101,248091,318285,368322,413050,477376
141,28400,1236,695299,120681,139664,-19.9985,20.8156,-17.6381,-2.88801,-5.57501,-4.79545,-2.70854,-6.9484,0.462142,-14.7449,18.0205,-34.8257,-20.5201,-27.8674,-20.2308,-28.1869,-20.7063,-26.9715,-19.0713,-31.4394,-13.2801,-134.287,1236,5196,9454,13604,21441,23559,30059,31178,39167,44838,56552,57954,63044,69872,72607,77296,92141,94666,99424,112579,116754,130867,188124,191642,193564,222140,247848,267554,350778,695299
142,28600,10525,353592,109810,90625.5,-17.8853,20.869,-16.5223,-3.70507,-5.94941,-4.7585,-3.34461,-6.73795,0.0257652,-14.7806,17.5755,-34.384,-19.8887,-28.0409,-19.6887,-28.0583,-21.1046,-26.8241,-18.3916,-31.8089,-13.0423,-135.016,10525,15059,15804,17419,26152,33444,34893,34981,40568,51764,52463,71582,75091,76442,82205,89386,93564,98770,111052,147337,147657,151509,161562,164657,176491,179511,181963,249395,349468,353592
143,28800,610,399934,116922,101107,-15.6564,20.5561,-16.9827,-3.67608,-7.04438,-4.18692,-3.07736,-7.43717,0.307889,-15.4161,17.6238,-34.7176,-19.5602,-28.0906,-19.4456,-28.471,-21.7421,-27.0437,-19.7933,-33.009,-14.1452,-136,610,7848,10503,11526,13707,30236,36644,42491,49551,55383,55433,74226,80051,80315,84736,90444,91324,105646,112825,117692,118644,163375,174957,184481,236153,242528,265996,274383,296028,399934
144,29000,1375,784408,126160,152498,-14.9689,20.9459,-16.9236,-3.66285,-5.59518,-3.14864,-3.2013,-7.76139,-0.281923,-14.7129,17.0314,-34.4585,-20.1114,-28.0447,-19.616,-27.3807,-22.0209,-26.8504,-19.3129,-33.0585,-13.762,-136.279,1375,2579,26272,29562,30681,32939,34373,52593,53427,53454,56316,57046,57474,66042,69939,72904,75390,76138,91000,98116,119887,127109,194689,196454,210146,220447,251345,311994,330702,784408
145,29200,5400,517592,120275,116907,-14.4431,20.8013,-16.4759,-3.99183,-6.54056,-4.27667,-4.32627,-7.08812,0.062203,-15.1563,16.846,-33.8092,-20.9631,-27.8162,-19.8245,-26.9781,-22.18,-27.3514,-19.077,-33.4513,-13.7031,-136.732,5400,5712,13917,15015,16844,32546,38830,41748,43424,54469,57591,62321,71008,78649,83768,84412,98269,102249,127358,132871,133643,143104,156874,171154,192966,199891,236775,309621,380244,517592
146,29400,1412,642834,163244,159777,-13.7625,20.4452,-16.568,-3.08512,-6.70928,-2.29423,-3.80963,-6.80672,-1.55076,-15.0599,17.4243,-34.6938,-21.1686,-27.9248,-20.2507,-28.0177,-21.7595,-27.7717,-17.3443,-34.1102,-13.3693,-137.458,1412,9398,18383,22111,23869,30741,32306,43224,52281,59514,68436,68861,87374,94470,109571,124114,144384,153010,153914,157890,189500,202092,244595,261655,324794,324922,336837,355797,559019,642834
147,29600,3534,434913,135891,125007,-11.3542,20.4586,-16.3626,-2.2278,-5.62781,-2.48442,-3.01552,-7.63865,-2.24376,-15.789,18.2105,-34.9996,-20.6512,-27.623,-20.6878,-28.3492,-22.1819,-27.3481,-17.2882,-35.056,-13.1799,-138.248,3534,10936,12031,17997,25391,26175,32244,39533,46374,54771,69563,72800,75533,76879,80502,81980,83754,87131,107076,158343,185455,215903,222357,264902,265482,275639,281573,361799,406165,434913
148,29800,726,295396,92660.9,80231.1,-13.1405,20.2391,-17.3027,-2.65176,-4.58785,-1.90054,-3.14907,-6.89402,-1.85267,-15.228,18.2441,-33.4999,-19.3037,-27.5586,-21.2197,-29.7612,-21.5253,-27.8394,-17.3224,-35.6304,-13.3149,-138.444,726,2921,8441,14046,21002,23064,25565,26435,34957,42896,49301,52298,56217,63449,64657,66604,79986,81891,103845,108063,116310,131098,131148,131688,158460,181099,182566,254917,270780,295396
149,30000,236,546008,97002.7,118432,-11.8306,20.2149,-17.4917,-2.55787,-4.91572,-1.91786,-2.66754,-6.31711,-2.53064,-14.3192,17.9893,-33.7942,-19.7694,-27.9782,-22.3984,-28.9688,-22.378,-27.4563,-18.3015,-36.904,-13.277,-137.951,236,2384,3493,3560,6607,13111,16373,29041,30380,32136,36622,40096,40116,49581,49738,50357,52130,60710,61984,83262,90059,117396,143717,150952,205595,212089,233497,255975,292875,546008
150,30200,4126,447944,115592,103019,-9.1023,20.5304,-17.1045,-2.59782,-4.74073,-3.04528,-2.36704,-7.07085,-2.55969,-14.7715,17.413,-33.9349,-20.0694,-27.499,-23.7682,-28.7682,-22.1982,-28.8187,-18.274,-37.3192,-12.7455,-139.546,4126,10508,15422,22078,23436,34576,38681,39917,52701,56647,57140,58608,61627,71883,81165,95760,100060,115144,126104,130481,137912,138315,169175,169619,186687,192069,201187,274246,354548,447944
151,30400,14324,417724,133779,103607,-11.5581,20.0355,-17.2712,-2.35951,-5.70246,-3.25101,-2.26341,-6.78816,-3.21699,-14.4672,16.3617,-34.741,-21.2244,-27.5734,-24.2332,-29.3597,-22.198,-29.5985,-18.2132,-36.9014,-11.8429,-139.123,14324,33737,34392,41322,44524,54853,57040,60840,63787,63961,72913,81018,82634,83614,86425,96894,96977,99161,119594,162740,169408,186786,193298,211296,217795,232071,237237,329747,367272,417724
152,30600,4196,370221,111725,96088.4,-10.9287,19.9698,-18.2196,-2.06936,-5.15838,-2.12916,-2.8465,-7.14146,-3.32334,-15.1182,16.024,-36.0444,-21.5522,-29.0495,-23.5947,-28.7142,-22.6325,-31.3634,-18.2875,-37.0162,-11.7611,-140.198,4196,16804,18387,21495,25381,25800,26877,31150,32611,36967,45572,56386,56737,67088,82441,91580,102192,119128,125635,145161,145476,151863,153307,194250,194782,198759,225518,250980,335004,370221
153,30800,1107,382894,140353,119621,-11.1476,19.9556,-18.283,-1.25723,-5.35382,-1.77061,-1.74889,-6.98572,-3.15699,-14.7269,16.6016,-35.4194,-20.9971,-28.0124,-24.9802,-27.9542,-22.4391,-30.8321,-19.1998,-35.4479,-11.4372,-139.674,1107,17490,22260,25702,26388,28119,36993,45726,50252,51558,60330,61229,66895,80725,91634,103926,116272,119357,135152,185051,210606,211694,218321,228604,268043,303127,319990,367688,373454,382894
154,31000,12553,494101,150398,130636,-13.8185,19.287,-18.1396,-1.02259,-4.98278,-1.94245,-2.17352,-6.89112,-2.79736,-14.7565,17.1455,-35.778,-20.3364,-28.2408,-24.1563,-28.9816,-22.3292,-31.8514,-18.7485,-35.5233,-11.8549,-138.971,12553,15954,16628,16798,21811,27635,31030,39737,45404,54834,69411,73239,81907,105850,134980,135364,136585,139247,156684,168028,179129,206085,226849,246955,299236,300889,309789,318437,446789,494101
155,31200,9777,385848,137402,110329,-14.3635,19.1192,-17.9262,-1.31302,-5.72041,-1.4573,-1.20974,-6.48082,-2.92333,-15.0837,17.5364,-35.5277,-19.8474,-28.5021,-24.2147,-29.8296,-21.9966,-31.8984,-19.0019,-34.8488,-11.8091,-139.106,9777,17177,17345,18705,22090,30638,32976,33317,33511,39169,58830,67762,68911,116542,125745,127536,135096,135689,179881,181596,181616,195002,215995,223896,243888,279650,307799,307916,328169,385848
156,31400,1561,446741,121207,126746,-14.1686,19.8808,-18.2834,-1.76141,-6.00763,-2.12347,-1.83588,-6.62459,-3.14747,-14.7322,18.1757,-35.4368,-20.1191,-28.1873,-24.0771,-29.3326,-22.2314,-30.6765,-19.4965,-34.1896,-11.3572,-138.613,1561,4577,4611,8315,13259,23191,28517,31195,37462,41089,46503,57433,58531,60778,67399,67845,76769,111831,118677,118678,120837,134322,139475,200735,244770,296488,297222,354773,422633,446741
157,31600,1233,586015,150946,166853,-13.325,20.1451,-18.3503,-1.80598,-4.74301,-1.78189,-0.172035,-5.59204,-2.10469,-15.1617,17.7203,-34.9636,-20.207,-28.8438,-24.152,-29.7529,-21.6493,-31.2254,-19.3246,-33.4643,-11.7022,-139.145,1233,1494,3198,9693,10027,12080,32785,38527,51546,55074,55296,57642,61918,63389,73167,111926,118708,122878,144346,144976,153895,163411,199006,232203,251725,309549,380639,506709,575318,586015
158,31800,12138,754286,157060,173529,-14.0626,20.5863,-18.3172,-1.82952,-5.78568,-1.5264,-1.39439,-5.74217,-2.15275,-14.686,17.6345,-35.7843,-21.0581,-29.2156,-25.3994,-29.588,-22.6813,-31.8999,-20.0513,-33.4409,-12.5033,-139.941,12138,12984,13653,14446,18121,20467,28095,45188,66893,69749,83108,85027,96591,98758,107464,112341,121958,130394,160934,161806,162638,171625,174836,219287,227758,235898,289016,354412,661929,754286
159,32000,11882,752660,175021,144241,-13.1852,21.2686,-17.5662,-3.21937,-4.55249,-0.164868,-1.71566,-4.11473,-0.67523,-14.0647,17.1565,-36.2657,-20.9194,-28.391,-24.9394,-30.6338,-22.7083,-31.5739,-20.7292,-34.1636,-12.326,-141.299,11882,17583,23213,30955,34652,67466,68038,68384,69778,81483,102035,114325,134518,140993,164451,187421,194770,200814,202291,203328,222618,222862,223477,240604,242366,293876,296816,314236,322732,752660
160,32200,2096,800666,140911,171373,-13.6737,21.1281,-16.0472,-3.11147,-4.37892,-1.27802,-1.1502,-5.06364,-0.231874,-14.2519,17.3929,-34.7998,-21.5431,-29.1942,-24.4469,-30.1359,-23.5763,-31.6555,-20.511,-33.9424,-12.584,-143.5,2096,2660,19567,20175,24924,27864,33041,35043,37931,38793,40416,54156,69597,76033,77076,84000,85623,96675,99582,117433,132192,150793,183066,212310,266722,283695,309819,365566,479804,800666
161,32400,902,462921,95022.4,115059,-14.9502,19.7359,-15.8736,-3.25053,-3.9396,-2.69177,-0.6458,-5.11988,-0.00898942,-15.1073,16.8584,-33.5255,-22.5157,-29.7588,-24.9189,-30.5235,-24.4737,-31.1854,-20.4175,-35.0207,-13.3991,-142.842,902,908,2063,4885,12916,17919,26405,27148,28257,29543,32605,35234,41636,49008,51690,52971,56246,60246,61158,62204,64727,95883,116231,154557,157190,214948,297145,308130,324996,462921
162,32600,7281,363768,133171,101389,-15.3359,20.1215,-14.7373,-3.84708,-4.29247,-3.16955,-0.961498,-5.15034,1.17716,-14.7147,17.4722,-33.7466,-21.9371,-30.0361,-24.4974,-31.2274,-25.0265,-31.1097,-19.9539,-35.0007,-13.0078,-142.301,7281,12195,22757,22768,42250,51115,54779,57665,64256,70774,77910,78066,93071,97214,100758,108715,115482,115611,128450,136055,147868,170270,198527,210648,222729,277462,277829,316304,352545,363768
163,32800,664,624727,139894,146087,-16.5376,20.6585,-15.2036,-2.89489,-4.1497,-3.73038,-1.0049,-6.0736,0.79046,-13.8185,17.5621,-34.125,-21.9861,-30.2128,-23.9992,-32.0384,-25.5415,-30.7249,-20.9082,-35.3148,-12.005,-142.163,664,1921,8262,21812,22521,24760,28459,31323,59385,68641,76364,77302,86944,88297,93852,94455,109664,109875,124427,132785,139955,163681,175926,226951,228558,233998,242721,407796,490803,624727
164,33000,1662,425067,108798,101640,-15.4859,20.1353,-15.7311,-2.64581,-4.4592,-3.1127,-0.752797,-6.01581,1.13657,-14.173,16.6217,-34.1404,-21.4378,-30.6789,-23.6012,-32.5989,-25.0756,-31.0472,-20.3279,-36.1261,-11.9846,-142.528,1662,3407,3652,5291,6471,24239,24518,31007,40797,52674,53501,53669,59137,72360,81065,93572,105209,115994,125932,131231,138806,140094,147025,165371,179964,194301,202145,223963,361809,425067
165,33200,1348,371537,137602,109512,-16.2982,18.9807,-15.933,-2.94962,-4.78104,-4.5773,-2.37787,-6.67389,1.22222,-14.2495,16.6015,-34.1509,-22.7361,-30.6878,-23.7896,-32.022,-25.0398,-30.9755,-21.6775,-35.2701,-10.8637,-142.627,1348,2891,2913,21232,26616,30005,45398,45821,48266,58217,61224,66561,68296,102387,109216,112165,128679,134973,189323,205350,205544,206577,218969,232671,232685,253915,282429,323513,339349,371537
166,33400,9978,536409,139617,140675,-17.6013,18.0622,-15.8379,-2.61263,-4.33382,-4.87799,-2.74367,-6.13033,1.33763,-14.2853,16.7742,-35.7719,-21.8375,-31.5311,-24.2154,-31.0902,-25.1143,-30.5821,-22.7988,-36.5255,-10.7565,-143.945,9978,13921,20134,23209,23306,27565,29786,35224,37357,37765,44205,45404,65141,77807,83677,93110,96735,111897,126363,132236,135045,179021,219807,249474,267044,300469,350632,405565,410222,536409
167,33600,463,599300,172369,157287,-23.0812,18.9037,-16.9088,-2.26955,-5.21189,-3.32127,-3.25932,-5.64904,2.08312,-14.3031,15.9368,-36.0419,-22.192,-30.4666,-23.6659,-31.9606,-24.6848,-31.4191,-21.8024,-36.6259,-10.9831,-144.438,463,19591,22135,27277,31807,37199,37288,50120,57235,77106,78374,89326,105364,123345,123606,141038,154744,170308,178062,188709,194778,201881,246272,248140,250889,274736,447180,462266,532534,599300
168,33800,363,547535,122881,115745,-20.86,19.481,-17.7318,-2.34991,-4.95039,-3.2152,-3.07274,-5.16717,1.40228,-15.1937,15.9067,-36.7024,-22.9554,-29.1694,-23.4771,-31.0537,-23.8087,-30.759,-20.9654,-37.0479,-10.8021,-144.145,363,10733,11389,11888,12629,19327,31685,41992,50674,62131,62551,72463,79745,84750,98447,98758,102866,103420,134890,151681,160251,163365,163825,174220,202603,204579,231471,258157,338050,547535
169,34000,229,704562,150043,153889,-19.6178,19.9066,-18.2225,-2.66736,-5.00754,-4.21761,-2.63656,-5.41726,1.91478,-15.4876,16.8705,-36.392,-22.1972,-29.3826,-24.0954,-29.8403,-23.0173,-30.7025,-20.381,-36.1764,-9.95724,-143.804,229,9217,27008,27803,39839,40472,57692,67203,68123,72400,82990,90018,91271,101305,110717,118307,122037,123189,131028,140284,145934,153927,184353,185857,209006,211409,220521,463387,501205,704562
170,34200,512,846735,137566,157209,-16.9043,20.1547,-18.4564,-1.37466,-6.10956,-4.76687,-2.4192,-6.12111,0.834475,-16.8115,17.885,-37.1006,-22.5583,-28.3914,-24.4806,-30.0678,-23.1622,-29.9035,-20.8009,-37.0014,-10.658,-145.94,512,5022,10969,17319,24466,32460,37342,52113,61702,69532,69630,70121,85795,95559,104106,116823,122293,123850,128137,128764,137167,163065,166362,167621,225575,226566,247681,293325,296361,846735
171,34400,1769,384695,114298,101593,-19.2615,20.663,-18.0201,-2.69152,-6.6792,-5.52835,-2.0087,-6.48305,0.706946,-17.0789,17.8606,-36.238,-22.2569,-28.2772,-24.0436,-29.974,-23.9907,-29.2074,-20.4485,-36.2605,-10.721,-147.719,1769,16273,19752,27548,27666,28526,29774,46646,46882,49895,51804,55381,62964,69060,70795,80152,87564,88926,112163,121589,128787,140529,144897,190298,221246,234232,273785,276072,339276,384695
172,34600,1674,743702,223553,206424,-18.5359,19.7079,-15.9273,-1.96834,-5.66095,-5.38317,-3.04862,-7.03605,1.06349,-18.0703,18.8081,-37.8018,-21.379,-29.1795,-24.6642,-31.2011,-25.1071,-29.1733,-21.2899,-35.5816,-11.0803,-147.159,1674,3751,9203,9341,18671,28334,35920,61257,68411,94750,101129,108374,108856,113793,143732,214035,230497,237687,239789,257724,286778,288855,332069,353778,410487,461455,487034,567808,687688,743702
173,34800,834,765784,158964,175561,-20.2594,20.1429,-16.6271,-2.25822,-6.36872,-5.0193,-2.46766,-6.50909,1.40608,-19.8044,19.2547,-37.2092,-22.8039,-30.1324,-24.4114,-31.0551,-25.4881,-29.0846,-22.2094,-35.531,-10.1645,-146.443,834,10874,10937,14403,14811,19292,23950,27091,32066,33226,38393,53088,73712,92369,109186,111972,124046,127141,137043,160360,166183,171456,271245,293442,296930,334033,402648,412345,440054,765784
174,35000,5352,425093,86489.8,93362.3,-18.2329,18.6988,-17.252,-1.42759,-6.59474,-4.41741,-2.10975,-7.00749,0.849019,-20.3459,19.9373,-37.5145,-22.4556,-30.0147,-24.2798,-31.5297,-24.8211,-29.7133,-22.399,-35.9921,-10.0081,-146.626,5352,10488,16356,18331,20014,20911,22062,25279,28503,31006,34716,43689,44281,48318,50816,54468,59662,62448,63289,75936,76067,81790,97789,137769,160050,192582,213759,228924,244947,425093
175,35200,6988,418952,146121,115341,-16.6947,18.4719,-18.5016,-1.78879,-6.79413,-5.38047,-2.21057,-6.26949,0.831138,-20.3419,19.6292,-37.3524,-21.6084,-29.49,-24.8789,-31.0283,-25.4904,-30.0509,-22.5546,-37.1187,-11.6213,-147.446,6988,11010,15036,19274,23322,27049,48855,62005,64164,72375,76017,86288,94695,98453,126451,133177,140999,145976,146285,174958,196378,202489,210443,211376,245290,301866,310688,311583,401181,418952
176,35400,158,346286,87966.1,78018.1,-17.4715,18.879,-17.6178,-0.0118031,-6.98654,-6.56107,-3.29968,-5.60758,1.8277,-19.3687,20.2986,-37.9047,-20.7266,-29.9851,-25.5782,-32.0174,-25.513,-30.0346,-21.8571,-37.5806,-11.8109,-147.222,158,6129,14045,19597,22861,23429,26114,31967,34340,44320,47850,48437,49547,53826,54903,58435,74245,91131,93377,95767,97608,119678,128952,144715,146819,151630,176304,188603,247911,346286
177,35600,3198,439325,126880,109083,-16.5562,19.485,-18.3619,-0.423868,-7.17617,-5.00323,-3.34211,-5.90955,2.31449,-19.5958,19.69,-36.9667,-20.4925,-29.8609,-25.4929,-31.4046,-26.0382,-29.7149,-22.288,-37.5857,-12.0555,-148.616,3198,18017,22328,23123,23464,29937,35968,47477,56526,60948,64393,67905,89097,94385,105021,107050,115519,118614,133485,140431,145356,147082,147492,193217,206674,210747,239858,320034,399718,439325
178,35800,11377,753396,159384,168717,-12.6279,20.5332,-18.8631,-0.0146258,-7.03446,-5.59446,-4.06466,-5.16892,2.53483,-19.9782,20.0403,-36.1591,-20.7706,-29.4406,-25.0945,-30.8405,-27.321,-29.5037,-22.2456,-37.5321,-11.0573,-148.774,11377,11758,17219,25797,27500,33743,42856,47445,59564,65407,67394,80058,85628,90008,91898,96424,113814,118743,126587,152520,155504,167124,222392,260375,269071,289588,365062,459510,473752,753396
179,36000,311,603428,145219,143601,-14.8538,19.9969,-18.7617,-0.318272,-6.46703,-5.89944,-4.95432,-5.01371,3.05619,-19.8705,20.3283,-36.5365,-20.8685,-28.1067,-24.6985,-30.9903,-27.7419,-29.5905,-21.5086,-38.8023,-11.6956,-149.564,311,3493,23449,24145,31732,36465,38531,44102,54906,61811,67863,71295,81305,109371,112878,124031,127578,130978,135461,164174,167972,170465,175059,176153,195276,221139,305030,361594,536567,603428
180,36200,824,602747,130890,138726,-11.7747,20.3019,-18.9589,0.470064,-6.33336,-6.18965,-4.91873,-5.31809,2.3092,-19.4564,20.7053,-36.1144,-21.599,-29.5076,-25.9068,-31.8032,-28.5709,-31.5783,-22.0262,-40.0376,-12.1266,-149.365,824,1800,2604,5357,19562,28150,39441,46116,51659,54447,66540,68571,71028,75818,77079,80163,83806,113384,120288,125544,138657,139516,189072,191729,215951,247646,255152,396221,417826,602747
181,36400,4809,617047,192788,178751,-11.9534,21.1481,-19.0819,-0.0521051,-6.35651,-5.96116,-4.00642,-6.15061,2.28529,-19.3923,20.7782,-35.8354,-21.2407,-29.4117,-25.3778,-32.0845,-27.8525,-31.4464,-21.2618,-39.1955,-11.4732,-150.751,4809,9866,31509,35872,38983,46563,70473,75546,83529,87015,95744,101140,107156,111490,116732,121258,132832,133277,139684,169282,191642,199544,256056,395175,400541,455163,499531,503756,552417,617047
182,36600,10351,641997,156602,158565,-12.9949,21.1745,-19.6423,-0.536498,-4.77319,-6.27186,-4.98938,-6.51587,3.80856,-19.8018,20.3316,-35.8803,-21.7981,-29.4427,-25.1397,-31.6574,-28.173,-30.6222,-20.842,-37.8268,-11.7614,-151.624,10351,15773,17117,17876,17982,22528,25447,27812,33051,37729,46807,52728,72554,93753,115357,131695,134820,141776,147999,160888,167359,194355,233513,259194,317106,328091,339239,418444,474721,641997
183,36800,8727,590582,146959,136078,-13.8169,22.1498,-18.9624,-1.09981,-4.71397,-4.60267,-3.85716,-6.37749,3.87956,-19.8967,20.8456,-36.1105,-21.8088,-30.4456,-25.1429,-32.5011,-27.6139,-31.5181,-20.3577,-37.9642,-10.9178,-151.861,8727,9673,13077,17646,22009,24638,32127,33195,50521,53692,56544,70330,93812,98623,99175,107994,111634,126915,160981,170178,214227,218738,235575,236681,253847,275262,311296,352917,358167,590582
184,37000,2033,692417,153143,159952,-14.1447,22.0379,-18.7335,-1.08338,-5.26241,-4.79992,-2.83311,-7.23484,3.45294,-20.217,21.606,-35.146,-21.9182,-30.5164,-25.1472,-32.5478,-26.567,-30.985,-21.4167,-38.3704,-11.3565,-152.039,2033,8993,20487,20867,22814,30076,39352,43932,45212,63227,67741,71716,75976,76487,77864,85660,112085,124421,146493,171396,196230,200463,204032,204610,277511,284865,300379,449745,477214,692417
185,37200,18239,682706,173619,169567,-14.9621,21.0573,-18.7072,-1.18829,-5.26509,-5.53466,-2.06503,-6.08348,3.15339,-18.4423,21.508,-34.703,-23.4092,-31.3799,-25.3678,-31.9688,-26.7053,-32.17,-20.184,-38.7571,-11.5103,-151.438,18239,21579,23456,30863,32359,41280,49255,50373,54739,56728,59264,59757,66367,112684,129393,131955,143279,143328,153846,185634,201489,213575,242917,262531,299892,328601,365585,475576,571314,682706
186,37400,312,694567,138361,155249,-11.9543,21.1292,-19.0367,-0.53928,-5.70432,-4.51942,-2.74433,-7.3189,1.83064,-17.8689,22.134,-34.9306,-24.3992,-30.913,-24.6655,-32.3527,-27.79,-32.4773,-21.1718,-38.83,-13.2956,-152.701,312,7057,7413,8343,9770,15809,25987,27072,28582,47504,59804,60154,89979,93799,97116,102352,124682,129109,141556,151453,152221,173347,176588,181165,214422,237100,255177,295350,543046,694567
187,37600,8420,701124,132676,161894,-14.1616,21.9133,-18.5194,-0.522828,-5.24932,-3.81425,-2.52705,-6.25233,1.58265,-18.833,22.6547,-34.5773,-24.8994,-31.9353,-23.6904,-32.1604,-27.6471,-31.6045,-21.7003,-37.6962,-12.7249,-155.875,8420,8693,9952,10515,12479,19710,20179,20831,30658,31891,34009,46788,46820,54687,61224,69984,75382,109798,113600,114258,146995,166744,178692,208718,229594,241330,358217,363440,485545,701124
188,37800,23885,672819,169921,160615,-16.5843,22.3129,-18.9688,-0.710965,-5.31705,-3.72816,-2.91257,-7.3011,1.4682,-17.9998,22.6242,-35.2998,-24.7646,-32.0253,-24.3522,-31.601,-28.4481,-32.674,-21.2261,-37.6627,-13.5148,-155.611,23885,28127,37895,43729,51874,55901,55930,80553,80566,82636,84123,90095,94679,107098,111185,116201,121677,126863,130736,137060,142425,145331,190694,284659,318240,329977,348192,451237,553247,672819
189,38000,5876,386470,123346,105211,-18.5552,23.0144,-18.5155,-0.907298,-4.78136,-4.47407,-2.8425,-7.97707,2.48405,-17.9053,21.9592,-36.0188,-24.6066,-32.1078,-25.1549,-32.6609,-28.2683,-31.5398,-21.7913,-37.1427,-12.9329,-156.013,5876,8260,13200,14278,16389,27624,32837,34049,37652,45103,67709,67877,71363,73323,95450,114823,119366,126323,140059,142356,144492,149907,192521,198110,218379,218469,296568,318143,323389,386470
190,38200,220,1487306,147257,269519,-18.5279,21.993,-18.6568,-1.71,-4.18402,-5.10263,-2.56061,-7.27953,1.94669,-18.6633,21.3827,-36.0833,-24.6756,-32.6213,-25.6311,-32.5895,-28.3767,-31.4693,-22.6243,-37.7401,-12.9265,-155.539,220,13600,24073,26722,31535,32206,39795,40457,44228,46916,49749,52133,56272,64350,70578,76740,77550,97534,104883,106816,112671,114119,164020,167616,167685,174128,235401,316020,422382,1487306
191,38400,4757,580546,134760,151337,-16.2084,22.2295,-18.8518,-2.77463,-4.30778,-5.43889,-2.7621,-7.42073,1.47573,-18.4053,21.8034,-36.6823,-23.9713,-32.4811,-26.2319,-32.2307,-29.0517,-32.7673,-22.2458,-38.0308,-12.8422,-155.893,4757,7371,13313,13650,19502,23920,24862,26934,30405,34013,34088,37565,52747,60148,66517,69100,74994,100439,114440,137314,144418,206985,209017,237860,263843,294255,295044,331902,532851,580546
192,38600,10213,362487,117708,99011,-17.8866,22.6509,-18.8085,-3.09201,-5.06687,-5.02067,-3.11491,-7.82105,2.04292,-17.6942,21.0586,-37.2304,-24.0048,-32.9214,-26.6549,-32.181,-29.17,-32.6486,-22.0002,-37.1192,-13.0286,-159.085,10213,13054,17273,17337,32663,38620,38930,39291,42883,45360,46890,56980,57820,63923,66530,67053,80730,85931,133056,149972,187809,191013,192752,225861,237236,239629,249905,256480,283561,362487
193,38800,134,361941,130703,109236,-16.2931,22.4481,-18.0867,-2.12362,-3.92544,-4.69487,-4.10893,-7.05069,1.86837,-17.2825,20.4026,-37.9816,-24.9788,-33.5979,-27.2853,-32.8367,-29.4638,-33.3532,-21.6437,-37.402,-12.9282,-159.283,134,8842,16397,24105,27772,33025,34106,37703,64196,74339,74808,83786,90863,97878,99606,113396,113473,116370,119722,121968,130589,136260,188113,204864,219462,301354,319080,351601,355342,361941
194,39000,6765,606196,174394,164096,-16.5051,22.976,-18.4529,-1.95505,-3.82475,-4.07944,-3.98006,-7.89048,2.6783,-17.7822,20.4266,-37.9811,-25.6146,-34.3477,-26.655,-33.3272,-30.4738,-33.884,-21.4754,-37.5662,-12.8601,-160.011,6765,13731,16549,24063,27653,40481,48952,57897,60830,64789,68527,78629,86797,89589,90421,95572,114424,121818,180938,204944,229152,262888,282429,301605,328587,383772,385936,420061,537836,606196
195,39200,5193,790945,145580,164754,-14.7835,23.0709,-18.2859,-3.08035,-4.05003,-4.04174,-3.47977,-8.49623,3.78745,-18.2784,20.7061,-37.199,-25.6491,-34.4217,-27.2941,-33.3824,-29.3969,-33.0624,-22.2116,-37.4721,-12.8127,-160.036,5193,5680,9017,12006,24478,27432,33673,44313,45957,50502,64071,71022,78212,84957,85789,94289,107088,124259,124480,149898,162874,170671,185635,199656,254608,264599,285290,336598,474214,790945
196,39400,1802,455164,98641.2,100845,-13.0792,23.0415,-18.3087,-1.74583,-4.90638,-3.52474,-2.74508,-9.22726,3.73147,-18.086,21.1308,-38.1634,-24.5963,-35.45,-28.6219,-32.7263,-29.8471,-32.9449,-22.9097,-38.3936,-12.9246,-160.942,1802,4379,4815,9510,12190,12198,13073,17170,21810,22148,35046,50546,52246,53521,65984,82260,84395,90953,102558,123318,141875,146265,157262,160834,169594,169843,183732,247398,267347,455164
197,39600,292,753949,181935,181157,-11.0551,22.3285,-18.473,-1.54403,-5.00648,-4.02948,-1.88941,-9.83906,4.04957,-18.5066,21.1152,-39.4119,-23.8276,-35.0788,-29.4155,-32.2822,-30.5292,-32.7033,-23.6476,-38.4549,-14.0735,-160.186,292,736,9755,15861,23794,27990,38181,44775,51139,77303,79114,81924,82681,90604,133722,142655,150681,177395,178341,231357,231370,232259,252691,253119,309611,348598,384697,503041,550422,753949
198,39800,22811,780138,195630,195601,-7.22281,22.4241,-18.5536,-1.40838,-5.32436,-3.12064,-1.22104,-9.26322,4.27066,-18.9868,20.6785,-39.3323,-23.4356,-35.1099,-29.3384,-33.2425,-31.5267,-33.0518,-23.5161,-38.6597,-14.3055,-159.33,22811,31988,39367,46089,54475,56561,60353,61001,67491,80019,80140,81955,123436,127685,139712,145347,153321,166318,174478,178391,182886,183475,195847,263434,271366,327868,486748,627428,658784,780138
199,40000,373,751515,119740,151821,-8.91831,22.1416,-19.5375,-0.94465,-5.59369,-3.08328,-0.128052,-9.94838,4.44676,-20.3243,20.9873,-39.0017,-23.4295,-35.1309,-29.2473,-33.5022,-31.0838,-34.0384,-23.7282,-38.2111,-15.5055,-160.143,373,819,5575,17324,24389,29286,30747,31044,34361,40242,41615,42806,43129,46653,49153,62843,68701,100680,122001,123275,139854,144373,157792,162756,180463,194047,245559,334387,366430,751515
200,40200,11363,472466,160826,130735,-7.02717,22.1875,-20.2457,-0.136188,-7.73657,-3.40504,-0.282216,-9.92709,3.87854,-20.2637,21.291,-37.9396,-23.1828,-33.6061,-29.5174,-33.943,-29.7376,-34.3491,-24.0056,-38.4476,-14.6456,-162.206,11363,18300,29395,29766,31500,37042,39229,44618,60564,65832,82344,88319,90494,103534,103786,115218,120210,161317,177596,190060,196933,257248,264040,294227,337101,343739,348665,350825,359042,472466
