generation,agents,minScore,maxScore,meanScore,standardDeviation,w0,w1,w2,w3,w4,w5,w6,w7,w8,w9,w10,w11,w12,w13,w14,w15,w16,w17,w18,w19,w20,w21,s0,s1,s2,s3,s4,s5,s6,s7,s8,s9,s10,s11,s12,s13,s14,s15,s16,s17,s18,s19,s20,s21,s22,s23,s24,s25,s26,s27,s28,s29
0,200,1,17,6.36667,3.61494,0.419475,-0.302933,1.24016,-0.657164,0.201004,-2.15796,-1.23439,-2.64394,-2.32387,-0.797942,-0.563275,-0.734643,0.0487311,-0.613175,0.153618,-1.00565,-0.451038,-1.17411,2.31443,-4.68046,-0.347978,-3.37151,1,2,2,2,3,3,4,4,4,4,4,4,5,5,6,6,7,7,7,7,7,8,9,9,10,10,11,11,12,17
1,400,1,21,11.5333,4.51613,0.646994,0.830627,0.245931,0.701499,-0.545426,-3.3758,-4.89314,-3.66015,-4.45531,-2.83742,-2.60168,-3.46827,0.225671,-1.37406,0.7509,-4.65212,1.13522,-1.89806,-0.0396393,-4.2414,-0.764961,-5.97138,1,4,5,6,8,9,10,10,10,10,10,10,11,11,11,11,12,12,12,12,12,12,13,14,14,18,18,19,20,21
2,600,3,20,11.2,3.83631,1.35073,1.37212,-0.311741,-1.49768,-1.14134,-4.79131,-5.42743,-4.30297,-4.63378,-3.85642,-2.55407,-6.34665,1.52057,-3.82341,3.15531,-6.94019,-2.33628,-2.88819,-1.56319,-7.70159,-2.0991,-7.36388,3,5,7,7,8,8,9,9,9,10,10,10,10,10,10,11,11,11,11,12,12,13,14,14,15,15,16,18,18,20
3,800,7,54,24,9.7521,0.6122,0.408659,-2.68867,-5.19069,-3.8529,-7.504,-6.22121,-5.97026,-5.23655,-6.32234,-2.99704,-10.5162,0.00908286,-6.57145,3.13566,-8.72033,-3.15695,-4.65199,-1.6447,-6.759,-4.77216,-9.59235,7,8,10,11,15,16,17,19,19,21,22,22,22,23,24,24,24,25,25,25,27,29,29,30,30,32,36,36,38,54
4,1000,16,66,32.6667,14.3463,2.00099,0.135573,-2.50364,-6.18256,-3.34801,-8.35917,-5.40793,-9.18736,-7.67623,-7.73887,-1.55484,-11.3557,-4.97611,-7.80677,0.860375,-11.0342,-4.55479,-6.25234,-0.942809,-9.22494,-8.54347,-11.8066,16,18,18,19,20,20,20,21,21,21,23,24,25,26,27,28,30,31,35,37,38,40,43,44,47,49,52,60,61,66
5,1200,22,77,43.3,13.0573,-1.4703,-1.59034,-3.11372,-5.73238,-2.71778,-9.6111,-5.64982,-11.5147,-7.80331,-10.3736,-1.16704,-13.017,-7.29164,-8.02637,-2.85103,-11.9316,-7.44327,-10.3719,-5.16012,-10.3719,-11.6891,-12.2338,22,26,27,31,31,32,34,34,34,37,37,37,40,41,42,42,42,42,42,44,46,48,48,54,58,59,59,65,68,77
6,1400,26,128,63.2,28.4658,-3.49058,-2.75905,-4.5835,-7.94753,-4.83184,-9.42124,-7.67337,-12.1916,-7.96349,-10.0201,-1.89496,-11.806,-6.66516,-9.35893,-4.44081,-10.8038,-9.17999,-10.5773,-6.76535,-11.4706,-17.6083,-13.3712,26,28,32,33,35,40,41,44,46,48,50,51,53,53,57,58,59,59,59,60,64,69,82,84,90,101,103,116,127,128
7,1600,30,149,70.9,31.378,-3.32952,-1.82727,-5.7206,-8.72492,-5.02923,-10.3122,-9.42354,-14.452,-9.16848,-10.8378,-3.26267,-13.8691,-7.48383,-9.09215,-5.81994,-11.2216,-9.51288,-11.2879,-7.3296,-12.3358,-21.6048,-14.5328,30,32,34,38,41,41,43,44,49,49,57,59,60,62,63,68,71,72,74,74,79,82,84,88,95,114,120,123,132,149
8,1800,29,146,65.9667,38.5187,-3.496,-2.98621,-7.85431,-9.89748,-6.85779,-10.0975,-10.3356,-14.6441,-9.04296,-13.3121,-3.55744,-12.7221,-7.22616,-9.18356,-6.56432,-12.016,-9.5857,-10.0338,-9.06459,-11.0807,-23.7365,-15.389,29,30,30,32,33,33,34,35,35,36,41,41,43,45,47,48,57,58,61,72,84,85,86,90,115,124,128,139,142,146
9,2000,21,228,88.7333,40.4312,-1.33416,-1.97637,-9.12427,-12.2291,-7.80522,-10.3895,-9.88786,-13.9782,-9.22048,-13.2627,-4.3212,-14.2161,-8.0121,-9.85491,-6.76814,-12.8329,-9.84686,-9.66979,-10.3339,-9.40055,-25.1838,-17.3508,21,45,51,54,54,57,60,60,61,76,78,79,81,83,84,84,87,87,88,89,93,100,103,104,109,111,117,131,187,228
10,2200,32,171,98.5667,42.4781,-0.885776,-1.36806,-9.45024,-13.7076,-9.53986,-9.07555,-10.9005,-13.5316,-8.21749,-11.8175,-4.93672,-14.0189,-7.66372,-10.2728,-8.35151,-12.7207,-10.5128,-9.09314,-9.50848,-9.63721,-26.0315,-18.398,32,34,38,48,49,49,54,65,68,68,75,77,87,94,99,108,108,111,113,116,121,124,135,137,144,154,154,154,170,171
11,2400,28,191,100.633,47.1597,-0.771902,-1.62988,-8.94711,-14.0158,-9.27146,-10.3833,-10.6563,-12.6827,-8.22571,-13.3045,-4.57759,-12.9401,-9.07198,-11.6748,-9.4276,-12.946,-9.0568,-9.44574,-8.98638,-10.6565,-25.6854,-19.8533,28,39,43,53,53,55,58,61,63,64,68,72,76,78,90,99,101,107,112,123,135,137,143,152,153,158,160,162,185,191
12,2600,43,221,107.2,45.5112,-1.94218,-1.90213,-10.5835,-14.9795,-8.97569,-10.8148,-10.6521,-12.6333,-8.38088,-16.0987,-6.00747,-12.8724,-9.58879,-11.2552,-9.15464,-13.0067,-9.31031,-8.45496,-8.83531,-9.48558,-26.5967,-21.3924,43,53,58,64,64,64,67,69,76,77,85,86,87,90,95,97,98,106,110,113,115,140,140,152,153,154,157,188,194,221
13,2800,41,329,107.667,56.079,-0.21909,-1.33615,-12.5293,-14.2108,-8.27219,-10.0522,-11.6349,-13.5441,-8.96593,-16.1203,-4.20954,-12.8326,-9.76544,-12.4989,-8.32264,-14.1414,-8.92732,-9.58721,-8.69159,-10.6472,-26.4444,-23.6395,41,42,58,66,67,67,69,81,81,82,83,88,88,89,93,95,96,97,102,107,111,115,119,136,141,141,171,186,189,329
14,3000,42,649,161.233,114.754,1.30196,-1.36771,-13.3092,-16.2791,-8.6931,-10.9226,-11.6252,-13.0613,-8.71882,-15.3186,-3.53819,-12.756,-9.98226,-13.2836,-7.67926,-13.4239,-8.54538,-9.54852,-7.66494,-10.2386,-24.5085,-25.1209,42,52,57,72,73,83,84,89,92,93,94,95,117,125,134,145,155,161,168,168,193,200,201,235,238,245,256,258,263,649
15,3200,25,399,143.967,90.6439,1.34523,-1.79562,-15.5487,-16.0737,-8.54042,-10.3208,-12.9035,-13.1578,-9.85456,-16.0802,-3.98369,-11.0699,-11.2116,-12.3069,-7.50413,-12.4851,-10.2079,-10.7185,-7.96942,-9.7583,-22.5425,-25.9775,25,30,52,79,79,85,86,86,87,97,104,115,118,118,121,122,123,124,127,129,132,134,152,184,216,258,280,310,347,399
16,3400,65,346,171.567,67.8094,0.0485721,-1.74813,-16.0468,-16.4091,-8.8034,-11.1271,-14.1845,-13.5871,-9.74363,-16.1638,-3.74296,-11.8351,-11.9132,-13.6377,-7.31247,-13.5104,-9.71121,-10.1385,-7.95175,-9.72388,-21.7986,-27.6587,65,80,88,97,99,103,121,128,128,130,134,143,154,160,160,174,177,178,185,187,189,192,192,212,219,266,274,280,286,346
17,3600,51,728,212.633,166.834,1.5502,-1.41974,-15.9784,-16.0619,-9.51445,-11.8768,-13.7383,-13.6611,-9.66128,-16.3244,-3.20307,-10.7071,-11.6321,-14.3193,-6.81241,-12.9741,-9.24272,-9.72809,-7.94665,-8.91309,-23.0031,-30.5191,51,58,73,76,80,81,82,92,110,114,120,129,140,144,144,159,163,165,183,199,211,276,291,328,337,391,393,425,636,728
18,3800,67,1462,358.367,289.81,3.22572,-1.3983,-16.6663,-16.2194,-10.2091,-12.0394,-14.2162,-14.05,-11.614,-16.6587,-2.14818,-10.4079,-12.1521,-13.5847,-6.31785,-11.5629,-10.0742,-9.82848,-7.67166,-9.83028,-21.6879,-32.3729,67,102,107,114,119,120,129,138,169,175,175,235,235,291,316,321,349,352,361,393,397,415,428,438,525,594,604,713,907,1462
19,4000,88,1068,298.833,208.587,0.81665,-0.899217,-16.2301,-16.6676,-9.04449,-12.5693,-12.9,-14.2563,-11.6363,-16.6644,-2.48683,-10.7324,-12.0068,-13.8275,-6.41968,-11.4965,-9.80707,-9.70209,-8.28195,-10.2138,-21.5018,-34.41,88,106,132,134,142,150,156,171,173,175,177,180,181,214,248,251,257,260,268,279,302,318,345,402,469,553,569,596,601,1068
20,4200,107,1322,497.433,332.507,3.04847,-1.1075,-16.1787,-17.8446,-9.2587,-13.2561,-12.3552,-15.001,-11.8608,-15.9154,-2.8911,-10.2956,-11.5953,-14.0285,-6.58083,-10.5582,-10.1743,-10.487,-8.162,-9.77833,-21.8036,-35.7097,107,129,149,151,163,175,225,259,272,289,290,306,321,389,398,440,471,530,531,554,598,616,623,717,812,843,944,980,1319,1322
21,4400,95,1442,484.867,372.807,1.92622,-0.921014,-16.2979,-17.5037,-10.128,-13.4284,-12.7207,-14.3258,-12.881,-16.2386,-2.2737,-10.695,-12.1989,-14.0182,-7.29905,-10.6285,-9.68705,-11.1311,-7.68582,-10.297,-20.872,-37.0886,95,106,111,136,137,184,185,202,222,248,261,295,329,373,415,428,434,468,471,489,500,557,566,664,694,905,1009,1221,1399,1442
22,4600,168,1865,571.967,420.433,-0.396128,-0.879386,-16.3878,-16.8964,-11.1165,-12.7535,-12.5036,-13.0935,-14.5232,-16.8294,-1.50037,-10.0646,-12.7721,-13.8065,-7.34597,-11.615,-9.06943,-11.5734,-8.13728,-11.5437,-20.1953,-39.544,168,180,184,194,203,205,206,303,319,332,338,394,403,429,458,461,478,497,502,522,593,669,687,742,804,1106,1152,1279,1486,1865
23,4800,95,3662,644.2,693.077,0.275729,-0.540104,-16.801,-15.8861,-11.0616,-11.6133,-13.7411,-12.3212,-13.1202,-15.9076,-1.36035,-9.60433,-11.7204,-13.4284,-7.65605,-11.1467,-9.51164,-11.3546,-8.42501,-11.3948,-20.1473,-41.9752,95,99,114,167,209,226,228,244,249,315,352,369,380,406,408,567,576,582,605,675,695,700,740,782,787,841,999,1279,1975,3662
24,5000,78,2052,589.4,496.613,0.503844,-0.0487348,-17.0317,-15.8115,-10.1561,-11.2498,-13.6045,-11.4461,-13.5746,-17.3953,-1.17091,-9.88162,-11.0681,-13.1685,-7.97707,-11.3965,-9.83552,-11.9995,-8.38557,-12.4772,-18.9137,-42.5825,78,112,126,143,166,209,243,253,282,294,311,326,376,385,392,395,437,472,539,607,661,674,687,929,1035,1048,1264,1547,1639,2052
25,5200,166,1544,548.533,364.156,0.627391,0.102752,-15.8877,-16.0162,-9.54241,-11.976,-12.8637,-10.9031,-14.1064,-17.5961,-0.770819,-11.0918,-11.6574,-13.1169,-8.20871,-10.8401,-9.67242,-11.8709,-8.59935,-13.3405,-19.2421,-44.6824,166,186,197,220,226,231,242,266,277,301,324,379,383,386,399,444,474,500,502,634,646,683,781,783,815,937,976,1126,1428,1544
26,5400,142,2425,866.267,702.995,1.70648,0.607278,-15.8539,-16.0824,-9.80444,-11.5561,-13.2935,-11.0307,-13.7229,-18.2658,-0.0998411,-10.3743,-12.0798,-12.3773,-8.32233,-12.831,-10.3179,-11.8926,-9.91604,-14.3119,-17.5535,-46.3206,142,151,178,184,200,281,309,323,347,388,403,437,453,470,478,715,743,789,822,1014,1128,1211,1232,1404,1438,1660,2157,2176,2330,2425
27,5600,88,3931,1066.73,922.771,2.51958,0.780957,-16.2115,-16.7989,-10.8416,-11.6967,-13.6674,-10.4662,-14.1017,-18.4214,-0.277497,-11.7838,-11.9245,-12.4287,-9.59826,-12.6823,-11.1152,-11.5707,-9.7786,-13.2272,-17.0136,-47.4945,88,137,159,180,214,231,371,399,448,460,497,544,571,764,808,933,943,970,1183,1220,1257,1308,1310,1581,1760,2044,2313,2374,3004,3931
28,5800,100,3094,1155.83,835.098,1.77722,-0.599324,-16.5511,-17.7298,-11.1504,-13.7069,-13.2744,-11.5169,-14.056,-18.2665,-0.367384,-11.7925,-12.1309,-12.0907,-10.0835,-12.9757,-11.5353,-12.4232,-10.4694,-12.4616,-17.5239,-48.8388,100,155,229,245,297,309,453,511,530,578,677,679,801,902,940,1093,1109,1125,1292,1303,1395,1529,1545,1930,2009,2090,2366,2489,2900,3094
29,6000,69,7256,1699.23,1617.7,1.89809,-0.310056,-17.1046,-16.8651,-10.5387,-13.4691,-13.4301,-12.085,-13.8651,-18.4545,-0.907642,-11.852,-12.322,-11.8342,-10.6601,-12.7596,-11.1142,-11.2486,-10.181,-12.4997,-16.9719,-49.9134,69,257,301,311,434,492,616,732,811,839,861,1125,1146,1218,1253,1361,1464,1611,1663,1677,1791,1820,1849,2059,2455,2627,3162,3437,6280,7256
30,6200,62,3834,1523.33,1182.46,0.719664,-0.78438,-16.9727,-17.6011,-10.5823,-13.5401,-12.9626,-12.8361,-12.8948,-18.2124,-1.71652,-12.2089,-12.7188,-12.0322,-11.1512,-12.4829,-11.8572,-12.8302,-10.9566,-13.0162,-16.1128,-51.0189,62,120,225,294,296,323,352,396,623,860,903,1044,1072,1075,1190,1270,1367,1381,1526,1714,1804,2184,2599,2690,2708,2828,3518,3638,3804,3834
31,6400,137,4339,1147.03,1052.44,0.631057,-0.928549,-17.6154,-15.8146,-10.6253,-14.5125,-12.4285,-13.1815,-12.3904,-18.3444,-1.73131,-11.6469,-12.6699,-12.5734,-10.6599,-12.7376,-12.26,-13.0575,-11.5801,-13.8456,-16.2843,-52.8481,137,188,190,228,234,364,389,403,411,461,519,600,641,666,768,795,807,867,1062,1078,1339,1381,1419,1704,2185,2492,2694,2724,3326,4339
32,6600,140,4196,1473.63,1150.09,-0.0645476,-1.7499,-19.0803,-15.7448,-10.0134,-14.1566,-13.3603,-13.4928,-13.1356,-19.4087,-1.66273,-11.7043,-12.0571,-12.0043,-11.4237,-12.8937,-12.8119,-12.804,-12.0446,-13.7734,-16.1528,-54.16,140,297,320,351,363,406,468,538,599,688,749,754,858,947,969,1070,1107,1411,1591,1607,1860,2099,2369,2653,2786,3013,3177,3296,3527,4196
33,6800,83,8669,1563.07,1876.88,-1.44981,-2.16009,-17.7082,-15.714,-10.1908,-14.794,-13.5486,-11.8311,-13.6096,-18.5053,-2.04989,-12.1986,-11.8768,-12.6877,-11.6371,-13.11,-12.4044,-11.4954,-11.5728,-13.3186,-15.7119,-56.4526,83,126,233,299,305,306,308,314,382,392,408,468,579,657,685,787,1045,1241,1245,1367,1586,2213,2487,2697,2763,2771,3181,3736,5559,8669
34,7000,235,5495,2244.9,1426.05,-1.55689,-2.63824,-17.6107,-15.7043,-10.9432,-14.4171,-13.7776,-13.5131,-13.1604,-18.7933,-1.98855,-12.5274,-11.648,-13.4338,-12.0553,-13.4547,-13.1455,-11.9325,-11.4842,-13.6,-14.1066,-57.4739,235,402,419,515,579,874,874,909,947,1255,1314,1672,1842,1889,1940,2017,2169,2672,2722,3217,3223,3246,3407,3633,3710,3754,3858,4015,4543,5495
35,7200,125,10087,2619.03,2365.74,0.195737,-2.59144,-18.1853,-15.4489,-11.9671,-14.8629,-12.4311,-14.5609,-12.9177,-18.9987,-1.38467,-13.0543,-12.8061,-13.0255,-12.4335,-14.2603,-13.7516,-12.8248,-12.7988,-15.049,-13.2651,-60.2711,125,177,264,265,291,486,630,719,1015,1086,1363,1490,1534,1786,2051,2210,2676,2686,2737,2813,2994,3669,3840,4099,4401,4548,4773,5696,8060,10087
36,7400,247,8291,2544.7,2265.85,-2.05615,-2.97826,-17.6655,-15.8618,-12.4382,-15.2757,-12.6465,-13.3303,-13.1499,-17.8734,-1.96591,-12.8646,-12.9168,-11.2667,-12.7169,-13.3856,-14.5267,-12.8467,-12.6007,-15.6076,-12.8593,-62.127,247,249,539,540,728,761,804,904,912,958,1086,1198,1206,1243,1338,1416,1945,2367,2523,2748,2767,2953,3533,4815,5135,5874,6291,6296,6674,8291
37,7600,157,8539,2540.53,1948.39,-0.742437,-2.89565,-16.8716,-15.0526,-12.1537,-14.7966,-12.409,-13.4234,-13.9673,-17.8981,-1.95824,-13.4307,-13.123,-11.9324,-12.0628,-13.8703,-15.6152,-13.3492,-13.4669,-15.6189,-13.0691,-62.2807,157,350,401,552,699,813,941,1282,1342,1494,1682,1697,1710,1743,2098,2243,2434,2628,2636,2859,2870,2942,3048,3326,3655,4973,5154,5701,6247,8539
38,7800,140,7825,2435.03,1837.94,-1.61149,-2.41782,-17.9503,-14.3907,-12.5282,-14.2461,-11.3036,-14.1948,-14.9502,-18.2218,-1.00361,-13.7991,-13.2645,-12.6014,-12.7967,-13.1153,-14.7691,-13.6305,-13.2085,-16.4554,-13.1314,-64.1116,140,188,265,337,607,940,1118,1364,1415,1503,1527,1590,1741,2089,2147,2205,2326,2451,2627,2630,2703,2989,3404,3435,3649,3722,4182,4678,7254,7825
39,8000,55,12448,2987.63,2469.07,-1.00468,-2.80972,-18.2646,-13.0391,-12.4834,-14.0519,-11.158,-14.8618,-14.7785,-17.8101,-1.22887,-13.3888,-13.0935,-12.2599,-12.1825,-13.7094,-14.9136,-13.2603,-13.1813,-16.4458,-12.9318,-64.7595,55,207,227,342,351,1277,1365,1409,1417,1941,1986,2077,2127,2271,2283,2654,2766,3255,3288,3640,3664,3794,4220,4230,4414,4690,5091,5393,6747,12448
40,8200,155,8070,2553.53,2308.02,-1.53438,-2.4521,-18.7547,-13.7576,-12.52,-13.9526,-11.6949,-15.2305,-15.1193,-17.3388,-1.94572,-12.6861,-13.1292,-11.3017,-12.6407,-14.3124,-14.721,-12.9315,-13.4768,-16.5547,-12.2591,-65.8618,155,213,231,244,269,398,521,645,820,1266,1312,1517,1576,1714,1744,1818,1978,2020,2058,2212,2693,3860,4435,4609,4831,5534,6366,6596,6901,8070
41,8400,42,16440,3187.57,3430.01,-2.73955,-2.07311,-18.528,-13.6445,-13.4415,-13.6444,-13.2654,-15.7396,-15.6142,-16.9637,-2.11484,-13.8345,-12.8175,-11.6256,-12.9237,-13.8073,-14.5544,-13.604,-13.902,-15.547,-11.6826,-66.5575,42,128,314,378,413,601,797,973,1077,1131,1353,1358,1790,1876,1905,2109,2424,2457,2962,3569,3736,3831,3890,4861,5999,6500,6841,7378,8494,16440
42,8600,300,7542,3258.93,2245.77,-1.96127,-2.50874,-18.4223,-13.7228,-13.8198,-13.4585,-12.8948,-15.1456,-14.5766,-17.2923,-1.79964,-13.6868,-12.3002,-12.6248,-12.592,-14.1451,-14.7328,-13.27,-12.7297,-16.3379,-12.69,-68.425,300,472,508,534,538,733,1634,1852,1903,1969,2035,2102,2376,2378,2380,2612,2848,3222,3435,3967,4647,4707,5132,5418,5481,5635,6662,7361,7385,7542
43,8800,533,17794,3372.07,3364.38,-1.30456,-2.47143,-18.6372,-12.5993,-13.459,-14.3209,-12.2018,-15.5856,-13.4868,-17.9631,-1.07456,-14.2522,-11.8838,-12.6681,-12.6664,-13.0024,-14.0547,-12.234,-12.5688,-16.5414,-13.5618,-69.8416,533,616,668,929,1116,1280,1466,1486,1656,1724,1948,2067,2190,2440,2464,2639,2693,2911,3079,3185,3263,3322,3526,3878,4114,5755,5996,7667,8757,17794
44,9000,201,9173,3603.4,2799.26,-2.30659,-1.94157,-17.7612,-12.6716,-13.1351,-14.3746,-12.8921,-15.5596,-13.6549,-19.2424,-0.361766,-14.4163,-11.9585,-12.6099,-12.8094,-12.3666,-15.3541,-12.6116,-12.0808,-17.9445,-13.3076,-71.0506,201,683,962,1040,1059,1185,1316,1357,1639,1763,1871,1929,1977,2342,2347,2776,3056,3227,3364,3417,3922,4289,5568,7028,7392,7530,8281,8566,8842,9173
45,9200,283,10228,3285.5,2522.98,-2.19271,-1.25887,-17.8379,-13.2984,-12.7841,-13.2334,-11.6492,-15.175,-13.3775,-19.2381,-0.308029,-14.6191,-12.0094,-12.6245,-12.1729,-13.219,-14.8988,-13.1175,-11.331,-18.1002,-12.3839,-72.0825,283,378,501,556,733,785,1090,1442,1642,1727,1810,1870,2245,2361,2553,2774,3306,3483,3535,3998,4404,4467,4758,4927,5001,5596,5832,7558,8722,10228
46,9400,118,15556,4420.7,3569.39,-0.316755,-1.97971,-16.7101,-12.8297,-13.6895,-13.5572,-12.1241,-15.0227,-12.372,-19.2233,-0.037127,-14.3626,-11.7206,-12.4292,-11.5407,-13.1944,-14.2559,-15.7078,-10.1178,-18.9988,-12.3318,-73.9194,118,139,190,955,1201,1210,1247,1284,1783,1928,2513,2601,2619,3423,3856,3885,3935,5333,5395,5523,5559,6171,6554,6720,6809,7840,7969,9999,10306,15556
47,9600,138,7827,2519.67,2168.01,-0.571998,-1.09149,-17.2841,-12.8626,-14.1529,-13.5661,-11.483,-14.7415,-12.8281,-19.7567,-0.530943,-14.4941,-12.7989,-12.1296,-12.2255,-12.4847,-13.2954,-15.6099,-10.639,-19.6925,-12.7958,-75.4891,138,287,317,378,383,557,668,669,755,797,841,1217,1470,1486,1764,1956,1963,2038,2773,3283,3910,3982,4167,4472,4564,4701,5662,5964,6601,7827
48,9800,221,15781,4195.63,3921.44,-0.257774,-1.48585,-17.8587,-12.9831,-13.9666,-12.7537,-12.1459,-15.2579,-12.4031,-18.0801,-0.764722,-15.6301,-12.1902,-12.2821,-12.784,-13.2845,-14.1431,-15.5556,-11.4927,-19.3605,-11.6346,-76.4957,221,704,850,899,1050,1068,1238,1750,1774,1854,1993,2005,2192,2389,2443,2899,2945,3655,4206,4232,4259,4705,4872,5034,8702,8890,10007,10138,13114,15781
49,10000,370,14722,3200.33,3486.09,-2.29104,-1.06193,-18.6877,-14.1663,-13.748,-13.0105,-12.126,-15.2542,-12.467,-18.6909,-0.721996,-16.0668,-13.2497,-12.6297,-13.49,-13.8522,-13.8896,-16.3163,-10.9704,-19.736,-12.482,-78.2845,370,396,397,534,592,662,690,698,870,1277,1371,1447,1653,1892,2139,2259,2401,2550,2771,2878,2915,3783,3798,4374,4376,5490,7213,9954,11538,14722
50,10200,249,14397,4344,3809.55,-1.24054,-0.698545,-19.143,-13.0089,-14.3385,-13.021,-12.5521,-15.3525,-11.2,-17.7908,-0.891989,-16.9464,-12.1168,-13.2517,-13.5344,-14.8687,-13.7826,-17.5117,-12.1899,-19.417,-10.663,-79.1062,249,263,314,456,570,607,680,900,1344,1613,1644,1764,1888,3182,3503,4347,4369,4456,5797,6103,6192,6444,6464,6618,7310,7387,8240,10739,12480,14397
51,10400,127,27793,5506.63,5630.91,-0.402494,-0.913267,-19.4303,-13.4366,-14.8717,-13.3134,-12.9806,-15.6267,-10.4914,-18.2077,-0.629922,-17.4434,-12.7207,-13.8788,-13.9028,-15.3425,-14.3224,-17.6419,-12.3098,-20.5623,-10.3569,-81.5919,127,306,852,1010,1061,1071,1640,1752,2175,2258,3026,3181,3190,3550,3774,3932,4541,4995,5323,5394,5513,5636,7217,8368,9647,9775,11102,12519,14471,27793
52,10600,437,9221,3680.8,2837.24,-1.37995,-0.105625,-17.8219,-13.0614,-13.301,-12.5017,-13.8065,-14.3474,-9.8697,-18.6699,0.56884,-18.3265,-13.2682,-14.742,-13.6587,-15.4649,-16.0343,-17.5015,-11.929,-20.0889,-11.4916,-81.1457,437,466,620,839,1047,1122,1174,1273,1430,1453,1654,1789,1802,2731,2993,3192,3565,3675,4059,4201,4280,5139,5586,6334,6623,6802,8837,8946,9134,9221
53,10800,250,11784,4414.77,3694.9,-0.889381,-0.606692,-17.1739,-12.7018,-13.3666,-12.5104,-13.6725,-13.8455,-9.22518,-18.1052,0.826682,-19.0781,-12.4239,-15.2553,-14.3159,-15.7744,-16.207,-18.0022,-12.8781,-19.7054,-11.4822,-82.7744,250,592,1008,1027,1135,1244,1263,1334,1450,1546,1659,2329,2459,2836,2877,3047,3144,3746,4402,4914,5269,6403,6925,7880,9285,9583,10695,10908,11449,11784
54,11000,538,23323,7765.9,6300.71,-0.0375773,-0.674938,-16.9922,-11.7898,-13.5248,-13.2433,-13.0555,-13.983,-9.83336,-18.9495,0.490275,-18.8699,-13.837,-15.5914,-14.2892,-15.7368,-17.6799,-19.3362,-13.0605,-19.7535,-11.1111,-82.9798,538,546,644,671,982,1215,1275,1565,1855,3041,4033,5052,6815,7082,7085,7315,7904,8199,8390,8944,9529,9818,12753,13667,14132,14337,14665,16582,21020,23323
55,11200,79,19308,5131.27,4862.51,3.88549,-1.12467,-17.5428,-11.2787,-12.6693,-13.2116,-12.9428,-14.0977,-10.4048,-20.214,1.11605,-18.3857,-14.15,-15.4096,-14.3687,-16.7261,-18.0106,-18.2098,-13.4764,-19.4455,-12.0144,-83.5164,79,695,876,1177,1479,1504,1967,2151,2460,2528,2730,2903,2911,3163,3673,3784,3870,4051,4387,4990,5204,5226,5566,6249,6311,10232,13446,13742,17276,19308
56,11400,117,15154,5259.23,3929.26,3.28815,-1.22172,-17.4896,-10.9713,-12.6071,-12.6264,-12.5134,-13.4,-10.4216,-19.2644,1.58916,-18.5832,-12.8288,-15.6612,-15.0575,-17.5289,-16.6105,-18.3038,-13.0251,-19.1982,-11.333,-83.7772,117,277,740,779,834,1067,2377,2491,2695,2836,2914,3217,3980,4091,4441,4543,5481,6396,6423,6447,6685,6777,7295,7899,8275,8437,9087,11421,14601,15154
57,11600,237,19709,6754.83,5437.22,5.09986,-0.873618,-17.8525,-10.1458,-12.2244,-12.4289,-12.9285,-13.3302,-10.8915,-19.3379,1.57924,-18.9895,-13.2832,-16.6166,-15.3148,-17.6167,-16.7112,-17.2858,-13.0327,-20.2641,-11.015,-84.888,237,489,573,1013,1249,1514,1538,2013,2495,2826,3457,4258,4261,4487,5204,5269,6928,7072,7983,8274,8492,8720,10870,10943,12400,13397,14215,16031,16728,19709
58,11800,206,16313,4638.47,4449.2,4.66288,-0.608538,-17.8562,-11.1889,-11.0563,-11.6013,-11.8758,-13.5229,-11.3949,-18.6099,2.46494,-19.6467,-12.9047,-16.7488,-14.476,-15.9279,-17.0072,-18.5475,-13.2221,-20.9317,-12.8476,-85.1355,206,447,718,719,775,969,1272,1400,1565,1804,2080,2155,2269,2389,2553,3015,3384,3620,3776,3857,5290,5562,6847,8819,9768,10330,11545,11674,14033,16313
59,12000,1241,18026,6379.6,4660.45,4.10613,0.535866,-17.5035,-11.7048,-11.3229,-11.3571,-12.0739,-12.8025,-10.8489,-18.8095,2.34448,-19.3033,-13.3595,-17.8002,-14.7381,-16.5036,-17.181,-19.6103,-12.9627,-19.8517,-13.2078,-84.991,1241,1376,1588,1716,2027,2343,2552,2607,2782,2994,3268,3468,3731,4051,4167,4360,5484,6242,6356,7768,8517,9784,10122,10879,11281,11549,11848,14522,14739,18026
60,12200,430,9024,2909.17,2174.03,3.45617,0.73564,-17.3696,-11.2248,-13.0265,-11.1422,-10.9166,-12.3658,-10.2084,-20.085,3.22084,-20.3376,-12.1235,-18.1436,-16.1808,-18.7483,-17.1037,-19.9182,-12.1924,-19.8398,-12.5591,-87.2485,430,605,770,982,1095,1190,1242,1266,1274,1363,1524,1797,1823,2116,2245,2322,2428,2759,2984,3197,3709,3750,3969,4274,4313,4705,5348,6521,8250,9024
61,12400,116,17721,4429.63,3907.02,3.1598,1.60347,-16.7731,-11.5724,-14.0082,-11.0041,-10.8027,-13.2041,-10.2798,-21.0879,1.89372,-21.4783,-12.9297,-18.1849,-16.1571,-18.5609,-18.6248,-21.1341,-13.2443,-20.2766,-13.0523,-88.5959,116,161,175,475,481,1552,1621,2291,2362,2466,2659,2735,3085,3185,3213,3371,4006,4358,4422,4809,4992,5197,5354,5933,7101,7533,8771,10218,12526,17721
62,12600,334,20749,7189.8,5998.24,3.24506,0.426332,-16.181,-11.0974,-15.1098,-11.7333,-11.1789,-12.967,-10.7211,-20.7252,2.14557,-22.7859,-13.393,-18.9196,-17.4357,-18.054,-17.9393,-19.5237,-13.7069,-21.1906,-12.5188,-90.2407,334,426,1279,1752,2016,2258,2321,2462,2481,2698,2710,3938,4518,4755,4854,6291,6636,6914,7005,7233,7914,8048,8241,14492,15087,16179,16625,16756,18722,20749
63,12800,181,18956,5738.3,5470.34,7.53709,0.820539,-15.6572,-10.031,-14.6943,-11.5446,-11.0004,-13.8295,-10.5747,-19.7108,3.28492,-22.8167,-12.7889,-20.1375,-17.8345,-18.6776,-18.0553,-18.988,-12.8785,-21.4174,-13.3703,-90.667,181,310,380,519,891,919,1008,1029,1439,1569,1979,2001,2165,2409,3580,3906,5054,5687,6108,7520,8752,9081,9127,9363,10461,12170,13802,14136,17647,18956
64,13000,112,19104,5527.87,4639.19,8.36672,0.848301,-14.7806,-9.66439,-13.9043,-11.9563,-10.6791,-12.9717,-10.2635,-19.8559,3.71049,-22.7683,-12.9279,-21.029,-18.4418,-18.5009,-17.8736,-18.7979,-12.1174,-22.2375,-12.7044,-91.4168,112,449,814,1405,1798,1860,2032,2303,2423,2450,2816,3018,3172,3493,3547,3771,4224,4422,5148,5395,7277,8007,8016,9254,9670,10805,12711,12811,13529,19104
65,13200,1163,42561,9410.5,8894.56,0.363757,0.909426,-15.9499,-8.3578,-13.2085,-12.5612,-9.77056,-12.2253,-10.3769,-19.6418,5.09812,-22.8444,-12.5106,-20.2964,-19.1844,-18.0074,-18.5127,-20.1687,-12.0058,-22.6753,-12.4901,-92.6529,1163,1735,1800,2064,2268,2366,2367,2578,2941,3279,3931,4141,5218,5343,5753,7438,7725,10036,10547,11621,11966,12195,12994,13049,13659,16766,20341,21689,22781,42561
66,13400,188,20731,6651.77,5669.44,2.72776,1.51282,-16.2285,-8.31485,-12.5028,-12.2255,-8.7711,-11.2306,-9.79644,-19.6436,5.04679,-22.0223,-13.3335,-20.3211,-19.8437,-18.8258,-18.1421,-20.1582,-11.6141,-23.3177,-11.5814,-93.2224,188,289,303,700,1261,1292,1479,2397,2607,3265,4146,4309,4793,4873,4935,5349,5498,5580,6208,6554,6568,9665,10051,10826,11284,15190,15525,16205,17482,20731
67,13600,318,43961,11031.3,10882.8,1.2624,2.0567,-15.1214,-8.29159,-12.4599,-12.1878,-8.56677,-10.765,-9.62286,-19.4924,5.19329,-21.7426,-14.3041,-19.6349,-18.8621,-18.2551,-17.9419,-21.3478,-12.5685,-22.9907,-10.5522,-95.4691,318,389,404,1858,2318,2435,3096,3465,3653,4020,4227,4786,6127,6310,6626,6718,6803,8688,9246,10585,13040,14361,15709,18554,21765,25295,27505,28577,30099,43961
68,13800,467,46467,10040,11528.3,-0.277039,3.16075,-15.4243,-7.87786,-12.3303,-11.0903,-8.2002,-10.1313,-9.50259,-19.0479,5.07367,-21.5316,-14.1863,-20.4983,-19.8255,-18.3759,-17.4475,-21.1519,-12.4487,-22.9576,-10.2672,-96.0277,467,836,1051,1965,2128,2246,2270,2799,2883,3023,3408,3421,4154,4436,5058,5360,5797,6576,7986,8709,9973,11905,13289,16564,17771,18722,20291,34191,37455,46467
69,14000,265,41428,12309.8,11570.7,-1.11605,3.59895,-14.5527,-7.91783,-11.2883,-10.5189,-7.95821,-8.39096,-9.07836,-19.714,4.91176,-22.5239,-15.0602,-20.2429,-19.5614,-18.4583,-17.7613,-21.3668,-12.0425,-22.8947,-8.93688,-96.825,265,577,844,990,1223,1467,1502,1523,3067,3747,4925,7307,7623,9104,9264,9377,9486,10066,12976,13449,13456,16705,18871,19022,28941,29226,30097,31230,31536,41428
70,14200,665,39729,13689.8,10287.6,-0.21418,4.01073,-13.9722,-7.71573,-10.2931,-9.59569,-7.16986,-8.05333,-7.82241,-17.2575,5.27642,-24.2006,-15.6897,-19.8776,-19.1113,-18.7788,-17.7255,-22.2013,-11.5751,-22.526,-8.9181,-97.8824,665,1676,1779,3068,3140,3667,4564,5064,5581,6831,7612,7898,8216,9039,10666,10769,13132,14167,15348,18480,19582,20035,22401,22807,23608,24191,24603,30886,31489,39729
71,14400,417,65721,18472.1,15586.3,-0.344,5.14088,-13.9038,-6.42517,-9.20333,-9.27162,-7.34706,-6.17689,-6.81212,-17.0892,5.86677,-23.1734,-15.2666,-19.906,-19.0422,-19.0075,-18.3711,-20.8577,-12.3205,-22.3738,-9.12177,-98.9843,417,858,2813,2988,3737,3773,6518,6884,7654,9669,11756,12049,16084,16563,17478,18177,18345,18600,18854,19136,20177,20952,22048,22238,23811,28808,33408,51141,53506,65721
72,14600,295,99791,30268.6,24880,-2.40121,5.71173,-13.2668,-6.21488,-8.45745,-8.23962,-6.22364,-6.53095,-6.38976,-15.5606,6.29317,-24.3382,-15.1228,-20.3989,-19.873,-19.7582,-18.6865,-20.4447,-12.6473,-22.813,-9.45912,-99.367,295,1449,3209,3725,6245,8293,11001,11245,12588,15196,18547,19477,20720,21697,22166,23790,24865,26914,27547,30132,34450,47836,48258,50432,51983,57232,60173,73693,75108,99791
73,14800,2033,107227,29559.1,27397.2,-1.4881,7.2727,-14.3314,-5.04072,-7.18753,-8.18394,-6.22099,-5.86427,-6.43212,-15.5522,7.14716,-24.574,-15.5596,-20.3398,-19.0936,-19.1176,-18.0766,-19.6311,-12.4272,-23.5497,-9.62943,-100.247,2033,3445,7717,7758,8309,10190,10255,10264,10333,11524,13124,13612,14323,14514,19340,19602,21125,22606,25875,27160,34791,36130,45290,50502,50700,52728,66646,68591,101058,107227
74,15000,131,93589,29399.4,25978,-5.0125,7.28082,-13.7069,-5.41217,-7.06744,-8.67063,-5.44827,-5.60548,-5.66402,-15.4026,7.50276,-24.4995,-16.102,-21.0923,-19.8708,-19.9685,-17.0532,-20.105,-13.1049,-23.1459,-9.71608,-101.377,131,234,2203,2999,5404,6594,13320,14190,16098,16400,17468,17490,17710,20390,21087,21869,21891,22626,22841,23125,29656,32367,47379,47652,50017,61415,68747,79328,87761,93589
75,15200,326,219972,47385.6,51396.2,-2.07112,7.39798,-13.0089,-4.63431,-5.94215,-8.15069,-4.28956,-5.72016,-3.97639,-15.417,8.28752,-26.334,-15.6313,-20.0071,-20.5386,-21.0972,-18.7171,-20.8074,-14.0894,-23.0094,-9.6144,-101.585,326,1918,2388,3012,3204,4452,8590,8832,11505,13159,15457,15983,19275,19442,21710,27680,37175,38314,53892,56426,61494,70856,78418,83391,89986,91261,96966,118862,147621,219972
76,15400,1498,155245,48214.4,35974.3,-0.242987,7.76628,-12.736,-3.88947,-6.32648,-7.71783,-3.68779,-4.36891,-3.68798,-14.4689,9.234,-25.7705,-15.0504,-20.715,-20.9921,-21.1366,-19.1447,-20.7923,-13.772,-22.5641,-9.19421,-103.039,1498,4106,11742,14237,14789,17312,20168,20865,20943,23590,27533,30455,31493,36841,36843,37237,43304,53133,53610,56329,58084,64494,69172,71485,82875,87294,88072,92255,121428,155245
77,15600,725,255053,60574.5,64512.7,-2.70011,8.10665,-12.3589,-2.99281,-6.1956,-7.17338,-2.8828,-4.18234,-1.72808,-13.573,9.01244,-25.3838,-14.5057,-20.4291,-20.3593,-20.9533,-19.0283,-20.8167,-13.2737,-22.9316,-8.49959,-104.266,725,1184,2913,5841,10804,12410,13951,15757,19038,19060,22143,27613,30708,33282,33682,44026,46773,49456,65225,65649,66677,73427,84632,88170,93951,102912,132521,160782,238870,255053
78,15800,293,303830,63678.4,79086.9,-5.94674,8.51554,-12.5802,-2.71785,-6.03587,-7.24385,-3.08765,-5.63848,-2.77171,-13.6083,8.86643,-26.5043,-14.4592,-20.229,-20.4445,-21.0164,-19.7207,-20.8043,-13.9033,-23.1461,-9.54525,-105.589,293,408,1956,3633,4036,5540,9630,11004,11610,13249,14358,17117,26468,27794,30557,37978,45011,45459,53975,57404,59581,75111,100625,105845,111439,112746,137513,206088,280094,303830
79,16000,939,260854,72299.2,64626.8,-6.49836,9.09737,-11.7476,-2.94886,-6.26535,-5.82034,-3.52214,-6.47797,-2.0351,-14.1175,9.4957,-26.4979,-15.1127,-20.1783,-19.8422,-21.6256,-19.3031,-21.2737,-15.2625,-23.606,-8.64251,-107.554,939,9387,12108,14617,14897,15656,20112,20821,22398,24306,24405,25041,36560,38259,57372,59726,62213,62934,66911,78703,82841,109305,118102,135600,149156,159062,159419,163634,163637,260854
80,16200,105,363035,74205.9,80656.3,-5.0875,9.49677,-12.1598,-2.3473,-5.29016,-5.96526,-4.54684,-7.25237,-2.09052,-14.0059,10.5588,-27.9296,-15.4919,-20.0759,-20.8845,-21.8367,-19.5371,-21.9793,-16.3158,-24.0137,-8.14438,-108.369,105,2684,3489,6040,7380,11986,14784,15987,18427,38765,41828,41970,48166,49705,50124,55328,56936,58662,63160,73108,80073,84662,93479,93562,99589,131366,167160,221450,233168,363035
81,16400,226,321576,69407.4,69421.5,-7.62787,9.27971,-11.2333,-2.56703,-5.88959,-4.65873,-3.63095,-5.95091,-1.27226,-15.2562,11.3435,-26.8461,-15.8444,-20.6146,-19.6326,-21.4976,-19.4028,-23.3807,-16.2349,-24.6856,-7.44175,-109.469,226,4359,4751,6170,8715,9290,12043,12622,15678,22543,23443,30519,36844,38601,54956,61696,64469,69281,74699,76045,88880,103653,104719,111024,123073,141882,144695,151111,164659,321576
82,16600,1025,508342,111944,116293,-5.16099,10.3796,-12.333,-1.17018,-6.73308,-4.51824,-2.66547,-5.50678,-0.752607,-15.6823,12.3826,-26.826,-16.5801,-20.9406,-19.3957,-20.9799,-19.5138,-23.9365,-16.1708,-24.2267,-7.51126,-109.535,1025,3871,4560,5064,9052,14468,21911,27756,30114,40340,45345,48974,60303,67787,69147,79910,103176,109507,122969,126587,130068,131433,147266,173946,203720,208535,234948,267644,360555,508342
83,16800,8892,610759,147646,161692,-3.68628,11.6387,-13.038,-1.01567,-6.87178,-4.04898,-2.61716,-5.76493,-1.37025,-14.7374,12.7222,-26.1951,-17.5017,-21.3539,-19.4459,-20.9291,-19.329,-24.9053,-15.2691,-25.0615,-7.66515,-110.536,8892,10152,11169,13498,15924,24312,42970,47902,56416,65025,65739,78861,84492,89528,97887,102005,103489,114564,127868,129472,136862,154997,169616,182855,218837,263217,300200,504517,597350,610759
84,17000,5607,421011,119691,100462,-4.2064,13.5346,-14.1629,-1.88263,-6.3962,-3.55121,-3.09161,-6.36969,-0.927445,-14.0448,13.434,-26.7989,-17.4327,-19.9934,-19.6914,-21.7205,-20.1521,-25.5718,-15.8162,-24.4224,-7.43133,-111.118,5607,10204,25533,26593,28089,32288,34622,37320,41793,43422,57653,76637,76802,84819,89365,93748,106816,111370,136490,150053,153535,156769,158410,164776,170816,253515,264776,270114,307787,421011
85,17200,289,545918,111548,113237,-3.91714,13.9605,-13.8965,-1.47173,-6.69779,-2.92781,-4.0611,-5.05226,-0.962973,-13.8745,14.3348,-25.9767,-18.0636,-20.3856,-19.949,-21.4222,-20.5799,-24.5697,-15.2922,-24.9717,-6.25329,-111.71,289,2330,10076,27043,27166,30940,31389,32762,42423,43640,45555,49855,60332,67285,80153,94067,97106,107117,107369,117142,130150,138480,141618,146293,147886,201964,260708,277090,282282,545918
86,17400,18567,651964,181918,151980,-3.76417,14.3854,-14.5768,-1.78147,-6.29296,-3.28187,-3.56422,-4.60139,-1.58746,-14.3343,13.9935,-25.9835,-17.784,-21.2525,-19.5348,-21.7068,-21.4645,-24.7764,-15.7601,-25.1701,-6.91729,-111.528,18567,19629,20728,29272,36524,80808,81238,85526,92373,100311,108424,109441,111237,113218,115010,136294,136748,151173,188419,192340,213726,218081,249414,279106,318811,332160,346839,384349,535822,651964
87,17600,5097,946600,132023,186853,-4.33509,14.6758,-15.0432,-1.78673,-5.89855,-2.52087,-4.0142,-5.01134,-1.96136,-14.3902,13.6111,-26.4561,-19.0289,-20.8462,-19.2185,-22.1464,-21.3337,-24.4716,-15.0944,-25.8659,-7.14147,-112.128,5097,9034,14182,14280,15005,30708,38490,40240,45316,49122,51157,61169,62659,67035,68970,76008,77496,80371,102781,113931,114737,117584,118949,126391,170777,208100,314934,364124,455444,946600
88,17800,3591,486309,165495,126461,-4.77693,14.1054,-14.908,-1.90301,-5.64008,-1.29337,-5.15971,-5.78495,-2.02407,-15.5136,13.7273,-27.2369,-17.8286,-22.0664,-18.1448,-22.0091,-21.143,-24.0564,-16.382,-25.2655,-6.72353,-112.943,3591,13511,14295,34290,34345,40269,43116,48521,101050,103545,107881,108129,122834,139125,152866,154942,165502,169534,172038,179056,199050,201325,222054,231901,275550,293171,319830,354742,472467,486309
89,18000,5829,671774,154896,168466,-4.97438,14.441,-14.632,-1.1482,-4.18266,-0.898284,-4.3342,-6.15238,-1.33833,-14.6039,14.0402,-26.97,-16.7221,-21.5667,-18.5235,-21.2234,-20.7218,-24.4376,-16.7733,-25.9881,-6.78286,-112.287,5829,7609,9016,9063,19967,29441,30883,38975,43339,44454,58434,63752,65296,76494,78804,101787,111672,112667,127303,128989,184137,192597,202670,220951,340223,355803,393182,394293,527463,671774
90,18200,1517,516443,130905,131840,-9.54443,14.0701,-14.7474,-0.56391,-4.11204,-1.62268,-4.85098,-5.972,-0.719549,-14.7493,14.0218,-28.0844,-17.2339,-22.397,-18.8073,-21.2005,-21.5483,-22.5262,-16.6564,-25.9477,-7.90357,-111.612,1517,6369,11426,14768,15387,28281,30466,36743,37821,49868,54601,56147,66515,72056,77199,86706,93774,106480,122422,128113,155642,168283,196480,198194,233113,271321,321827,333207,435968,516443
91,18400,5746,344160,102128,84786.4,-7.29154,13.5799,-15.6729,-0.0972442,-4.46663,-0.511004,-5.0057,-6.54951,0.0834628,-14.8316,13.8592,-29.0728,-17.4613,-22.2276,-18.5106,-21.1604,-20.6384,-23.4806,-16.6603,-26.3487,-7.75885,-112.785,5746,16010,21868,27998,28468,29535,34505,34983,56352,62468,72707,72988,76739,77486,79039,81666,88980,93161,97306,105869,107228,117192,128592,141391,146816,146907,154267,288319,325095,344160
92,18600,2626,551438,178437,152448,-10.7291,13.2052,-15.0567,0.666181,-4.04224,-1.20715,-5.15997,-7.51235,-0.270017,-14.9501,14.5642,-30.3602,-17.6597,-23.2307,-19.3133,-21.5066,-20.6171,-23.1919,-16.4712,-27.5133,-7.37918,-113.238,2626,3493,24415,27211,38674,42094,44564,55274,61462,70576,80558,97936,106101,119539,128875,158715,163495,165532,187022,192099,197736,254804,258056,291604,334379,364906,375159,471399,483358,551438
93,18800,11073,353818,137985,86696.9,-13.8791,12.96,-14.7114,0.978887,-4.41397,-2.15449,-4.45214,-7.65216,-0.94651,-14.7849,14.5616,-31.5131,-17.906,-22.7548,-20.0783,-21.6629,-20.5038,-23.5597,-15.3363,-27.9772,-9.07592,-113.942,11073,14776,29715,31380,38979,48013,61669,64669,74865,80476,90777,102831,119999,129744,131688,134099,151419,154940,160189,167982,172255,173657,203216,210529,214425,220081,222622,281843,287821,353818
94,19000,12930,791466,145411,170145,-15.3186,13.3252,-15.1923,1.3588,-4.22599,-2.66951,-4.79251,-7.95975,0.532936,-14.6559,14.4908,-31.1596,-18.2666,-21.4428,-19.8699,-22.2748,-20.4569,-23.2471,-15.2414,-28.023,-9.60363,-114.616,12930,13979,14194,15036,31615,33537,34905,39478,39541,42457,48302,56599,84091,97524,97699,105504,112786,113083,116406,131557,132913,133963,155809,220324,246204,274114,294788,316657,554857,791466
95,19200,331,441516,80455.2,109299,-14.3217,13.0283,-15.7682,1.36715,-3.9023,-4.3838,-3.18105,-7.45922,0.719628,-14.8094,14.6371,-30.5553,-17.9485,-21.6161,-19.0889,-22.4165,-19.9004,-23.0347,-16.6295,-29.8955,-9.92135,-115.079,331,1738,2195,5449,6072,10907,12823,16994,21068,22693,23338,24554,38688,39591,41821,46915,48810,60164,60449,61130,66804,73711,96277,98282,112582,136193,149581,346245,346735,441516
96,19400,442,476903,141948,123262,-14.2406,13.93,-14.4224,0.766392,-3.87448,-4.06636,-3.21113,-7.53095,0.306571,-13.5139,14.4184,-30.2621,-16.9899,-21.8008,-19.3271,-22.9695,-20.1659,-23.5052,-15.5995,-29.6064,-9.13758,-116.545,442,28751,30769,33723,33791,49675,52680,57311,57414,59160,66096,70037,71151,83106,87408,92816,113354,125499,137993,142929,164634,194597,221551,223815,240182,254976,302346,337570,447762,476903
97,19600,909,617425,128466,139640,-14.0544,13.9401,-14.7549,0.19367,-3.89707,-5.26351,-2.87458,-8.98875,0.132084,-13.0408,14.4433,-30.6323,-17.5897,-22.3715,-19.0103,-22.7202,-19.9482,-23.7889,-16.2771,-30.5498,-8.49331,-117.177,909,7229,7487,8871,14942,21324,26880,31826,34576,51267,53028,63320,65392,81941,87649,94772,106428,107136,107529,110308,136368,146000,159245,183273,251109,254611,256987,329870,436277,617425
98,19800,5807,494128,97864.7,112446,-15.6464,14.0781,-15.7121,-0.240761,-3.1321,-4.10861,-2.28819,-8.21588,0.155545,-11.7624,13.9544,-29.6301,-17.6001,-22.0834,-18.9305,-22.2902,-20.6594,-24.6657,-16.9876,-30.3131,-8.53759,-117.038,5807,6997,12677,12916,13615,25772,35183,36008,37090,39347,40721,42248,44700,50422,51154,52535,53605,56089,80318,83374,97127,105333,116166,120222,154151,205808,231966,275262,355200,494128
99,20000,4230,400522,130159,105195,-16.8837,14.0557,-15.7837,-0.662516,-3.49753,-3.51653,-2.68798,-9.55344,0.360301,-12.6662,12.3731,-28.5824,-18.3015,-22.3605,-19.2398,-21.9581,-21.4806,-24.9743,-16.8523,-30.3912,-7.79988,-117.529,4230,4475,5833,6548,29335,35186,44106,44473,45923,46365,62936,63113,90101,91441,97093,124262,139537,148063,154287,156599,171702,175464,176344,203108,241707,247889,288335,292764,313035,400522
100,20200,5347,452968,115771,126040,-16.0498,13.7726,-16.1008,-1.50669,-2.78782,-4.26533,-3.51487,-9.4768,0.437923,-13.1396,13.3566,-28.1097,-18.0023,-22.595,-19.0094,-21.4222,-21.563,-24.9463,-17.1124,-29.6307,-8.44311,-117.397,5347,11820,14639,16438,17956,18298,25058,32842,38153,38579,39396,54929,56407,60328,62920,65690,80099,80375,82030,100009,100951,103414,146332,190868,240918,256109,313476,321090,445692,452968
101,20400,536,1000938,154667,212760,-10.8463,13.686,-16.2761,-1.74167,-3.57039,-4.46769,-4.02077,-9.62805,1.58423,-13.2715,13.0607,-28.5472,-18.6341,-22.3426,-19.347,-21.3067,-21.3692,-26.7231,-16.5427,-29.7406,-8.15405,-117.696,536,1634,4514,6488,9792,18089,19652,32102,38704,49033,53108,69827,76298,77840,82303,83559,95070,98697,109963,110534,122817,127549,140749,233645,289492,299701,345737,471436,570193,1000938
102,20600,3166,421975,130629,122638,-8.50017,14.0507,-16.7541,-1.19675,-3.71452,-4.21474,-4.18792,-10.3367,2.41327,-13.1895,13.3536,-27.6874,-19.8858,-22.1249,-20.6057,-21.9987,-21.7592,-26.6786,-16.4832,-29.9363,-8.13843,-117.931,3166,6168,8405,9094,14425,16854,17857,31843,37191,39752,52937,58166,70600,78586,85911,86798,93217,101902,148991,150181,181011,221479,233458,235859,237463,267221,282080,308845,417422,421975
103,20800,2012,334631,74768.6,73796.5,-8.13175,14.0397,-15.0718,-0.172775,-4.4671,-4.98844,-4.38328,-8.4886,2.81487,-14.0677,13.8788,-27.2563,-18.5087,-23.3969,-21.1615,-21.9691,-22.1406,-26.214,-16.488,-29.7171,-8.93831,-119.513,2012,4646,7052,7376,13837,14683,18085,20806,28310,29787,34014,40543,42034,52004,55614,57361,58217,63655,72514,72884,82397,95083,95208,119150,122727,139180,158351,195284,205614,334631
104,21000,990,553987,114362,119572,-5.24731,14.2255,-16.0238,0.931857,-5.4177,-4.3862,-4.36594,-8.49064,3.68698,-14.4465,14,-27.7643,-18.9934,-23.5394,-21.645,-23.2673,-22.372,-26.0368,-16.9748,-30.6042,-9.40365,-121.054,990,8525,13074,16463,19957,24574,24908,31366,36243,38392,44702,50796,66144,69720,75417,79035,79944,87153,93366,94362,138457,161104,167811,179860,212921,213448,272532,274513,301085,553987
105,21200,5685,419268,143658,107084,-3.65238,15.4243,-15.4829,0.930601,-5.44679,-4.31364,-5.28749,-7.87327,2.84668,-13.4031,13.9259,-28.739,-19.2329,-23.6482,-23.0234,-22.8066,-23.1474,-26.8483,-17.3306,-30.3636,-9.27455,-121.702,5685,26528,34991,39176,40483,44519,53853,79830,85986,90323,91484,101280,102605,109425,115053,118843,120890,123871,126526,136344,149065,188297,203664,204919,236184,239274,263109,378913,379366,419268
106,21400,3447,639860,141947,148728,-3.02563,16.0826,-15.3411,0.0834256,-4.28209,-4.09543,-4.96804,-7.68642,3.83294,-13.047,12.8633,-28.8181,-19.0155,-23.43,-22.2183,-22.9271,-22.6701,-26.132,-17.009,-31.262,-9.39695,-122.206,3447,10155,28442,29742,34169,39238,44998,47782,52105,59866,71261,83213,88977,93835,111785,115689,123812,130768,132013,145423,145734,147330,156848,157505,180129,208250,214656,382134,579250,639860
107,21600,4667,575966,126865,158397,-1.8329,15.7137,-16.1601,0.356317,-4.61539,-4.09556,-3.13433,-8.33153,4.83599,-13.8826,13.4727,-29.9801,-18.2672,-24.1579,-22.551,-22.7984,-22.1579,-27.2565,-16.4485,-31.7601,-9.91103,-122.444,4667,11648,11743,12014,12714,18839,21487,24198,27372,28030,33459,54011,62568,66126,77449,82540,87805,88300,88678,115981,119418,133866,167107,173649,177107,201835,239108,516690,571577,575966
108,21800,809,559993,159988,151556,-2.03557,15.9574,-15.4567,-0.254736,-4.65846,-3.77668,-3.39589,-9.42292,4.03142,-14.3574,14.9398,-30.2672,-19,-24.1616,-23.7516,-23.9292,-22.4167,-27.9828,-16.4591,-32.4829,-9.76637,-122.46,809,7184,9244,20295,24115,26136,31729,41348,48368,52074,63724,86828,89590,115330,117223,120543,122465,126794,153643,163611,173645,215945,233778,237154,308242,370918,384435,441999,452489,559993
109,22000,187,492697,145379,137881,0.679593,16.1813,-15.1932,-0.0595806,-3.42938,-2.86101,-4.45335,-9.15276,2.99698,-14.2852,15.2313,-30.6148,-19.3586,-25.8578,-22.7374,-24.0117,-22.1709,-27.7704,-16.539,-32.5959,-9.52113,-124.202,187,2593,6037,15154,16110,27616,43800,49141,63399,65328,67464,68586,90410,107407,108970,113242,115795,133003,135647,145650,158985,172416,172739,244389,251959,267400,283469,449115,492671,492697
110,22200,1021,488610,88190.1,109351,-0.753024,18.07,-15.0028,-0.893626,-3.41695,-3.59688,-3.73957,-8.82122,2.88802,-13.6594,15.3693,-31.15,-19.6208,-25.9965,-21.2704,-24.3839,-22.031,-27.6533,-16.3103,-32.3299,-11.113,-123.696,1021,10298,13231,16552,16707,17025,17471,23586,25968,27821,29632,31297,37601,39894,41039,48583,50950,51131,55269,63178,80661,91410,129464,134585,137665,179467,206081,237424,342081,488610
111,22400,180,367528,121645,112829,-0.536957,17.2447,-15.3611,-1.05098,-4.00492,-3.49934,-3.621,-8.05238,2.27555,-13.4226,15.5929,-30.3484,-21.1414,-27.1625,-20.8935,-25.793,-22.5063,-27.2942,-16.9886,-33.3348,-11.9256,-123.877,180,1774,3301,9851,10901,11492,18591,23720,25763,38349,41557,63220,65291,82239,87553,87598,91011,96238,123767,165892,189488,190282,199281,204103,245556,247166,286985,332389,338286,367528
112,22600,3679,937744,184354,196592,1.2546,17.6036,-15.518,-1.84285,-3.71543,-2.58004,-2.80843,-8.23929,1.76965,-13.8914,15.7449,-29.851,-22.0739,-27.3446,-20.9263,-25.1745,-23.1183,-26.9416,-16.4529,-32.5255,-10.7834,-125.322,3679,10349,20177,33000,37449,39873,54512,59929,69978,80830,81213,90343,126181,128044,130106,130290,136452,137706,146866,159900,196282,238965,243994,272569,289510,300639,356975,398033,619043,937744
113,22800,4047,525055,136693,142146,1.22134,18.224,-15.285,-1.21372,-2.86482,-2.94367,-3.47435,-8.27592,1.98417,-12.7161,15.6185,-29.4607,-21.7819,-27.1965,-20.9359,-25.3416,-23.1726,-27.8624,-17.0254,-31.8435,-10.9586,-125.681,4047,17352,22640,22874,28132,28457,34749,35460,49078,52878,59613,67675,69790,83467,97330,101444,103183,105863,117818,120618,153439,156281,167508,181571,192537,245679,260554,488666,507023,525055
114,23000,538,477388,96721.5,112375,-0.624823,18.8364,-15.9182,-2.32781,-2.96068,-1.68478,-2.91174,-8.62315,2.10627,-12.0827,15.0022,-29.3687,-20.9023,-26.2759,-21.0887,-25.4225,-22.3097,-28.1031,-17.5501,-31.3851,-10.7715,-126.072,538,1139,5773,7781,8389,8640,9768,11888,21868,24461,26989,39945,41369,44381,46272,54013,54878,57389,87228,101005,104134,117549,157135,176203,203136,210216,241503,259321,301345,477388
115,23200,7566,444739,137849,124547,1.8715,19.2022,-15.4917,-3.08865,-3.25981,-1.59321,-3.10499,-8.42231,2.85086,-11.7692,14.9217,-29.2427,-20.154,-26.6071,-20.6606,-25.2817,-23.1291,-28.6238,-17.3402,-32.0272,-11.5196,-126.412,7566,16478,23839,32875,33754,39685,44444,46392,49259,52757,53299,59483,69609,74290,91396,102680,120528,129121,134655,147066,150275,162543,167395,182703,287719,290007,328939,361310,430649,444739
116,23400,1620,506258,127922,129170,4.45857,18.6167,-16.0026,-4.27266,-2.62258,-1.63611,-4.42329,-8.59353,2.62609,-12.4674,15.4786,-29.4178,-19.9505,-26.8697,-20.7281,-24.7557,-23.5462,-28.8891,-17.9435,-32.3254,-11.3662,-126.825,1620,1655,8998,17325,18363,19610,28247,48359,53057,59139,61113,62660,63844,80950,89983,90342,93683,103238,110353,134740,155817,158531,177348,181834,182488,185548,332215,364744,445592,506258
117,23600,4828,316459,94781.6,87266.3,5.37175,18.7787,-15.7371,-5.03475,-2.87983,-2.27484,-3.89395,-8.37061,2.05952,-12.4155,15.7493,-28.5551,-20.1813,-26.7239,-19.7446,-25.3403,-22.9015,-28.6325,-18.5887,-32.2975,-11.1865,-126.279,4828,6818,7038,10477,12156,13636,17415,18084,26276,37188,39006,39465,55197,59478,60924,75405,81737,83929,85471,108916,129341,139163,152140,154318,176421,186338,235267,241143,269414,316459
118,23800,6742,533904,158433,136821,4.1188,18.721,-15.6042,-5.2936,-2.61701,-2.59344,-3.68359,-8.47679,0.866767,-13.2947,16.9029,-29.426,-19.39,-25.77,-19.9329,-24.8495,-23.2727,-28.9206,-18.3068,-32.527,-10.678,-126.52,6742,7818,14934,14943,34734,38624,43650,50427,51508,54471,64019,64965,95726,99128,121691,133847,164673,169257,186493,187756,203929,213049,229558,247853,252086,315294,327825,394575,429525,533904
119,24000,3460,555721,111913,123581,3.43458,18.6235,-16.7526,-3.97165,-2.43652,-2.39892,-3.47382,-8.0545,1.61071,-13.6979,17.0207,-30.7289,-19.1216,-26.9541,-19.7554,-24.5397,-23.8716,-27.7365,-18.7459,-32.5575,-11.1293,-126.581,3460,4318,18667,20248,29915,32226,36457,38629,39148,40286,40545,47027,51792,53802,61203,62285,74154,99893,101349,108115,135269,140506,140569,153975,157466,168007,212750,346679,382929,555721
120,24200,2213,596728,165847,166141,5.2085,18.7462,-16.484,-3.20978,-1.8712,-1.91243,-2.37866,-7.63447,2.60383,-14.5101,16.8389,-30.8318,-19.0445,-27.7206,-20.6626,-25.5169,-23.9455,-27.0181,-19.5497,-33.1371,-11.6184,-128.57,2213,9635,16271,18599,36845,37780,40258,44985,45349,45743,68790,73852,74509,77833,78444,84879,118920,169994,184186,190776,195195,213322,225393,244337,270182,348163,448469,450053,563694,596728
121,24400,1129,538060,183137,160341,5.38996,19.2309,-16.5825,-2.9247,-2.10341,-2.66249,-3.02528,-8.03813,2.61308,-15.4324,17.7118,-31.8295,-20.8308,-28.1073,-21.388,-25.8628,-24.586,-27.8756,-19.1625,-33.5718,-10.5765,-130.303,1129,3777,9559,20593,37736,38120,51417,66068,72438,85725,87943,92859,95677,120655,125227,130639,152599,153404,156542,186675,218065,247623,310307,343832,354893,378379,451212,465864,497104,538060
122,24600,4622,983031,194506,196940,5.72167,18.4385,-15.5215,-2.37911,-2.39484,-2.67695,-2.27507,-6.99763,1.16193,-14.5934,17.6908,-30.7184,-21.5705,-28.084,-21.7285,-26.8021,-25.1092,-27.8231,-19.5793,-33.3435,-10.485,-130.758,4622,9000,13023,30368,35422,38713,41156,42859,68865,71115,100554,103260,107063,141846,153230,164595,169880,171787,183315,217331,256436,265540,268634,270671,297652,380519,387315,402765,454612,983031
123,24800,8402,499951,96463.5,112783,3.36768,18.6365,-14.5732,-2.80326,-3.85104,-3.16131,-2.13448,-5.94894,0.233935,-14.9699,17.2425,-29.3559,-22.2681,-27.9,-23.2156,-26.6288,-24.6525,-27.4237,-20.5653,-32.4674,-11.1468,-130.126,8402,10852,11268,13729,18614,22486,22909,23272,30495,33379,37001,39384,50128,53672,56272,56913,72369,83505,95908,97826,99404,104897,112703,126370,134729,136705,151024,324280,365458,499951
124,25000,1395,620610,115941,128997,4.94704,17.7294,-15.68,-3.58235,-4.20717,-3.83242,-2.02743,-4.93098,0.845125,-15.9478,17.6568,-30.0935,-21.5419,-28.2684,-24.4467,-26.4524,-26.2376,-28.4337,-20.393,-32.7059,-11.0766,-131.151,1395,6053,19805,20975,22440,28847,36510,47216,52629,53373,72918,76300,81390,81742,83280,87415,89638,91169,100043,103493,119205,132108,134063,135234,145319,150681,198628,226960,458795,620610
125,25200,7373,313313,121639,96949.2,3.21018,17.9213,-15.1592,-3.00751,-3.19102,-4.71278,-2.69576,-5.62231,0.434312,-14.6142,17.8891,-29.3445,-21.1487,-27.2693,-25.0038,-25.9368,-25.8407,-27.8854,-19.352,-33.0099,-11.2214,-131.033,7373,8743,9031,11073,17258,29681,30339,44133,44234,51310,53979,66524,71251,76880,83668,96458,114894,136917,143167,159343,171485,183447,193213,223436,225062,241044,256788,274477,310663,313313
126,25400,1927,390295,125201,98528,2.19208,17.9079,-14.7059,-2.81177,-3.50829,-4.72717,-2.8446,-6.23948,0.106771,-16.0649,18.217,-29.4176,-22.2378,-27.0204,-25.1927,-25.9373,-24.9623,-27.3053,-19.2852,-33.5181,-11.1232,-131.348,1927,2792,3691,15612,21473,34609,47142,56600,62213,74488,75403,84903,87871,98741,102787,104863,108116,117291,118717,130679,134324,148747,205123,222533,238186,239204,272171,273360,282167,390295
127,25600,6807,402431,134839,93220.9,1.28383,17.4229,-15.027,-2.61757,-3.87745,-3.40255,-3.02193,-6.49414,1.38495,-16.1783,18.6114,-28.7269,-22.7476,-27.2389,-25.9689,-25.1745,-23.953,-27.7529,-19.2013,-34.3941,-10.672,-132.321,6807,18173,40862,41742,43244,59350,60033,65271,65928,69732,88668,89266,97532,101283,108918,118483,127146,135540,137270,140544,161894,167227,189929,206171,232895,243441,256778,264718,303895,402431
128,25800,3112,648775,172429,162494,3.78403,17.1521,-14.8485,-1.36967,-3.89139,-3.22749,-2.14539,-5.9709,0.941345,-15.3454,18.8403,-29.3487,-22.7054,-26.4758,-26.9018,-25.7072,-24.57,-26.8247,-19.7698,-34.5329,-11.1772,-133.25,3112,6124,13117,17716,19148,22330,30141,35001,44218,48554,54943,64077,87520,121671,128296,154225,159672,180429,205269,221687,238122,256548,263826,276467,295119,303543,308894,453963,510370,648775
129,26000,1939,625919,152191,144196,8.00255,17.0919,-14.9772,-0.514996,-5.07794,-3.45853,-2.05095,-6.82898,0.225701,-15.6059,18.9527,-29.5743,-22.3797,-26.8966,-26.0761,-25.9979,-25.3771,-27.574,-19.1609,-34.5615,-10.7699,-133.08,1939,4006,10214,14629,22246,28903,31358,46982,59344,60103,73601,101904,105140,108125,111250,123913,128241,132009,132090,146431,171739,178387,233094,253466,256574,264733,345240,348562,445586,625919
130,26200,4825,794602,139260,165111,7.58996,16.8517,-14.1425,-0.446493,-3.75928,-3.24391,-2.42542,-7.27107,0.557864,-15.9419,19.2872,-29.9311,-22.0807,-27.2969,-25.5114,-25.596,-25.0626,-28.5464,-19.2595,-35.5232,-10.8102,-133.783,4825,11575,14893,21831,23022,23412,26180,30036,42293,43202,44650,50177,51667,54779,75391,79151,94279,119471,140439,146713,169176,172816,211551,213794,234312,241931,279950,290169,471523,794602
131,26400,6515,620234,113483,137621,7.5121,17.2945,-13.6334,-0.35364,-3.78167,-3.16428,-2.39741,-6.82523,0.97921,-16.7214,18.8156,-30.3444,-22.5206,-28.2731,-24.7259,-25.7088,-25.3864,-29.1186,-19.811,-36.0868,-11.0225,-134.522,6515,13445,14425,20944,25964,27874,28077,31003,34466,38157,50291,51552,59876,60793,62495,67578,68823,71547,73102,82160,98029,107114,156746,170718,196283,205661,218962,264257,477401,620234
132,26600,2372,530384,162861,129975,8.86626,17.0941,-13.8366,-0.321265,-3.55311,-2.83359,-1.87713,-7.49138,1.36079,-16.3002,19.3003,-30.6019,-22.0202,-27.6221,-24.7731,-26.0053,-25.3605,-30.2881,-20.5,-35.4783,-10.4288,-135.594,2372,25369,28392,41096,43657,54957,64638,65288,76169,81301,112972,119795,124054,125937,129209,134223,140210,140520,141946,164520,176417,199460,209906,244384,247107,255731,329789,405754,470261,530384
133,26800,2989,425370,175435,134615,8.53008,18.2403,-15.0833,-0.873271,-4.29376,-3.14918,-1.669,-8.42778,3.9326,-15.9265,19.265,-30.4749,-21.6932,-28.1334,-24.1452,-26.3887,-25.9961,-30.1349,-19.9331,-35.1804,-10.4697,-136.918,2989,6032,18844,30067,33157,45987,47494,50058,73603,92593,95007,104156,108670,111408,115690,120442,180240,193799,215677,224058,272322,274566,279491,295650,297054,347873,381521,395047,424185,425370
134,27000,9847,630221,152464,157745,5.66755,18.0443,-15.3568,-1.33387,-4.42439,-3.64307,-1.36809,-8.06808,3.17983,-17.0099,19.1411,-30.7146,-21.2019,-27.9545,-24.5449,-26.6646,-26.8021,-30.0543,-19.5355,-36.2062,-10.5475,-138.999,9847,11588,27214,27592,29463,32724,41178,42716,45583,58765,60097,70646,71607,83130,84789,90171,96135,97749,110421,147552,157046,209049,217288,236975,290042,316696,343302,396998,537345,630221
135,27200,3026,440246,111614,104925,6.0755,17.8874,-15.3041,-1.41356,-4.64895,-3.79562,-1.26535,-7.9937,4.0573,-15.9735,18.8337,-31.8672,-21.5615,-28.4834,-24.7355,-26.5796,-26.8065,-30.2524,-19.5165,-36.2094,-11.0393,-141.016,3026,12272,15296,18339,21180,21199,32558,33398,36331,36640,44120,50544,56946,67293,92947,101354,108435,111135,111313,112515,115711,125689,152094,157601,176643,245936,252858,260683,334126,440246
136,27400,6469,552946,175705,151672,10.5161,18.6883,-15.7276,-1.75975,-5.24073,-3.3931,-1.86386,-8.0628,2.54721,-16.2391,19.2133,-31.8334,-21.6233,-29.0371,-25.0061,-27.4399,-25.3126,-30.471,-19.7273,-36.3541,-11.5222,-141.335,6469,17225,25130,26883,30500,32133,38911,45521,47763,48890,58729,68802,71539,77327,148351,158105,170755,173025,178966,223413,262593,289895,291877,324127,354570,365669,377286,390105,413654,552946
137,27600,12518,440703,149724,124351,8.57735,18.2309,-15.847,-2.29208,-4.2402,-4.29476,-1.38819,-8.58513,0.482827,-17.143,19.0832,-32.5116,-21.9762,-29.3059,-26.0534,-27.7624,-26.1173,-30.5858,-20.5513,-35.2731,-11.0287,-142.966,12518,23101,23474,29248,33313,38722,42667,47515,50239,55643,62674,65024,87033,103766,109127,116709,130820,176849,184191,189580,196348,200461,213544,217693,217763,245677,376599,392047,408664,440703
138,27800,12981,486656,166720,136459,8.41424,17.7331,-16.584,-2.50122,-5.14561,-3.79573,-2.4193,-8.94693,-1.17053,-16.8323,19.6819,-32.6228,-22.2445,-28.6937,-25.4966,-28.852,-25.9015,-30.9197,-20.8725,-35.661,-11.2432,-143.299,12981,17660,17967,24726,29929,30041,45755,50687,71033,74519,75348,78504,112746,114663,118482,138359,138363,145594,146965,192362,238367,248682,284033,294913,336517,337973,354441,356154,427190,486656
139,28000,1997,592944,150892,149529,8.46391,18.4689,-16.8143,-3.60868,-5.34941,-4.08174,-2.85777,-8.61201,-0.383472,-16.8869,19.432,-32.518,-22.2216,-28.5884,-25.2918,-28.9241,-25.0682,-29.9386,-21.5972,-36.756,-10.8913,-144.757,1997,8599,17442,20221,24500,29146,33636,41246,43854,46897,50803,61359,81022,88252,91035,98129,112350,128762,135155,163396,182783,223507,231760,243587,246170,270544,404980,417727,434952,592944
140,28200,9943,512554,164424,125280,8.89515,18.8431,-16.9139,-2.83545,-5.3829,-4.99469,-2.96508,-8.20413,-0.147512,-16.7345,19.7859,-33.4792,-23.6547,-28.1179,-24.4248,-29.1205,-25.7535,-31.4385,-21.0968,-38.2688,-11.5992,-144.395,9943,16357,19950,21742,27232,28955,29740,45034,67181,79963,98320,119820,140869,142265,150384,164710,167354,180707,193967,195333,218093,222137,227060,230976,266616,292244,326088,357389,379746,512554
141,28400,781,688284,151234,162870,11.8142,19.6323,-17.1321,-1.93312,-5.32531,-4.53345,-2.38135,-8.6409,-0.240385,-16.601,19.825,-33.8451,-22.3727,-27.4448,-25.0464,-29.7549,-25.776,-30.0887,-20.1574,-38.4185,-11.449,-143.648,781,4016,7574,8510,12150,29961,30851,39467,42333,46839,48829,55224,59435,70033,98099,103054,120506,121089,161463,176923,180227,236676,249764,250280,250831,255646,262846,378028,547307,688284
142,28600,252,613467,120399,146237,12.3842,19.96,-17.0759,-2.10377,-4.57761,-2.96355,-3.79121,-8.24368,-0.305506,-16.7583,19.6194,-33.0959,-22.6247,-28.577,-25.4913,-30.4899,-24.8739,-30.112,-20.6919,-37.9377,-11.6647,-144.517,252,2452,3679,3869,7520,12201,15436,18805,26713,33860,44285,45706,64534,72119,72148,72624,77902,79777,101047,102354,126923,140873,150697,169979,177378,272161,282520,342092,478609,613467
143,28800,287,310616,105407,81643.1,12.2121,19.4732,-16.3182,-2.77819,-4.59812,-2.15045,-4.38429,-8.19436,0.0548086,-16.8727,19.3026,-32.5254,-23.2352,-30.0716,-25.5088,-30.6812,-25.2331,-31.6141,-21.2001,-37.9098,-11.15,-144.989,287,16766,23269,26438,27311,27865,36538,37015,41825,54608,54934,68688,74024,80430,81223,92236,103478,108256,109526,121098,121299,124040,134428,142803,182433,202003,225095,261260,272405,310616
144,29000,1791,427139,137119,117304,11.1985,19.2507,-17.6519,-2.00804,-4.13012,-1.87293,-3.85572,-8.6779,-0.417868,-16.8471,20.6865,-34.4963,-23.2568,-29.9903,-24.2225,-30.0311,-25.919,-31.2448,-21.8193,-37.8369,-11.8485,-145.698,1791,4735,4961,13073,21856,22756,23699,27218,29241,48581,51486,67281,81896,99347,115340,125468,129874,146915,162918,163361,200266,218152,221810,226730,259750,274930,286743,300558,355695,427139
145,29200,484,559491,133829,128827,11.1075,20.4522,-18.0317,-2.36428,-4.96787,-1.78902,-2.65478,-8.87005,-1.29848,-17.3993,21.2951,-34.0038,-23.1099,-30.5742,-23.3439,-29.5335,-27.6565,-31.4961,-21.6948,-37.922,-12.3353,-145.316,484,6955,7092,10957,14767,30333,35069,41979,42451,44974,46261,48731,55285,61714,100864,106171,127432,128351,148227,160072,161025,196738,211086,229583,243334,265994,278221,287241,363976,559491
146,29400,7389,696349,129949,153734,12.3651,20.0796,-17.2998,-0.976401,-5.17258,-2.10973,-2.31015,-8.24025,-0.917027,-16.6673,21.2552,-33.4039,-23.8087,-30.5104,-24.3712,-29.3862,-27.5233,-30.3366,-22.556,-37.4367,-11.7499,-144.877,7389,8195,16954,22479,23435,25854,32641,37041,47883,53350,58504,63857,64083,65370,71446,85609,99213,101043,103169,116237,118354,122348,133697,141914,168731,263344,270103,439822,440059,696349
147,29600,131,533303,113830,114913,10.6825,19.4466,-17.8184,-1.94215,-5.07157,-1.81888,-2.96089,-8.37491,-0.653825,-16.9455,20.955,-33.701,-22.8664,-30.2922,-24.9605,-29.8768,-29.071,-32.0078,-22.9688,-36.633,-12.0643,-145.283,131,10038,18539,21380,21888,22710,24132,31730,40574,45703,48900,50644,51161,61069,68287,70592,71152,108656,117560,131343,146536,163961,170213,171886,200329,203234,215670,288186,305403,533303
148,29800,45,556445,141347,162290,12.7579,19.8433,-17.351,-1.81066,-4.29532,-1.96869,-4.22547,-8.03513,0.220713,-16.657,21.0292,-34.3667,-21.8193,-29.7593,-24.5797,-28.7407,-28.8774,-32.2704,-22.2641,-35.3058,-12.4504,-145.882,45,893,5521,6372,16968,20581,30700,37575,48067,52365,55878,58016,58026,67632,71709,73753,85681,100418,108805,117800,153392,157527,164230,207767,224294,294323,436200,485917,543501,556445
149,30000,4296,838645,111595,166427,12.7532,20.6224,-17.4549,-1.94924,-4.76426,-0.677154,-3.55565,-9.10746,0.174481,-16.1902,21.0265,-35.1576,-21.8777,-30.6598,-25.2417,-29.8338,-28.7155,-32.0548,-23.4573,-35.0539,-11.6968,-146.248,4296,8859,9870,10920,17126,20081,25026,28111,29198,31303,34581,46569,62840,63511,67071,83722,89061,89262,89304,91801,102550,109849,121104,128860,139275,141708,161113,195794,506434,838645
150,30200,1753,630784,178576,163159,12.0616,20.7599,-17.0153,-1.91458,-3.66232,-1.31749,-3.15441,-7.98581,0.984309,-15.518,20.159,-34.3856,-22.2029,-31.5337,-25.3262,-29.9975,-28.4138,-31.2887,-23.453,-34.9877,-11.531,-145.61,1753,6307,18382,18661,28556,41992,44521,45458,56100,65212,76820,94897,105716,106294,110072,125257,134638,169903,215152,219505,220669,227869,299436,311539,316339,318700,352643,466051,528066,630784
151,30400,21,535212,122754,103146,14.4803,19.9029,-16.8335,-0.66865,-4.08835,-0.859652,-4.16493,-8.30839,0.486838,-15.9256,20.6108,-33.5881,-22.4108,-30.3326,-25.9672,-30.0309,-28.8459,-32.6156,-22.1926,-35.3843,-12.2181,-144.912,21,4172,18938,19044,21723,32359,33917,46883,84130,85342,85835,95412,102063,111340,111568,114613,117202,120077,125993,126748,137754,142250,167355,170228,193472,195840,205447,217287,260397,535212
152,30600,11387,424271,177880,114178,12.2461,19.4603,-16.6231,-0.418981,-3.07389,-0.803724,-3.64019,-7.25544,-0.402866,-15.2876,21.8071,-33.7961,-22.0697,-31.1313,-25.9091,-31.0999,-28.8959,-32.1149,-23.1188,-34.8828,-12.0344,-145.235,11387,16103,23568,59584,65252,75257,84292,87119,99259,101329,106205,121823,122179,145985,163898,184467,193853,197940,199503,217499,223725,223877,226523,262466,271600,311613,321727,375901,418201,424271
153,30800,2536,559152,134415,129204,15.1889,19.8305,-16.8426,-1.61903,-4.23171,0.00809292,-4.02633,-6.14676,0.0787652,-16.1926,21.1853,-33.3982,-22.2694,-30.452,-26.2934,-31.3996,-28.6847,-30.4789,-23.0176,-34.2211,-11.3255,-146.285,2536,2934,12262,20430,28679,32288,43877,53790,56737,59649,67271,67815,69815,71843,86271,89110,89148,99391,129722,143312,147005,176425,190819,219238,222348,253173,336199,344283,356933,559152
154,31000,3085,610422,158195,155547,13.9972,19.6225,-16.872,-1.26379,-3.89595,0.585802,-4.56979,-5.79681,-1.00542,-15.5799,20.0383,-34.1213,-23.2013,-30.5979,-26.6049,-31.2203,-28.8166,-30.3494,-23.4838,-33.8711,-11.9822,-146.575,3085,3491,6115,16097,24165,24250,26431,29099,34820,43943,58809,63410,64383,95047,102524,132278,146715,156026,157930,161339,168073,182597,276505,299852,331351,337982,364469,371856,452797,610422
155,31200,426,387726,119236,125173,12.9198,20.387,-16.7468,-0.75717,-4.92406,0.134798,-5.51956,-6.34044,0.0302149,-15.3015,19.544,-34.5317,-22.0965,-31.7678,-26.2932,-31.4072,-28.0227,-30.6432,-24.4689,-34.0749,-11.3465,-146.258,426,3358,4719,7470,11027,13215,15114,17942,21506,22275,26050,42338,43877,46522,47275,49071,66067,93520,113501,127026,185697,203335,238495,244685,274378,275373,314906,316153,364045,387726
156,31400,1426,844821,180212,201113,13.6548,21.7734,-17.3885,-0.359258,-5.37846,-0.588808,-4.34745,-5.79607,0.772462,-15.0616,19.4536,-36.2693,-23.2034,-31.0616,-26.5878,-30.4812,-28.7633,-29.9141,-24.6039,-34.941,-11.5933,-146.424,1426,11519,11824,17476,19744,19959,24405,60952,61019,61777,65015,72716,87311,89201,91250,108053,108054,137840,165606,187823,208611,221949,245963,254146,299046,309964,482809,565296,570776,844821
157,31600,11931,642727,189546,160573,10.9145,21.4738,-17.6859,0.390498,-5.24631,-0.962171,-5.31517,-5.3243,1.5994,-15.7983,19.5686,-36.8537,-22.6663,-30.2394,-26.404,-31.2047,-28.5563,-29.6978,-22.4907,-35.0684,-11.6014,-147.646,11931,24137,26827,32879,33938,42977,74739,74899,76022,83544,91923,113135,124227,138001,156400,161456,177213,181835,187354,195740,214803,237265,242561,248523,330560,368367,398710,401566,592132,642727
158,31800,7019,1070595,221032,225005,8.99007,21.8589,-18.0214,0.853582,-4.86505,-0.892277,-5.64047,-5.71124,1.37034,-15.3966,19.7781,-36.9045,-22.6702,-30.3874,-26.3588,-30.7971,-28.2218,-30.4356,-22.9388,-35.7613,-11.7601,-147.195,7019,7558,17715,17838,38267,56074,63545,73763,81553,86626,89502,103640,117650,144845,151994,163356,215807,219812,222372,227718,241320,252042,286901,321856,383507,386399,408574,581809,591318,1070595
159,32000,1822,659038,196486,171247,9.16413,20.5253,-16.7037,-0.294511,-4.81552,-2.0608,-5.08093,-5.48473,1.98816,-16.3676,20.5238,-37.1746,-22.3266,-30.0383,-25.6579,-30.8984,-27.9393,-30.8355,-23.133,-36.0653,-11.612,-148.253,1822,7603,8409,14235,14369,14764,68752,83321,107254,113794,116075,120349,128118,134125,137401,138558,145583,162917,199594,224987,236089,244070,261620,305435,360091,436634,460220,484078,505287,659038
160,32200,12312,1038412,188622,212831,8.94189,20.573,-16.4813,-0.0873213,-5.07426,-1.95511,-5.48959,-5.0753,2.13653,-16.6645,20.5738,-35.2513,-22.2713,-30.5286,-27.0141,-30.0968,-28.5237,-30.6048,-23.7491,-36.4381,-11.53,-147.094,12312,21045,22864,30813,39591,47947,49158,50923,58051,83915,100381,100970,101950,121075,129670,137867,142256,153576,164770,166417,175788,194644,209811,220069,294085,336770,390237,424922,638365,1038412
161,32400,3899,556038,128118,144140,11.6222,20.4545,-16.2245,-0.502152,-5.81226,-3.3909,-4.69734,-4.02083,1.97691,-16.8703,21.3952,-34.9942,-22.2263,-29.4067,-26.1054,-30.1897,-28.7268,-29.8587,-24.095,-37.3129,-11.0452,-149.42,3899,6433,11360,11445,25119,33462,42516,45093,48918,55572,64969,65939,74988,75169,77870,78017,80408,82799,88318,98962,101959,118743,121542,186425,209975,244721,333947,354852,544079,556038
162,32600,2527,1061796,158787,189423,10.9295,21.1911,-17.2114,0.00488128,-5.30846,-3.69321,-5.30783,-3.46351,1.57384,-17.8577,21.3896,-36.3716,-22.0247,-29.4777,-25.9136,-30.4543,-28.705,-29.5968,-24.282,-37.5648,-11.2199,-149.434,2527,7383,14169,19398,25435,51885,59776,63482,64752,77624,83891,101568,120926,127285,128690,137612,138249,139256,144120,165842,167791,169529,208919,216108,222578,224074,237745,241277,339933,1061796
163,32800,3275,678343,171948,165744,9.46242,20.7628,-16.0544,-0.151757,-4.98319,-3.76203,-5.41329,-3.52098,1.81758,-18.7072,21.1401,-37.041,-23.1325,-29.3125,-25.9378,-29.4208,-27.6004,-28.8336,-24.1938,-36.1722,-11.5116,-148.87,3275,17161,24466,30278,34652,37739,39097,41048,47066,52531,68978,78022,92044,96779,103036,135178,140291,142810,174273,188322,198504,208806,284166,284382,314169,320361,357282,420251,545118,678343
164,33000,4533,526865,144397,128011,9.85218,20.9942,-16.3153,0.316337,-5.3878,-3.64785,-5.95372,-4.05993,1.36446,-19.4497,21.1778,-37.2737,-22.0589,-29.7712,-26.2091,-30.7381,-28.3353,-29.6689,-24.2067,-36.9936,-10.7781,-149.069,4533,7386,14284,17679,24794,24852,36813,42321,48116,55694,63637,69266,74824,88885,113656,133683,148758,159557,164549,170890,171460,177606,185976,218923,243847,302693,332785,345642,361940,526865
165,33200,1955,483101,111635,137652,10.6195,20.4973,-17.1098,-0.598225,-5.17128,-3.08443,-5.85064,-3.58464,1.51556,-19.8044,21.3935,-37.2293,-22.6734,-30.7463,-25.8978,-30.7158,-28.1778,-28.8095,-24.5696,-35.9685,-10.5776,-150.72,1955,4465,7528,14014,14356,18043,19875,20423,25493,28117,40043,47194,47795,49713,55425,60032,63748,74359,84621,86612,90069,107058,120668,144095,191206,228310,367412,377931,475383,483101
166,33400,9844,847218,173174,158236,7.09913,20.9195,-16.901,-1.33265,-5.09988,-3.49077,-4.56184,-3.79417,0.403295,-19.5459,20.9679,-37.6236,-23.0698,-29.8306,-25.4278,-31.0611,-28.8902,-28.3277,-23.9798,-36.9844,-10.6316,-152.421,9844,10586,42465,44164,56440,66134,69012,82007,92420,96292,96501,109924,112470,126037,137982,155869,160345,170926,173023,174202,181109,207711,219185,237163,241879,256666,275246,334018,408393,847218
167,33600,2007,437085,107751,97954.3,4.72898,20.0287,-17.0463,-1.2736,-4.14825,-3.59595,-4.98317,-4.30273,0.75341,-17.7944,21.2822,-35.8206,-22.5379,-30.6979,-25.5562,-31.0467,-28.4491,-28.7061,-23.955,-36.5134,-11.6558,-152.984,2007,3302,7532,29545,31204,40917,41386,41834,44042,50203,54623,55586,61961,65851,74779,74817,76524,78864,95598,116259,136255,145379,160623,162600,166132,192254,231995,262448,290921,437085
168,33800,1330,713206,180266,220604,0.900697,21.1531,-16.8279,-1.99035,-4.85352,-2.60066,-5.46117,-4.29247,0.340159,-17.289,21.0644,-37.185,-23.0509,-31.6123,-25.7768,-29.7219,-27.7133,-28.3793,-24.0048,-37.8227,-11.3414,-153.748,1330,4590,5867,6828,10125,10531,19354,22252,28628,59492,68375,74834,75156,79182,83656,104443,129147,129544,141206,157067,182852,191297,203423,229863,296061,342574,651461,684120,701527,713206
169,34000,4257,334556,102243,81080.7,2.45391,21.2131,-15.8697,-2.40162,-5.1996,-1.82578,-5.70474,-3.49568,0.164173,-17.0094,20.1912,-37.0513,-23.037,-31.1051,-26.9715,-31.1386,-29.383,-29.448,-23.5426,-38.6842,-11.0096,-153.718,4257,25487,29372,32169,34316,38443,38803,41685,42103,52325,59698,65066,75510,80574,82077,82252,93739,96069,97049,97338,104938,117901,119292,133676,148161,177474,208509,251626,302816,334556
170,34200,4561,1084188,217991,245865,1.03085,21.286,-17.1105,-1.49692,-5.13124,-2.78013,-5.18112,-4.17233,0.815655,-17.17,20.2675,-37.6124,-22.8697,-31.0817,-26.258,-31.2062,-30.0493,-30.8277,-24.6401,-39.362,-10.7546,-153.673,4561,9238,9847,21245,30201,46053,67280,73419,103696,113696,113861,115000,117000,130749,150431,153903,166546,181111,181395,193423,199020,218972,241753,305754,311507,338026,338849,680597,838413,1084188
171,34400,9432,489278,121204,130242,0.701431,20.5991,-17.5674,-1.92888,-5.18935,-2.66416,-5.62935,-3.26368,0.190655,-15.9084,20.5519,-37.6969,-23.4897,-31.1483,-25.69,-31.516,-29.1994,-30.2939,-23.7809,-38.6296,-11.675,-154.516,9432,11179,12856,16273,17639,17725,22588,31523,33609,36859,37391,39174,47290,48004,59086,68796,73440,89479,99280,132112,148147,167597,185230,209959,239359,240118,260874,338276,453561,489278
172,34600,7993,695401,191226,150158,-0.793409,20.4528,-18.5066,-1.22106,-5.48887,-1.64265,-6.68834,-3.41939,-0.144828,-15.8113,20.9832,-37.9092,-23.6974,-32.3576,-26.6224,-32.3678,-30.2315,-30.2533,-23.1992,-38.0211,-11.3933,-154.166,7993,8930,16961,37110,66891,68977,77567,95681,103689,108168,117582,131050,134230,140338,156215,174566,177321,186444,203485,214180,232715,245449,267130,272157,272484,295911,354803,357010,516330,695401
173,34800,9738,467712,180225,142637,-1.58764,20.0847,-17.1762,-1.36768,-6.14385,-2.09335,-7.62391,-4.03801,-0.415971,-16.1766,20.5829,-38.6651,-24.9742,-31.571,-27.2558,-31.4628,-30.479,-30.3672,-22.5044,-38.7783,-12.9198,-155.671,9738,18346,22741,37877,42287,55210,61867,68083,70597,92050,104657,106870,119304,126947,135275,143292,143696,150935,173993,174636,211868,238934,258522,301773,375079,399301,407734,423912,463505,467712
174,35000,4098,404424,117009,95858.9,-2.8236,19.8407,-17.6206,-1.39661,-6.07698,-2.06163,-6.41209,-3.30588,0.0647147,-16.6017,20.2854,-38.9266,-23.745,-31.5515,-27.2009,-32.1297,-30.1608,-30.9006,-22.5829,-37.9418,-13.2744,-157.314,4098,5190,7966,19069,26864,28288,43028,49425,59496,66099,67238,72485,74882,79919,80792,104200,107827,114260,131604,143569,144592,154495,160223,162102,171524,181071,269329,277890,298326,404424
175,35200,8804,767120,201006,195385,-1.6771,20.8234,-18.3277,-2.16583,-7.2852,-2.18353,-5.94923,-4.34396,-0.161496,-16.9554,21.0817,-39.0141,-23.9753,-31.7091,-26.6612,-32.8891,-29.6865,-30.6839,-22.6796,-39.0329,-13.3382,-157.966,8804,22123,30543,33113,39259,47095,52434,65015,67673,70199,99132,102198,124590,130704,136770,140216,142399,152593,184846,188346,216982,239588,256976,276278,283948,480460,487344,531092,652339,767120
176,35400,3887,383243,127988,114462,-1.55655,22.2332,-18.3899,-1.41839,-6.41865,-3.21864,-6.10355,-4.8266,1.02384,-17.2907,21.0108,-40.0857,-23.8019,-30.8873,-26.6283,-33.7997,-29.8504,-32.7443,-22.3939,-39.0036,-12.4196,-157.811,3887,4783,6181,9918,10362,22715,25507,26126,51382,52070,64868,71791,73338,75987,80596,95429,99943,107299,117352,121249,155546,193543,233438,251409,284736,296379,298810,304699,317062,383243
177,35600,1118,717595,197329,176841,-0.664658,21.8465,-19.912,-2.11749,-5.49954,-3.31588,-5.82438,-5.03918,1.59336,-17.4506,21.6824,-40.4017,-24.1254,-31.5288,-25.8395,-33.4567,-29.0092,-33.4797,-22.0299,-39.5392,-12.8682,-159.544,1118,3583,18437,26344,30450,33387,67345,78198,90426,91133,91393,98698,107601,126244,129315,138824,144595,160618,180449,212205,261494,285652,296469,352387,374065,379298,432507,472440,517596,717595
178,35800,8734,769370,163750,160516,-1.33744,21.1049,-19.0532,-2.49033,-4.85795,-2.4772,-6.20523,-4.61173,2.04049,-18.6916,21.6015,-40.3029,-23.3369,-32.438,-25.0066,-33.0262,-28.9615,-33.4532,-21.7943,-40.0645,-13.1219,-160.806,8734,8770,49637,55069,57107,57244,58854,58919,64387,72417,79259,81945,94696,102523,104776,107347,116895,119608,122045,169849,173350,196889,208921,243234,259319,290460,293355,417906,469623,769370
179,36000,4718,566653,147841,143022,-1.86818,22.0158,-18.7827,-2.46519,-5.30036,-2.97773,-6.70488,-4.66156,2.03076,-18.4756,20.8664,-39.8413,-23.0442,-32.2795,-24.9265,-32.8029,-30.3286,-34.3101,-23.6535,-41.7241,-12.9726,-160.913,4718,8459,12336,15353,18902,41289,57048,59086,61651,69219,71438,78635,78738,81092,85023,90355,114899,122516,144385,145534,176138,182346,196479,258218,267835,281812,296247,298899,549935,566653
180,36200,12582,438584,121494,110644,-1.58643,22.1426,-19.2758,-2.42864,-4.8741,-2.28771,-7.1368,-4.50112,1.95996,-19.0738,20.9669,-40.2313,-22.6979,-33.3078,-24.7966,-34.556,-31.3496,-36.1549,-22.957,-41.0551,-12.7785,-161.695,12582,18261,23095,24344,34153,45697,47696,51893,60196,61028,62423,64010,71278,80672,82214,97746,97981,102906,105396,117715,119266,128830,129298,140810,195997,216006,255128,355143,404467,438584
181,36400,640,454996,133681,128430,-1.72269,22.7029,-19.3452,-1.85366,-5.27683,-1.89133,-6.70558,-4.54837,1.86881,-18.0955,20.9838,-40.1163,-22.328,-32.8521,-25.8102,-35.0093,-31.891,-34.3901,-22.9809,-41.0157,-13.4789,-161.453,640,5756,9269,17570,17574,22849,23230,26018,44782,50217,52827,55277,67623,69802,73361,92814,129733,136055,144641,147626,170553,187366,190313,196109,235990,248743,348599,356276,433815,454996
182,36600,273,565588,154715,142752,-1.61071,21.5737,-19.0161,-1.63032,-4.64758,-0.921834,-6.57126,-5.00396,1.41321,-17.0834,20.6954,-40.0162,-22.2781,-33.4947,-24.7677,-34.9174,-31.421,-33.9083,-23.2085,-41.449,-13.7005,-162.231,273,4146,20089,33933,44372,45833,46009,54601,66426,79957,85608,88037,91820,95354,96529,121136,127294,133251,151658,159740,180097,185894,187045,222783,229584,248901,345853,392115,537511,565588
183,36800,7965,611645,140861,125299,-0.252125,21.6516,-18.4039,-1.32409,-4.4594,-1.54276,-7.12978,-5.86113,1.41732,-18.3076,22.136,-40.8886,-22.4139,-34.2367,-24.9724,-35.0469,-30.2945,-33.8137,-23.1667,-41.3299,-13.7553,-162.152,7965,10100,18616,29985,36130,42686,50214,53121,58116,65024,80075,100874,104822,109669,116683,118467,119298,127903,128681,137635,168625,180406,191543,191723,201892,210463,291895,298522,363052,611645
184,37000,7536,456678,152726,125396,-1.23655,22.5462,-17.8483,-0.0514951,-4.911,-1.14321,-6.3375,-6.34131,2.32821,-17.2698,22.0315,-40.394,-21.9465,-34.8092,-25.8525,-36.0997,-31.3258,-33.6346,-22.3081,-41.8059,-12.9223,-163.463,7536,10458,12365,19681,21282,21857,26379,32625,60786,68575,72481,80690,88310,114528,117674,149553,155836,161517,167540,182790,201092,212768,229542,247017,296368,321735,330377,352826,360922,456678
185,37200,7582,834328,161988,174434,-0.625637,22.1396,-17.6957,-0.47409,-4.25113,-1.53906,-5.67025,-6.3012,1.88547,-18.291,21.9051,-40.2598,-21.9519,-35.0054,-26.5443,-35.5867,-30.3372,-33.9826,-22.053,-42.2449,-12.9423,-163.553,7582,7762,9573,11338,17636,29461,32106,44568,58786,68048,72957,79350,89432,95782,119778,132277,141166,142678,151083,154321,167389,177973,179113,224716,270861,352094,353114,395773,438609,834328
186,37400,4842,703792,136930,156574,1.14558,20.8696,-17.7689,-1.28721,-3.24626,-0.696006,-4.34133,-6.8457,1.03055,-19.052,21.1898,-40.3038,-21.6711,-34.1963,-27.2744,-34.8112,-31.3787,-34.1388,-21.8327,-40.8482,-12.3052,-163.075,4842,10088,22552,25932,26958,29313,30599,36018,36256,36261,37681,46242,48703,69683,71684,78851,81623,82698,108082,131028,149201,156237,168000,248690,259765,313648,322984,352543,417935,703792
187,37600,12843,463359,110566,101786,1.1949,21.1129,-17.8918,-1.26644,-3.31204,-0.783344,-5.33823,-6.34983,1.84936,-19.1269,21.917,-40.6501,-22.6772,-35.6851,-27.3769,-34.6204,-32.1692,-33.8556,-21.991,-41.5964,-12.8367,-162.87,12843,14835,15234,15782,17711,24323,24715,38594,40713,45580,58570,61592,64152,75762,80931,92364,93358,96034,103369,116830,135669,138076,146451,161442,192919,204595,217968,269754,293468,463359
188,37800,6889,448967,133697,121498,0.410254,20.7437,-18.3222,-1.68878,-3.93631,-0.12995,-6.86982,-6.06237,2.40861,-18.852,21.8777,-40.9541,-22.3207,-35.9681,-27.9115,-35.2399,-32.1496,-34.4167,-23.5363,-42.5168,-13.7337,-163.715,6889,10948,13580,19937,20414,24947,26635,50375,52019,55386,57217,69926,84291,87603,88714,106418,106426,109482,112495,135578,154924,172313,217917,230071,252353,253630,275056,338478,427931,448967
189,38000,1603,519114,141407,133978,0.217805,21.6787,-17.4363,-1.79717,-4.33305,-0.116208,-6.32774,-6.10409,2.43651,-18.6422,21.6117,-40.875,-23.0422,-35.6895,-27.9897,-35.4443,-31.8766,-33.8207,-23.675,-42.3795,-13.5701,-165.031,1603,3227,5866,15965,16036,23601,35483,41884,43426,60086,69287,71255,71696,94312,104173,122322,129574,136794,140025,147491,182330,187834,188615,197253,255011,257209,301986,325207,493537,519114
190,38200,8703,604731,172607,152423,0.326959,22.8603,-18.3268,-2.58988,-5.22435,-0.69507,-5.61522,-6.12531,2.54492,-19.2546,22.3178,-40.8435,-23.8558,-35.0363,-28.4925,-35.2866,-32.4684,-34.3392,-23.9506,-42.5982,-12.4597,-164.831,8703,16679,19125,22628,32190,39714,70931,72849,77291,87040,88292,94377,105392,130605,139897,142552,146828,158518,167361,173023,184355,196788,214635,215912,274909,347460,389423,393148,562847,604731
191,38400,8854,541557,158589,143777,0.562741,22.5632,-18.5293,-1.43283,-4.1914,-0.885096,-5.71251,-6.78786,1.64782,-20.4216,22.8532,-41.1188,-24.3303,-33.6514,-29.7304,-35.4193,-32.4375,-35.5213,-24.3203,-42.3866,-13.103,-166.127,8854,20120,25180,28015,33713,42396,49240,49440,55433,83051,87267,90757,94727,101258,116368,123204,131557,136254,139512,145930,150531,178530,187997,220628,236594,408232,413052,413478,444800,541557
192,38600,2977,547522,144889,122916,0.792771,22.4184,-18.4008,-1.30433,-4.09298,-0.930259,-5.99227,-6.8541,1.46411,-19.4868,23.0771,-42.3754,-23.9673,-34.9663,-30.2182,-37.1366,-31.3036,-35.0291,-25.0101,-42.7308,-13.0162,-166.489,2977,3378,9534,17552,31138,38962,43545,45142,48900,61659,92107,95129,97322,103720,113394,135230,169602,175117,179557,180084,190087,191648,195463,196113,214389,217803,229712,299541,420336,547522
193,38800,1579,755390,170512,188563,0.106037,21.8295,-18.0502,-0.762375,-5.31271,-1.73657,-6.62713,-6.74056,1.19218,-18.632,23.6624,-41.5419,-23.94,-35.2717,-29.1586,-36.561,-30.6463,-34.2534,-23.4322,-42.5072,-12.6029,-169.017,1579,4152,6171,6182,7335,14319,17008,27456,39826,42582,44946,59004,73675,93212,96338,98422,98780,151897,170913,201880,224389,263999,267343,299368,335005,346027,363248,367234,637694,755390
194,39000,11200,654309,182009,173182,-0.853428,21.9276,-18.451,-0.410014,-6.57729,-0.667384,-7.43325,-6.07766,0.796119,-19.4064,23.6282,-41.0806,-24.0456,-36.5639,-28.575,-36.835,-31.49,-34.0561,-23.9289,-42.5128,-13.7158,-169.489,11200,16646,18424,25965,30969,43711,50016,51987,59025,60400,61901,74785,95182,103517,119543,136769,138894,174592,187710,195868,205078,208505,253672,279703,388977,394462,397702,412601,608156,654309
195,39200,2328,910613,202966,221252,-0.45819,21.0469,-17.8518,-0.843316,-7.98939,0.177283,-6.37238,-6.23906,1.13298,-19.8396,23.2679,-40.1944,-24.2466,-36.8215,-28.4458,-37.5567,-31.7721,-34.5629,-23.4476,-42.6758,-15.1283,-170.169,2328,5490,7060,18297,39658,47285,48642,50511,57856,61674,74672,81216,81980,92347,94737,131591,134204,148661,176620,264384,287569,304054,312465,324931,335668,335690,366552,501105,791108,910613
196,39400,741,441250,156792,123741,-0.915878,20.8112,-17.9552,0.0840872,-8.54043,-0.377577,-7.28027,-5.81697,-0.0895417,-20.1473,22.834,-40.3732,-24.4736,-36.6088,-28.5193,-37.1884,-31.2324,-34.3677,-23.8394,-42.7169,-14.8367,-170.966,741,2437,5738,8434,13455,15681,34843,60461,83781,84387,97343,104482,120050,126082,127036,145165,149917,151674,176220,178402,200369,221924,254013,261293,283556,293594,303212,341356,416871,441250
197,39600,791,482847,122639,123168,-0.590502,22.1591,-18.8849,1.2891,-7.7915,-0.502527,-7.34452,-5.65238,0.185438,-19.0938,22.8833,-42.0945,-25.2981,-37.3219,-28.7005,-37.144,-31.0382,-34.4426,-24.4449,-42.3985,-15.2401,-170.245,791,3182,19343,21031,24253,28832,30680,37251,37791,38806,39335,45875,47334,49753,51379,68863,100862,103641,130732,139034,139585,146612,194088,210766,212413,268243,331314,336414,338121,482847
198,39800,3531,406122,146933,113629,-0.880834,22.0368,-19.512,0.687145,-7.85803,-1.452,-7.67388,-4.74207,0.304921,-19.1387,22.1519,-41.7615,-25.2839,-37.9599,-28.0456,-37.0185,-30.6215,-35.432,-23.4811,-41.7993,-14.6688,-171.102,3531,5276,16672,24290,24666,27095,53025,57126,74009,81559,91138,102906,107490,115086,117959,127900,130679,139732,142395,153170,185099,190227,215917,235513,236300,288557,346358,349452,358754,406122
199,40000,7327,713051,157393,152208,-0.514659,23.1609,-18.8084,0.42729,-6.99184,-2.01598,-6.84954,-5.32604,-0.207605,-19.4746,22.789,-42.3811,-24.9097,-38.7134,-27.8029,-38.4826,-30.9455,-35.9941,-23.4007,-41.9175,-14.3334,-171.199,7327,18216,18408,20926,30068,31121,33478,45987,46400,56105,72335,77928,92556,92827,105623,110267,129436,139562,157251,165607,178197,243500,260738,261107,267198,310504,314292,344137,377627,713051
200,40200,2950,668842,134210,140722,-1.1638,23.4578,-18.5092,-1.06182,-7.04619,-1.43619,-6.73735,-5.7817,-2.04757,-20.129,22.3709,-41.9643,-24.4453,-40.9772,-27.2833,-38.1135,-31.0876,-37.0455,-23.6279,-41.07,-14.9238,-170.342,2950,5215,7143,7387,7944,8623,13445,37227,40429,42076,60027,80775,86740,90534,96892,101822,106735,108814,111644,131699,156449,202982,208823,230316,251439,260000,287221,291593,320509,668842
