generation,agents,minScore,maxScore,meanScore,standardDeviation,w0,w1,w2,w3,w4,w5,w6,w7,w8,w9,w10,w11,w12,w13,w14,w15,w16,w17,w18,w19,w20,w21,s0,s1,s2,s3,s4,s5,s6,s7,s8,s9,s10,s11,s12,s13,s14,s15,s16,s17,s18,s19,s20,s21,s22,s23,s24,s25,s26,s27,s28,s29
0,200,5,34,19.6,6.13975,0.711652,1.74061,-1.91087,-1.48666,0.696489,-1.21603,-0.960641,-0.891298,-0.845518,0.626383,0.561234,-0.785254,-3.86953,-0.356944,-0.759111,-3.36426,-2.37076,-1.67514,-0.389015,-1.60933,-2.00163,-2.83818,5,9,12,12,14,15,15,16,16,16,17,17,18,19,20,20,22,22,23,23,23,23,23,24,24,24,25,28,29,34
1,400,34,302,102.8,63.681,2.27652,2.04594,-2.95764,-2.43455,0.932835,-0.3238,-1.2424,-2.56083,-1.13031,-0.658627,0.962864,-0.394915,-0.647443,-1.87384,-0.523963,-4.70379,-1.46351,-4.19901,-0.853719,-2.23841,-3.62506,-7.53072,34,43,45,51,52,53,56,62,67,70,70,74,76,77,81,88,92,95,103,104,112,112,122,123,125,146,173,197,279,302
2,600,22,246,122.167,52.0869,1.59541,3.49054,-2.72445,-3.28243,1.25599,-1.12118,-0.757381,-6.031,-1.58187,-3.06259,1.34908,-2.48477,-1.30207,-4.78286,-3.81698,-6.14555,-3.07262,-5.54342,-1.92235,-4.75936,-3.75841,-11.0745,22,48,56,66,72,73,73,94,96,96,99,104,105,111,121,121,121,126,126,132,140,144,153,158,168,182,187,205,220,246
3,800,48,271,140.433,65.5437,-1.48137,2.31764,-4.21037,-4.1048,-3.99877,-0.583089,-2.42901,-6.24253,-6.97252,-6.40422,0.505937,-5.0277,-1.90139,-7.85886,-4.42577,-6.42046,-6.20475,-5.45271,-2.99539,-7.21114,-3.89547,-15.6488,48,53,66,67,71,75,78,90,91,103,105,105,113,116,133,135,135,139,141,150,173,176,189,207,212,231,232,241,267,271
4,1000,51,370,145,74.3491,-3.77978,0.696702,-4.99004,-4.89085,-8.68895,-2.99285,-4.42136,-8.26709,-9.14841,-5.81861,-0.0152232,-5.86511,-2.26245,-9.04845,-5.83909,-8.87403,-8.75599,-7.79625,-4.25312,-8.34146,-6.54128,-18.3325,51,68,71,75,82,83,91,103,103,104,110,112,122,127,129,131,132,134,136,137,138,148,148,181,212,225,251,279,297,370
5,1200,54,538,176.933,105.873,-3.44604,0.121916,-6.10514,-5.27162,-8.27565,-3.83805,-5.32388,-7.4153,-11.5792,-8.30287,0.684062,-6.56662,-2.43222,-10.232,-6.40071,-9.93627,-12.9733,-9.00525,-5.17806,-7.5985,-8.25674,-21.2235,54,60,63,86,87,87,88,95,102,109,120,121,130,132,135,172,179,188,195,197,222,223,227,229,262,262,265,287,393,538
6,1400,49,504,187.067,120.44,-1.7401,1.42138,-7.57156,-7.22312,-8.5898,-5.5708,-5.52801,-5.5836,-10.3194,-9.63941,2.26593,-8.96775,-3.96988,-11.8883,-6.68594,-12.0702,-12.3038,-10.5583,-7.31502,-7.98316,-10.4279,-23.8346,49,57,63,79,86,89,92,93,99,100,105,108,110,129,136,164,175,192,192,232,239,240,240,260,265,298,374,415,427,504
7,1600,40,407,178.033,108.59,-3.55618,0.154921,-8.9793,-7.67639,-8.50379,-5.15233,-5.77295,-4.20539,-10.6026,-10.6447,2.26088,-9.42098,-7.33604,-12.7014,-7.32455,-13.3595,-12.8448,-10.0671,-7.96442,-7.50161,-14.0571,-24.4205,40,44,52,70,71,77,88,96,108,112,116,127,133,139,160,163,168,169,174,176,192,230,234,245,275,330,361,378,406,407
8,1800,28,389,161.6,84.5775,-2.24207,-0.5861,-8.69129,-7.31736,-10.047,-6.18058,-6.67154,-4.74913,-10.7428,-12.9838,0.543695,-8.10344,-7.86426,-12.2085,-8.45798,-12.095,-14.4692,-11.1061,-10.6735,-8.65415,-16.1416,-26.4522,28,60,60,64,71,80,90,115,118,119,124,125,128,142,148,149,153,160,174,176,187,199,201,221,224,234,287,302,320,389
9,2000,47,293,154.867,69.886,-4.75049,-0.978824,-9.62783,-7.56774,-10.188,-6.46851,-6.9422,-6.00603,-10.3061,-11.9852,1.51342,-8.55746,-8.13678,-12.6323,-8.02615,-12.0495,-14.1043,-12.1484,-11.6551,-7.75086,-16.0062,-28.7713,47,49,60,74,88,98,108,113,114,117,119,131,132,145,146,149,150,150,152,159,163,169,185,221,226,245,267,288,288,293
10,2200,93,943,254.767,169.888,-9.13419,-1.86329,-9.77372,-8.8781,-10.2697,-7.80956,-7.26756,-5.69851,-10.4832,-11.6521,1.09308,-7.72825,-7.33722,-12.1223,-9.67418,-12.1748,-13.1528,-10.5487,-10.9054,-6.49593,-15.5439,-29.3515,93,105,120,138,138,141,142,143,152,159,161,176,181,187,199,225,234,237,241,254,257,262,279,305,320,447,455,460,489,943
11,2400,49,798,282.2,179.074,-7.72998,-1.16082,-9.30972,-10.8737,-9.16954,-8.81841,-7.18083,-5.48145,-10.3688,-13.6823,1.83715,-7.79798,-7.65816,-12.7168,-9.74675,-13.0279,-13.4689,-10.6044,-10.4925,-7.4385,-15.0917,-30.7552,49,66,91,127,141,148,151,156,160,166,167,171,185,187,191,201,268,310,323,342,350,359,379,395,440,446,518,530,651,798
12,2600,57,612,286.467,162.831,-7.73332,-0.942915,-10.32,-10.5161,-8.44214,-7.64968,-7.13311,-5.80875,-11.1803,-10.8598,0.716655,-8.71626,-6.9964,-13.2382,-10.8303,-12.3361,-13.9144,-10.4213,-10.9254,-7.9369,-15.6373,-33.0277,57,85,94,112,121,131,147,157,178,184,195,206,208,209,222,239,252,275,301,364,373,378,433,456,481,483,489,575,577,612
13,2800,61,1482,516.8,440.617,-8.32549,-0.958533,-11.4015,-11.3092,-7.41551,-8.88777,-6.7739,-7.71587,-11.3761,-10.7911,-0.178925,-9.69223,-6.88754,-12.5538,-10.5041,-11.967,-12.9818,-10.3726,-10.9771,-9.21618,-15.5718,-35.3342,61,76,78,81,96,142,154,169,172,173,178,242,312,325,339,352,375,434,494,517,670,893,917,968,1004,1039,1040,1273,1448,1482
14,3000,111,2446,658.167,507.53,-10.3637,-0.753323,-11.0329,-11.1179,-7.8959,-10.1903,-7.98237,-7.38051,-11.0604,-11.3104,-0.560149,-9.8414,-7.25575,-12.2097,-9.22382,-11.456,-12.3981,-10.5801,-11.2242,-9.31958,-15.0215,-37.0663,111,120,136,196,210,256,273,305,315,344,360,367,403,438,527,534,637,652,679,766,784,834,946,964,1020,1040,1286,1286,1510,2446
15,3200,90,1780,504.1,412.221,-9.97906,-1.44721,-11.4692,-12.3801,-9.01605,-10.3144,-8.67231,-7.03567,-12.3426,-11.9682,-1.74289,-10.5958,-6.35141,-12.6508,-9.17874,-10.8928,-12.2552,-10.7556,-11.5337,-8.54666,-14.8426,-40.2262,90,97,120,132,150,150,181,189,198,266,267,278,289,305,311,379,394,488,489,657,669,730,739,751,774,831,943,968,1508,1780
16,3400,131,7822,1095.33,1489.03,-9.541,-1.59687,-11.8597,-12.9913,-8.9525,-9.93431,-9.65226,-7.71874,-11.964,-11.3443,-0.803768,-10.4686,-7.26155,-10.9461,-10.0784,-10.1016,-11.7566,-12.2053,-11.8947,-8.76861,-14.7292,-42.1756,131,187,224,233,269,269,280,284,364,442,445,477,525,529,546,604,724,776,783,803,931,950,1018,1094,1960,2132,2277,2829,2952,7822
17,3600,61,4717,1233,1092.28,-12.6994,-3.35401,-11.714,-13.825,-9.46154,-9.54838,-11.2505,-8.58179,-11.7426,-11.336,-0.598366,-9.62665,-5.93241,-10.4803,-10.7891,-10.5918,-12.8014,-11.8682,-11.9099,-8.83928,-13.8485,-45.7974,61,87,248,327,329,344,427,470,494,525,580,633,713,717,781,805,1135,1334,1546,1633,1705,1728,1751,1751,1762,1793,2011,2446,4137,4717
18,3800,160,7004,1793.1,1853.54,-14.4322,-3.36892,-12.5999,-13.2562,-8.81747,-9.91674,-11.9306,-8.66991,-11.6075,-11.5579,-0.982697,-8.8327,-6.80669,-10.9853,-9.80144,-10.3774,-11.7078,-12.5685,-12.0944,-9.56615,-13.9527,-48.6685,160,184,208,256,375,420,450,493,568,636,685,689,908,908,934,1073,1073,1111,1362,1998,2099,2133,2146,2166,3897,4591,4667,5128,5471,7004
19,4000,74,6273,1437.27,1552.58,-12.3829,-3.23475,-12.6908,-13.6572,-8.77558,-10.9722,-11.9023,-8.65613,-11.6416,-10.9164,-1.19836,-8.834,-7.34856,-11.0599,-9.33752,-9.90441,-11.649,-12.6881,-12.4022,-10.2379,-13.5668,-51.236,74,139,258,325,345,353,419,452,456,472,511,529,551,567,572,751,853,1167,1299,1693,1707,1746,1855,2111,2416,2512,2952,4545,5215,6273
20,4200,88,6685,1695.6,1666.28,-13.5397,-3.52617,-12.2319,-12.668,-8.97218,-10.0669,-11.894,-8.63056,-10.9687,-11.9764,-1.75688,-8.89535,-6.7944,-11.1248,-9.68974,-10.2747,-12.15,-13.7764,-11.4334,-10.8127,-14.1383,-53.5842,88,179,191,193,226,283,297,458,480,538,579,874,974,1124,1244,1314,1410,1477,1691,1720,1835,1960,2615,2643,2803,3244,3645,4432,5666,6685
21,4400,471,7287,2239.37,1572.25,-13.8421,-3.19424,-13.0495,-12.2253,-9.64811,-10.4526,-10.3865,-9.11995,-12.259,-11.9307,-2.00036,-10.0248,-7.89521,-11.1188,-8.71638,-11.2209,-11.8179,-13.6008,-11.6651,-10.5895,-12.8887,-55.5458,471,488,683,692,710,721,769,903,1006,1136,1350,1351,1427,1986,2015,2109,2223,2296,2462,2521,2790,2790,3016,3265,3670,3703,4045,4492,4804,7287
22,4600,200,10668,2886.53,2493.62,-12.3758,-2.69454,-13.2804,-11.6412,-10.0385,-10.9887,-10.6397,-10.0875,-11.8105,-11.4272,-2.4048,-11.2765,-8.43903,-11.4485,-9.26753,-10.7128,-11.5449,-12.5541,-11.3505,-10.9195,-12.7306,-56.2755,200,444,652,685,747,811,819,962,982,1436,1542,1610,1619,1650,1772,1789,2041,2284,3280,3387,3754,4078,4266,4332,5363,5468,5584,6709,7662,10668
23,4800,197,6441,2193.8,1828.45,-13.3113,-2.26078,-13.4211,-11.6373,-10.4285,-11.1991,-10.1335,-10.6736,-12.0958,-11.4398,-2.84099,-11.6491,-8.5211,-12.1388,-10.7559,-11.5473,-12.3409,-13.29,-11.2968,-10.9269,-12.4941,-56.5809,197,306,347,359,505,596,684,697,751,763,871,1081,1399,1550,1625,1692,1927,1971,2390,2680,2701,2816,3076,3348,3981,4148,5298,5726,5888,6441
24,5000,182,8663,1836.9,2104.08,-13.4629,-2.78418,-13.3326,-11.5818,-9.93542,-11.3263,-9.65717,-10.2713,-11.547,-11.2706,-2.34709,-12.9247,-8.12115,-12.7625,-10.0874,-11.8207,-11.7297,-13.4525,-11.8162,-12.2011,-12.8902,-57.6718,182,273,275,381,410,513,686,734,743,768,859,873,1151,1184,1204,1219,1317,1325,1426,1465,1536,1549,1692,2101,2590,3266,3373,4812,8537,8663
25,5200,87,7253,1220.6,1536.9,-10.9704,-2.83054,-12.045,-12.2741,-9.20663,-10.9223,-9.17657,-9.35515,-11.3774,-11.7018,-1.95218,-13.8,-9.29227,-12.5834,-11.2234,-11.8477,-10.9597,-12.8106,-11.8878,-12.573,-13.59,-58.4466,87,87,144,159,188,202,210,294,321,331,424,485,489,529,630,644,866,1101,1239,1275,1354,1379,1459,1486,1592,1911,2369,3563,4547,7253
26,5400,220,6731,2322.87,1779.88,-11.3357,-1.88167,-12.5876,-11.0343,-10.9125,-10.634,-9.91016,-9.39296,-11.0659,-12.2962,-1.61962,-14.4983,-9.91619,-14.1839,-11.7982,-11.9395,-10.8044,-12.3003,-12.1443,-12.0319,-13.2381,-59.529,220,271,278,443,494,651,822,866,868,1202,1229,1333,1379,1758,1770,2096,2189,2440,2615,3090,3174,3256,3317,3457,3473,3958,4888,5275,6143,6731
27,5600,29,7270,1504.9,1534.39,-11.2869,-1.41017,-12.1632,-10.9484,-11.3807,-10.1156,-8.94762,-8.58878,-9.47748,-12.3665,-1.05883,-15.5303,-11.0366,-13.6645,-11.8186,-11.8674,-10.9604,-12.142,-12.317,-12.8742,-13.4956,-60.7063,29,51,83,192,208,301,331,409,633,656,772,850,878,1040,1059,1246,1264,1418,1454,1538,1603,1947,2159,2167,2451,2503,2876,2936,4823,7270
28,5800,144,9503,2115.87,2285.05,-9.68188,0.0553637,-11.552,-10.9177,-10.328,-10.1401,-8.65084,-9.53233,-9.01687,-13.0844,-1.55452,-14.4108,-10.0796,-14.6512,-12.0967,-12.2617,-11.3109,-12.1079,-12.9893,-12.4495,-13.628,-61.7579,144,226,241,318,345,352,424,537,580,667,785,794,929,1182,1246,1468,1610,1617,1796,2065,2180,2523,2972,3083,3158,4500,4591,6761,6879,9503
29,6000,175,14525,3320.9,3280.61,-7.42094,0.437652,-11.1416,-10.4951,-9.98707,-11.2822,-8.54268,-9.71142,-8.28402,-13.3132,-0.916703,-14.796,-11.0425,-15.7142,-13.1994,-12.956,-12.3434,-12.3909,-11.0977,-13.5595,-13.0903,-63.4928,175,494,532,849,929,1153,1292,1307,1363,1567,1651,1668,1750,1845,2528,2897,3043,3061,3506,3510,3565,3685,3841,3927,4749,4762,5957,6313,13183,14525
30,6200,160,13422,3095.9,3536.95,-8.62833,0.597767,-11.0296,-10.3516,-8.80012,-11.1341,-9.25666,-9.40522,-8.88107,-13.4633,-0.114993,-15.4554,-10.6788,-16.214,-13.514,-12.8222,-11.4907,-12.3177,-11.1532,-13.902,-11.8459,-64.1803,160,205,278,314,328,349,379,514,562,792,794,1058,1381,1413,1755,1780,1828,1993,2169,3498,3500,4305,4438,5022,5212,6281,7928,9633,11586,13422
31,6400,173,17223,4518.5,4313.84,-9.15224,0.816504,-11.7437,-10.9811,-8.20339,-10.9131,-9.19904,-9.39632,-10.4962,-13.7565,1.53616,-15.1735,-10.4988,-16.5817,-13.4242,-12.9698,-12.6572,-12.2685,-11.8797,-13.1978,-11.803,-65.1628,173,392,502,515,546,845,1043,1058,1143,1676,1812,1820,2037,2269,2373,2383,3799,4272,4924,5137,5948,7249,7330,7794,8919,9447,9882,10377,12667,17223
32,6600,136,21159,4438.7,4449.56,-10.704,1.28127,-12.2199,-10.1068,-7.57011,-10.8438,-8.49572,-9.22588,-9.67,-13.6845,1.47742,-15.2245,-11.0276,-16.5424,-14.0651,-13.449,-13.7708,-12.5562,-12.2177,-14.0091,-10.9669,-66.2793,136,338,384,563,614,801,872,874,1293,1331,1422,1856,2202,2971,3019,3048,3261,4679,5156,5512,5834,6350,7411,7422,8234,8866,9049,9112,9392,21159
33,6800,124,11568,3677,3276.7,-11.7218,1.05633,-11.5391,-10.1354,-7.87327,-9.11624,-9.55565,-8.93254,-8.98398,-14.1893,1.47744,-15.6936,-11.5437,-16.9599,-13.246,-14.0535,-14.6079,-13.9045,-11.515,-14.5514,-11.2639,-66.4505,124,158,405,535,890,896,999,1054,1636,1761,1852,1887,1916,1932,2167,2506,2711,2950,3091,4200,4953,5471,5569,5959,6799,6981,8967,9602,10771,11568
34,7000,240,43954,7220.9,9634.74,-12.9014,2.7695,-11.4391,-9.97509,-6.67337,-9.00637,-8.58065,-8.00083,-7.75841,-13.7608,1.68752,-16.2293,-11.5839,-16.9959,-13.2613,-14.4048,-14.3086,-13.8737,-11.5906,-14.5264,-9.35602,-69.6102,240,255,324,514,1042,1380,2071,2149,2292,2368,2792,3385,4196,4224,4307,4955,5447,5736,5830,5985,6311,6562,6733,6802,7218,10740,17536,18337,32942,43954
35,7200,679,40981,11554,9568.56,-12.1716,3.29845,-11.9554,-9.04184,-6.71869,-7.79806,-8.52297,-7.26292,-7.64021,-13.9862,2.16837,-17.0015,-12.1943,-16.1801,-13.2966,-15.1206,-13.8318,-14.0629,-10.8172,-13.5833,-9.00207,-71.4463,679,1291,1918,2420,2521,3151,3411,3936,4882,5884,6249,6260,6953,7393,7957,7990,8585,11457,13126,15043,15732,16067,16596,19025,19613,19749,23416,24625,29710,40981
36,7400,806,38832,8664.77,9676.42,-8.60719,3.48495,-12.5162,-8.79143,-7.16332,-8.41329,-8.35845,-7.19741,-7.19458,-14.0384,2.30896,-18.0021,-12.0086,-15.1667,-13.6036,-14.7949,-12.0804,-14.1027,-11.3479,-14.7374,-9.11604,-73.0307,806,909,1363,1383,1404,1489,1507,1715,1969,2162,2641,2724,2920,3261,3778,4435,4486,4818,5849,7741,10244,12741,14409,14606,16932,22153,22538,24179,25949,38832
37,7600,749,52546,9479.93,11830.1,-7.84032,3.25259,-12.4394,-8.129,-7.31222,-8.27555,-9.42551,-8.41895,-7.80422,-14.2032,2.4274,-18.4799,-13.2838,-15.1121,-13.8145,-15.6282,-13.6956,-15.9211,-11.0225,-15.0842,-8.71393,-73.6714,749,763,781,1166,1502,1599,1651,1987,2049,2536,2862,2910,3506,3915,4084,6153,7056,7764,8630,9769,10470,10571,11426,11484,14639,15760,19205,29030,37835,52546
38,7800,431,36484,10983.5,10905.8,-6.82661,4.91699,-13.0967,-7.8565,-7.30997,-8.21773,-10.0401,-8.75438,-6.27087,-13.9882,3.21397,-18.0106,-13.9365,-15.7839,-13.2899,-15.6037,-12.5093,-15.6572,-10.7449,-14.9454,-8.54194,-74.0839,431,591,700,815,1092,1519,2208,2245,2472,3528,3743,4318,4798,4916,5984,7318,7885,9729,11684,12418,12504,12691,17707,22024,24245,24744,25952,32041,32720,36484
39,8000,477,44168,8883.9,8752.16,-6.63235,4.18413,-12.4433,-7.10711,-7.48877,-8.13804,-9.59672,-8.70261,-5.76929,-14.2492,3.28147,-18.4046,-12.987,-15.3375,-14.3979,-15.4944,-13.5167,-16.269,-9.95014,-16.4709,-8.34944,-75.6995,477,767,981,2126,2640,3275,3342,4062,5022,5046,5518,5884,5910,6039,6517,7226,7335,7649,7832,7954,8039,8694,9060,10478,11441,14756,18965,22016,23298,44168
40,8200,311,63388,9623.87,15128.3,-5.63756,4.34545,-13.5661,-7.36285,-7.68722,-7.98979,-9.4658,-8.55721,-5.43818,-14.9038,2.93447,-18.5041,-12.8159,-15.574,-14.7802,-15.9171,-13.3181,-15.6903,-10.4908,-16.6644,-9.65035,-76.7136,311,454,482,794,1324,1398,1555,1913,2642,2800,2849,2893,2933,3029,3378,4055,4890,5248,5594,6258,6419,6525,7033,7085,12614,14234,34135,35088,47395,63388
41,8400,131,37262,9970.2,8913.9,-6.07734,4.77312,-13.0392,-6.73117,-7.67193,-7.93449,-8.39019,-8.27798,-4.70669,-15.6491,3.32973,-18.3702,-13.7861,-15.9234,-15.169,-14.6428,-13.9095,-15.4988,-10.7691,-17.498,-9.17705,-76.3512,131,658,1232,1321,2131,2398,2469,2914,3823,4130,4237,4309,4878,5375,7011,9115,9219,9717,11058,11938,12644,13315,13681,14939,19248,19551,19848,25176,25378,37262
42,8600,433,43283,10480.8,10635.5,-7.26582,5.09172,-14.6181,-5.06511,-7.60185,-7.649,-8.44513,-8.19119,-5.21146,-14.9075,4.21429,-17.9224,-12.2601,-14.5599,-15.2131,-14.74,-14.6561,-15.5496,-11.9246,-17.2455,-9.69155,-76.649,433,979,1065,1780,1918,1980,2877,3149,3290,3411,3915,4935,6105,6614,7310,7873,9304,10619,11022,11124,11595,11725,13172,14377,14924,17985,22694,23986,40979,43283
43,8800,1316,96166,17490.6,19628.8,-7.03564,5.48292,-15.3047,-3.88896,-6.68384,-8.03494,-7.10259,-8.25725,-5.01714,-14.1695,3.91813,-19.1125,-11.5573,-14.3583,-15.5711,-15.1558,-12.7906,-16.3337,-11.6802,-17.3704,-10.0209,-78.694,1316,2177,3468,3632,4024,4722,4947,5601,7067,7385,7908,8424,9125,9521,9843,11177,11926,15616,16079,16550,16790,17656,19268,20559,30383,32330,33146,39552,58361,96166
44,9000,227,82946,15070.6,18385.4,-7.67996,6.19769,-14.884,-4.08724,-6.80042,-7.6602,-6.82072,-6.86858,-4.61043,-13.7534,4.54681,-20.3031,-12.6211,-15.6384,-15.8703,-15.5431,-12.7553,-16.9065,-11.8193,-18.1291,-9.22436,-78.6879,227,503,757,1083,1152,3419,3451,3926,4646,5097,5110,5149,5948,8262,8557,8831,10155,10694,10752,12210,14436,14814,17528,20606,28710,33343,33970,45196,50640,82946
45,9200,188,108317,16283,20140.6,-9.04601,5.82161,-14.0307,-3.02827,-7.18942,-7.03876,-6.61146,-6.45596,-4.86016,-13.6429,5.93485,-19.765,-12.1491,-15.4018,-15.9518,-16.4522,-13.8543,-16.7454,-10.879,-17.6293,-9.32958,-79.9638,188,873,1203,2140,2722,2890,3071,5543,6705,6771,6882,7252,8620,10749,11172,11811,12508,15006,15753,16045,16359,18965,21005,21645,25015,26679,32178,34607,35815,108317
46,9400,821,54741,16575.5,16293.4,-10.6946,5.53708,-13.7974,-2.74325,-6.21436,-6.15376,-5.70894,-5.092,-5.59298,-13.014,6.42662,-19.9678,-12.0169,-15.351,-16.364,-17.4622,-13.6398,-16.7583,-12.5297,-17.9653,-9.13799,-81.5884,821,1467,1518,1627,1704,1904,2740,3074,3342,3394,3915,5474,5730,6599,8636,12233,14527,15214,18276,21785,21946,22114,24556,31796,38279,38381,41878,43490,46103,54741
47,9600,2139,118069,27324.2,27548.8,-11.2423,6.53882,-13.5571,-2.27852,-5.61666,-6.78568,-5.73242,-4.51579,-6.00496,-13.38,7.01025,-19.3905,-12.2941,-16.1948,-16.3406,-17.9292,-13.4502,-17.7473,-12.6133,-18.805,-9.10696,-83.3629,2139,2169,2338,2868,4505,5073,5340,6574,7269,11140,12281,12968,13856,14616,16028,17345,21416,28361,32229,32877,34473,36796,36915,42975,45889,49330,50643,55565,97679,118069
48,9800,17,222256,42617.4,51606.9,-10.7936,7.08788,-12.573,-2.11219,-5.98494,-4.90007,-5.27508,-3.73403,-5.40808,-13.4467,7.2505,-19.4669,-13.2614,-16.1612,-16.7754,-18.7217,-14.5951,-18.6297,-11.6383,-18.9239,-8.86665,-84.1734,17,616,4664,5374,7849,9026,9460,13541,18039,18966,20004,21343,21752,24746,25565,27601,28904,32452,33372,35981,37122,50544,56863,57524,66625,67994,77614,78125,204583,222256
49,10000,2458,223636,45744.1,45839.1,-10.0951,7.64487,-13.1848,-2.36674,-4.244,-3.96206,-4.36642,-5.41076,-4.43911,-13.3624,8.42941,-18.8911,-13.1477,-15.9737,-17.7069,-19.6026,-14.7441,-18.573,-11.2355,-19.1782,-8.24559,-86.2123,2458,2609,5387,5451,7504,15271,17121,18054,18446,19431,23768,24637,27517,30437,33040,34511,35206,35624,38426,40418,46508,57912,58245,71946,74064,88640,91284,101872,122901,223636
50,10200,2546,233678,59461,57365.8,-10.2275,8.63795,-12.8925,-2.51719,-4.07486,-4.11662,-4.20381,-4.95968,-3.86351,-13.3769,8.78281,-20.109,-14.0539,-16.1886,-17.6298,-20.342,-14.5801,-17.8681,-11.8491,-19.4478,-7.97508,-86.5833,2546,4775,4982,6354,8977,11513,12570,18462,20794,28422,29495,32351,37142,38579,43697,44359,44870,58837,59375,64395,70351,75204,81293,83180,87751,105840,113828,147133,213078,233678
51,10400,1133,307750,82860.7,87664.7,-9.22111,8.65567,-12.447,-2.96654,-2.72578,-4.68879,-4.14831,-4.74055,-2.76358,-13.7378,9.13847,-19.1292,-13.7016,-16.2295,-16.6269,-19.4532,-15.207,-17.3644,-13.0988,-19.4752,-6.74709,-86.5397,1133,1252,4113,5809,6121,9515,11138,15838,22638,28943,30777,38880,41363,44286,52620,57804,76240,82352,82930,89287,89336,97936,112247,124172,127170,132441,210479,288182,293069,307750
52,10600,1592,352084,67127.1,80384.4,-9.69003,9.84277,-13.0994,-2.85337,-2.80444,-4.85611,-2.97176,-4.1126,-1.89382,-13.1097,9.6376,-19.2539,-13.9662,-16.4862,-17.8497,-20.4851,-15.9698,-17.988,-14.1983,-20.9428,-6.67304,-86.907,1592,2839,3472,4290,5355,9425,13063,14971,15741,15898,18032,18561,25211,27467,39086,40397,48441,51585,52832,75368,78313,87917,101945,102259,111549,135755,140987,157476,261903,352084
53,10800,474,495865,70782.4,106463,-11.2403,9.71903,-12.5101,-3.40249,-3.26906,-3.75052,-3.05879,-4.07842,-2.30147,-13.3011,8.75314,-19.7909,-14.1562,-16.1011,-17.4511,-20.3115,-15.85,-17.3644,-14.9324,-21.3168,-7.39564,-87.636,474,4649,5040,5365,8014,10655,15334,15750,17095,18633,19154,24445,30286,30690,35230,35978,37109,43851,44016,50158,53860,60603,67381,78327,102042,110174,169293,205387,328615,495865
54,11000,554,143980,35233.6,31571.8,-8.28917,10.1374,-12.8378,-3.9138,-3.53017,-3.38846,-2.69591,-3.23497,-2.17726,-13.2495,9.18835,-19.2262,-14.2059,-15.669,-17.8918,-19.6535,-16.0229,-18.7203,-15.0583,-21.9754,-7.89338,-88.904,554,1572,3950,4705,5046,5448,8921,15469,17255,19253,21892,22783,22843,24653,30483,31034,36227,37065,38989,39043,40304,42460,46143,46655,54374,55527,57889,71129,111361,143980
55,11200,359,326447,106751,83490.5,-8.65614,11.2322,-13.3491,-3.7443,-4.22613,-4.71155,-1.65329,-3.40109,-2.73678,-12.3352,10.0089,-20.4582,-15.2126,-15.682,-17.2845,-18.7975,-15.8612,-18.6045,-14.5698,-22.8771,-6.75334,-90.716,359,4679,6709,9404,14301,15082,29730,42039,44703,58550,62080,72237,88040,92402,92752,102314,102670,103414,114752,123801,132734,136154,162045,177527,191513,200888,205022,217793,272388,326447
56,11400,3593,434994,92996,86462,-9.01518,11.6898,-13.0072,-4.15997,-3.60297,-3.7986,-1.63867,-2.69282,-2.02994,-12.423,10.1337,-21.1813,-15.1601,-16.8763,-17.757,-19.5654,-15.5611,-17.6965,-14.7838,-23.0326,-6.45977,-92.5806,3593,11090,12418,12627,13555,16057,32412,39713,49322,50551,53071,58013,65253,72746,73641,78026,78510,80990,98432,100660,102002,103451,119467,125987,140290,171418,176720,183750,231121,434994
57,11600,388,289551,69738.9,64994.3,-4.28445,11.7624,-12.8236,-4.01975,-3.49893,-3.72588,-1.66058,-3.11874,-1.49717,-11.8144,11.2002,-21.4999,-15.553,-17.041,-19.2574,-19.0747,-15.9838,-18.1148,-14.8256,-22.9323,-7.12849,-92.9647,388,2786,3440,14518,15998,19875,22057,22616,25736,27653,29244,36058,45548,45813,46774,53642,57273,63116,73852,86923,89956,96231,101399,107224,107303,110276,134966,141800,220150,289551
58,11800,3388,459719,119449,112347,-3.70266,12.2567,-11.8517,-3.72525,-4.04713,-3.09501,-0.446794,-3.7162,-1.45391,-12.6428,11.2906,-21.527,-15.5594,-17.3339,-18.8181,-18.945,-16.6624,-17.8665,-13.6459,-23.1866,-7.99393,-93.2437,3388,10134,13911,14306,17811,30215,33958,43115,43239,47200,48225,48296,54864,66348,69553,72988,85480,103544,108027,133585,146303,170236,201720,219175,227539,239270,251519,292128,327660,459719
59,12000,541,429964,132909,125208,-1.51687,12.4914,-12.0851,-2.83315,-3.50414,-3.17726,-2.42999,-3.60373,-1.14767,-12.5928,11.7321,-22.3271,-14.882,-17.9945,-18.6177,-18.2583,-16.754,-18.5198,-13.2293,-22.4799,-7.97355,-93.9101,541,1071,13008,31695,42212,43809,48480,50510,60302,66125,66201,66775,67943,74987,82229,82850,86353,97024,99338,107603,145820,147085,160656,188332,289870,311652,339667,361417,423763,429964
60,12200,4360,660325,101164,131865,-3.74963,12.1,-11.3646,-2.31928,-4.55676,-2.89735,-2.40021,-4.01614,-0.409937,-13.2595,12.3848,-21.4695,-15.0523,-18.5904,-17.5927,-18.3076,-16.3806,-18.6835,-13.457,-23.1859,-9.19562,-95.2856,4360,7174,7280,12572,12857,25550,26849,27148,29392,35567,44044,48939,56750,57935,59209,63760,70974,72218,74277,91673,101747,106314,121796,135381,141113,152452,184837,216624,385814,660325
61,12400,2920,563033,138108,136201,-2.61493,12.549,-11.327,-1.89342,-4.89053,-3.14605,-2.4282,-3.58862,-0.173694,-12.8971,11.6947,-22.3965,-15.6905,-18.4791,-16.9522,-18.2058,-16.4294,-18.7181,-14.5323,-23.3488,-9.13763,-94.5061,2920,12572,20343,25501,28628,42505,45314,47099,51092,53924,60681,66018,68632,79758,80267,81521,94808,98404,103063,164435,166605,169839,199428,207551,238674,263828,267663,394376,444745,563033
62,12600,326,319405,99913.3,79618.6,-3.57321,11.2115,-10.021,-2.80719,-5.50908,-3.2009,-2.64167,-4.22416,-0.391389,-12.6195,11.6477,-22.3284,-15.873,-19.9647,-17.1913,-17.7075,-15.3204,-19.5515,-14.1092,-23.2613,-9.64038,-95.55,326,12760,14202,15229,15253,20669,32733,36783,38017,44799,63189,78892,87225,87345,97455,101376,101447,108997,110480,111263,112394,124913,136173,141375,145203,151455,156852,212191,318999,319405
63,12800,1524,436532,109837,98512.9,-4.37667,12.2283,-11.0034,-1.94742,-5.96533,-3.22452,-2.12861,-4.22907,-0.215506,-13.3754,11.1532,-22.2205,-15.8692,-20.2323,-16.9104,-17.5649,-15.6215,-20.7259,-13.4496,-24.464,-10.2814,-98.328,1524,3195,7362,12750,16261,24398,31186,49505,52204,68770,78828,84358,89919,91101,91825,100565,104416,106335,107689,108929,117091,117631,122370,148064,167677,168770,184528,226462,374868,436532
64,13000,869,633197,118767,133142,-3.461,11.6692,-9.90507,-2.1987,-6.00258,-3.81062,-2.25477,-4.53811,-0.386809,-12.9083,11.5793,-22.0658,-15.7076,-21.238,-16.9493,-17.4371,-15.3367,-21.613,-13.3317,-24.4053,-9.52821,-97.8718,869,6787,8124,8447,23919,26929,28526,29509,35202,36167,38601,53277,59160,67161,71003,78758,92801,96625,103955,114072,122846,147904,162454,184637,200793,223237,270077,294513,343449,633197
65,13200,2725,532413,130191,143000,-4.03676,11.8248,-10.5136,-2.94482,-5.92071,-2.42786,-1.41787,-5.55953,0.0981461,-12.2739,10.8583,-22.1417,-15.1339,-21.1165,-16.8448,-18.6163,-16.2965,-21.4997,-13.3652,-24.9247,-9.56067,-98.3376,2725,2930,3159,9066,20993,23153,25414,29067,32640,34205,48033,50568,57629,59009,72254,78648,79258,81633,104225,157853,160208,172772,183682,193293,239582,283873,318707,337527,511212,532413
66,13400,58,261454,94593.8,84057,-3.5945,12.4983,-11.364,-2.1415,-5.55442,-2.19594,-1.91077,-5.29069,0.506181,-13.0434,11.1232,-21.5807,-14.958,-21.9981,-18.0204,-18.5366,-16.3919,-21.3503,-13.3219,-25.2608,-9.97788,-99.6126,58,5546,8616,10630,11289,12589,20270,24343,28111,28208,32909,36613,51913,57156,64405,79182,93322,95451,98254,99549,99680,141763,178242,181122,208288,209658,211352,237192,250648,261454
67,13600,1965,447330,113299,103248,-2.11784,11.4748,-10.6355,-2.33047,-4.41611,-2.11511,-2.79038,-5.46699,0.340859,-12.9863,12.2458,-21.7956,-13.9845,-20.5262,-17.9179,-18.7031,-17.1784,-22.1807,-14.2254,-25.2174,-10.0069,-100.601,1965,4127,7390,12886,18729,18852,23735,28084,47759,48607,50015,53572,67101,71490,80456,83092,102589,111540,116601,121623,144715,161942,183896,194180,208785,217682,251988,255249,262985,447330
68,13800,12733,398919,122646,87744.5,-2.35684,11.1972,-11.7067,-1.50953,-5.06213,-2.72854,-1.87542,-6.13306,-0.763431,-13.0023,13.4994,-22.8504,-14.8109,-20.8067,-17.9089,-18.4668,-17.9093,-22.9108,-14.7635,-25.83,-9.28071,-100.715,12733,16730,22982,31769,34548,43422,49223,55209,72622,72897,78712,83875,85703,92203,92431,105742,115311,127371,147679,150680,150742,166247,176035,186656,187502,194071,203590,218197,305574,398919
69,14000,3885,592419,130212,138182,-2.97859,11.008,-11.7913,-1.4495,-4.01661,-2.79641,-1.03235,-7.51383,-1.35321,-13.0761,13.4159,-22.6832,-14.4101,-20.6058,-17.4849,-17.9789,-16.7115,-23.0975,-14.7754,-27.4252,-9.22029,-100.532,3885,12084,14314,14547,22027,29886,30945,31038,38181,39267,43803,48061,53435,62910,70476,78035,109974,127240,129028,147669,151776,160586,184965,207021,207526,234883,297570,303645,459174,592419
70,14200,2078,395547,90481.2,92617.7,-2.02494,11.2093,-12.3155,-1.85781,-5.68996,-2.4862,-1.59836,-6.85436,-2.74867,-13.488,13.6915,-22.8267,-15.3968,-21.1795,-17.0586,-19.3059,-17.0623,-23.3643,-14.8137,-27.3846,-9.62379,-102.491,2078,3247,7462,8704,12693,16618,20843,20876,24668,27265,30018,48485,48979,58952,60352,61292,63459,78379,90766,106530,107969,113495,118048,127422,173296,182274,199775,210859,294084,395547
71,14400,3753,280907,78362.1,66862.3,-0.400147,11.4416,-13.0643,-1.34566,-5.16032,-2.1102,-2.33534,-6.4188,-2.66421,-12.9889,13.2098,-22.982,-16.2341,-21.4459,-18.2101,-19.5154,-16.33,-23.3197,-15.4775,-27.3328,-11.187,-103.188,3753,8742,9088,16862,17846,19575,24625,28111,34572,38575,45235,54766,56237,62802,64903,67049,70648,80391,88600,90294,95298,98179,102274,106008,108478,108516,143719,155171,269640,280907
72,14600,888,590084,80550.5,123089,-0.771991,12.1872,-13.981,-1.77063,-5.41793,-3.08597,-2.43208,-5.95043,-3.01679,-12.7701,12.6605,-22.9425,-16.4793,-22.4285,-18.137,-19.7002,-16.2998,-22.23,-15.639,-27.4212,-12.4317,-104.006,888,1015,4253,5069,8897,10840,11052,20742,22542,29774,30863,34623,35900,36170,36883,39095,39706,45190,49431,55642,71030,87105,87799,104294,104402,107547,116456,285999,343223,590084
73,14800,1158,173044,76052.6,55745,-0.395681,12.1545,-13.7077,-0.941055,-5.58421,-3.34453,-2.35162,-6.23316,-3.14594,-12.6131,13.4363,-23.2438,-15.3689,-22.7365,-17.9121,-19.2654,-15.8578,-21.8787,-16.0899,-27.439,-12.2416,-103.702,1158,3001,3238,3883,15503,19904,25266,28644,28814,35696,46115,47493,51110,58213,69377,75895,76836,80208,91558,93047,107009,116864,121781,126535,134173,144503,161967,168963,171780,173044
74,15000,2261,439409,115633,123154,-1.12554,12.9666,-13.7248,-1.55336,-5.84157,-3.70968,-2.20914,-6.1242,-3.3067,-12.4427,13.0518,-23.8674,-15.9684,-22.3561,-18.8069,-18.9575,-15.7602,-21.4948,-15.6946,-27.791,-11.5142,-104.081,2261,3387,3414,16554,17763,19967,25793,27772,29738,32432,41521,41789,47969,59816,69665,72124,72325,79098,96076,114149,127114,132350,180368,210018,211760,265928,296038,300458,431928,439409
75,15200,8610,181069,59351.7,46561.2,-1.40881,13.2253,-12.7208,-0.622448,-6.00505,-2.32766,-3.21991,-7.19595,-2.53262,-13.0454,12.9939,-23.7931,-17.0862,-21.5316,-18.4425,-19.5905,-15.9694,-20.9478,-16.512,-26.9767,-12.4289,-105.21,8610,9564,11744,13080,14198,16257,17336,21937,30396,34065,34885,38026,38877,43986,51296,51614,52082,52444,57823,62150,63562,75919,76986,78953,92352,116366,123849,148112,163013,181069
76,15400,473,146067,60166.4,47054.1,-2.38423,13.5098,-13.7271,-0.682818,-4.9521,-3.00783,-2.82296,-5.58725,-1.56725,-13.8638,13.1598,-24.0648,-18.0783,-22.0474,-18.3606,-19.6981,-15.8251,-22.1134,-15.6373,-27.0812,-12.7692,-105.297,473,882,1639,4923,8160,11366,12826,14825,23815,23839,32434,36232,37835,48074,49802,54748,60082,66643,68223,68847,96133,98620,99275,101517,118298,122372,126535,134071,136437,146067
77,15600,375,209774,59260.7,57913.7,-2.9739,13.2319,-12.6534,-1.87451,-4.70494,-3.52338,-3.76766,-6.51679,-1.42162,-14.1146,13.5719,-23.696,-17.6114,-21.6071,-17.9124,-18.9646,-16.6672,-21.78,-15.7473,-26.7359,-13.47,-106.524,375,2895,3964,5289,5843,10665,14041,15808,16570,16725,23360,26124,27600,33600,35124,36630,44668,46456,53447,67513,78101,82087,82374,111783,113376,142241,143778,146339,181271,209774
78,15800,3726,214418,69149.7,53694.5,-2.75104,13.2086,-13.3692,-1.74187,-4.18545,-3.98544,-3.12049,-6.24285,-0.779701,-14.1756,13.9521,-24.145,-18.0228,-20.6761,-17.9354,-19.7573,-18.0035,-21.4713,-15.9514,-26.0213,-12.655,-106.787,3726,4194,6471,7183,8842,9212,14710,19996,38040,38702,41973,46020,48605,53457,57706,58359,61860,68072,72029,88581,92829,115025,116657,122674,122715,123594,124836,135559,158445,214418
79,16000,7773,236937,87368.8,56011.9,-4.66587,13.433,-13.5421,-2.08794,-5.16018,-3.58962,-1.91536,-5.59496,-0.703388,-15.0826,14.5828,-24.2417,-17.1901,-20.86,-18.3747,-19.455,-17.9878,-21.7819,-16.7653,-26.5375,-12.3197,-108.488,7773,9199,11674,29725,31547,32926,34909,38395,46009,53617,65275,71143,72440,75182,88758,91154,92305,93039,95843,100535,102520,104426,106347,106803,144685,164913,165906,170656,176424,236937
80,16200,2111,499299,92280.9,107128,-5.45599,13.7766,-13.6859,-2.55065,-4.97713,-3.66296,-0.988987,-5.70206,0.129359,-15.2122,15.0924,-24.7272,-17.2295,-19.7651,-17.9328,-19.8963,-18.3904,-21.5182,-15.9282,-28.2146,-12.3022,-109.08,2111,3695,6897,9303,11037,11927,17157,21378,24080,26486,42219,43525,47710,47813,56319,60398,69430,74072,75066,96624,104056,110503,120262,120666,124924,173421,233682,243957,290409,499299
81,16400,1922,608947,88608,134967,-6.74104,13.3868,-13.237,-2.13459,-6.34594,-2.59611,0.126584,-6.3038,-0.542338,-15.3676,13.7817,-24.6677,-17.1745,-20.4513,-18.4738,-20.0571,-19.166,-22.8867,-15.2197,-28.0642,-11.874,-110.596,1922,3862,6084,7267,11191,13672,14712,22503,23018,23279,27959,28245,30168,32458,36274,47049,47250,49017,49669,57552,68065,69241,75396,88381,95673,138586,297370,337130,346299,608947
82,16600,208,423310,121364,110141,-6.47251,13.7502,-13.2462,-1.16128,-5.87061,-2.84854,0.280272,-7.24018,-0.0654784,-16.3985,15.4147,-25.0596,-16.5294,-21.3053,-19.7168,-19.4793,-19.1484,-22.991,-15.5488,-27.6457,-11.486,-110.663,208,1622,1830,4322,11263,12809,15198,25702,26563,29379,37806,45590,69452,75239,98386,112797,119102,139794,163453,178664,179162,180086,187979,196030,228988,236864,259940,270859,308516,423310
83,16800,5025,405937,129305,113604,-6.91768,14.8217,-12.727,-2.03792,-6.53445,-3.076,0.438013,-7.49721,0.686588,-15.7509,15.4045,-24.292,-16.0456,-21.0022,-19.8087,-18.7966,-19.0343,-22.6684,-15.8525,-27.7413,-11.1861,-111.356,5025,7464,19572,19754,21117,34540,41344,45559,52870,55658,64277,66083,67483,77578,82113,102874,108894,117131,119473,134210,138963,164167,187707,192375,264096,291251,302041,308980,380628,405937
84,17000,1774,596261,128302,149341,-8.57646,15.6366,-12.6435,-2.04342,-6.78446,-2.27077,-0.391811,-7.22538,0.75715,-14.203,15.6997,-24.7303,-16.7462,-21.2174,-21.4921,-18.9086,-18.8943,-22.4583,-16.0954,-27.1995,-11.2615,-111.02,1774,2291,2997,11766,21271,29407,32774,42141,47801,52238,56339,61679,63229,67635,67836,68182,69568,76960,83949,92723,99519,104934,220972,222856,231502,263759,287162,331133,538394,596261
85,17200,863,439701,124321,126862,-8.82105,14.5369,-12.7615,-1.85722,-7.6205,-2.37343,-0.392391,-6.52135,0.871263,-14.0552,15.1554,-24.7459,-15.6422,-22.3296,-21.3028,-18.8795,-19.1828,-21.7802,-15.925,-27.001,-12.1099,-109.66,863,4019,9854,11125,12611,14509,16181,23149,27674,30018,47232,52390,62892,64583,66320,72373,83572,94818,109046,112103,164042,188542,188652,220128,294799,303567,305757,341392,367721,439701
86,17400,83,251117,113014,68563.1,-7.11892,14.9317,-12.1553,-1.15056,-7.54971,-3.16488,-1.12363,-6.67108,0.581209,-14.1267,14.3817,-24.5487,-15.4188,-22.3768,-21.5515,-20.0562,-19.2491,-21.445,-15.213,-27.3037,-11.1281,-110.162,83,21750,21946,22579,38888,59060,59671,61790,70356,70596,78102,81999,93204,93894,101021,101716,108674,110195,113643,138759,153331,163952,167801,168740,172684,192740,198203,230687,243233,251117
87,17600,5094,346036,126852,113705,-6.25218,15.018,-11.8562,0.166233,-7.35783,-2.88569,-1.81923,-6.50086,1.15053,-14.3345,13.5735,-25.2274,-14.6822,-22.9121,-21.9525,-20.447,-19.2902,-22.6195,-14.9071,-28.5718,-12.4046,-110.74,5094,9525,9607,9827,13803,14967,20943,24541,26526,27120,32221,64294,70331,70784,83392,108494,111553,143564,146662,152216,157166,191192,217817,233078,287150,294875,298789,301715,332288,346036
88,17800,2934,362538,102021,94724.6,-5.21642,14.6118,-12.9141,-0.0482926,-7.1824,-2.16848,-0.762618,-6.55159,1.30653,-14.8187,13.615,-25.4492,-15.2691,-24.0817,-21.2158,-21.3309,-19.3126,-22.4466,-14.8606,-27.846,-11.5433,-109.842,2934,3504,4647,8463,8678,10647,12980,28328,38774,39144,39250,50237,54860,56866,60821,77798,88660,97176,106200,119669,137981,149764,164720,188676,194339,195814,226189,239828,291140,362538
89,18000,226,368131,155019,118272,-5.53733,15.0129,-12.3692,0.200403,-6.76438,-2.65751,-1.15296,-6.50817,2.11048,-15.1084,14.0888,-24.6816,-16.2598,-24.5704,-20.9022,-20.9127,-20.0057,-22.3737,-14.7626,-27.878,-11.1624,-110.029,226,5517,5884,14952,16624,28989,33194,57343,64040,91189,94659,113280,116623,117696,143153,149000,149168,149560,157218,162417,193610,229741,256653,280503,289060,294809,345388,358285,363665,368131
90,18200,87,380000,113875,96318.3,-6.25309,14.7687,-13.0304,-0.67849,-6.75716,-1.17562,-0.711465,-5.71157,1.58682,-14.6158,15.5224,-25.195,-16.5298,-24.3341,-20.9414,-21.3636,-19.9031,-21.9136,-14.9335,-27.5705,-11.8821,-110.311,87,4702,7123,8380,9795,28072,32377,55496,73766,74055,78940,79345,82023,83796,89105,94956,102846,104314,106519,111365,117585,131635,138556,175066,194028,195132,215255,315988,325940,380000
91,18400,5056,751714,139185,177884,-2.12869,14.7247,-12.5374,-0.921655,-6.04356,-1.65768,-0.361517,-5.31859,0.918224,-14.8728,14.5236,-24.9027,-15.8234,-24.1306,-20.0574,-21.6098,-19.6895,-22.4114,-15.7091,-27.7658,-11.3142,-110.698,5056,6724,9229,9714,13706,20364,23135,24637,25265,37474,39964,43946,46216,48122,74919,92939,95978,105161,122175,137136,152322,170929,171271,171373,173088,265668,310544,417889,608882,751714
92,18600,1735,370464,101259,92846.4,-3.6795,14.4895,-12.4543,-1.65924,-6.17651,-1.08248,-0.0629997,-4.40584,0.977694,-14.3939,15.6081,-24.7699,-16.093,-23.4304,-19.9394,-21.7324,-21.1797,-22.1753,-15.5225,-27.3046,-11.6854,-109.85,1735,2059,5708,9992,11450,12867,26705,28764,43392,44085,52246,52270,52640,53374,72700,73347,74381,79202,109154,128539,132828,140321,168765,172534,185969,186506,211911,257114,276759,370464
93,18800,5758,329238,98502.5,86181.9,-1.79022,14.7537,-12.0017,-1.80381,-6.58319,-1.51692,-0.756026,-3.72793,0.94568,-14.7031,14.7808,-24.5242,-15.5982,-23.0875,-20.3327,-20.6936,-21.4135,-21.6002,-15.3675,-28.5537,-12.3256,-109.838,5758,8047,8614,11605,15752,20794,27478,33375,35510,36484,41454,44820,50043,50498,60986,76558,105003,111315,112355,113175,120967,128714,154893,159039,179667,185188,208824,252041,266881,329238
94,19000,15,389774,78591.1,85659.5,-1.94096,15.1474,-11.502,-2.64737,-6.56902,-2.44564,-0.783936,-4.48768,1.50867,-14.1747,14.6279,-23.2785,-14.9246,-22.774,-20.0415,-22.3566,-21.8729,-21.3394,-15.6904,-28.2714,-12.6303,-109.498,15,4927,5276,6129,12752,15228,15705,17043,18121,19862,19899,23560,32204,47946,48244,54606,59818,74877,93436,93770,98839,102883,110093,114576,124234,137437,180825,200596,235058,389774
95,19200,1558,324910,82029,85617.7,3.42384,15.1254,-11.5158,-1.43102,-6.13904,-2.26355,-0.531283,-5.61789,2.24473,-13.5029,15.7825,-24.7126,-15.3315,-22.7501,-18.893,-23.1124,-21.9787,-21.8335,-15.5281,-28.4943,-13.0155,-108.485,1558,2454,3770,9158,10960,12644,17807,26572,27383,28996,30381,34181,36136,36421,38082,62793,65317,68147,75146,82177,87425,101629,103597,123445,158035,171062,207839,228417,284427,324910
96,19400,241,695781,129495,153265,3.65426,16.0208,-12.322,-1.55676,-6.2637,-0.680954,-0.784535,-5.24616,2.26866,-13.4871,16.096,-25.0055,-14.9186,-22.6871,-19.3046,-22.7318,-21.2801,-22.4929,-15.4001,-28.2918,-13.3936,-109.376,241,4569,5849,10290,17351,20655,32253,32815,34069,35111,55677,61190,71176,74683,75010,80312,80839,104949,109629,115485,140566,159048,166724,176939,218722,248179,255049,295204,506477,695781
97,19600,828,422479,143644,112505,2.55637,15.5403,-12.4604,-1.09917,-5.81941,-1.88425,-1.68718,-6.05907,3.50754,-13.8462,16.1694,-25.8673,-15.7161,-22.9825,-18.7979,-22.1235,-20.7818,-22.2701,-15.3684,-27.3062,-12.8542,-110.926,828,1769,22066,27465,28155,30390,30673,39873,56988,67782,71827,88024,91250,99300,108990,117505,130796,169654,174614,185001,202466,214008,234397,238722,241802,266230,301149,320238,324887,422479
98,19800,13973,684653,106250,128906,-0.302719,15.5249,-12.934,-0.70212,-4.66347,-0.916433,-1.5125,-5.64358,3.15863,-13.1172,16.501,-26.3495,-14.3449,-22.0411,-18.8422,-22.5593,-21.4623,-22.2508,-15.745,-26.6555,-13.0904,-112.48,13973,19196,25313,25618,26720,29300,33236,40668,44219,45303,49399,53892,58813,64783,67396,68066,73434,78151,85508,92627,113179,117294,121023,130423,144006,155047,175634,217893,332735,684653
99,20000,1390,830226,163008,168869,1.16644,15.3396,-11.7543,0.21401,-4.68619,-1.30886,-2.53693,-6.26446,2.77547,-13.2243,16.4793,-27.2297,-15.4802,-22.2545,-19.3257,-23.4986,-21.9614,-22.6883,-16.3707,-27.2228,-12.8868,-112.753,1390,5161,26720,30234,36267,37955,38305,44572,46700,58077,68740,80923,82239,105551,122696,123198,124535,137624,149017,157576,186396,241880,247445,253888,274321,291455,295826,375536,415772,830226
100,20200,5042,643675,129756,131124,0.354214,15.2966,-12.823,0.771808,-4.39086,-1.47058,-2.29648,-6.13568,2.82857,-14.0334,15.459,-27.8404,-15.8578,-22.2871,-19.4841,-22.6695,-22.0816,-22.2182,-16.0168,-28.4175,-12.9414,-112.826,5042,14405,22774,25736,32547,40911,45385,48535,49212,53530,62593,62694,68203,79672,83293,96014,102679,105073,123502,126324,147427,164937,168390,181717,208479,223351,238035,289881,378673,643675
101,20400,201,490993,83337.1,95809.2,-2.39487,15.0974,-12.8925,0.762179,-5.31511,-2.41936,-3.16344,-6.70241,2.73879,-14.4262,16.3046,-27.4587,-16.0387,-21.9461,-17.6618,-22.1571,-22.2387,-21.7887,-15.972,-28.8206,-12.3449,-113.764,201,10610,12423,13009,18192,20883,28663,33397,33841,37665,43445,45342,46533,48852,49044,50640,55606,56958,61912,73119,81207,95957,104477,118636,120013,144299,185113,190876,228206,490993
102,20600,3564,517808,135543,133362,-3.63385,15.7085,-13.465,1.0218,-4.51315,-2.43969,-2.84618,-6.80029,2.67245,-14.3405,17.0066,-27.204,-15.2763,-22.5127,-17.817,-22.0103,-22.0646,-22.4626,-16.4153,-29.0525,-12.3061,-114.624,3564,5333,5670,5868,7275,17284,17468,18805,27492,32749,43537,55901,58044,71900,101186,104098,122392,134638,148681,155663,174006,193775,199077,236327,297171,305131,329018,334797,341645,517808
103,20800,693,463449,101896,104844,-8.07177,15.995,-13.4445,0.230299,-5.02373,-2.03676,-2.96104,-7.49683,2.23699,-14.2336,17.0675,-27.9126,-15.5848,-22.015,-17.6127,-22.0139,-21.7834,-21.9147,-17.0255,-29.0477,-12.5213,-115.13,693,6873,7264,19316,24104,25511,26972,29399,36699,40187,42813,43478,46924,53392,65516,67465,80198,80888,83583,87501,91937,98490,168631,187584,202598,217211,218087,253462,286647,463449
104,21000,2668,553755,107194,127336,-8.08237,15.631,-13.3597,1.24462,-3.71837,-2.45762,-2.44167,-7.34791,1.19678,-13.7674,17.3457,-28.3768,-16.4467,-21.4171,-17.8091,-23.528,-21.895,-22.7212,-18.588,-28.2926,-13.0835,-116.427,2668,4087,5451,5993,8394,22441,22554,23143,24894,40756,44994,46552,47042,48408,55895,60478,68333,77500,82685,132409,136022,159849,160059,160761,175424,178799,183172,222360,460952,553755
105,21200,2342,428696,103642,108902,-7.93058,16.2484,-13.5436,1.17385,-3.61915,-2.16746,-3.322,-7.97081,0.441133,-13.7443,18.0502,-28.6532,-16.6103,-21.2086,-17.85,-23.0609,-21.5548,-22.9294,-18.4118,-28.9307,-13.7065,-116.665,2342,4623,9509,11825,12534,22503,26480,29416,30573,32054,35680,42231,43227,46588,52123,52775,71001,72584,86421,92340,131390,135160,166346,176177,204612,223040,267133,269009,330859,428696
106,21400,3444,517443,121673,123453,-9.94432,15.3574,-13.583,-0.01533,-4.87222,-1.90571,-2.33378,-6.40196,-0.186505,-14.9225,17.2307,-27.8793,-16.096,-22.0609,-17.6273,-22.0124,-20.9744,-23.8498,-19.0672,-28.785,-14.6323,-116.845,3444,9726,13566,13673,17813,20049,21995,22072,22428,22442,25452,29552,35103,59867,88756,103589,123258,142313,142613,154418,155811,158440,159097,218417,230346,241537,251830,271140,374013,517443
107,21600,183,474747,115605,131946,-10.5341,15.2971,-13.7274,-0.107299,-5.37816,-0.626109,-2.94313,-5.43474,-0.32882,-14.8843,18.5157,-27.4508,-16.0121,-23.1069,-18.2969,-22.239,-21.1852,-23.1064,-19.371,-28.8835,-14.855,-117.218,183,886,1452,2220,10861,16879,24402,33033,39228,45338,53315,55268,66886,67707,75212,78706,79546,80329,82779,84458,102861,119708,120722,131340,211820,239737,325226,402451,440864,474747
108,21800,223,448071,105882,110829,-9.78263,15.1411,-14.2051,-0.272915,-5.37608,-1.70823,-1.87342,-4.75261,-1.08053,-15.2398,18.1728,-26.2489,-16.4692,-23.5125,-19.1195,-21.8019,-21.7075,-22.2592,-19.617,-28.9311,-14.0885,-118.099,223,7102,12836,19533,19598,24963,28951,30304,35402,39183,41093,42408,46231,55936,63260,72062,83502,85282,100323,100594,109523,133658,137310,148472,150513,196298,261173,335043,347619,448071
109,22000,2513,504868,91606.1,97266.2,-4.96302,15.7023,-14.3034,0.435089,-5.26541,-1.2808,-1.61521,-5.08397,0.414001,-15.5055,19.2951,-26.9032,-16.4847,-22.826,-19.9392,-22.7295,-21.81,-24.0814,-20.0854,-29.5944,-14.0285,-117.621,2513,4138,5270,11574,28377,31678,33850,36446,38027,39465,40096,41386,65757,73683,76009,78656,81231,81685,81955,82600,84601,101142,105450,108507,134903,158293,178152,199440,238431,504868
110,22200,647,547583,93343.3,115651,-3.50709,15.6201,-14.6943,0.332207,-4.85363,-0.987583,-2.53549,-5.35749,0.148716,-15.1712,19.5942,-28.0596,-17.1286,-23.5633,-19.6635,-24.0579,-21.0991,-23.9717,-20.404,-29.8039,-12.7285,-116.678,647,3603,5077,10037,13200,14437,17741,21451,23372,27267,31539,32271,47382,55412,57560,61028,61219,61980,63368,68272,79210,97531,109784,135899,186779,220946,225434,258296,261973,547583
111,22400,2707,404035,103952,92850.3,-9.66966,16.3516,-13.7961,0.376378,-4.96096,-2.06987,-2.22264,-6.01939,-0.665134,-14.5405,19.7548,-28.2414,-17.4378,-23.8995,-20.3532,-24.447,-20.6797,-24.2125,-19.9269,-29.4873,-12.6015,-117.856,2707,6454,8931,12925,16308,17817,21812,35691,40986,41350,47479,54633,57781,60176,73963,95411,96622,97356,98183,127755,132667,146288,160389,162431,204563,205897,215751,234589,237596,404035
112,22600,12651,491886,159958,128657,-9.12716,16.2431,-14.0845,-0.549082,-5.37414,-0.799138,-3.5599,-5.5127,-0.899774,-15.2005,18.295,-28.9307,-17.6056,-23.6416,-20.7345,-24.3829,-21.2005,-23.3345,-20.0173,-30.274,-11.4791,-118.856,12651,18187,22088,28734,33185,40748,71009,76755,78914,83770,93314,95414,104858,106934,131897,137026,138043,160117,168490,169856,171064,183653,212120,239952,267788,279838,282500,444994,452963,491886
113,22800,6078,649481,143616,147916,-8.56537,16.9695,-13.5995,-0.354487,-4.75529,-1.15982,-4.30419,-5.41131,-0.840541,-15.6227,18.7396,-28.2388,-16.7509,-24.7313,-21.0665,-24.8108,-21.0685,-23.8613,-19.856,-30.9256,-12.4315,-119.02,6078,7602,14211,17432,22117,24972,27262,27385,34427,51175,52574,72341,72369,75633,81997,110434,111039,116867,158421,168226,171493,174856,197634,201370,236788,327408,332170,354296,410428,649481
114,23000,1665,553109,127251,143441,-5.88521,16.3592,-13.4909,-0.485897,-4.87369,-0.0020586,-2.9443,-5.07261,-0.698842,-15.5862,19.3131,-29.6759,-16.5078,-24.3957,-21.5066,-24.7349,-21.1544,-23.9538,-20.5294,-31.2314,-12.562,-119.903,1665,10191,10332,16318,19114,20894,21711,28547,29864,42102,45015,54614,54728,55587,64189,65435,72303,76180,78056,103393,154882,181048,195236,204862,213921,305840,315061,342276,481069,553109
115,23200,8678,656152,115755,136913,-9.80222,16.8593,-13.2401,-0.878375,-5.08695,-0.478504,-3.23769,-5.18342,0.320104,-14.8458,19.1432,-29.1723,-16.6899,-23.8326,-21.0777,-24.9883,-21.6894,-24.0588,-20.0172,-30.7735,-12.484,-119.549,8678,14840,18526,19829,23153,24037,28299,30727,33490,33610,35025,41404,42912,48304,48995,57980,59080,65908,101674,120736,140358,143530,157412,172807,229005,230932,270838,291910,322489,656152
116,23400,2481,646021,138508,139162,-4.47565,16.478,-14.5029,-1.23662,-5.37688,-0.913934,-3.04278,-4.28089,0.0335785,-14.358,18.417,-29.6853,-16.8354,-23.8665,-20.503,-24.3283,-21.4573,-24.2876,-19.8398,-30.6992,-11.4627,-120.981,2481,15063,16411,19377,22758,28341,40122,47163,52850,64976,70660,78055,83812,85037,87613,102532,104444,116162,126955,127563,138309,160897,209167,210586,226245,235313,284243,336304,415766,646021
117,23600,370,428653,137551,107847,-5.13976,16.7737,-13.3881,-1.69291,-5.60371,-1.34526,-2.65589,-4.97579,0.961617,-16.2961,17.8517,-28.8986,-16.8701,-23.4509,-19.9695,-24.7511,-22.0891,-25.3109,-20.5187,-30.5599,-10.8349,-120.663,370,915,2390,28605,32041,55396,66289,67897,74624,83979,84396,95301,97944,99609,104393,108598,109620,109704,110657,135653,138872,191299,209285,215834,281764,287941,291275,300349,312870,428653
118,23800,82,639158,159339,150330,-6.20761,16.3001,-13.6678,-0.954454,-6.19047,-2.00819,-2.35484,-4.90379,1.01664,-16.1276,17.3152,-30.0742,-16.8367,-23.5823,-19.5586,-24.4126,-22.2749,-25.0184,-19.9385,-31.5079,-10.5093,-121.389,82,5823,9710,40119,52475,52839,53555,59212,60860,63741,69446,73673,100228,101846,102177,113284,114993,126965,142925,168469,188592,191449,197626,217289,232828,376104,384809,414819,425088,639158
119,24000,2115,586039,129531,142563,-7.62499,16.2757,-13.5692,-1.25855,-5.33143,-2.84672,-1.64055,-4.22706,1.92025,-16.3677,17.1582,-29.7521,-17.0157,-24.2876,-19.5402,-24.877,-21.2392,-24.7965,-18.7491,-31.0538,-11.0125,-121.062,2115,2986,3512,7663,8037,9357,9368,20738,21559,34595,39547,42542,56306,60297,67412,69204,120096,135801,142055,162645,174947,178509,180053,221051,240638,257309,267551,290945,473051,586039
120,24200,314,482978,152855,107233,-4.09143,16.6831,-13.3671,-0.496603,-6.27131,-4.1807,-1.9388,-4.28546,1.91512,-16.4245,17.1354,-29.8703,-16.9533,-24.3935,-19.4852,-25.5887,-21.4477,-24.6549,-17.6615,-30.335,-11.5608,-121.444,314,8716,25071,28589,46884,58285,58370,64013,69222,76163,124713,128890,132954,134173,138443,140862,141654,162142,166459,176524,181827,211700,215697,229126,230235,245999,299234,300809,305616,482978
121,24400,23535,455033,150530,93670.4,4.18795,16.4172,-13.1566,-1.27179,-5.3591,-3.75492,-1.93909,-4.03142,2.26271,-16.8607,17.3103,-29.7105,-17.4022,-24.3277,-18.7738,-24.6346,-21.4553,-23.9582,-17.9268,-31.5994,-11.6989,-121.816,23535,41783,44262,55683,58483,61217,63920,78641,84539,92170,96939,103618,113985,135101,146402,155576,158259,164826,166227,166387,166517,182439,203131,205036,210594,243392,272182,280419,285595,455033
122,24600,3569,482521,97092.1,110968,-0.588114,16.439,-12.9619,-0.319316,-5.79276,-4.65342,-2.34453,-4.50087,1.50903,-15.9154,17.1947,-29.9187,-17.0296,-25.3144,-18.2878,-24.7647,-20.4761,-24.0417,-17.6656,-31.8371,-11.844,-121.457,3569,4233,4459,5180,8746,17010,18054,25467,31945,37046,38727,48713,51857,52969,54108,57473,67065,83813,84962,85775,94998,110978,114051,136133,159764,162888,237404,312742,320112,482521
123,24800,1907,652020,139370,164547,-1.685,15.8483,-13.2306,0.814407,-5.66712,-3.94771,-1.19722,-4.4147,1.46164,-15.6983,16.8152,-29.4915,-18.0477,-25.2437,-18.9542,-25.6134,-21.0598,-24.4838,-17.7113,-31.3567,-12.1851,-121.219,1907,5565,6423,6772,13796,22759,23321,25644,42322,46698,51977,54004,59570,60633,86095,88024,93006,95354,104434,110982,123309,139168,149588,271667,278619,289747,291461,447378,538870,652020
124,25000,1069,563523,138522,120616,-0.173869,16.6939,-14.0896,1.19805,-7.32723,-4.35706,-1.8446,-4.02567,2.08534,-15.9677,16.8167,-29.2176,-18.6503,-25.7358,-19.5437,-25.0767,-21.333,-24.0281,-17.7216,-31.9984,-12.0981,-120.527,1069,8723,16394,28566,28700,32051,38296,41962,64798,68518,81699,85759,94020,97364,103940,114370,123553,124731,144054,150738,161470,169967,182648,245893,252767,255741,261801,299167,313373,563523
125,25200,2395,425674,106422,112804,-7.64921,16.3411,-13.928,0.471288,-8.18628,-4.05206,-3.22987,-4.12423,2.19314,-16.5201,16.1143,-29.5611,-17.4877,-25.656,-20.5333,-24.5889,-22.3222,-23.3,-17.1964,-31.8892,-12.0236,-121.001,2395,3655,9115,12550,15476,19459,22460,23125,28496,28744,40458,47958,50793,57027,64725,67404,67885,89920,101909,104407,105048,129072,146427,173846,186799,225497,256080,291197,395065,425674
126,25400,7182,572915,130968,124856,-8.32162,16.7904,-14.3089,1.33893,-8.64537,-3.91255,-2.23112,-3.73781,0.908485,-16.8048,16.8385,-29.5385,-17.5611,-25.6216,-21.1466,-25.0046,-22.6479,-22.8686,-17.8395,-31.626,-11.9708,-122.334,7182,13646,17348,28314,31496,36683,42603,47603,50348,66369,66889,68917,81040,86893,91219,92414,95430,97015,116279,119583,138697,150705,186493,228260,230693,232478,256188,276767,398570,572915
127,25600,12043,409288,138699,105115,-15.171,16.8603,-14.691,1.99664,-8.77082,-4.04018,-2.6465,-5.27526,0.770827,-16.0242,16.7997,-30.5687,-17.4131,-25.0139,-21.5612,-25.029,-22.8529,-23.0575,-17.4731,-31.5535,-11.7766,-122.982,12043,14545,24274,27538,30035,53128,53351,69770,69971,73435,75418,90116,91296,94721,111373,116368,127977,136623,137410,141284,179912,183370,185725,205272,219380,248119,292070,312426,374731,409288
128,25800,13265,511589,153798,132207,-9.84991,17.1664,-14.1893,1.98496,-7.79703,-3.93372,-2.60863,-4.85526,1.20911,-16.7634,16.8422,-30.4589,-17.2503,-26.0833,-22.2052,-23.6376,-22.5927,-23.3403,-18.7067,-31.8517,-11.8945,-124.017,13265,17884,19145,19669,28753,34091,36480,39164,49434,52765,65270,78985,96308,111238,114825,122641,125576,141495,178981,184646,206135,214627,218443,222904,285065,318753,330531,351980,423310,511589
129,26000,3637,660204,132612,129374,-12.3341,16.6351,-14.8296,1.01038,-8.30263,-3.91974,-2.39755,-5.1213,0.95438,-16.8013,16.448,-30.5404,-16.8347,-26.3823,-21.3565,-23.9614,-23.4078,-23.2965,-18.3518,-32.4242,-12.3929,-124.397,3637,7719,25957,30340,34850,35717,36291,38248,45218,66913,69034,74753,79525,87547,99108,102503,110265,113846,124221,141047,157955,175263,190433,195119,216558,220750,270326,272488,292518,660204
130,26200,2450,444111,92963.3,98290.3,-9.86833,16.7204,-15.4908,2.23184,-8.92984,-3.61935,-2.98387,-4.01139,0.130134,-16.9276,16.0057,-31.6117,-16.6469,-25.4796,-21.2813,-24.7262,-23.3158,-23.4582,-17.8185,-32.4568,-13.3832,-125.681,2450,5589,7455,8513,13062,19984,26242,27431,28927,32490,34897,39711,43778,49123,49583,56628,61943,62724,67672,119635,123027,140587,144175,158342,169931,172944,192090,197064,288790,444111
131,26400,3601,412916,114751,95798.8,-4.41053,16.7291,-15.568,1.72347,-8.71594,-2.96254,-2.80381,-4.47818,-0.968685,-16.5204,16.2932,-31.6557,-16.1358,-25.4545,-21.5833,-25.0728,-23.1289,-23.8986,-18.4922,-31.8756,-13.0251,-125.207,3601,11700,13028,13688,23536,41321,41754,49539,54119,58545,61932,70450,71879,73221,85250,89531,100986,102205,107582,107896,127392,171662,182695,185913,191858,219876,228742,237242,302469,412916
132,26600,15893,435911,139809,116116,-7.22019,16.0088,-15.9094,1.12612,-8.57699,-3.36929,-2.7753,-4.8883,-0.572371,-17.152,16.5186,-31.445,-16.4691,-25.5098,-21.9539,-25.4405,-23.3485,-23.6609,-17.9955,-31.8364,-12.7768,-126.093,15893,16928,17115,22781,22782,26519,31430,34759,44801,56098,59723,60783,63776,97771,114682,114786,139892,168409,176131,176326,195035,195094,200439,208117,238502,251540,304553,344388,359305,435911
133,26800,1021,498656,118242,113849,-4.09311,16.381,-16.1318,1.72064,-9.02819,-2.51677,-2.88511,-5.01119,0.268127,-18.4148,17.0392,-30.6096,-16.6329,-24.5195,-21.4575,-25.6551,-23.8429,-24.2858,-18.5868,-31.9637,-12.4009,-126.393,1021,3974,5838,11514,29539,32567,36963,45892,46703,47124,54195,59127,60954,67546,69035,98762,100568,102707,108939,111938,145443,151407,160536,193055,194444,201022,278680,287272,341843,498656
134,27000,2285,466283,93503.5,97035.5,-6.22024,15.7263,-16.2407,2.23815,-8.54268,-1.90876,-2.54559,-4.38673,0.814522,-17.9821,17.4798,-30.1134,-16.3718,-24.1162,-21.8846,-26.2271,-23.2892,-24.655,-18.6323,-32.8523,-12.7186,-127.145,2285,3031,8674,9186,16724,22598,22735,23194,26013,31010,40681,47689,62417,64936,67357,69807,90610,95061,96142,97293,100954,118505,124191,124300,130046,144249,212479,227993,258662,466283
135,27200,13297,319579,101723,86265.7,-6.40401,15.8601,-16.3831,2.41419,-7.83329,-2.36273,-2.944,-5.23755,0.402088,-16.8243,17.2298,-30.4746,-16.3215,-25.7932,-22.2762,-26.0921,-23.7073,-24.3654,-18.914,-32.0264,-12.3254,-128.047,13297,13934,18170,20484,22664,32202,39304,42015,45568,46200,50627,54541,57085,59509,72547,80936,89071,93911,98797,99640,101639,128849,131905,147502,174198,186350,237757,261862,311549,319579
136,27400,3176,494513,122277,123989,-2.83626,17.4549,-16.4132,2.25575,-7.66031,-2.19735,-2.93787,-5.91175,0.539912,-17.5083,17.2263,-30.8117,-17.232,-26.2894,-22.3578,-25.5929,-23.7272,-23.9877,-19.196,-31.8953,-12.5997,-127.603,3176,13249,21751,22094,28961,29230,30361,43012,44794,50881,52904,61570,67219,70570,85924,95384,98437,107104,114955,115500,130957,133784,136752,141724,143281,225900,324132,342480,437707,494513
137,27600,1150,570937,124700,120205,-8.84886,17.4755,-16.7624,1.20465,-7.43066,-2.27432,-2.49748,-6.70602,0.591477,-17.0533,17.9258,-31.2464,-16.9863,-25.6354,-22.1736,-24.2869,-23.7688,-24.1253,-19.2192,-31.1175,-13.0998,-128.801,1150,13497,14425,17989,20844,21917,27473,38363,58658,77176,79983,81442,86613,89545,98594,99330,99976,100131,106144,111565,125981,134817,137349,179871,228726,240968,255927,304061,317544,570937
138,27800,2929,380994,95354.9,91897.5,-5.97143,17.2902,-16.4403,0.325758,-8.05769,-2.06746,-2.36391,-8.3556,1.59725,-16.2996,18.4533,-31.1855,-17.4821,-25.4757,-22.6571,-24.8589,-23.9015,-24.7518,-18.902,-31.626,-14.0593,-130.922,2929,3799,9794,11986,12783,14569,17550,28684,48488,49865,50869,51211,51336,53602,54570,63217,65118,76307,81216,106250,108394,117925,139469,168037,172811,180021,218342,232615,287896,380994
139,28000,124,439093,134084,116613,0.507653,17.771,-16.7643,0.839301,-7.25772,-1.70056,-2.47999,-8.77725,1.2937,-15.9263,18.4625,-30.8668,-18.7636,-25.1361,-23.5074,-24.9016,-23.3941,-25.5032,-18.4127,-31.4585,-14.9075,-131.219,124,3200,6653,7494,25191,35001,35376,55853,58200,62224,69100,69659,79066,87940,100342,103096,113018,123450,127249,137154,154671,170522,201615,240411,253428,264714,305429,328444,364799,439093
140,28200,558,564034,129512,130912,0.685445,18.5373,-16.7186,0.716334,-7.26439,-1.7848,-3.22677,-7.66091,1.88875,-16.0251,18.8444,-32.222,-19.4388,-25.9711,-23.1465,-24.2014,-23.2392,-26.1779,-18.4472,-32.2732,-14.14,-132.095,558,10543,11193,14666,21187,21739,25134,35818,41748,42922,47673,56705,71776,78856,79900,92041,95389,115162,124653,125208,151666,156255,202361,211183,219720,280082,296096,302311,388777,564034
141,28400,9691,400333,134024,115759,3.57762,18.154,-16.9112,-0.714734,-7.74761,-1.5962,-3.0369,-8.97685,2.44277,-16.1608,17.7556,-32.5008,-18.7824,-26.778,-22.7113,-24.3773,-22.6411,-26.4176,-18.2671,-32.2616,-14.5749,-132.962,9691,9827,12604,13559,24847,28322,33340,34309,36904,39809,50864,59633,78407,82749,105297,108119,113364,129091,140601,142788,177520,215108,222808,239708,264077,285315,293071,295869,372799,400333
142,28600,6194,315523,88923.1,93923.7,0.80019,18.4851,-16.9224,-0.300178,-7.62287,-2.04427,-2.6228,-8.73604,2.29952,-14.6082,16.9653,-32.6142,-19.0488,-27.3208,-22.4138,-25.1076,-23.8263,-27.238,-18.6562,-32.457,-14.876,-132.143,6194,11352,12245,13707,15555,18710,21278,21913,25497,27288,27428,34922,37442,38398,49301,49598,51155,54434,54459,80791,99247,111261,117103,165880,182636,191010,265726,272864,294775,315523
143,28800,779,579261,129045,144277,-6.18582,18.8953,-16.2976,-0.931606,-7.31756,-1.56068,-1.47856,-7.91537,2.59865,-14.3189,16.8258,-32.6576,-18.7188,-27.3672,-23.3203,-24.7925,-24.2267,-27.7087,-19.3627,-31.7441,-14.7216,-134.396,779,8427,9245,13070,13899,17762,25548,26609,26986,27723,33880,46727,66455,67961,79940,95668,97693,108935,124360,139037,140023,142989,158887,199972,244475,244550,273838,347344,509298,579261
144,29000,7500,390680,119557,92170,0.235468,19.3678,-16.8277,-0.945073,-7.35742,-1.86619,-1.70661,-8.04899,3.44922,-14.8954,17.7233,-33.3654,-19.9186,-26.7587,-24.0665,-24.9203,-24.8746,-27.3252,-18.8615,-31.96,-14.8482,-135.456,7500,12004,12113,14685,15098,15527,20874,28447,43642,61495,65264,67269,90967,94472,124000,124537,127315,132329,146403,172900,173163,174326,184928,190055,201458,211377,213842,219078,250972,390680
145,29200,1043,502446,96653.2,108582,1.25954,19.7202,-17.1916,-1.46198,-7.46083,-1.57796,-1.83236,-7.72868,2.46821,-14.8618,17.5685,-35.4541,-20.2252,-27.2739,-24.4873,-25.7884,-25.4702,-27.7472,-18.8101,-32.4305,-14.5912,-136.575,1043,4291,10245,10556,13956,20459,20914,37443,38414,41833,43142,44420,47373,47606,51422,60647,61074,71205,94776,104578,106329,112666,122841,148920,158231,166435,199348,202475,354508,502446
146,29400,1630,498434,108919,112907,0.939781,20.4115,-15.9735,-1.66991,-7.60831,-2.11933,-1.44051,-7.51573,1.55994,-15.0287,18.4835,-34.7757,-20.4234,-27.7359,-25.0631,-26.0991,-26.2363,-27.6615,-18.7275,-32.4907,-14.0533,-137.019,1630,8035,11824,16033,18277,23174,28631,33739,41139,47527,48486,49343,55807,57600,66112,92090,96709,98601,102244,106542,131486,135249,150925,151703,152916,207057,212363,218088,405799,498434
147,29600,1077,610790,166176,154723,1.74638,20.9518,-16.2505,-1.68935,-7.75584,-1.90353,-1.99351,-7.15218,1.00168,-15.4022,18.5848,-34.5343,-20.6782,-28.1646,-26.1863,-26.9322,-25.5134,-27.5619,-18.8609,-33.393,-14.0418,-139.005,1077,11024,38453,43738,46433,46798,49784,50649,68910,70907,73281,73346,78200,107402,122138,126472,128406,141566,159807,171843,180971,202437,205439,236300,299667,307286,332758,429383,570021,610790
148,29800,12341,415102,154695,111426,0.429438,20.97,-15.8096,-1.82692,-6.42764,-2.84493,-1.39399,-8.23769,0.31307,-14.6639,18.6567,-36.3009,-20.6118,-27.9729,-25.5293,-27.0776,-25.2958,-27.9051,-18.8705,-34.0736,-12.9047,-138.77,12341,18207,20915,21270,22706,33087,51833,63971,80974,84871,86160,89546,100871,103834,133343,153528,158806,171579,199257,200753,216475,222383,229400,233817,245869,287039,300553,332960,349401,415102
149,30000,1731,816213,175738,172843,6.83068,20.5807,-15.4444,-0.743185,-5.97816,-3.33568,-0.629966,-8.60334,1.20557,-16.1945,19.442,-36.1086,-21.1892,-28.5619,-26.2455,-27.1779,-25.2513,-29.1559,-18.3809,-34.6835,-13.627,-138.891,1731,5875,9338,20780,41605,50376,54310,58847,61929,64005,69880,76917,102557,110042,112793,144664,153080,171732,176724,196561,202219,222707,266504,271078,280234,301997,325207,443204,459043,816213
150,30200,3831,686849,125574,129926,6.21296,19.2916,-15.8047,-1.69867,-4.89461,-4.13653,-1.23044,-8.1993,0.933873,-17.3873,18.7251,-35.3406,-21.0736,-29.4712,-25.5714,-29.4662,-24.7174,-28.8442,-19.1962,-35.1998,-13.3105,-138.891,3831,18092,23314,24823,27885,28170,31061,37014,39314,40310,73700,84384,87665,89896,109350,109727,113144,118325,119576,123912,131111,152006,152255,155821,191106,224454,234825,253141,282159,686849
151,30400,15343,638917,136306,164851,6.88881,18.7583,-16.1632,-1.32396,-5.47103,-3.46718,-0.917434,-7.42331,0.662817,-16.9845,18.7754,-36.4042,-21.6227,-29.4022,-25.6043,-28.8096,-25.4532,-29.3336,-19.5276,-34.231,-13.8859,-140.554,15343,15532,15909,22350,28037,34853,40494,44417,47463,54804,55746,59092,62936,64652,67994,73216,74672,76195,79561,110010,110491,110595,169709,175472,202733,260903,301240,474818,601020,638917
152,30600,6746,1195918,185853,248682,8.98026,18.2722,-15.8538,-0.830729,-6.40351,-4.19443,-2.00274,-6.58351,0.986508,-16.9576,19.3364,-36.023,-21.0261,-29.9803,-25.7034,-29.4578,-24.6933,-29.5647,-20.499,-34.0051,-12.9184,-141.2,6746,27440,32896,40753,42933,46111,46613,49384,61359,64265,79286,79467,81221,94434,94986,95833,100622,112665,120275,168976,169323,180798,195403,241753,254034,287388,302961,543352,758388,1195918
153,30800,1186,561851,185436,140868,1.57923,19.1927,-15.0702,-1.23077,-6.3754,-4.81055,-2.22128,-6.79075,-0.0778582,-16.5577,19.4743,-37.0176,-21.2237,-28.7663,-25.8406,-31.12,-24.4163,-30.2816,-21.1433,-34.9458,-12.1098,-142.219,1186,5660,19043,24757,38235,45905,49707,55885,102670,110197,122675,128671,132609,149558,160667,175573,175809,190683,192846,195541,219442,231330,292061,306573,329399,360047,381002,384640,418848,561851
154,31000,6657,481156,143181,128301,1.92089,18.2666,-14.5257,-1.56945,-5.28195,-4.2132,-2.90895,-6.10727,-0.805945,-15.7742,19.6813,-37.0528,-21.7605,-27.9181,-25.0585,-31.6492,-23.8901,-30.3388,-21.7371,-34.3989,-12.0834,-143.151,6657,6995,16637,20489,30541,31105,33723,38201,60140,60351,63655,67164,73977,80476,86836,95182,111285,116266,123953,163038,212476,222270,232764,252475,252538,293303,299205,360990,401586,481156
155,31200,9365,894093,150360,177936,5.84594,18.1549,-15.0032,-1.10702,-4.94942,-1.91683,-2.69017,-6.28085,-0.570048,-16.1655,19.5298,-38.0418,-21.1175,-28.838,-25.5516,-32.2419,-24.4642,-30.2601,-22.3195,-34.3177,-12.3596,-145.274,9365,13330,19500,20518,22711,33166,34696,43303,55961,59254,69912,71281,73183,77274,81713,92120,94902,110233,114377,124608,130336,145987,227477,247091,285549,320819,321222,321566,395266,894093
156,31400,8760,429700,140616,98581.2,-0.16907,18.4771,-15.3501,-0.936856,-5.42431,-4.71515,-1.41206,-6.05776,-1.1784,-16.4477,20.3034,-37.8152,-21.9918,-30.2783,-25.825,-31.843,-24.5126,-30.4764,-22.6499,-34.4196,-12.8808,-145.859,8760,13832,17201,17239,28845,44670,65182,67001,74184,79287,97251,103570,112163,126166,129652,137798,144491,151140,155032,160214,173261,179387,191391,211759,229953,241075,246572,248432,333267,429700
157,31600,3391,357657,119411,90149,-3.1146,17.3257,-14.2848,-0.98673,-6.32754,-3.7521,-2.29187,-6.77599,-1.24482,-16.9701,20.5365,-37.3445,-21.1069,-30.1497,-26.0251,-31.6723,-24.5198,-31.398,-22.9953,-34.5291,-13.0104,-147.19,3391,5829,6542,17226,36979,37099,38190,43639,44009,53223,80366,86012,96749,99614,107129,107994,116333,119728,124841,127390,140903,157711,169773,184057,201837,234774,248595,256201,278544,357657
158,31800,596,756180,128424,159176,-4.51339,17.1048,-14.3486,-0.843162,-6.27932,-2.48152,-1.54062,-6.25344,-0.562425,-15.8598,20.4432,-37.1441,-20.9418,-31.7818,-26.0857,-31.9075,-24.1118,-32.0011,-22.5766,-34.3791,-12.7674,-148.274,596,1336,2878,3604,14077,14241,18108,18864,36018,36985,40336,45267,50914,64026,69348,71585,119748,128587,129008,140684,155579,158728,181053,189166,192830,206403,236159,295571,474850,756180
159,32000,65,384206,125305,119609,-3.11968,18.7815,-15.3847,0.356144,-5.63732,-2.90144,-1.05427,-5.79825,-1.48394,-15.4144,20.8419,-36.1178,-21.315,-32.3646,-26.8312,-32.7353,-24.4511,-31.9355,-23.2008,-35.048,-12.4526,-148.425,65,1548,2014,10133,14400,15770,21013,21058,21326,33413,36084,52251,54048,74062,74429,83376,106178,116261,118744,139562,185934,197500,236849,249427,262659,287445,295611,311918,351861,384206
160,32200,8527,896558,154433,188564,-3.53704,19.2756,-15.8453,1.19397,-5.29763,-3.41287,-1.5193,-5.19442,-1.02538,-15.8759,20.6679,-35.4627,-22.6233,-32.5568,-27.176,-32.1898,-25.0855,-32.907,-24.1006,-36.1668,-12.9804,-150.018,8527,11403,14982,20967,26200,27079,27302,36511,41906,54775,65694,81893,85738,85961,87866,105717,110794,118637,131860,139210,154492,163153,181230,187815,195344,265680,316525,426968,562194,896558
161,32400,12189,614688,157088,131205,-5.54688,18.4247,-15.9743,0.940306,-5.52331,-4.12114,-0.845778,-5.26557,-1.62881,-16.0363,20.853,-35.6658,-22.3292,-32.7984,-28.0325,-32.779,-24.3797,-32.8967,-24.3941,-36.51,-13.1327,-150.865,12189,13679,14357,16542,16587,60036,73802,75646,76710,76992,78342,87328,94560,103658,121037,128758,128975,155829,159847,192972,206108,209360,228909,234930,271000,293004,302087,321098,343610,614688
162,32600,10035,664315,120964,124192,-6.6778,19.4404,-15.9327,1.68077,-6.13243,-3.68859,-0.525068,-3.80325,-2.58476,-16.2506,21.2775,-35.5688,-22.0591,-32.1293,-27.2931,-33.6643,-25.6767,-33.0075,-23.76,-35.7999,-12.6811,-151.388,10035,14508,20124,20781,23660,44695,46889,53665,55450,66460,67987,74537,92440,92643,93878,93978,97604,102168,102580,110122,113548,114328,130637,182837,191777,204921,226008,230955,285386,664315
163,32800,1917,829939,156066,176054,-3.80152,19.2554,-16.2919,2.19307,-6.52104,-4.66452,1.06784,-3.59844,-1.94977,-16.2094,20.5016,-35.3507,-22.0553,-31.6461,-28.0605,-33.2847,-25.8488,-32.2148,-23.3841,-36.4698,-10.14,-151.967,1917,2964,8273,17263,25235,39891,42244,51208,52550,55835,74423,84695,88654,88862,116840,121798,132252,136572,142162,142327,159440,178411,188627,204228,206957,250099,311070,345913,581342,829939
164,33000,4325,493354,187882,149950,-3.68994,19.4208,-16.1498,1.10115,-6.80386,-4.63681,0.807422,-4.58349,-1.62842,-17.0019,21.3957,-35.254,-21.7475,-32.3333,-29.0563,-34.0619,-25.4358,-31.857,-24.1834,-36.7902,-10.5908,-152.042,4325,7531,12778,15810,24664,41191,61561,61696,71668,83631,94839,95820,97172,120654,135729,169904,171167,175159,232803,245949,289471,290372,308588,344101,345724,347928,407719,423773,461372,493354
165,33200,452,465382,124651,100230,-1.57645,20.0345,-16.8754,0.239511,-6.42498,-4.52802,0.251345,-5.07655,-2.08306,-17.1434,21.8901,-35.2972,-22.1884,-30.5126,-28.8173,-34.2122,-24.5411,-32.544,-24.431,-36.4686,-11.0245,-151.561,452,12513,20819,27768,30009,42645,53041,55467,60506,62645,66838,88607,92552,92560,97139,107965,111842,119331,125936,139555,144552,147877,170707,184970,189871,223684,230754,267000,306533,465382
166,33400,8046,794798,168677,186354,-0.784641,19.419,-18.249,-0.169505,-6.02113,-4.08406,-0.473187,-4.90269,-1.87986,-17.6468,21.569,-35.3856,-22.0724,-30.0883,-28.0797,-33.818,-25.3066,-33.3623,-24.4639,-36.8449,-11.9772,-151.58,8046,15008,23589,31134,35565,51487,54250,54266,61269,63413,67172,73171,74919,90837,101791,108437,110712,121393,124318,131933,144453,219442,224477,226560,258080,354931,355467,413919,665467,794798
167,33600,6521,1004114,181088,212401,-1.41831,20.0086,-18.0533,-0.814727,-5.24989,-3.77788,-1.36427,-5.37837,-1.54644,-17.773,22.6302,-34.8367,-22.2199,-30.8251,-28.9871,-34.6401,-25.382,-34.5084,-24.0515,-38.0669,-12.0864,-152.614,6521,9954,23719,29793,34497,42051,42446,43557,44023,44394,54101,76693,78006,92573,94541,100278,119179,125591,145718,166513,169990,218681,234964,315611,347507,397415,400902,415534,553776,1004114
168,33800,6725,571429,147741,155563,-3.6759,19.513,-18.1623,-0.286075,-5.42831,-4.39181,-1.81253,-6.08959,-1.29207,-17.6739,22.464,-34.4868,-21.8105,-30.3773,-28.7332,-34.3125,-24.9317,-34.1093,-23.8685,-38.7539,-12.3461,-153.628,6725,9014,18887,18892,31292,32865,35465,36510,38490,43377,43653,44549,45734,46390,53125,57319,92665,115337,120338,165584,182707,199244,247424,281916,284602,375629,394091,412941,426037,571429
169,34000,2915,448617,167136,132171,-6.35983,19.38,-18.7291,-1.36979,-5.79244,-4.78236,-2.19999,-6.62963,-0.666804,-19.1555,21.4646,-34.8785,-23.2959,-31.3631,-27.2703,-34.0035,-24.9406,-34.4448,-24.3122,-39.2242,-13.3633,-153.429,2915,6815,21968,22039,34985,35610,42477,55758,80962,81408,83496,91195,107905,113802,132905,143728,148919,149183,156850,199604,219409,256332,280756,295210,312731,330526,370652,377892,409438,448617
170,34200,4092,769463,145503,163914,-6.54827,19.4435,-18.9319,-1.67135,-5.47023,-4.37818,-2.5154,-6.7153,0.182332,-19.1914,21.8374,-34.9943,-22.4311,-31.766,-28.139,-34.7666,-25.1667,-35.6312,-22.8763,-39.2834,-13.3638,-153.558,4092,5961,10848,12456,22740,25740,28354,37723,44266,50810,51617,62821,76104,79619,109846,110828,113065,114063,114730,119897,133339,166533,192994,200728,254064,337706,338029,385230,391434,769463
171,34400,6250,490706,120571,119596,-6.62815,20.3142,-19.2986,-2.27407,-4.81993,-3.98118,-3.09349,-5.87246,-0.984034,-20.1064,22.3043,-36.2367,-22.5857,-31.6839,-28.6665,-34.3141,-25.578,-34.061,-21.8228,-39.4445,-12.8023,-154.037,6250,12362,12986,25457,28726,32052,41541,42397,48740,49678,57886,70946,82753,83402,97169,98074,100314,109103,118643,119775,124658,130980,141123,147114,153538,169667,221693,322322,477079,490706
172,34600,175,672167,151864,175074,-6.2481,20.4685,-18.3913,-2.28273,-4.67921,-4.31696,-4.78292,-6.68356,-1.31038,-20.7602,21.3899,-36.4297,-22.8589,-32.3156,-28.7088,-35.2718,-25.0963,-33.7224,-22.0001,-39.5703,-13.4501,-155.315,175,1333,2921,10165,15000,15033,17450,20008,23855,40074,46423,61187,79147,79822,84494,91824,92449,92747,129276,130404,139410,205327,223728,259723,310511,344562,375994,411233,579489,672167
173,34800,5065,257081,98244.7,73560.2,-7.3087,20.1549,-18.0795,-2.56682,-5.3571,-3.23117,-4.38819,-6.54708,-0.658049,-19.7457,21.4721,-35.4434,-24.0902,-33.3215,-29.5984,-34.9791,-24.1641,-33.3659,-22.2672,-39.7998,-13.0804,-156.439,5065,15132,18158,20142,22773,23094,23176,23907,34192,59389,65370,69146,77094,78757,80415,84034,94172,103476,103947,109723,111360,140202,148499,154139,157923,181296,183839,250069,251772,257081
174,35000,3267,508669,175605,142658,-6.76442,20.7254,-18.0874,-1.13098,-5.51511,-3.06379,-4.19973,-6.29291,-0.367808,-19.649,21.4709,-35.5249,-25.0716,-32.9639,-29.6247,-34.5752,-25.1531,-32.321,-22.4398,-40.423,-12.3734,-156.172,3267,14910,17467,19117,40353,54155,58949,67977,80924,88859,91494,104736,109973,114550,117183,130349,136721,155307,189356,228940,239722,247232,271060,279284,309737,315079,324465,442611,505702,508669
175,35200,1704,458732,100969,121260,-8.25043,20.6518,-17.5448,-0.626574,-5.24849,-3.64836,-3.33781,-5.8133,0.195497,-18.7361,20.6197,-37.1887,-25.0905,-32.7941,-29.172,-33.5201,-26.1719,-32.0958,-23.4199,-39.4257,-12.0965,-156.466,1704,2212,2428,5979,6635,19595,33722,45334,47875,51184,54362,61914,65780,65840,65957,71268,71850,75487,81133,88060,88075,94549,103706,109361,111448,128013,159065,399504,458301,458732
176,35400,6471,1153090,173483,210640,-8.41545,20.3879,-17.301,-0.905138,-5.65252,-2.65941,-2.98672,-6.5227,0.904838,-17.6642,20.1833,-38.4668,-24.4146,-32.7692,-27.8702,-34.2215,-26.2243,-32.0925,-23.0979,-38.6703,-11.5817,-157.649,6471,16896,31299,32629,39260,43877,55205,64319,69201,72955,83478,87924,98608,99466,104163,118911,130842,143803,153242,184479,191222,191979,201403,230479,278264,311989,317684,330684,360667,1153090
177,35600,18339,461771,163952,118365,-7.34045,21.3893,-17.2428,-0.367297,-5.40537,-1.94529,-3.81914,-6.08532,0.0275594,-17.9874,21.2563,-39.034,-24.9961,-32.8214,-27.2165,-33.5365,-26.4901,-33.1305,-23.1874,-38.6475,-11.3747,-157.905,18339,20257,35755,35764,37743,51257,55466,58805,64785,67570,79649,88612,93825,105184,133976,136154,185289,185930,211604,223214,243393,247593,261366,267194,293579,295115,298218,300999,360139,461771
178,35800,7388,459737,141925,116799,-6.32773,21.9845,-18.0004,0.693118,-7.21624,-1.63211,-5.19645,-6.50536,-0.690011,-18.0012,22.1246,-40.5191,-25.1516,-33.0517,-26.474,-33.4775,-27.051,-33.9423,-23.7913,-38.5678,-11.8575,-159.548,7388,17475,22143,27992,36292,44006,46318,50404,55122,61949,61974,64044,82092,90982,91657,123924,131603,141304,144677,146593,167277,209388,211565,223167,269135,270257,309765,336677,352852,459737
179,36000,229,640274,121211,144638,-6.12091,21.7979,-18.4667,-0.170409,-7.94408,-1.79582,-5.63398,-5.87339,-0.117166,-17.4239,21.4474,-40.0559,-23.9169,-34.4521,-27.203,-32.7879,-27.1824,-34.1171,-23.1494,-37.5363,-12.3858,-159.359,229,7871,10086,10461,15557,17276,21910,25024,26061,27127,50457,51280,59399,60023,64951,66739,70557,74418,98409,100749,127268,142828,154700,161586,247069,271728,280687,369940,381673,640274
180,36200,216,491891,86251.4,102499,-5.09131,21.616,-18.7861,-0.136251,-6.69653,-1.54375,-5.22408,-6.28873,0.0273482,-17.5547,20.4258,-38.9535,-23.956,-34.9784,-27.0765,-32.5563,-27.9599,-33.7766,-23.1701,-36.9609,-12.8635,-159.022,216,1669,2052,2192,2562,11664,16325,21435,25371,29187,32741,35863,36690,41420,48623,51859,63096,69788,81803,93310,106351,121303,125370,126232,134510,144129,181615,238465,249810,491891
181,36400,12935,493304,135554,110248,-7.50298,21.2744,-17.868,-0.227231,-6.26052,-2.25982,-4.88828,-5.89636,-0.885835,-17.1472,21.1735,-39.6633,-24.882,-34.3126,-26.8815,-32.7544,-28.2802,-33.5754,-22.4024,-36.2515,-12.3584,-159.932,12935,14048,14063,21633,25218,41412,50893,52067,56088,80596,82797,96312,98945,105159,105964,113539,126891,129765,139930,145948,166635,171058,190608,193239,199940,215580,255403,297697,368968,493304
182,36600,1345,470085,133598,131778,-7.37242,20.9339,-17.8527,-0.448687,-5.98172,-2.86928,-4.41815,-5.77818,-0.352672,-17.7555,21.6568,-40.2323,-24.5773,-34.8241,-27.2812,-34.1531,-28.7317,-33.4737,-23.5237,-36.8022,-12.4277,-161.168,1345,5315,7577,13381,14466,16639,20439,24930,34999,59347,65054,69620,69976,76098,77675,82413,93946,111810,129245,144011,150823,161771,213904,234966,256115,261928,353133,363916,423024,470085
183,36800,226,424429,111641,99308.9,-7.15883,21.3393,-17.603,-0.555355,-5.68361,-2.96937,-3.82067,-5.92084,0.641107,-19.5418,22.2823,-40.2784,-23.7937,-35.3989,-27.9364,-34.2934,-28.4705,-32.629,-23.7401,-37.9314,-12.7482,-160.657,226,1818,19258,20500,21704,27725,32214,33881,36357,40808,51264,56451,60583,66247,71787,81018,109779,122975,133116,141583,143142,143256,162249,174901,179720,185515,259135,261090,286488,424429
184,37000,2118,541440,147025,113102,-6.6158,21.3547,-17.087,-0.219058,-5.6783,-3.22435,-3.28294,-5.83451,2.12377,-19.8559,22.5954,-41.0668,-23.6431,-35.4645,-27.3133,-33.4185,-29.1594,-32.6696,-24.2174,-38.5808,-12.1038,-161.383,2118,6002,15741,35660,44790,44814,62874,63177,73265,88592,97966,103145,116132,118910,125321,125383,130202,155166,157244,158595,177713,196548,206118,208219,225427,255764,266233,279043,329160,541440
185,37200,830,495562,162211,137006,-6.74296,21.0737,-17.4041,1.27239,-5.88219,-4.00548,-3.30837,-6.78714,1.58495,-19.7859,23.2472,-40.9586,-23.6428,-35.2722,-27.1053,-31.9076,-28.0149,-33.3217,-24.3262,-38.405,-12.3952,-162.309,830,11760,19516,31944,32778,37242,42520,52103,65284,80473,91431,93981,102149,118397,119052,119534,143235,152400,157300,159581,175265,213441,242824,263764,270758,341985,374009,393565,463653,495562
186,37400,1288,1035211,225878,223915,-5.79874,19.7177,-18.1401,1.5424,-6.20455,-3.58319,-3.16874,-6.23884,0.61354,-20.3753,22.737,-39.9945,-23.9695,-36.1601,-26.927,-32.0893,-27.9768,-33.197,-24.05,-37.9601,-12.7181,-162.063,1288,7754,23769,24220,31275,58364,78587,90582,92771,110882,112208,129736,130448,133719,133816,142364,150896,159826,160652,197220,311511,311911,342190,359923,385058,491310,492397,492754,583686,1035211
187,37600,6589,460564,143193,137914,-5.94099,19.7653,-18.1415,0.542591,-6.47717,-2.56568,-2.88511,-4.74996,0.139974,-20.2997,22.6265,-39.6918,-24.7764,-35.9497,-26.1302,-31.6474,-27.4919,-33.7681,-25.0282,-37.3728,-12.7563,-161.718,6589,9481,11386,16997,38396,42368,46233,49132,53976,55975,59028,60683,62305,64179,69419,80948,83640,107425,109414,129933,139509,186679,240630,291511,311273,353707,355366,371903,427149,460564
188,37800,5793,507110,121560,117145,-4.6398,20.6293,-17.0333,2.38223,-7.95218,-3.05798,-2.47499,-5.39877,0.374878,-20.3535,23.0242,-40.5939,-24.0224,-35.464,-26.5551,-32.7785,-27.9064,-34.4689,-26.0279,-37.8047,-12.6822,-162.204,5793,8416,11827,19782,36146,37799,45700,48357,49693,49925,50448,64801,87646,90687,93820,96005,99087,107542,116209,117133,135180,141702,143277,144202,145772,180143,282343,330901,399348,507110
189,38000,1177,615784,129616,140017,-2.8271,21.2606,-16.7949,3.54773,-9.14147,-3.70845,-2.32638,-4.02836,0.757096,-21.5246,24.054,-40.136,-23.3296,-34.8287,-26.5114,-33.5855,-27.1173,-35.0188,-25.0517,-38.0864,-12.5907,-163.598,1177,7183,8891,12173,18497,25021,31263,38789,39237,46935,47461,52244,58632,71450,71762,91147,96284,123002,142608,149832,159926,184477,184736,192486,209124,215540,239459,254976,498384,615784
190,38200,1304,902042,194575,224879,-2.30525,21.8467,-16.9497,3.3946,-9.75457,-3.7476,-2.51691,-4.60385,0.619166,-20.4514,23.8203,-39.4049,-23.4145,-35.6221,-27.508,-34.1711,-27.8697,-33.596,-24.4457,-37.6218,-13.3483,-163.043,1304,2159,2912,5095,8037,8262,9176,13147,15596,16989,28284,53629,58276,65134,89769,165028,176198,182588,217554,221647,229134,244449,252398,328544,450789,494229,507800,535934,551160,902042
191,38400,2111,446918,119322,129220,-1.63662,21.9099,-17.294,3.30072,-10.4439,-3.69699,-2.60911,-4.08197,-0.417475,-19.7473,23.295,-39.5006,-23.3216,-35.5185,-27.2047,-35.6811,-28.6778,-33.4027,-24.4887,-37.848,-13.3161,-163.372,2111,3289,7651,8517,10578,12203,16251,21835,35549,41387,41867,43670,70975,76358,79494,86423,93279,95071,98709,129186,132572,144745,161764,164557,168259,213348,307394,422410,443275,446918
192,38600,32,1032105,193817,227191,-2.58279,21.5722,-17.1982,2.71681,-9.42023,-2.36767,-3.93141,-3.5196,-0.00342517,-19.757,23.4027,-39.5324,-22.9092,-35.2184,-27.3602,-36.2081,-28.4216,-33.7171,-26.0886,-39.4273,-13.8611,-162.245,32,9572,18354,29593,31130,31160,34384,34659,38495,39887,40120,42598,64026,76535,92059,139591,145963,149106,164203,220561,226538,235921,254136,353663,381942,412249,421049,536420,558467,1032105
193,38800,9354,812706,155436,179677,-2.20026,21.9398,-17.5317,2.31379,-9.69245,-0.940822,-2.62699,-3.42288,-0.229582,-20.6736,22.9812,-39.4709,-22.778,-34.822,-26.8286,-36.3782,-28.4219,-33.7331,-25.4927,-39.8528,-13.9293,-163.45,9354,13567,20481,21412,23912,28570,37596,38064,42060,45996,63336,68197,75514,87698,111026,112426,113941,127742,131936,139558,153983,162352,164801,168682,294451,302161,324807,379512,587233,812706
194,39000,24844,541139,205175,134785,-2.24217,22.6818,-18.4788,0.70902,-8.65225,-0.081184,-2.92413,-4.18485,-0.559261,-20.0671,22.827,-39.3412,-22.7757,-34.9801,-26.9476,-36.2445,-27.9653,-33.4562,-24.8557,-40.4731,-14.2055,-163.229,24844,36593,37373,47982,61441,66688,71367,95885,113936,125889,130687,134227,144554,150408,183082,191062,191919,203457,209837,274011,283750,314522,333669,333694,338842,339797,363412,390421,420761,541139
195,39200,6097,900112,161254,190130,-2.09864,21.5773,-18.4384,0.805689,-8.20007,0.202411,-3.67748,-4.54886,-1.25807,-20.1926,22.806,-38.3625,-23.575,-35.3713,-27.1556,-35.7833,-27.6461,-33.8758,-24.5545,-40.4809,-14.0632,-163.597,6097,20119,22524,24170,24558,26544,29612,36056,36405,37662,52116,70507,89060,94851,102040,108693,112246,112611,121313,124613,129620,141981,171720,337749,354025,374437,378446,381303,416424,900112
196,39400,1599,407313,132099,131425,0.408894,21.763,-19.6813,2.11538,-8.53792,0.0729627,-4.50893,-5.00497,-0.277223,-20.3668,22.6161,-38.5357,-23.4206,-35.0037,-28.8471,-36.4062,-27.4293,-34.9569,-24.7364,-40.3031,-14.1798,-163.665,1599,5683,9633,17686,18139,18712,19166,34153,41276,42730,54223,57929,61452,63893,68041,71523,76572,92234,134211,138244,143212,183045,199571,262069,295593,304105,364996,376579,399390,407313
197,39600,1171,632065,208174,150396,-1.4369,21.5832,-20.3798,2.31955,-8.15028,-0.161124,-3.86989,-4.98574,-0.903485,-19.6397,22.265,-38.036,-23.4578,-34.2956,-28.7993,-36.0924,-28.0445,-34.9169,-24.7202,-40.5775,-13.7327,-163.018,1171,35885,62854,66953,72871,89893,93696,99044,103681,103807,104994,106136,118467,125220,169792,215388,218177,221104,226218,232498,243764,274917,295669,306153,320741,356927,359421,471747,515959,632065
198,39800,2732,494552,143835,129793,-2.96574,21.9643,-19.6623,4.1436,-9.31156,-1.49738,-3.92785,-5.0264,-1.88651,-18.5356,22.6555,-38.7805,-23.9494,-34.7455,-28.4299,-36.8602,-28.2252,-35.2697,-25.3083,-40.3525,-13.0022,-162.834,2732,3138,9585,11874,16894,26427,36406,44090,48514,71387,82242,82927,85568,92926,103173,104709,105651,112475,131320,143705,188649,192498,245547,253517,279753,294091,294414,327511,428761,494552
199,40000,3840,524862,191943,151959,-1.73458,22.2557,-19.8813,3.72318,-9.15658,-0.233773,-4.48604,-4.86808,-1.78757,-18.8404,23.3663,-39.568,-24.2443,-34.5723,-28.588,-36.944,-28.3659,-35.1982,-25.1488,-40.5142,-14.1703,-163.444,3840,8940,19978,21057,21710,28264,45547,102298,103036,103620,105974,123943,127872,146561,156292,169753,193874,194541,196885,219672,239345,255955,276077,281941,286756,354724,461080,487368,496516,524862
200,40200,1238,697342,140922,160671,-3.65468,22.8304,-20.4338,4.05611,-9.27668,-0.0250576,-4.96978,-6.41362,-0.440224,-18.9408,23.0362,-40.2213,-24.6988,-33.6336,-29.0693,-35.6461,-28.1432,-34.2959,-24.542,-41.6055,-13.2902,-162.643,1238,7314,10787,18617,19321,21142,26155,29415,37473,52733,55114,55516,64016,68967,82461,87017,90514,104007,110580,111591,119273,165027,166453,229384,290509,334274,358832,381886,430699,697342
