generation,agents,minScore,maxScore,meanScore,standardDeviation,w0,w1,w2,w3,w4,w5,w6,w7,w8,w9,w10,w11,w12,w13,w14,w15,w16,w17,w18,w19,w20,w21,s0,s1,s2,s3,s4,s5,s6,s7,s8,s9,s10,s11,s12,s13,s14,s15,s16,s17,s18,s19,s20,s21,s22,s23,s24,s25,s26,s27,s28,s29
0,200,0,6,1.96667,1.82857,0.801457,0.558745,0.455886,0.014393,0.191533,1.15263,1.17526,2.08012,-1.66789,-1.95904,0.596336,-1.7402,0.136202,0.819294,0.37301,-1.55124,-2.69522,-0.66308,-2.56448,1.05808,0.309133,-2.29661,0,0,0,0,0,0,0,0,1,1,1,1,1,1,1,1,2,2,2,3,3,3,4,4,4,4,4,5,5,6
1,400,0,21,7.86667,5.36742,2.12436,-1.49195,-1.55903,-0.436521,4.10352,0.267661,0.105163,2.42927,-2.03178,-1.63471,0.352705,-2.36201,-0.966073,-0.77163,0.704249,-0.592736,-5.23073,-0.578336,-3.52545,-1.12752,-2.15943,-5.46897,0,1,1,1,1,2,3,4,4,5,6,6,7,7,7,7,8,8,9,10,10,11,11,12,12,13,16,16,17,21
2,600,2,27,13.5667,7.29517,2.37952,-3.15926,-3.79427,-0.506198,5.10817,-1.9149,0.042096,2.09301,-2.62426,-3.93725,1.64644,-3.3678,0.110123,-2.67921,-0.869536,-2.0362,-3.8625,-1.48557,-4.63567,-1.35307,-2.58276,-8.75348,2,3,5,5,6,6,7,7,7,9,9,10,10,12,13,14,14,15,15,17,18,18,19,21,21,23,24,24,26,27
3,800,28,276,139.233,70.0683,3.46444,-2.80747,-2.60837,-3.1723,0.513652,-3.07397,-1.92421,1.32356,-3.31673,-5.429,3.23063,-7.18365,-1.82302,-2.40162,-0.779473,-2.67745,-3.42379,-5.3291,-6.31948,-1.38678,-6.05487,-12.4614,28,38,53,54,56,56,71,75,85,89,92,93,138,141,146,146,152,158,162,170,173,178,194,195,216,228,236,237,241,276
4,1000,29,342,151.433,90.1048,3.49822,-2.33946,-1.69357,-3.81555,-3.15859,-3.97641,-4.30116,0.718852,-3.61108,-5.7063,4.17516,-7.75244,-2.75755,-5.35605,-4.83502,-4.58544,-4.39001,-5.01107,-7.74017,-4.15197,-9.43114,-15.2745,29,35,37,51,69,70,80,82,85,86,92,98,105,121,138,148,149,159,163,172,179,184,204,247,260,262,264,300,332,342
5,1200,29,213,94.4,39.2082,2.95021,-4.27212,-2.70186,-5.62987,-2.48402,-3.25428,-5.34535,-0.229306,-4.5164,-6.68397,2.87717,-8.42945,-4.36502,-5.75143,-8.01978,-6.73607,-5.51491,-3.3393,-11.3944,-3.97626,-14.9951,-17.0975,29,38,50,57,62,63,64,64,69,71,79,81,81,82,92,92,94,95,99,100,104,106,110,117,130,140,142,147,161,213
6,1400,24,187,85,36.4635,3.88558,-4.84332,-3.71977,-7.15849,-3.5095,-4.27006,-6.65213,-1.87048,-3.96981,-8.1152,3.2163,-10.6993,-6.80895,-5.60912,-9.19311,-9.42708,-7.82721,-4.81715,-13.1387,-4.40064,-21.5696,-17.7479,24,35,46,52,53,57,58,62,63,67,69,70,75,78,80,83,86,87,90,91,95,96,98,100,101,103,117,154,173,187
7,1600,26,161,76.1667,31.0751,2.74744,-3.8753,-5.28697,-8.44147,-4.99065,-3.33138,-7.78895,-1.66697,-4.70844,-8.92061,3.80901,-13.1797,-5.98564,-7.14759,-10.7636,-10.8958,-9.07914,-7.8471,-12.5358,-4.91372,-26.3338,-19.7296,26,43,44,46,49,53,53,55,58,60,60,64,64,65,67,69,71,75,75,80,84,85,95,96,99,103,112,116,157,161
8,1800,21,159,85.7,40.02,2.24909,-3.06944,-5.52984,-9.42294,-5.62648,-4.1036,-7.59128,-1.48348,-5.28143,-11.3662,4.46632,-14.5067,-6.37483,-8.42699,-11.7987,-10.9473,-9.50779,-9.15789,-11.8677,-5.50115,-27.159,-22.3395,21,28,40,42,44,44,49,52,55,58,70,71,72,78,78,81,81,82,88,102,106,106,118,123,138,138,145,148,154,159
9,2000,30,195,86.1333,43.4509,3.09114,-2.51942,-6.59219,-8.41035,-7.19548,-4.00931,-9.35833,-2.87768,-6.11411,-11.3774,4.72856,-12.9137,-6.8442,-8.77219,-11.5677,-11.2515,-9.96081,-9.36623,-11.7566,-6.3901,-27.0604,-24.2412,30,34,36,38,48,49,50,54,55,60,62,63,64,64,67,67,68,82,103,106,111,119,119,126,128,132,135,151,168,195
10,2200,39,293,121.733,71.6808,3.81141,-2.81588,-7.81746,-7.56993,-7.47229,-5.55973,-10.3997,-3.79591,-8.61394,-12.1744,4.77848,-10.2729,-7.35005,-9.25695,-10.5459,-9.88126,-8.74919,-8.13756,-10.7919,-7.16404,-26.5442,-25.4665,39,46,51,54,59,66,70,72,73,73,80,84,84,85,92,97,107,122,124,125,140,150,151,167,177,188,215,279,289,293
11,2400,42,461,159.333,106.229,2.75149,-2.71764,-9.1422,-7.76378,-9.7973,-6.71613,-10.7467,-4.97794,-7.98229,-12.5616,4.56218,-10.2978,-8.72246,-8.84653,-10.7734,-10.3408,-8.74781,-10.358,-10.2579,-7.50895,-22.8778,-27.5495,42,45,56,61,65,70,87,93,96,97,99,101,108,110,110,132,152,158,163,164,200,200,202,210,212,231,281,336,438,461
12,2600,48,827,189.067,151.908,-0.439712,-2.17862,-11.8533,-7.26231,-8.95529,-6.13095,-9.94265,-4.11512,-8.65731,-12.5237,3.71055,-11.3264,-7.98532,-8.11682,-9.77146,-10.4518,-10.0394,-11.2262,-11.3566,-7.31392,-21.562,-28.7433,48,62,67,73,79,94,99,108,112,116,123,123,130,130,140,140,168,177,177,189,195,215,225,225,227,256,309,411,427,827
13,2800,51,448,179.133,100.779,0.886933,-1.67629,-12.2878,-6.74168,-10.3326,-6.45756,-10.263,-4.83171,-9.8685,-12.2909,2.49092,-11.4708,-6.83781,-8.3573,-8.74901,-10.7569,-10.1052,-12.0442,-11.3835,-7.3862,-22.1459,-30.2992,51,62,62,69,81,82,85,94,100,109,119,120,129,131,148,159,172,194,219,223,238,255,256,261,267,277,282,318,363,448
14,3000,35,604,235.6,132.636,0.594904,-1.541,-12.5462,-7.29922,-9.41182,-7.45282,-8.93551,-4.64631,-9.13494,-13.3407,1.57801,-11.5157,-5.94822,-7.63283,-8.22538,-10.7789,-10.1242,-12.5422,-11.9462,-7.26613,-21.1254,-31.5929,35,57,70,79,87,105,106,140,157,166,168,190,190,202,215,217,219,237,260,286,316,321,336,352,359,367,399,413,415,604
15,3200,58,1337,372.833,294.228,1.3085,-1.58807,-13.1362,-7.09922,-9.83287,-7.44621,-9.03659,-5.60832,-10.9872,-12.9302,1.96533,-11.649,-6.81521,-7.96704,-8.2221,-9.43901,-9.84853,-12.4591,-12.7912,-6.03344,-19.4977,-33.4922,58,78,83,98,111,144,166,181,187,189,237,248,256,265,272,272,277,280,304,325,437,468,515,565,674,721,802,809,826,1337
16,3400,51,1047,418.033,260.304,-1.25298,-1.52379,-12.2169,-7.66608,-10.7354,-6.37183,-8.399,-6.02624,-11.6837,-13.5848,3.09382,-10.8805,-6.67514,-9.07971,-9.35862,-9.01414,-10.7508,-11.5502,-13.0142,-6.93166,-19.3464,-35.529,51,64,88,98,119,143,240,251,253,258,274,322,324,344,347,422,426,433,453,461,544,551,564,613,654,694,715,864,924,1047
17,3600,101,2490,553.4,453.072,-2.56455,-0.990203,-12.0689,-7.85679,-11.2665,-7.37496,-8.1456,-6.24523,-11.7818,-14.4939,3.01696,-9.99427,-7.38394,-7.7093,-9.20048,-9.19587,-10.2268,-13.0002,-12.6178,-7.76151,-18.6461,-38.0882,101,157,184,185,220,220,221,302,315,316,327,340,352,364,415,466,552,561,564,602,629,652,701,722,726,883,889,1065,1081,2490
18,3800,116,1630,508.467,361.798,-1.37578,-0.824922,-11.6601,-7.94304,-11.6044,-7.5222,-9.46761,-7.57597,-10.1894,-12.5285,2.75676,-9.02499,-7.34342,-7.89037,-8.92837,-8.77893,-9.9515,-11.9202,-11.495,-7.50362,-18.9349,-39.3723,116,125,134,157,194,198,260,291,309,320,363,363,378,392,425,427,441,445,503,523,545,596,612,650,706,781,899,975,1496,1630
19,4000,92,1756,549.233,408.863,-3.60349,-0.476917,-11.686,-9.25168,-12.0595,-6.90459,-9.20354,-7.54002,-9.49319,-13.0276,2.63595,-9.73575,-7.2783,-8.65499,-8.53259,-9.74331,-10.0862,-12.0572,-11.5809,-8.34301,-17.6155,-40.4262,92,97,124,129,156,173,201,206,229,254,312,346,368,385,425,446,465,577,652,683,717,798,799,799,834,899,1036,1183,1336,1756
20,4200,121,2463,761.433,597.477,-3.39999,0.558477,-11.1231,-10.9364,-11.3436,-6.2366,-9.66594,-8.4866,-9.80717,-12.4856,2.17359,-8.42502,-6.93749,-9.09256,-9.47301,-10.5687,-10.3033,-11.1558,-11.7476,-7.86101,-16.9635,-42.2739,121,225,260,265,294,331,342,357,381,384,395,397,403,435,513,541,563,582,588,625,788,933,1078,1398,1440,1461,1649,1778,1853,2463
21,4400,86,2417,811.5,673.746,-4.78408,1.10302,-11.8735,-10.7173,-11.3975,-7.56708,-9.63447,-8.46269,-10.0006,-12.2789,2.02267,-7.62427,-6.50986,-9.07942,-10.369,-10.1708,-10.692,-10.6272,-12.1516,-8.6983,-16.9662,-43.5562,86,109,113,173,210,247,256,321,363,395,416,480,525,541,559,564,614,659,748,782,1084,1183,1211,1226,1284,1314,2064,2145,2256,2417
22,4600,64,5201,1090.2,1098.04,-3.90822,1.73756,-12.326,-11.3646,-10.8934,-7.14709,-10.0841,-7.57304,-10.8337,-12.8792,1.48981,-7.59043,-7.4832,-9.96048,-11.4328,-10.4292,-10.4703,-10.3002,-10.2426,-9.08377,-18.0424,-46.3264,64,143,217,254,317,413,419,433,445,482,525,549,582,653,707,719,951,971,981,984,1174,1472,1474,1572,1614,1661,1671,2152,3906,5201
23,4800,115,3367,1076.47,844.985,-6.91131,1.76716,-12.0704,-11.1734,-10.9011,-7.00266,-9.5927,-8.3649,-10.1156,-13.4967,2.77453,-7.68329,-8.09333,-10.5814,-12.9756,-9.82763,-10.3959,-10.2336,-10.1741,-9.77409,-17.9626,-48.0461,115,123,160,218,275,387,454,459,479,508,615,640,696,746,792,832,889,920,1003,1177,1212,1436,1475,1771,2098,2140,2210,2432,2665,3367
24,5000,73,5084,1524.47,1311.22,-6.23609,1.28474,-11.3408,-11.6685,-10.9363,-7.98542,-9.73634,-7.51595,-10.2562,-13.0167,1.59076,-7.74231,-8.61788,-9.35678,-12.4976,-9.51194,-10.0484,-11.7961,-10.9321,-10.574,-17.2737,-50.5476,73,90,123,190,203,243,315,359,581,665,681,1031,1094,1162,1259,1302,1444,1537,1618,1732,1822,2200,2286,2346,2591,2702,2715,3625,4661,5084
25,5200,121,5479,1607.97,1521.28,-7.7817,1.43485,-12.7099,-12.5918,-9.58838,-8.39862,-9.86794,-7.00687,-10.6331,-12.3953,0.279901,-7.32125,-8.38281,-10.3343,-11.8847,-8.85531,-10.8631,-12.8054,-10.8301,-10.2586,-17.0288,-51.5628,121,125,177,234,239,257,346,387,422,442,556,601,660,726,1017,1070,1316,1487,1490,1782,1969,2461,2734,3055,3158,3509,3904,4026,4489,5479
26,5400,292,7413,1676,1415.27,-7.83611,0.86965,-12.5872,-12.3528,-8.89953,-9.02562,-9.00372,-6.54942,-10.2799,-13.5054,1.03462,-7.7494,-9.57351,-11.5255,-12.2321,-10.2742,-11.2186,-12.6953,-10.4457,-10.1691,-15.33,-53.5978,292,298,315,398,462,702,741,821,885,921,977,1036,1074,1183,1243,1267,1274,1313,1545,1817,2093,2493,2522,2610,2661,2759,2860,2901,3404,7413
27,5600,164,3540,1273.53,934.216,-5.9646,0.861692,-13.4689,-12.5667,-9.46334,-8.48603,-9.35828,-6.47981,-10.899,-12.9413,1.08047,-8.18381,-10.0102,-11.6507,-10.6545,-9.53122,-11.7291,-13.1102,-10.7461,-10.6381,-15.8039,-55.6917,164,205,344,351,432,537,596,691,696,709,734,774,817,875,916,968,1009,1122,1165,1194,1230,1734,1842,2010,2276,2290,2704,3074,3207,3540
28,5800,172,7574,1892.47,1959.3,-6.7059,1.19797,-13.4953,-12.3454,-9.51006,-8.29936,-8.61166,-6.8084,-11.2687,-13.6142,1.07539,-8.8766,-11.165,-11.3352,-10.4456,-9.63195,-13.3153,-13.6849,-10.3728,-10.3388,-14.6673,-56.6456,172,245,348,349,363,468,478,488,712,788,828,898,1000,1030,1152,1367,1382,1546,1571,1680,2033,2113,2603,2646,2760,2927,4169,5751,7333,7574
29,6000,105,5227,1773.67,1347.18,-10.6246,1.02015,-12.0267,-11.3624,-8.91076,-8.85533,-8.03209,-6.49393,-11.0535,-13.1459,1.09167,-9.99133,-9.54836,-11.2145,-11.0016,-9.91688,-12.9175,-13.067,-10.7047,-10.4841,-14.3208,-57.8538,105,199,239,423,434,450,653,682,709,752,860,1297,1366,1373,1434,1507,1536,1744,2050,2245,2276,2342,2343,2571,2898,3369,3631,3996,4499,5227
30,6200,186,8382,2381.5,2109.43,-10.3568,2.13815,-12.1746,-11.6425,-9.8568,-9.53119,-9.75162,-7.42601,-9.63981,-14.1882,1.28252,-9.97816,-10.7187,-12.3207,-10.9879,-10.1959,-12.5956,-12.2813,-12.4752,-11.5631,-14.7371,-61.1588,186,322,633,678,761,914,920,1040,1133,1246,1261,1279,1303,1386,1569,1717,1820,1828,1938,2007,2043,3608,3756,3800,3858,3923,4030,5759,8345,8382
31,6400,237,12367,3131.03,3205.42,-13.3119,1.6054,-11.6885,-10.6843,-10.918,-10.6581,-9.60635,-6.83709,-8.93838,-13.9107,1.36011,-10.6603,-10.9937,-13.1022,-10.8168,-10.2055,-11.4851,-13.6248,-11.9396,-12.1487,-15.2234,-63.3637,237,443,461,681,708,788,820,1012,1175,1192,1489,1506,1570,1686,1735,1756,1922,1991,2569,3576,3640,3717,4016,4342,5047,5595,6739,9647,11504,12367
32,6600,197,25715,2874.17,4562.74,-12.1426,1.92398,-12.6283,-10.6025,-10.0133,-10.3386,-10.7607,-6.95182,-8.92939,-14.8917,3.03838,-10.5401,-11.4366,-12.7362,-10.8986,-10.2147,-12.5309,-13.6336,-12.9034,-12.9141,-15.0099,-65.7658,197,227,280,531,672,731,731,803,1198,1386,1493,1498,1559,1600,1612,1700,2013,2183,2348,2609,2711,2711,2768,3362,3516,4159,4715,5576,5621,25715
33,6800,59,12932,2750.73,3128.77,-13.7967,1.9367,-12.7255,-10.7541,-11.0692,-10.1139,-9.12441,-7.18694,-9.68135,-14.3546,2.55452,-11.176,-11.9274,-12.8961,-11.5248,-11.2063,-14.224,-13.6285,-13.2514,-14.2219,-14.2334,-66.4779,59,309,331,349,525,634,648,813,902,952,1032,1317,1461,1543,1771,1798,1920,1943,2129,2324,2602,2602,2829,3060,3875,5704,7565,8964,9629,12932
34,7000,209,9441,1974.27,2361.82,-16.9303,1.82845,-13.1288,-10.2349,-9.9175,-10.4813,-8.85251,-7.0387,-9.82574,-14.0715,2.53862,-12.3193,-11.66,-14.4889,-12.1465,-12.5619,-13.3134,-12.5236,-13.0654,-14.4022,-13.746,-67.8807,209,221,253,363,394,402,458,470,560,634,728,781,851,856,885,980,1102,1142,1434,1504,1631,2116,2531,2933,3262,3845,5032,5925,8285,9441
35,7200,188,13317,3628.1,3306.04,-17.101,2.27343,-13.7657,-9.46791,-9.90321,-10.0779,-8.49786,-6.39274,-10.4405,-14.6912,3.28585,-13.7975,-11.8422,-15.0776,-13.3052,-13.2222,-13.813,-13.2007,-13.6398,-15.5809,-13.3146,-70.4394,188,433,594,618,648,784,886,1143,1461,1699,1763,1829,2434,2459,2543,2558,3094,3545,3845,3941,3988,4730,5230,5385,5396,6026,7460,8357,12489,13317
36,7400,276,20972,5109.47,5124.35,-14.9067,1.33912,-13.9474,-10.8124,-9.18649,-9.17864,-7.60893,-6.93183,-10.763,-14.363,3.3983,-15.1995,-12.2387,-14.7928,-11.8986,-13.335,-13.4157,-12.6675,-14.2731,-13.6113,-13.2988,-71.8175,276,334,356,396,655,741,829,1026,1233,1636,1879,1903,2070,2349,3248,3562,4727,4878,6080,6096,6781,7192,7345,7667,9369,10233,10728,12557,16166,20972
37,7600,28,21723,5137.8,5243.12,-13.6067,3.0643,-14.8223,-10.2703,-8.94172,-8.24016,-8.07859,-6.29329,-10.3306,-13.539,2.94645,-16.3809,-12.7076,-15.6218,-12.4751,-12.8143,-14.587,-13.0947,-14.1038,-14.1792,-12.0072,-72.8326,28,238,300,381,443,1105,1120,1364,1525,1622,2146,2600,3182,3379,3521,3642,3914,4287,5647,5851,5935,6781,6789,7008,8050,8120,11567,15483,16383,21723
38,7800,285,17422,5496.23,4266.82,-14.4025,3.04099,-14.5351,-9.10218,-8.20156,-8.30035,-7.49922,-6.15409,-9.51972,-13.6646,2.82414,-16.2385,-12.5772,-14.6771,-12.5456,-12.7859,-15.3116,-13.8689,-12.9784,-14.5425,-10.8836,-74.0459,285,360,1170,1173,1441,1753,1783,1791,2148,2363,2378,2709,3660,4113,4424,5288,5393,5400,6225,6534,6685,7108,7770,9092,10691,11183,11288,11560,11697,17422
39,8000,648,29442,8100.6,8363.18,-16.929,4.20572,-13.2946,-9.65094,-7.35471,-8.32059,-6.6448,-6.77064,-8.42453,-14.3354,3.14964,-15.3934,-12.0325,-14.3737,-11.5713,-12.664,-16.0986,-13.3464,-11.4194,-15.1146,-10.2242,-75.8706,648,684,781,938,1250,1767,1863,2136,2663,2753,2813,2818,3483,4052,4524,4640,5769,5969,6375,6818,8281,8564,12382,12671,18804,19159,22764,23298,24909,29442
40,8200,188,25659,7503.93,6674.26,-14.8392,4.13631,-14.0242,-8.41069,-5.97685,-8.15427,-6.13229,-6.34773,-7.20349,-14.0134,3.82,-14.214,-11.8523,-14.5657,-12.1,-14.8902,-16.3769,-13.5741,-11.4773,-15.1266,-9.86893,-77.4891,188,800,1124,1334,1385,1766,2440,2662,2666,3104,3164,3306,3377,3447,3979,5188,7184,7639,7709,8834,9156,11936,12290,12497,13175,13642,15407,17133,22927,25659
41,8400,721,48699,15096.4,12847.9,-10.8808,4.59652,-14.1491,-7.66237,-5.33315,-8.20511,-6.86783,-7.18584,-5.91121,-14.1116,5.14719,-15.2568,-12.0969,-13.7114,-12.4637,-15.6813,-16.0158,-14.4385,-12.0713,-16.9927,-10.0552,-79.4559,721,1455,2349,2387,2737,4693,4813,4973,5214,7601,8048,8786,10319,10539,11677,11841,12853,13824,14649,17490,17979,19652,19738,21524,24966,25939,30704,42431,44292,48699
42,8600,215,92006,14376.3,20457.3,-10.184,6.61998,-14.454,-7.05356,-5.29004,-8.50954,-5.9604,-7.73844,-5.54827,-14.6912,5.15461,-16.4297,-12.4558,-14.615,-12.8667,-16.3519,-17.2166,-14.1486,-13.3218,-18.2269,-10.866,-81.2481,215,232,549,676,1230,1488,1633,1736,3057,3453,3644,3818,5301,5707,6249,6928,8045,8747,9524,14072,18766,19399,20951,22180,24537,24647,25700,25814,70986,92006
43,8800,110,32912,12912.1,10017.4,-10.435,7.55934,-13.9098,-6.03976,-5.38641,-7.66336,-6.10228,-7.26214,-4.91694,-14.436,5.07528,-17.9231,-12.7273,-15.0782,-14.7966,-17.241,-17.5229,-14.0372,-12.7842,-18.5866,-10.9004,-81.69,110,198,524,1466,2349,2692,2966,3880,4916,6450,7866,8044,9131,9947,10810,11567,12540,13286,14072,16633,16976,17817,20174,21585,24328,25348,27047,29126,32602,32912
44,9000,452,69746,25148.9,18953.5,-14.4293,7.38641,-13.2623,-5.87327,-5.33939,-7.22068,-5.04636,-7.14295,-4.49384,-14.7303,6.10353,-18.8423,-12.9423,-16.5224,-14.4822,-18.4195,-16.8349,-13.8425,-12.3988,-19.2724,-10.9728,-83.0518,452,595,1517,2351,4361,6871,7444,7709,7951,9040,12331,13275,18712,21169,22030,25099,28392,29957,30956,32817,38225,38815,39202,42199,42479,46099,47733,52772,54168,69746
45,9200,321,66071,21551.6,19697.9,-15.7164,8.24935,-12.9497,-5.99916,-4.53862,-7.54639,-3.89649,-7.2919,-3.50588,-14.2211,6.73347,-19.4786,-13.7553,-15.6878,-15.1262,-18.3305,-16.5328,-14.6096,-12.4954,-19.7226,-10.3382,-83.9942,321,436,1388,1512,1964,4588,5459,6832,7369,7556,9382,10884,15368,16052,17174,17759,18189,18393,20480,20671,21925,22376,27874,40413,45514,48650,51184,56167,64596,66071
46,9400,1928,194387,39800.6,42802.6,-15.4015,8.61869,-12.0178,-4.98181,-4.90129,-6.93549,-4.90048,-6.72728,-2.12529,-14.1945,7.09807,-19.0604,-13.0306,-16.8788,-14.3007,-19.1058,-16.2655,-14.1754,-12.7469,-19.2107,-10.2592,-85.2693,1928,2075,4821,6043,6329,6959,8568,8921,9029,14560,21760,23794,26440,27144,28040,30321,31136,37291,42087,43388,43878,46674,56333,57261,59295,60033,64183,73755,157586,194387
47,9600,374,140936,45545,37913.7,-16.129,9.73219,-12.8367,-3.6101,-4.68098,-5.33763,-4.62587,-6.17434,-1.25318,-13.3925,7.359,-19.7262,-12.9243,-16.5003,-13.933,-20.3358,-16.027,-14.808,-12.025,-18.4849,-10.2461,-85.3421,374,1785,2102,2197,3036,4667,10721,17163,18926,19872,20520,25775,26536,34257,41254,44989,51610,52341,55109,56239,59274,59480,61463,71560,75319,85621,87069,109836,126320,140936
48,9800,2471,239550,51458.9,50241.9,-14.5808,9.2625,-12.8081,-3.9564,-4.37178,-4.38209,-4.83166,-6.74968,-1.06106,-13.3062,7.75273,-20.4454,-12.9048,-16.0171,-13.6821,-18.9692,-15.9409,-14.8976,-11.9787,-17.8888,-9.97787,-84.588,2471,3517,6942,8276,13915,13976,14187,15783,19780,21338,22847,28295,31057,31355,31554,32417,40523,46135,51017,56866,59578,60974,65487,82137,85163,98923,114890,120500,124313,239550
49,10000,6110,334711,62951.1,67775.9,-12.3518,10.0656,-12.3524,-2.92154,-4.34513,-5.14076,-4.49033,-6.97763,-0.874769,-12.576,7.8713,-20.1503,-11.0893,-16.6756,-13.9781,-19.8864,-15.7701,-14.4305,-11.6859,-18.612,-11.1967,-84.4512,6110,6192,10391,10484,13356,14169,15790,20057,20668,20887,26439,28000,30929,34393,36292,41872,48596,55439,59474,61554,71661,72880,80834,88544,113326,117736,142969,149698,155083,334711
50,10200,29,128831,34343.1,36156.7,-14.3781,10.658,-11.7131,-2.82461,-5.15902,-4.58926,-5.02327,-7.67158,-0.328651,-11.6853,8.85418,-19.9099,-11.092,-16.4829,-14.1045,-19.2384,-15.6019,-14.4596,-11.8858,-19.4643,-10.6531,-86.0033,29,1565,1898,2319,2348,4918,5943,6387,8286,8384,8634,8764,13245,16815,19188,26828,28886,29325,37810,43862,45236,45797,46300,53921,61610,70735,73839,106439,122151,128831
51,10400,1039,294510,43752.3,60256.6,-14.8498,11.2223,-11.9624,-2.8672,-4.87276,-3.99109,-4.42005,-6.5885,0.167481,-11.0924,8.70527,-21.1649,-11.611,-17.5787,-15.1815,-18.6307,-15.8162,-15.5061,-13.9247,-19.8068,-10.6583,-86.2422,1039,4078,4708,7478,7873,9307,11335,11836,13754,17865,21140,21151,21873,22641,23481,25510,25751,26374,32056,37336,41191,44234,44493,49473,54243,59449,66328,141027,171034,294510
52,10600,1534,158875,54279.5,46382.8,-15.4152,10.9944,-12.5314,-2.10432,-4.6792,-4.46946,-4.39622,-6.28557,0.360877,-11.9108,8.76964,-21.7461,-12.1076,-17.3089,-15.9541,-17.5506,-16.4127,-15.6868,-14.259,-20.2201,-10.2614,-86.5375,1534,6168,8293,8878,10891,11155,14275,14523,16072,18880,28971,29206,30547,36872,37292,41741,43906,50382,53781,55112,57518,87285,89680,95314,104660,110494,124412,130875,150793,158875
53,10800,2545,226261,58155.7,54838.3,-14.6204,11.1122,-12.4405,-2.67308,-5.04405,-4.0983,-3.78337,-6.85331,0.308125,-13.0015,8.84154,-22.0456,-12.4497,-17.6018,-15.0347,-16.5449,-16.132,-16.0252,-13.2237,-20.6194,-9.63958,-87.2215,2545,2852,7181,7325,8284,8454,10810,12148,13263,26154,29640,31234,34379,36148,41260,45856,50496,55444,59501,62507,70273,82663,84732,84746,89381,102819,142568,155888,159858,226261
54,11000,276,206705,60367,57830.3,-16.7135,11.3075,-12.9897,-2.14557,-5.24902,-4.27326,-3.42373,-7.1517,-0.964452,-12.5505,9.04509,-21.6121,-12.8265,-17.7497,-15.5498,-16.4372,-17.4646,-16.0743,-12.4883,-20.7694,-9.64152,-87.8484,276,1912,4267,5130,5690,6957,7218,7423,9147,16764,23917,26873,29518,39584,41270,44145,44440,51625,66248,73354,87908,89796,90393,120136,121483,126549,139256,146405,176622,206705
55,11200,6332,218347,72188.8,54465.8,-15.4269,10.8755,-11.7299,-2.49479,-4.93557,-3.44448,-2.25074,-7.31557,-0.949812,-12.2803,9.96967,-21.4265,-13.5319,-17.6293,-14.9174,-16.0829,-16.7876,-16.7276,-11.9011,-21.1588,-9.86975,-89.0315,6332,8074,12794,13173,15922,18509,22310,32649,32942,37459,42229,44512,44939,50552,55604,71677,74452,75532,75560,88417,101313,105669,109422,109602,112185,120411,130013,130665,204398,218347
56,11400,5816,216389,80627,61676.4,-15.4052,11.0891,-11.1807,-1.59958,-4.43427,-2.29122,-2.29359,-7.07632,-0.501105,-13.4216,9.87841,-21.3696,-14.0016,-17.5448,-16.3481,-16.5255,-17.2864,-16.2272,-12.0095,-21.2332,-9.90673,-90.0478,5816,8384,13019,14278,17873,21019,36021,37892,43206,45586,49169,50699,53568,55838,57754,65774,66355,70128,82525,85691,88334,106527,118965,125769,140948,155332,170702,205011,210238,216389
57,11600,2084,369748,86292.3,86911.7,-14.4082,10.4587,-11.6707,-1.72445,-5.01694,-1.59005,-2.85753,-7.12576,-0.6078,-12.2592,11.0336,-21.7798,-13.8,-17.9952,-16.0332,-17.0562,-18.3341,-16.6728,-13.3632,-21.5643,-9.67092,-91.0175,2084,2257,2569,6283,8580,32413,32505,33806,36428,37187,39320,41054,43468,53549,62475,65553,66345,72166,72805,77484,93108,105473,112015,115447,145645,157233,176472,232430,292868,369748
58,11800,9131,252461,74533.7,71906,-11.4086,10.0393,-11.4758,-2.35102,-4.94006,-1.45353,-1.58544,-7.3638,-1.09368,-12.3485,10.9891,-20.4172,-13.0227,-17.1843,-17.0261,-17.6376,-18.8942,-17.1813,-13.5966,-21.6443,-8.93654,-92.1851,9131,9486,12478,12855,13191,13432,16502,19097,19372,21915,28339,30800,31659,33797,33920,45065,49132,50090,77677,81118,97547,103711,120562,133973,147963,156551,183341,202682,228165,252461
59,12000,3830,261380,82104.7,68383.7,-10.7116,9.65101,-10.8778,-1.04311,-5.20016,-1.73564,-2.31165,-7.13444,-0.159816,-12.4414,11.0749,-21.7541,-12.0739,-17.8219,-16.3408,-17.0193,-18.1581,-17.7058,-13.8276,-21.6823,-8.30224,-92.7338,3830,9238,11795,13753,25054,25203,28903,29555,29723,34705,35929,36621,40205,57455,61759,62659,81748,89293,91504,97428,98497,100708,111553,125586,146139,148717,174552,183756,245892,261380
60,12200,4634,385837,82658.9,101239,-8.99129,9.4724,-12.0782,-1.17554,-4.59511,-1.64214,-2.22,-6.66245,-0.403442,-12.316,10.8399,-21.5623,-12.5883,-18.9193,-16.7091,-16.6421,-18.7302,-17.0639,-13.5371,-21.4643,-8.52673,-93.2141,4634,6260,9576,16045,20113,20683,22153,23623,24212,30397,31472,34943,37348,46086,46694,50102,51677,53268,62383,68987,78052,81192,92607,105346,115478,121789,144116,313004,381689,385837
61,12400,1807,452001,101193,117097,-8.51337,9.51893,-12.5025,-0.611058,-5.03613,-0.823787,-3.69842,-7.013,-0.385826,-11.8259,10.8836,-23.122,-13.1135,-19.4944,-17.6647,-17.189,-19.102,-18.2285,-13.0294,-21.8702,-8.51564,-95.0493,1807,4291,4452,8084,11860,13632,16120,16974,22631,23002,25117,29538,29687,37060,55585,55657,64833,81135,84142,86035,86640,100389,172231,199624,221827,240812,241914,318739,329977,452001
62,12600,1217,278128,76688,68475.6,-8.27447,10.3314,-11.7343,-0.48466,-5.72185,-1.57509,-3.64335,-6.72611,-1.64986,-11.2323,10.66,-22.8398,-12.6628,-19.7049,-17.2815,-16.3868,-19.0137,-19.2152,-12.3314,-21.747,-9.22529,-96.2496,1217,3203,3304,10317,10904,12529,15977,20966,21401,32513,32708,34052,41658,42096,65473,65771,74859,86403,94887,96326,101076,105128,106120,110772,122211,167718,167764,174220,200939,278128
63,12800,1151,271255,78575,75298.3,-7.67724,11.1061,-12.1974,0.0580202,-5.59848,-1.78854,-3.34759,-5.23115,-0.665135,-11.1789,10.2707,-24.133,-12.4557,-19.927,-17.1581,-17.2709,-17.8155,-21.2626,-13.0554,-22.0711,-9.67806,-96.7713,1151,5263,8582,12111,12554,16727,22439,26909,30965,33222,37915,38072,43212,44276,53597,54129,55615,56450,66583,74371,76269,98129,102966,127120,147919,192491,193813,195314,257832,271255
64,13000,5694,513276,89416.2,112757,-8.35635,11.1795,-11.5618,-0.886998,-6.04773,-2.10596,-3.60405,-5.30703,-0.126772,-10.1849,10.6762,-24.6875,-12.5031,-20.6302,-17.1368,-17.4307,-17.7656,-21.5619,-13.6003,-21.9188,-9.64565,-96.2413,5694,5978,6162,7758,14204,16044,18971,20515,22203,23120,34116,35765,35765,37240,47309,52198,65588,66964,76705,78853,79351,89067,129136,136375,138270,141073,152384,314033,318368,513276
65,13200,5604,346997,104888,74863.4,-7.75004,12.0665,-11.1779,-1.05483,-5.89224,-0.489228,-4.58366,-5.90607,-0.216195,-11.0429,10.6518,-24.3729,-12.4856,-21.175,-17.3556,-17.7022,-16.9917,-21.5715,-14.0626,-22.2288,-8.83438,-96.262,5604,6494,11587,19133,20090,31716,36539,46462,52294,73556,79022,81603,86724,91242,91366,98725,107748,111449,129843,130201,132638,139738,146223,149368,166726,166804,172573,176470,237710,346997
66,13400,1007,406392,115192,102075,-8.64975,11.3004,-10.8804,-0.948985,-6.55514,-0.640376,-3.88215,-5.3237,-0.201358,-11.3873,11.0992,-24.5273,-12.3024,-21.3089,-16.5412,-19.0939,-17.8014,-21.195,-14.1335,-22.246,-8.77046,-97.3525,1007,3212,7066,10245,10761,10850,23497,26970,45529,45898,57417,57872,77513,82186,106448,107174,119349,131545,131602,139996,148370,148399,170871,177203,181157,211398,222174,223311,370348,406392
67,13600,1995,532238,133218,126014,-9.60353,10.5547,-10.4655,-0.757495,-6.88888,-1.63496,-2.97377,-5.72161,0.220597,-11.1112,10.9812,-25.32,-11.5181,-22.1141,-17.4612,-18.1853,-18.5653,-22.2962,-14.1821,-23.4113,-8.77137,-97.7141,1995,17035,17623,23017,26692,27797,41847,50215,52597,52650,67977,69024,76784,78135,78480,82088,85702,120779,136195,143606,169860,181484,182867,195417,216755,222267,303182,322876,419346,532238
68,13800,3183,343862,88742.9,83351.2,-10.2074,10.5931,-9.63111,-0.810946,-7.37961,-1.88678,-1.98882,-7.75907,0.208256,-12.1702,11.4872,-24.5653,-12.4213,-21.9851,-17.5765,-19.0334,-17.631,-21.6861,-15.1672,-24.0464,-9.66864,-98.9421,3183,9013,9094,10399,12414,12880,14942,19527,35098,36017,44367,44646,50195,58432,61533,65636,73634,85465,99093,99818,100395,110374,116108,127212,163723,170725,213220,214857,256426,343862
69,14000,6564,447773,100004,101666,-10.2501,11.49,-10.3045,-0.904032,-8.51527,-1.40819,-2.82164,-7.14259,0.730895,-13.8951,11.805,-24.3956,-13.9045,-21.2654,-18.0789,-18.3953,-17.1031,-21.918,-14.4128,-25.5828,-9.62895,-98.8775,6564,6933,14453,19373,21087,21108,21895,25864,29613,30916,33292,47622,54087,58253,70473,74453,75941,82171,110084,115888,134837,136344,139185,143922,144129,179041,196933,200320,357558,447773
70,14200,8393,427996,109846,111642,-9.76741,11.2572,-11.0042,-0.723808,-7.52751,-1.05216,-2.49109,-7.3712,0.63963,-14.0455,12.5749,-23.1104,-14.3431,-22.3454,-18.0035,-18.835,-18.0614,-21.2632,-14.6737,-25.2578,-9.5378,-100.403,8393,10385,13464,13670,14427,14917,17690,18286,22594,23931,27642,27929,43074,45934,63955,67995,74318,98180,105327,121962,168443,176000,191111,201825,204021,241743,243341,270337,336503,427996
71,14400,273,297115,100453,94092.7,-11.2454,11.6934,-11.9421,-0.105614,-7.25899,-1.0996,-1.62641,-7.23872,0.467125,-13.838,13.5953,-23.7007,-14.9292,-22.3871,-17.2965,-19.4549,-18.479,-21.3024,-15.0541,-26.0698,-9.5345,-100.67,273,6183,6755,12075,16293,16461,28663,29424,31980,33732,33877,42449,42997,48080,49383,62800,76272,82453,89599,114401,149208,156683,156715,183342,213630,218809,268306,270588,275048,297115
72,14600,1366,644607,117162,144232,-8.0239,12.3422,-11.2247,-0.408988,-6.52424,-0.410279,-2.50933,-7.63747,-0.240897,-14.3109,14.6338,-23.5881,-15.1747,-22.7096,-16.6965,-19.9426,-17.7781,-20.9792,-15.3861,-24.2078,-10.5669,-101.553,1366,6128,7024,13384,19334,20013,22717,33901,37144,49147,53481,54864,55627,59565,60428,67204,86054,92158,99635,110878,115376,128247,139151,152564,175384,181543,181578,363869,482477,644607
73,14800,1281,427170,107269,107413,-9.49424,12.1586,-11.2236,-0.0724857,-6.27445,-0.700231,-3.6018,-6.44448,-0.487902,-13.618,14.3266,-24.3115,-15.261,-23.2153,-17.1761,-19.515,-18.3337,-20.5993,-15.6709,-23.9431,-10.6423,-102.291,1281,1439,4915,10629,14495,20804,23896,24090,26132,37718,42999,45012,66991,84346,84871,86441,91905,95393,114027,119494,120434,127894,144920,155407,160047,167336,261061,279815,377119,427170
74,15000,173,483437,131671,122414,-10.0512,11.2752,-10.5401,-0.2377,-6.24514,-1.77556,-2.26383,-5.28089,-0.71162,-13.5108,14.4352,-25.5132,-14.778,-23.2504,-16.583,-20.1576,-18.8661,-20.2398,-15.7467,-24.0794,-9.33755,-103.544,173,3018,3799,9368,16195,27941,28067,28512,32071,46223,48152,51591,83846,121056,123780,125369,129083,132082,142333,145454,149863,151624,190516,204372,240050,244702,250834,310899,425724,483437
75,15200,315,589654,96893,123272,-9.09207,12.1315,-10.5877,-0.485673,-6.09474,-1.07661,-2.61471,-5.25135,-0.00125771,-13.634,14.2415,-25.3138,-13.8557,-23.3292,-15.5129,-19.9474,-19.4492,-20.4468,-15.8422,-24.7453,-9.41505,-104.175,315,3722,4944,13866,14551,17423,17626,31254,33132,39826,40589,42170,42466,49447,50056,50144,55521,56610,57218,62391,76415,83272,145248,148560,173110,202892,242414,276380,285573,589654
76,15400,1731,622158,122932,145887,-9.12818,12.3171,-11.4478,-1.02157,-5.91622,-0.174432,-2.26771,-5.72611,-0.971192,-13.8977,13.5271,-24.6941,-14.1012,-23.9834,-15.7491,-19.9434,-19.0575,-21.2096,-16.6618,-25.037,-9.86608,-105.502,1731,3122,5807,21918,28434,30046,36904,45951,47248,49037,49950,50628,54612,55383,64978,76778,84413,85540,86251,118498,118535,127956,148375,155335,189243,199075,277395,317888,534775,622158
77,15600,2508,406557,109172,103510,-8.76524,11.9574,-11.3293,-0.533251,-4.90671,-1.17657,-2.03351,-4.82639,-0.936544,-13.5938,13.7587,-25.1287,-14.4894,-23.4833,-17.1237,-20.9061,-18.9396,-21.7076,-16.9246,-24.041,-10.0602,-107.205,2508,5943,11562,16716,20073,22744,34097,38478,40570,41900,43486,52527,67457,74467,77109,78370,80897,86732,98746,103664,110085,134463,172046,174556,185611,212966,235526,308407,336910,406557
78,15800,6964,360401,108684,91181.6,-8.15789,12.561,-11.8524,-0.660684,-5.79814,-2.36841,-1.52915,-4.55278,-1.06309,-12.9263,13.9857,-25.0968,-14.9319,-23.5332,-17.5488,-21.3053,-19.6041,-21.2333,-16.6822,-24.4676,-10.7333,-106.575,6964,10500,15564,29118,29254,31396,37580,39712,43662,45149,63726,68259,71184,71781,73464,74416,79020,92205,104174,118057,124687,147815,149991,172779,193415,212111,217471,273535,303135,360401
79,16000,19,503266,100841,100294,-8.09129,12.6664,-11.7442,-0.497949,-5.68363,-2.30376,-1.5889,-4.67139,-1.11366,-12.3692,14.2086,-25.313,-14.9802,-23.6283,-18.508,-21.4346,-18.4948,-20.7093,-17.4723,-24.5501,-10.9662,-107.514,19,3012,3121,4083,22370,27540,32677,36334,41725,47249,62070,62557,75648,81314,82225,90113,90336,93738,95774,100082,104581,109271,113092,132427,168564,170887,188271,210877,272010,503266
80,16200,11665,263667,115256,78319.2,-7.47187,13.3721,-12.0747,0.410538,-5.05208,-2.44555,-2.75236,-4.76282,-1.10083,-12.2185,14.1195,-25.9948,-14.849,-23.3742,-18.8048,-21.6372,-18.7491,-21.0844,-16.8885,-25.3749,-11.4159,-107.155,11665,11941,16390,17310,20043,41562,50642,55069,55528,57917,69757,72252,73490,74252,94923,111689,118037,137096,140491,160512,164349,170351,174404,174416,192230,193708,236868,240241,256888,263667
81,16400,2579,286691,108757,84572.2,-8.6004,13.1466,-11.1844,0.505618,-4.73916,-2.79006,-3.65437,-5.03894,-0.0709415,-12.0993,14.3486,-26.3928,-14.6186,-23.5337,-20.0851,-21.2101,-18.5533,-21.3647,-16.1604,-25.7779,-10.9974,-108.183,2579,3401,15694,17931,20826,27454,27804,36946,41740,52591,53673,57483,80551,82102,82868,86785,96347,101190,114994,138682,163885,165831,183441,190152,192166,198357,206964,255974,277602,286691
82,16600,6898,656501,168332,165499,-7.44248,13.7309,-11.7598,1.0955,-4.7032,-1.19532,-2.84888,-5.17591,-0.497549,-11.7444,14.7696,-25.9439,-15.5839,-23.6109,-20.9631,-21.7159,-19.0012,-21.0809,-16.6948,-26.5022,-11.0994,-108.628,6898,11194,15318,20096,24859,27820,29721,42504,49655,59471,61565,61567,64334,65339,123564,139627,142176,155562,171319,218323,226930,232453,233418,243410,278085,359145,363395,426416,539291,656501
83,16800,2826,559094,114475,117852,-8.82216,13.6641,-11.3401,1.08033,-5.05811,-2.61711,-2.36012,-5.44087,-0.138013,-11.0791,14.3607,-25.8492,-15.3046,-23.2007,-19.8526,-21.5725,-20.2836,-21.9438,-16.1225,-27.1561,-10.5409,-110.145,2826,3510,4413,6777,10992,16302,29425,32647,34565,35655,42329,49607,73863,75067,94034,95160,105621,106063,108461,112694,127790,134379,176486,183772,199465,215437,248189,264889,284748,559094
84,17000,5364,338054,91532.7,88510.5,-9.66612,13.1276,-11.4665,0.662816,-5.25549,-2.7141,-1.68522,-6.18204,-0.716927,-11.2484,14.1177,-25.1405,-15.7741,-24.0487,-19.5689,-21.5556,-19.3173,-22.3804,-15.7017,-27.3145,-10.0988,-110.882,5364,9334,14608,15233,15953,21225,22103,27804,28583,30355,33911,47681,50926,55990,58841,68914,76335,77525,88460,89472,92697,105751,109485,139015,167908,192046,205928,250357,306122,338054
85,17200,5087,346855,106470,92350.1,-8.79485,13.9132,-10.8017,0.882304,-4.92868,-1.82561,-2.45143,-5.47166,-0.0448044,-10.6173,14.9141,-25.7489,-15.4918,-24.5906,-18.8626,-22.0807,-19.151,-23.1885,-16.1269,-26.6101,-11.1099,-111.417,5087,11227,14426,32454,35363,35824,44009,47222,47400,47772,49439,49612,49795,51858,57508,71031,76388,82776,93242,96085,144585,161420,166892,167913,176795,215054,246326,253901,315842,346855
86,17400,691,483919,126436,134429,-10.883,14.1698,-12.2212,0.629553,-4.95872,-2.26681,-2.32022,-5.16071,-0.0629918,-10.3279,15.0368,-25.5376,-16.2222,-25.8587,-18.6915,-22.9431,-19.219,-23.4584,-15.9424,-26.7636,-10.6016,-111.379,691,6464,15013,19884,22429,22994,23025,25917,28965,34464,41629,47261,51551,52430,58202,77947,81804,91213,98364,135479,147549,163618,179960,222086,234639,277039,370590,370655,407292,483919
87,17600,393,474347,156880,132637,-8.72622,14.1703,-13.0591,1.24155,-5.04514,-1.55511,-3.07381,-5.26092,0.104773,-11.8906,14.8242,-26.1617,-15.5975,-24.9643,-18.2719,-22.3542,-19.1585,-23.0805,-15.0451,-27.7844,-10.5036,-112.312,393,5220,16196,17971,25339,56503,57119,57949,60872,72585,85768,93291,97623,116477,118555,134875,139969,141636,147247,149473,176918,192977,198332,264920,277445,327265,348188,386982,463980,474347
88,17800,315,552300,120392,113513,-8.11099,13.6167,-11.664,1.16108,-5.12243,-2.47082,-2.8326,-5.48863,-0.378746,-12.5942,14.8736,-26.2302,-15.3313,-24.3232,-18.8796,-22.1756,-18.022,-23.4632,-16.0526,-27.5932,-10.4282,-111.056,315,6707,7746,11615,13976,15295,20451,49514,53089,53387,61156,61936,69546,88482,104640,109942,121389,124027,125985,138753,139302,155576,178231,193339,195786,199110,216051,260004,284116,552300
89,18000,14494,476818,130990,97864.2,-6.56684,12.9322,-11.0512,1.00674,-5.37202,-3.92399,-2.31573,-5.27508,-1.05031,-12.1557,15.1735,-26.5849,-16.2555,-24.3812,-18.9228,-22.614,-17.6789,-24.4255,-16.3861,-26.9324,-10.2598,-112.181,14494,18220,23234,27757,36248,42295,44774,64587,71855,73131,81067,85821,90552,91964,97652,114819,138329,147452,147866,163658,166292,183393,185602,193135,200198,208499,219377,245710,274911,476818
90,18200,2362,715958,162254,174790,-6.91807,12.0356,-11.4396,-0.0236603,-4.5259,-4.13856,-1.58432,-4.48428,-1.88684,-12.769,14.9432,-26.6891,-15.7131,-24.8996,-18.755,-22.9364,-17.3555,-24.6181,-15.7781,-27.8521,-10.6016,-112.37,2362,3136,14918,18620,22560,27167,40606,41177,48824,57925,71843,72958,73498,84060,85856,86235,110627,121748,137703,143857,158458,213026,217857,268346,280861,338072,439812,460271,509291,715958
91,18400,8111,768304,171801,195089,-5.84155,12.8333,-11.211,0.646665,-4.55366,-4.81688,-1.47989,-5.18966,-2.06618,-13.0054,14.8027,-25.8396,-15.0848,-25.766,-19.0728,-23.2898,-17.965,-24.45,-16.2519,-27.9546,-10.5182,-112.645,8111,16755,17734,18324,19180,28519,33520,40853,41687,49124,51069,54864,64151,70878,85477,86123,90620,98558,126655,181211,211903,259888,265433,281143,316725,339688,393373,472279,661867,768304
92,18600,4841,856137,156613,184248,-5.84994,13.7318,-11.7521,0.765881,-3.92842,-4.37002,-2.20974,-4.7087,-1.39809,-13.0324,16.0681,-26.7862,-16.3812,-25.4604,-18.9753,-23.4347,-18.7794,-24.1608,-16.4894,-28.1271,-11.2881,-113.41,4841,5566,7642,14135,18917,25947,26263,37782,45372,65847,75096,92827,109293,109595,115777,136153,138242,139329,141437,157711,159283,169652,171553,195543,196109,221238,249754,362687,648672,856137
93,18800,3526,327755,97017.5,87852.4,-7.82441,13.9745,-11.6297,1.2943,-3.90386,-3.97317,-3.13247,-5.03221,-1.44987,-12.8687,16.369,-25.8377,-16.7666,-24.8786,-19.4153,-22.8839,-17.7244,-24.4254,-16.2381,-27.3829,-10.8299,-113.394,3526,16720,17733,18157,19275,19798,37181,43219,47297,47547,49073,52043,52908,58215,65223,68449,74685,77983,84272,89395,90801,105802,120425,163159,178942,187818,214389,266558,312176,327755
94,19000,6598,491512,115447,96873.4,-6.97389,13.2851,-11.6086,1.35177,-3.76539,-3.78279,-3.68741,-4.28648,-2.02061,-11.5688,16.5384,-26.0091,-16.8107,-23.986,-18.7388,-22.8901,-17.8669,-23.6857,-16.4594,-27.7225,-10.3145,-113.102,6598,19245,26214,42065,43972,44721,48828,49967,52442,62674,66900,72163,73500,75430,79945,88384,107044,112005,126331,129878,135073,142692,143269,149770,172570,177437,210049,226049,286683,491512
95,19200,5323,408016,133390,124965,-6.98692,13.7765,-11.3143,0.473024,-5.1067,-3.50062,-3.03436,-4.59498,-1.80586,-12.4244,15.6833,-25.4686,-17.1292,-24.7002,-18.6636,-23.3128,-18.8451,-23.7787,-16.523,-27.6615,-10.6601,-113.563,5323,11002,11414,19584,25551,25843,27089,28891,29196,39579,50269,51335,61434,66599,87808,106922,110093,119161,132162,132415,143040,181541,236338,243963,271238,293443,331892,368860,381694,408016
96,19400,3641,374795,134342,110027,-4.24345,14.1303,-11.9412,0.787794,-5.69099,-2.94873,-3.43218,-5.19712,-1.25006,-12.0349,16.0418,-25.0846,-16.8806,-25.0507,-18.0279,-24.1947,-19.2424,-24.7113,-15.9938,-26.7756,-11.2104,-113.695,3641,6988,11683,13735,22440,39257,40153,41719,53710,62439,65992,69767,104286,105260,107948,117290,128841,129101,135951,151744,155981,178554,181398,190600,220974,310647,318675,342212,344475,374795
97,19600,74,498505,113081,123004,-2.68303,13.3539,-11.7174,0.841777,-5.61045,-3.80649,-2.7542,-4.5012,-1.16842,-12.3805,15.4928,-25.0362,-16.4976,-25.0036,-19.9913,-24.0543,-20.3096,-24.9448,-16.4189,-27.9851,-10.6988,-114.303,74,5178,14926,15429,19010,24860,30716,31196,37083,38003,40124,41721,42414,47772,53214,60615,66842,80452,89481,106506,110822,126764,180989,201379,237293,238939,253593,341814,356703,498505
98,19800,3980,685026,91782.3,135357,-1.73634,12.5163,-11.6842,-0.104143,-5.08607,-3.53002,-3.12719,-4.13279,-1.45783,-12.4036,14.8945,-25.9602,-16.3459,-25.0515,-20.04,-23.0794,-19.6553,-24.5458,-15.9058,-28.3554,-10.6457,-115.142,3980,5521,6517,8078,11517,19520,24312,25964,26415,27016,30329,31927,32268,39769,48563,52485,63128,64332,64339,69864,86029,89118,100358,104341,107213,128002,220089,237434,340015,685026
99,20000,533,283033,94085.8,73298.8,-2.05342,13.1946,-11.4931,0.051612,-5.82881,-2.9953,-2.73485,-3.90205,-1.32733,-11.8458,14.9468,-26.5612,-16.4612,-25.4667,-20.6486,-22.5339,-19.8026,-24.915,-15.8244,-27.4521,-12.1268,-115.624,533,3145,9862,14908,19013,20636,25773,32947,42688,49161,50604,51739,53726,61167,65313,71686,92547,105021,128706,131946,133733,136342,146490,153234,157334,180742,188622,200229,211695,283033
100,20200,3945,698138,89836.3,130541,-0.758961,13.9457,-10.6808,-0.331591,-5.70348,-2.63924,-1.87517,-3.45016,-1.3609,-11.8691,14.4846,-27.4918,-17.1956,-24.4309,-19.5845,-23.0944,-19.7371,-25.3757,-16.2617,-25.9592,-12.1377,-115.658,3945,4210,7249,11268,15207,17947,20514,27006,27264,27694,28968,36915,47847,51231,57405,59100,64189,72559,75035,76749,82318,84094,88264,98138,101374,163786,173674,224832,248169,698138
101,20400,1519,617371,138677,141308,-0.645101,14.6974,-11.3639,-0.0790022,-5.057,-2.49841,-1.54362,-3.94394,-0.630868,-11.7259,15.4147,-26.0801,-16.8322,-23.9342,-20.5021,-23.2191,-19.4448,-25.9932,-16.2629,-25.9792,-12.4117,-115.522,1519,3684,4295,5865,9873,20433,43912,48534,51568,53421,71979,74120,79647,81521,91346,98262,110425,121294,128705,129937,148773,159274,198901,211042,239796,264274,322592,336112,431831,617371
102,20600,2132,522353,137196,141297,0.184216,15.2015,-12.404,-0.534503,-6.90173,-1.58951,-2.57938,-3.68263,-0.742545,-11.7892,15.1142,-26.3804,-17.9782,-24.8073,-20.0377,-24.5728,-18.9064,-25.1254,-16.3699,-26.0367,-12.1752,-115.541,2132,3331,10987,14292,14314,15493,20495,36469,39729,46137,53206,56059,60893,78010,93071,101990,108045,108935,130567,135715,136535,159719,209655,210076,232409,312659,345423,426002,431191,522353
103,20800,2201,405276,139773,129721,1.08876,15.5774,-12.52,-1.57403,-6.40864,-1.02023,-1.55708,-4.14395,-1.60832,-12.5508,15.4244,-27.5024,-17.663,-24.6896,-19.7574,-25.3805,-18.7901,-25.2948,-15.7789,-26.4572,-13.1629,-115.991,2201,2599,8691,14065,18504,22159,25208,27948,40358,45891,49298,62570,71162,85840,106882,107061,116987,142055,146226,157649,160282,181678,192613,230979,283969,352764,366331,378036,387907,405276
104,21000,2818,652406,129505,158005,0.293448,15.0181,-12.5555,-1.48041,-5.61659,-1.93813,-1.56413,-4.41434,-1.80786,-12.9425,15.2281,-27.4193,-17.8795,-25.2335,-19.3797,-26.1372,-19.2343,-26.0389,-17.1424,-25.6741,-12.0468,-117.032,2818,4173,13219,15763,16963,19689,21990,36788,39416,40613,46990,50080,52256,53282,74314,78711,86141,86717,105790,112440,125361,128533,140690,193545,218148,229216,312807,368009,558282,652406
105,21200,6080,523669,162248,132215,-0.145831,15.0342,-12.4202,-2.27286,-5.25959,-2.46246,-1.42025,-4.48379,-2.05936,-12.9033,15.2455,-27.4289,-17.5923,-25.2877,-19.3086,-26.8507,-20.0824,-25.8888,-17.7713,-26.0232,-11.6778,-117.772,6080,6194,13149,26077,31320,41177,43769,46190,46574,53244,86284,97879,118350,123639,143737,148902,151292,184883,189719,202269,216570,221260,251016,252118,257339,261852,297698,399283,425892,523669
106,21400,2952,737656,201163,197573,-0.283292,15.528,-13.0937,-2.08665,-4.61545,-2.14925,-2.06847,-4.12439,-2.0647,-12.6473,16.6442,-28.0426,-16.9725,-25.379,-19.5833,-26.3891,-20.0979,-27.0795,-18.0322,-27.4813,-10.6421,-118.915,2952,3083,10352,17302,23869,36258,44375,45082,53583,82318,86802,88589,113361,120146,121450,124050,132549,140628,161798,220781,271745,291259,303492,352118,396602,461112,477257,495760,618547,737656
107,21600,3278,524853,124804,127707,0.411918,15.5432,-13.8956,-0.724502,-4.57475,-1.57406,-1.93058,-3.89175,-2.60172,-13.0293,15.9506,-27.9766,-16.7791,-24.3121,-19.4924,-26.4094,-20.6467,-27.2594,-17.7706,-27.1865,-10.8727,-118.081,3278,5426,8669,10993,16000,19887,21276,23778,30304,35092,46855,49366,51658,53116,53795,54976,105426,128482,129147,140843,181033,186785,195135,221549,224396,277182,289603,326064,329167,524853
108,21800,3180,270207,94255.2,85171,1.56261,15.9052,-14.0093,-0.328476,-5.2643,-1.42446,-2.03292,-4.57631,-2.65935,-12.4578,16.3342,-28.1275,-16.636,-25.257,-19.7526,-26.6655,-21.4019,-26.3231,-18.955,-27.36,-11.3087,-119.544,3180,5127,7977,8616,8804,8961,17909,19728,26407,28833,33178,33663,40220,43594,55880,83750,92905,109642,111020,125645,131079,136423,145324,146528,204904,214345,222849,236501,254456,270207
109,22000,6784,444004,127210,108110,2.53196,16.8463,-13.6692,-0.643545,-4.8525,-2.37804,-1.74086,-3.94239,-3.2348,-12.8868,16.3687,-28.6788,-17.3529,-25.1956,-19.2386,-26.7622,-21.1441,-26.9274,-19.2867,-27.2737,-12.0362,-118.612,6784,6936,13642,16691,27771,36946,40825,48529,49531,50502,57992,68447,71935,74254,87813,105811,152086,153696,155573,156342,163709,169617,179356,185301,197125,198378,204834,324384,367491,444004
110,22200,1336,623034,136336,126525,3.35346,16.9362,-14.4165,-0.625691,-4.83791,-1.90437,-1.06113,-4.15224,-2.13483,-12.9105,16.6107,-28.5268,-16.3353,-25.002,-20.3008,-25.9498,-20.5347,-25.3385,-19.3404,-27.3322,-12.3337,-118.36,1336,9881,13721,14081,16466,27802,36138,45717,60026,60384,63964,65327,78690,95791,96554,118703,146801,150793,153593,187515,188680,190264,191047,193109,219388,232905,237412,240682,330287,623034
111,22400,2236,877178,169893,204595,4.42335,16.8659,-14.8504,0.8402,-5.31163,-2.19938,-1.13116,-3.12897,-2.44102,-12.8714,16.6103,-29.9622,-15.9992,-25.7824,-19.9751,-26.2551,-20.372,-25.8799,-19.0077,-27.5141,-12.059,-119.21,2236,2262,5030,5061,7166,11600,18435,28434,29745,57166,62506,71910,83057,91380,101476,107274,108145,124273,140861,155752,162346,164181,240286,247342,290436,360476,472060,475093,593624,877178
112,22600,8635,455849,143810,120307,3.64941,17.2523,-14.4574,1.30117,-5.62486,-3.28872,-1.24971,-3.51892,-2.49217,-13.4361,17.5391,-30.4418,-16.6991,-24.8361,-20.8044,-26.2568,-20.2716,-26.6245,-19.399,-27.9249,-12.4975,-119.94,8635,12084,14534,21933,24157,26382,43052,45438,59336,73746,78003,78725,82792,88929,91998,110818,112961,117805,161689,202912,215696,222086,235844,239087,240356,240748,247513,369754,391431,455849
113,22800,1666,743802,144734,161626,4.16899,17.5941,-14.9771,2.12175,-4.45566,-2.2149,-1.38549,-2.5427,-2.45228,-13.6189,17.3798,-31.2788,-15.4693,-23.6497,-20.3364,-26.2407,-19.7689,-26.8141,-19.4515,-29.8816,-11.5326,-120.097,1666,4292,5214,7677,8219,11263,14198,19018,25695,45154,48221,54608,75862,85851,102225,102736,122497,124560,137489,157027,197172,198582,200924,207051,257020,264800,358993,372433,387773,743802
114,23000,3626,1034681,199319,229674,4.84625,17.0176,-15.6046,2.81588,-4.02635,-3.15714,-1.40855,-2.94021,-1.7538,-14.1364,17.2057,-30.9832,-15.7143,-24.0351,-20.9168,-26.9393,-20.6515,-26.5193,-18.5227,-30.0906,-11.3889,-120.375,3626,13427,28175,29482,40968,41781,55346,68984,78207,80972,82492,87203,87557,91960,98077,107319,122104,134014,136553,155483,224419,246026,269778,300188,329892,354929,370592,649937,655400,1034681
115,23200,2047,371971,118068,96498.8,6.30604,16.6972,-16.0036,1.2371,-4.81688,-2.71905,-1.08298,-2.42502,-1.59971,-13.666,16.9097,-31.2362,-15.2149,-24.2997,-21.2785,-25.8431,-21.7864,-26.4624,-18.5717,-30.6693,-12.2474,-119.939,2047,6534,21579,27161,30885,46549,48483,59163,62352,65737,71475,74652,75640,86335,86787,98790,99122,105148,107447,114992,115265,135327,165712,176198,184162,196071,239970,297809,368668,371971
116,23400,18396,419985,157361,111986,6.18171,16.5322,-15.126,1.83425,-4.9487,-2.37158,-1.49135,-3.16876,-1.25447,-13.0949,17.0752,-30.9136,-14.9679,-24.3533,-20.6476,-25.7908,-21.2857,-26.0615,-19.2707,-30.1718,-12.2262,-118.935,18396,32269,36172,56281,58373,58804,64616,67198,69024,71907,76291,79852,87157,104549,123193,127453,135651,162571,167902,188039,189173,231524,239686,242882,283444,307484,332327,340093,348548,419985
117,23600,5251,337539,109093,94961.7,6.91155,16.3785,-14.8001,1.99693,-5.03812,-2.26921,-2.04119,-3.3147,-1.88092,-13.4706,17.6576,-30.4888,-14.7931,-24.561,-21.6172,-25.8697,-19.8834,-25.8908,-18.9764,-30.6581,-12.1434,-121.138,5251,6869,9018,9338,10554,16617,25887,29992,31866,46911,49271,56729,59002,70948,81889,92714,102224,109739,136978,147332,155019,155074,156440,172037,176901,189498,216750,278003,336390,337539
118,23800,7705,920891,120191,181021,4.85962,16.22,-13.9156,2.19673,-5.68941,-2.69927,-2.0788,-2.3932,-1.40815,-13.4527,17.8397,-31.0863,-15.6689,-23.0555,-21.7589,-26.0357,-20.5903,-24.938,-17.8369,-30.3904,-12.1444,-123.377,7705,9625,18724,27922,28267,28854,30149,36042,36661,44473,45026,49879,50553,53802,58585,60057,61435,68426,74197,91351,113137,115493,140071,140993,179961,182188,190189,219062,522012,920891
119,24000,14632,345017,120428,97323.4,5.60164,16.4692,-14.0149,2.04677,-6.00278,-2.78314,-2.62006,-3.35545,-1.27535,-13.3497,17.7839,-31.046,-15.4683,-22.4103,-20.7494,-25.809,-21.7403,-26.7672,-18.0549,-30.7495,-11.4001,-123.806,14632,15672,16674,18956,29572,44969,54905,55087,56352,66837,68747,73270,93253,96240,98297,100911,102659,104936,104938,107343,109476,110422,147571,160249,211798,276487,282129,311954,333489,345017
120,24200,6696,611160,176522,152340,6.04027,16.4122,-13.3077,2.07177,-5.33314,-2.52662,-2.73339,-3.58923,-0.633841,-13.9489,18.143,-31.0949,-15.164,-23.8091,-21.5796,-25.3807,-22.5566,-26.3242,-18.9993,-30.8147,-11.17,-123.358,6696,8257,36953,53724,57082,58131,64387,65247,79382,80249,88207,101857,103352,116371,128049,129237,142497,159214,169003,173559,174668,174954,267245,303048,310893,317443,352217,400073,562513,611160
121,24400,10094,626407,99003.2,126691,4.21905,15.4879,-14.1005,0.704494,-5.22402,-3.11238,-1.72993,-4.41645,-0.49145,-13.8146,18.5362,-30.8227,-16.4742,-24.2012,-21.8072,-25.0134,-23.7275,-25.3889,-19.0988,-31.5878,-11.304,-124.736,10094,14153,19839,22226,23272,26414,31005,31023,38652,44096,45656,53360,54286,56389,60154,61859,65884,69171,82323,91777,104319,107394,115393,119759,121716,128409,139859,175254,429953,626407
122,24600,10322,539786,128397,121846,2.1878,15.4748,-14.3417,1.27822,-4.99656,-1.9035,-0.355673,-4.33646,-1.15769,-13.784,18.5535,-30.9044,-15.478,-24.2411,-22.3977,-25.0407,-23.1383,-25.0885,-19.1804,-31.4562,-10.8138,-125.294,10322,16382,26681,28549,33922,37370,37773,42591,42865,50017,56499,63305,64717,87495,99428,108538,109010,114670,129639,129766,137295,139045,145483,173810,202067,233004,282458,298898,410533,539786
123,24800,970,380564,110250,111435,4.84831,16.1294,-13.9323,0.447168,-4.24466,-2.17388,0.231901,-4.20748,-0.0456491,-13.6857,18.94,-30.5587,-15.5379,-24.7115,-22.0112,-25.6827,-23.0376,-26.1729,-19.9929,-31.0952,-10.9773,-125.048,970,5085,15548,16012,18201,18593,19868,21932,22465,23965,29818,35167,36119,42875,62528,80849,93692,97125,107790,126597,134621,149687,158325,170044,246033,268259,275924,296367,352472,380564
124,25000,2660,556326,111074,130352,7.06114,16.4797,-13.2851,-0.671178,-4.59782,-2.08476,-0.665367,-3.89113,-0.323061,-14.5839,19.0557,-30.8231,-15.8451,-24.5303,-22.7684,-25.4771,-23.2499,-26.9263,-20.5253,-31.2345,-12.5735,-125.97,2660,3250,4102,8560,8641,11963,20637,21151,35686,41838,42757,47261,47564,48046,69686,74153,81171,85234,89537,90791,93283,103985,127695,160597,222036,237919,308865,318169,368660,556326
125,25200,9136,1004218,154237,186983,4.52979,16.3069,-14.2715,-0.728014,-3.36184,-2.78472,-1.39881,-5.10105,0.666639,-14.7879,18.4865,-31.0907,-16.1819,-23.8491,-22.3918,-26.3837,-23.0411,-27.8308,-19.7432,-31.8672,-12.9312,-127.78,9136,17883,26047,29862,30774,37659,46404,48865,54380,57007,58972,66383,96646,98068,110310,117070,120312,138813,140109,142176,142882,160331,174424,212060,246980,252573,264089,344545,378133,1004218
126,25400,433,527418,139230,135042,4.39618,15.7978,-14.3517,-0.044619,-3.67631,-2.78822,-1.2556,-6.0182,0.695487,-15.3392,18.083,-30.6634,-15.6596,-24.1787,-23.2431,-26.1187,-23.8323,-27.2915,-19.131,-31.9438,-12.7364,-127.966,433,5517,12155,14975,15761,23375,24142,36882,54123,58089,63699,73857,77819,86878,90986,107895,117793,122898,144175,150635,151336,155794,186458,196338,265085,302857,309943,332418,467170,527418
127,25600,3051,526314,141236,123983,4.12654,16.6007,-14.4702,-0.336583,-3.56503,-3.21728,-1.49773,-6.473,0.352624,-15.1291,17.4039,-31.2071,-15.5932,-22.942,-22.2696,-25.4066,-23.9103,-28.0274,-18.5379,-32.7199,-11.4967,-128.109,3051,5713,10008,36730,37167,38707,45733,47433,64359,72714,80773,85282,100746,104197,109343,118898,127664,135840,136632,140281,148265,161329,171026,195093,233198,239888,261474,393595,405627,526314
128,25800,113,460770,97616.9,97286.8,2.39597,16.6672,-13.7167,-1.4268,-4.26322,-3.95126,-1.52511,-6.64383,1.30023,-15.7352,17.741,-31.0747,-17.0534,-23.9969,-21.403,-25.3607,-24.6774,-27.9258,-19.6283,-34.0168,-12.228,-128.04,113,4920,7002,8215,14384,15424,16669,22696,24324,35874,41037,43061,53393,60550,78900,96425,100567,102282,113458,129449,134138,135447,135702,139469,139980,156143,158791,227960,271363,460770
129,26000,1746,586566,141500,169307,5.43066,16.754,-13.3517,-0.466119,-4.35973,-4.79737,-1.645,-6.32673,1.88555,-16.3965,18.3341,-30.9852,-17.0334,-24.1396,-21.3016,-25.6951,-25.2371,-27.7693,-18.5696,-34.18,-12.5464,-129.016,1746,3718,7061,7074,7867,8511,10398,12957,15615,16790,17209,18607,22493,34738,57618,82893,91250,101794,122570,156679,182356,211953,218123,228015,319952,347996,414746,429105,508591,586566
130,26200,3878,521583,150027,115842,4.58776,16.4285,-12.9412,-0.685972,-4.91003,-5.98375,-1.28943,-6.52168,1.93167,-16.4115,18.3795,-31.4476,-17.4486,-24.9287,-20.7635,-26.349,-24.6252,-28.4773,-18.2797,-34.4916,-12.8975,-129.646,3878,9698,14071,29734,34794,36533,37677,44242,74729,79043,82251,101126,115131,135183,150280,150791,159749,163206,172068,178725,182147,189833,221989,223541,231069,247095,265472,275936,369231,521583
131,26400,609,276845,99179.3,85123.2,5.93976,16.3105,-13.4296,-1.11409,-4.96646,-6.14096,-0.596129,-7.06107,2.55447,-16.1226,18.5593,-32.457,-18.2387,-25.492,-20.7925,-26.6202,-25.0988,-28.5003,-17.6421,-34.6011,-12.6404,-130.276,609,12427,12522,18767,21876,24476,25633,32099,32735,38948,39395,47780,48516,51535,67472,79017,80006,80577,108341,111881,130121,160173,162537,166705,183887,189247,230975,264890,275388,276845
132,26600,734,671929,128146,154497,6.33432,16.1087,-13.3227,-1.23488,-4.86092,-6.24538,0.0775337,-7.51191,2.1973,-16.0363,19.1798,-31.1448,-18.3202,-25.1152,-21.5446,-26.0297,-25.3685,-28.8296,-17.8676,-35.5297,-12.6728,-131.645,734,10068,11283,12567,17072,21786,38536,39544,43226,44641,46517,59837,62924,64056,72087,73996,83158,87877,93296,116452,119672,137548,183950,185692,190925,215448,223957,386450,529139,671929
133,26800,1529,598100,106328,131535,5.75479,15.2808,-12.473,0.150688,-5.12936,-6.2838,-0.461552,-7.85155,2.6301,-15.8691,19.8645,-29.6362,-17.9381,-24.3213,-21.3179,-26.0091,-25.8376,-30.073,-18.184,-34.24,-13.5883,-131.801,1529,2226,3060,3464,10741,12406,19443,30461,31659,37828,47875,48273,48832,49485,49889,49919,50721,64731,71919,100704,106807,142090,151231,153916,198568,204767,219049,296242,383901,598100
134,27000,13329,354994,113332,94708,5.50939,15.3346,-12.6007,-0.000215418,-4.84272,-6.59292,-0.993572,-8.0424,1.56362,-15.658,19.5465,-29.7835,-17.7121,-24.3321,-22.1621,-25.9971,-25.2735,-30.2893,-17.9689,-33.7473,-12.5561,-130.745,13329,15675,25974,32328,38367,39925,40945,50227,51633,54819,62265,64805,66592,74693,78770,79981,82826,87093,117984,118826,121905,133148,139239,143356,195135,217162,244761,317608,335582,354994
135,27200,4639,332533,114026,92073,6.77111,16.0511,-12.3211,-0.531304,-4.10993,-6.40859,-0.659585,-8.4738,1.68385,-15.6145,19.607,-29.2909,-17.8922,-26.0267,-22.3196,-26.0617,-25.0565,-29.8435,-18.1033,-35.1499,-12.9504,-132.542,4639,17042,17836,17976,18988,25612,26995,43112,44052,45152,57145,59351,59780,68588,82373,90358,100724,112340,115221,160324,168377,172135,176486,185047,198175,221010,250430,266414,282575,332533
136,27400,1720,397235,153724,103132,8.17795,15.8074,-11.8864,0.701183,-5.44886,-5.48491,1.37593,-8.55452,1.29797,-16.3433,20.4285,-29.9322,-18.5611,-24.9692,-21.9609,-27.2627,-24.4579,-29.3085,-18.4867,-33.843,-12.467,-132.601,1720,29857,31413,34675,37727,60283,67659,73448,86878,88008,105746,107563,111967,114325,118353,128104,128156,154308,183605,195054,196008,211570,232151,233031,250381,294453,295361,300357,342326,397235
137,27600,10952,502142,138171,115325,7.3288,16.35,-11.0628,-0.215363,-4.64374,-4.58845,1.60452,-6.54811,1.39415,-15.664,21.2427,-29.5277,-18.3198,-26.1599,-21.7938,-27.1334,-23.9033,-28.7014,-18.9861,-33.4974,-13.1729,-131.813,10952,21845,23911,31731,40489,40880,42225,49484,50882,72201,79858,81067,86270,90508,98679,99772,110117,112318,115558,158474,163808,182544,210394,232881,250644,254228,278372,309874,343011,502142
138,27800,3673,519354,173013,138455,8.05483,16.3527,-11.9112,-0.240968,-4.5005,-4.24882,1.5269,-7.60287,1.6654,-15.5326,20.6316,-29.8114,-18.5253,-26.0193,-21.8074,-26.8985,-24.1282,-28.9781,-19.1213,-33.5138,-12.5017,-131.669,3673,10617,26232,27812,71825,84216,89539,93639,94406,97871,107017,108146,108338,109775,110837,118305,119168,141277,147566,156051,188917,244031,246923,257046,259108,344524,381384,427899,494885,519354
139,28000,7034,597562,101937,142513,8.63834,17.66,-12.4896,-0.433478,-4.85603,-5.22125,1.78513,-8.12502,2.26147,-15.5949,19.879,-29.6072,-18.3322,-25.8875,-21.4784,-26.1943,-24.9115,-29.2078,-20.0599,-33.4729,-13.0851,-132.071,7034,10333,11467,17105,17214,20576,24153,25000,25036,28453,33432,38431,40489,41484,43805,61491,65333,78187,85747,97965,98570,109073,118079,136964,146249,151666,162164,178740,586308,597562
140,28200,3856,303214,121024,85568.8,9.64652,17.1602,-12.8022,-0.954156,-4.16234,-5.3385,1.3054,-8.18415,2.08169,-15.7237,20.5084,-31.5669,-19.1339,-25.478,-22.0347,-25.922,-24.3955,-29.2563,-19.9817,-33.6426,-13.4085,-131.651,3856,16807,22804,28137,38558,47051,47517,51997,56906,61973,71266,72973,76634,77000,80972,93144,128760,138072,151870,154799,163991,167329,169807,183168,207091,207608,238214,271612,297596,303214
141,28400,1858,450048,140413,108726,7.6427,16.9976,-13.7514,0.145269,-4.32117,-5.68124,1.27431,-8.64923,2.66507,-16.2751,19.8186,-31.1605,-19.173,-25.9548,-21.7839,-26.2228,-24.3125,-29.6523,-19.0757,-32.7794,-14.2601,-133.013,1858,13540,13557,17440,33804,42753,46988,50571,71532,87195,87951,88730,93095,101245,112901,112963,125894,144513,162885,166531,176835,185343,193853,209750,245663,249227,257503,320643,347571,450048
142,28600,3552,300054,101716,86065.7,6.43699,17.6872,-14.6993,-0.763569,-3.32501,-5.9289,1.52225,-8.19202,1.81509,-15.1968,19.7586,-31.5281,-18.077,-26.2314,-23.5425,-26.2762,-24.3197,-29.864,-19.5571,-32.8917,-14.8839,-133.897,3552,10542,11419,13050,18669,20483,20687,22353,29664,32833,35012,38074,45335,46292,60403,93362,105766,127148,136077,137466,142578,157343,177053,180612,182922,211062,214798,228940,247922,300054
143,28800,1362,794380,163001,181639,5.55294,16.881,-13.993,-0.671332,-3.43518,-5.99013,0.811779,-7.76038,2.57987,-15.3169,19.5261,-31.2164,-19.4547,-25.9068,-25.145,-25.5502,-24.0488,-28.1015,-20.05,-33.4186,-14.6897,-134.541,1362,4327,16508,33942,36645,40976,42044,49011,50288,60952,74376,80697,83506,90000,90554,93319,124166,124692,130325,130518,149776,190155,195014,223519,224076,290546,444711,501777,517863,794380
144,29000,18296,471828,173996,150674,7.87947,16.9826,-13.4199,-1.19608,-3.00346,-5.60124,0.622204,-7.05574,1.53956,-15.4783,19.5999,-31.3951,-19.9507,-26.1573,-25.5226,-25.6825,-23.3666,-29.626,-19.3683,-33.2725,-14.8553,-134.395,18296,21449,29552,30558,31569,34983,35311,36857,38060,53474,62040,63777,70834,83369,92367,98409,141727,203295,226319,243233,261626,283457,291450,314707,346924,389908,392580,415897,436010,471828
145,29200,1002,609334,151332,150126,8.08203,18.1528,-13.5659,-0.616002,-3.78964,-4.72618,0.187011,-7.27165,1.27618,-15.7465,19.7445,-30.7849,-21.3187,-26.8836,-24.708,-25.699,-23.0073,-28.8317,-19.7305,-33.5831,-15.1789,-134.441,1002,4301,8058,24655,27142,47119,50220,56413,58443,62997,64881,69780,81852,91194,97568,111539,122862,128687,150110,183771,187242,187951,193610,197714,241001,277645,289576,323307,589984,609334
146,29400,1682,341289,128228,109642,6.16106,18.0534,-13.7295,-1.07882,-4.96596,-5.10939,-0.0432647,-8.47306,0.291501,-16.4297,19.7337,-31.4062,-20.191,-27.262,-24.8854,-25.717,-23.2274,-29.3464,-20.6604,-31.9346,-15.4628,-135.494,1682,2680,20694,24949,33200,35007,40167,44878,47422,49851,51390,54284,56583,65758,73117,82246,98758,128210,132470,161396,163927,184475,210381,231418,253077,300237,305868,322733,328679,341289
147,29600,446,330621,114538,94708.4,7.43007,17.8244,-13.6893,0.390155,-4.64708,-4.55746,0.3233,-8.14978,0.730045,-15.3917,19.774,-30.8478,-21.2629,-26.8436,-25.7678,-25.0871,-23.5206,-30.7946,-20.5625,-32.0043,-16.5777,-136.828,446,6560,14233,19068,22654,22928,40912,42727,43200,49526,56585,58234,64069,66419,86618,90839,104344,114854,120831,121514,141651,155338,174258,191385,235154,239877,239999,287155,294140,330621
148,29800,495,475419,131215,130849,6.45064,18.393,-14.0264,0.316193,-4.31807,-4.18872,-0.241716,-8.70334,0.876154,-15.9722,20.2156,-31.225,-19.5966,-27.2957,-25.8591,-25.5835,-23.5153,-30.563,-20.2312,-32.8878,-16.468,-137.256,495,949,1764,10001,17009,22241,22427,22488,28773,32005,36038,42062,67777,76998,93631,95466,95878,105767,114747,167746,175802,185423,225669,238749,256800,285605,290898,323195,424622,475419
149,30000,5668,463813,121774,115857,6.87231,18.636,-14.0519,0.588524,-4.67249,-5.33946,0.797649,-8.37932,1.64311,-15.59,20.4083,-31.2706,-19.1724,-27.1895,-26.2706,-26.6462,-24.1556,-30.164,-19.7057,-32.4118,-15.4882,-137.823,5668,7226,9289,9563,9859,12480,18919,24778,34255,39514,52464,53922,65913,70456,72764,99369,120361,126917,152606,155021,163061,164053,174600,198524,201385,232418,253237,274212,386578,463813
150,30200,2592,613984,148146,142652,10.5915,18.1515,-14.0828,-0.324348,-4.68321,-4.94338,1.32002,-8.07852,1.62167,-15.0471,20.4492,-31.4683,-19.0907,-26.9989,-26.4496,-26.9137,-23.4997,-30.0419,-19.6885,-32.1564,-15.5993,-139.583,2592,8577,11368,18045,23752,29969,34360,35471,42053,60564,71291,75847,79053,81281,109511,112083,123393,140350,144420,148105,168970,200354,203085,243169,276313,291790,304941,380836,408857,613984
151,30400,2379,364198,100738,100174,8.30922,18.1993,-14.6892,0.226087,-4.2675,-4.17327,2.38835,-9.25215,2.14284,-14.7339,20.07,-31.2214,-20.0931,-27.2587,-25.7191,-27.2092,-22.8739,-29.7906,-20.2131,-32.7,-15.5565,-139.221,2379,6473,19757,24768,26297,28898,30697,37127,37942,38491,41305,44513,53724,53959,56670,57928,65968,85123,94944,99148,100818,106827,116002,159897,164414,170428,282586,316372,334476,364198
152,30600,3779,292023,104687,80397.9,11.9514,18.6326,-15.0239,0.0670985,-4.50857,-4.71743,1.68188,-10.0451,1.41806,-15.1289,19.7706,-31.9371,-21.5475,-26.5497,-25.1388,-26.7103,-22.9937,-30.2003,-20.2301,-32.7364,-15.6751,-140.723,3779,4825,9189,14630,17553,17984,32351,36483,43193,47735,50751,71405,73852,77034,80647,82359,94098,113131,122190,144607,149098,156663,156964,181294,181608,206812,214549,230772,233026,292023
153,30800,11617,567846,95427.2,124678,9.86227,18.6153,-15.4866,-1.39302,-5.47694,-4.90403,1.05056,-9.41962,1.29133,-15.4983,20.0286,-32.671,-21.7036,-25.6126,-24.8066,-27.4485,-24.0567,-28.9289,-20.2801,-32.7084,-15.2284,-141.484,11617,13404,17284,20515,21797,21924,22479,31338,31482,35180,37782,39305,40519,41926,49991,50237,51018,53816,58575,74519,92615,100057,103433,115391,139320,157907,183559,240290,437691,567846
154,31000,868,913773,177164,195932,13.0649,19.4406,-15.7118,-1.31631,-5.16393,-4.74687,0.0801851,-8.84447,2.05869,-15.7259,20.2136,-32.926,-21.1907,-25.9575,-25.9028,-27.9971,-23.6928,-30.7322,-18.9978,-33.5396,-14.9203,-141.655,868,4830,6216,6957,12175,26471,40097,43616,45835,78213,95925,97298,104437,109156,124335,128102,131088,143489,145128,167377,181543,204068,208338,248455,317213,333568,408616,476261,511471,913773
155,31200,961,716459,103534,132042,14.6934,19.7941,-15.8483,-1.82502,-6.27258,-3.95197,-0.525679,-8.84895,1.57351,-15.5215,19.2016,-33.5424,-21.1468,-27.2386,-25.6258,-27.1264,-23.4362,-31.8686,-18.8822,-34.4713,-14.8025,-143.421,961,6722,11380,11629,13124,17665,19390,28084,36676,47027,50518,52283,53430,60011,71306,85148,89122,96225,99228,102330,115927,126705,132100,132268,147733,150457,161218,212990,257899,716459
156,31400,2199,354085,109718,86602.7,13.241,19.5252,-16.2076,-0.674284,-6.89277,-3.31508,-0.0759651,-8.26259,1.67763,-15.8191,20.0733,-33.5755,-21.232,-27.8846,-25.5566,-27.4781,-22.9681,-32.0512,-19.4827,-35.8161,-14.2113,-144.367,2199,11394,11834,17455,21059,21986,47016,49456,55662,56136,71120,75847,78276,78741,88286,88528,96771,104174,116476,123123,137046,143203,148919,155289,158472,210643,227018,267259,274066,354085
157,31600,6242,381848,121681,101813,12.0341,19.7076,-17.1398,-0.87146,-6.20529,-4.08565,-0.771627,-7.94375,1.89782,-16.1051,18.8258,-34.1315,-21.2731,-28.0197,-25.6107,-28.7519,-23.2764,-33.3215,-20.7487,-34.4488,-12.9763,-143.908,6242,11750,14558,25239,29434,31762,38018,38413,51990,53575,63974,65380,68380,72675,96073,104250,107301,107882,114288,116391,155883,172752,190731,196402,205643,223828,251800,308450,345517,381848
158,31800,3222,852154,184571,196999,13.9625,19.9101,-17.1106,1.51608,-6.46679,-3.7281,-0.954559,-7.5609,2.3783,-16.9232,19.2013,-34.7838,-21.1928,-29.2867,-25.4188,-28.5908,-22.9083,-32.7739,-21.9907,-34.2967,-13.033,-143.881,3222,3283,3898,6900,7441,15570,17830,66420,68213,93528,102624,107989,116895,122707,127228,128409,156279,159283,161012,194174,205002,207563,220491,249472,277151,292308,411951,519079,639056,852154
159,32000,80,896253,182662,219119,10.6491,19.5796,-17.4246,1.26958,-8.21826,-3.72081,-1.09741,-7.88226,1.30983,-17.411,18.8323,-35.7644,-21.1898,-29.1303,-25.0128,-29.3787,-22.6444,-32.8252,-20.4519,-33.8736,-12.2314,-144.933,80,6230,12483,12567,25922,30326,35199,39728,42608,52349,56968,58375,62218,71806,101837,101944,112268,112367,119695,152051,171647,202653,273057,301044,364929,402347,427004,556707,677203,896253
160,32200,899,585031,123706,115869,11.0696,19.2688,-18.011,1.22703,-6.60278,-4.55873,-1.36825,-6.98046,1.30175,-15.8861,18.3727,-35.2692,-21.2653,-30.1839,-24.6707,-29.5957,-23.3306,-32.6508,-21.327,-33.451,-12.3014,-144.742,899,17879,20367,22656,34166,38403,51286,53645,54906,60800,65831,70769,77545,87775,88826,91551,99542,104665,112194,115381,145851,154078,159114,186992,202854,207083,251764,260922,288415,585031
161,32400,5132,446929,153402,141102,12.797,19.8907,-18.5245,0.409748,-5.42146,-5.03114,-0.53054,-7.27449,0.393354,-15.9388,18.8101,-34.281,-21.9148,-30.1829,-25.1568,-30.8219,-23.7356,-32.7698,-21.4878,-34.6756,-11.7881,-144.505,5132,6556,9192,10721,24636,31494,32197,44413,45873,54653,55620,58745,83738,104381,109602,113689,124369,152377,152444,166793,183772,192977,210819,248797,302666,376950,402763,415527,434241,446929
162,32600,11527,475943,131957,112577,14.8619,20.0315,-17.8059,0.545814,-5.85845,-5.60161,-0.212939,-7.43576,-0.29898,-16.2248,18.7129,-34.8105,-21.9467,-30.4898,-24.9045,-31.5188,-23.1859,-32.7578,-21.1328,-33.8846,-11.4396,-146.34,11527,18710,23516,26260,26542,35801,37058,39054,43215,58600,65177,67382,73777,83382,91162,91504,92608,140403,147131,151495,165753,166658,229199,231273,237792,238548,258037,305384,325830,475943
163,32800,7449,415383,121816,111884,16.1453,19.0111,-17.4187,0.35053,-5.83052,-5.08797,-0.641991,-7.8166,-1.02119,-15.261,18.8205,-36.026,-22.2334,-29.8435,-26.3546,-31.4477,-23.1724,-32.8332,-21.4714,-34.4448,-11.5485,-145.193,7449,11749,17891,19433,19972,25451,28176,32306,52898,53432,53748,54849,60694,67821,70090,75747,91469,110721,145350,151019,169277,169865,170998,173611,178231,238290,289437,309284,389827,415383
164,33000,2726,428604,96146,114440,17.0692,19.4955,-18.2776,0.0180902,-5.45204,-6.34581,-1.1056,-7.54706,-0.36185,-15.6966,18.5984,-35.4107,-21.9861,-30.7772,-26.0921,-30.9998,-24.0043,-31.9441,-21.241,-35.5371,-11.4135,-146.948,2726,3664,11634,12740,13705,15375,18033,23365,24079,25748,27381,27452,37811,38231,39412,43904,48887,55475,91040,101979,107064,110385,113701,129248,171966,186119,281144,319207,374302,428604
165,33200,5731,478525,145348,125657,20.4888,19.8387,-18.4094,-0.268015,-5.48251,-6.00077,-1.57526,-7.41394,-1.31444,-16.7816,19.3279,-36.3507,-22.3059,-30.5336,-26.5939,-29.6045,-23.6326,-32.7056,-20.801,-36.042,-11.1308,-149.072,5731,10441,19885,33842,34126,37611,43175,46993,57427,64320,67172,78918,88500,89114,90550,96818,133961,136618,146898,147267,163898,171643,227426,236754,265171,292204,319708,381901,393828,478525
166,33400,12649,645891,154976,171650,17.4473,19.6866,-18.8367,-0.00437661,-6.07774,-5.76035,-1.12059,-7.0705,-1.00674,-18.0011,18.2461,-36.7383,-22.7354,-29.715,-27.2526,-30.2753,-23.2967,-31.2999,-20.7056,-36.2174,-11.3186,-149.399,12649,16934,25394,32680,38734,39916,43370,45121,53237,53582,54614,54988,55153,57249,57787,79237,82553,85715,121242,140368,147816,150020,196614,253790,314211,335338,413723,505935,535421,645891
167,33600,5460,517340,173145,159109,17.9227,19.0624,-19.1886,0.47023,-5.24595,-5.68778,-0.894853,-7.14761,-1.43482,-17.783,18.3776,-36.3011,-23.0482,-29.7582,-28.0285,-29.349,-24.529,-32.1751,-20.9633,-36.6331,-11.6931,-148.235,5460,11295,14668,20020,24159,35816,36051,39109,42553,74569,81502,92821,97249,101282,126034,127659,129935,142005,158043,182786,220065,223676,240126,292739,354379,389169,411987,497642,504200,517340
168,33800,136,609400,144937,118715,19.0279,19.1655,-18.4675,0.861409,-5.86522,-6.2993,-1.10907,-7.65202,-0.78666,-16.8315,19.1969,-36.7873,-23.7495,-30.5642,-27.1361,-29.1075,-24.2676,-31.7502,-19.8318,-37.2414,-10.9883,-149.027,136,24275,28817,31036,42985,43674,55626,67832,68381,76900,81191,96376,98941,117071,137275,139516,147264,154721,159796,160192,171967,177744,178096,185400,203738,235259,257724,296946,299835,609400
169,34000,425,705751,137395,152506,21.7865,20.159,-19.1338,0.0698507,-5.78443,-5.95196,-0.716557,-8.07654,1.20276,-16.4077,18.1373,-37.2952,-23.6616,-30.744,-27.1914,-29.0305,-25.8491,-32.0671,-19.8005,-38.133,-10.3047,-149.216,425,963,6223,16947,29913,39755,46159,51302,56865,56940,61697,61796,63280,64440,67983,70570,75895,116648,131615,140980,151242,162140,173035,183669,217180,267644,296511,358965,445330,705751
170,34200,5402,428647,111790,103798,22.1784,20.3073,-18.824,0.881438,-6.37231,-5.61565,-1.53859,-7.94728,0.725396,-16.2971,18.5622,-36.8294,-24.5203,-28.6534,-27.1658,-30.2747,-25.8528,-32.2508,-20.1225,-38.1175,-9.30313,-150.792,5402,7204,9073,11914,15150,15431,20228,37182,38366,41337,43651,55719,70864,73801,79598,85773,86588,95175,97971,117971,152408,160975,170399,201126,203829,215424,248842,256644,307020,428647
171,34400,534,939760,186340,204611,20.4704,20.5797,-19.0245,1.6288,-6.65984,-6.45037,-1.8201,-7.13778,1.27872,-16.753,18.6192,-38.2611,-24.7985,-29.7075,-27.9041,-29.9965,-25.5444,-31.2948,-19.7222,-38.2215,-9.15816,-150.173,534,4334,9409,9545,10498,33035,34841,35723,46039,52965,61913,61927,66491,68844,89864,116116,148238,178930,185285,217710,278880,289957,329845,335847,336355,342383,367531,441587,495821,939760
172,34600,4025,640976,152621,158858,19.3421,19.5411,-18.0331,1.32354,-6.71602,-6.1337,-1.78511,-7.41987,1.21334,-16.7672,18.6196,-37.6042,-24.1247,-30.2223,-27.1555,-30.6199,-25.5206,-32.426,-19.764,-39.2143,-9.61294,-150.5,4025,5701,17440,20493,23472,26932,30375,34528,40427,41168,43127,60422,67802,70993,74216,96180,115373,169266,179186,181034,193852,199649,205612,223187,232380,257932,403980,452657,466249,640976
173,34800,688,469983,147777,122060,21.8046,19.4023,-17.9004,1.75884,-6.76026,-6.06803,-1.43299,-6.88702,0.637215,-16.0867,18.6394,-37.2767,-24.6855,-31.2205,-26.8629,-30.5255,-25.3731,-33.614,-19.3669,-38.6469,-11.1031,-151.302,688,13530,22697,24370,25706,27259,29295,30325,57089,70926,81928,82405,92587,108054,109655,110629,117426,162058,162311,169151,190498,193426,222561,290808,301226,303133,305553,318336,339700,469983
174,35000,2613,504485,131518,137968,24.6564,19.7106,-17.577,2.10457,-7.13312,-5.78588,-1.19204,-6.21456,0.946605,-16.1715,18.4913,-36.7057,-24.9227,-30.8847,-27.096,-31.7937,-25.4321,-34.2245,-19.3526,-38.5296,-11.0904,-152.847,2613,9964,11634,15095,16571,23426,34168,35694,45723,46799,55752,60424,69612,73250,76449,83756,84268,85701,92270,121730,128911,167339,185606,193013,236720,312364,313149,385836,473223,504485
175,35200,3994,537288,168916,125321,24.4778,19.8162,-18.7009,1.30461,-7.766,-5.49585,-1.45217,-5.67168,0.962468,-16.5475,18.1586,-37.204,-24.1224,-30.1726,-27.4942,-32.3469,-27.1234,-32.8836,-18.9221,-39.724,-11.6636,-152.913,3994,20413,35239,39387,48596,65406,68435,69518,69911,77206,88775,115849,123100,126992,137093,157587,161996,188866,208226,218313,224301,231919,235320,238428,255741,266384,273822,312186,467181,537288
176,35400,1237,728898,147877,156373,17.6582,19.6286,-17.5848,1.64041,-7.62004,-4.66811,-1.58649,-7.23968,1.78264,-16.4394,18.2927,-37.2568,-23.2804,-29.7019,-26.5605,-31.3605,-26.1813,-32.2273,-17.7731,-39.2074,-11.4023,-151.894,1237,5376,9756,13832,20820,28315,33712,39452,45766,61602,68641,76385,79236,82108,97002,97544,125963,126182,128087,129724,161976,180403,191578,232816,267093,302018,361773,366296,372710,728898
177,35600,13207,319268,130828,91820.1,12.6374,20.2589,-18.4739,1.17365,-7.21629,-5.33033,-2.06337,-6.23254,1.4829,-16.3127,18.3121,-36.4108,-24.3463,-29.8871,-26.3034,-30.5109,-25.9077,-32.6611,-17.7805,-38.2743,-11.6246,-153.331,13207,21450,21847,30050,30621,30946,35981,40452,50188,63120,74326,90305,105271,116226,121348,126421,128743,129090,135781,152146,163657,186068,211536,216666,241098,243593,253042,270566,301828,319268
178,35800,687,485912,113569,125118,13.5598,21.2494,-18.6778,0.205672,-6.75297,-5.38852,-1.86075,-7.38492,0.527769,-17.1567,18.7077,-37.139,-23.1697,-29.1351,-27.0384,-30.0989,-26.7578,-32.1345,-18.5487,-38.1691,-11.7581,-152.937,687,5699,7764,13019,15680,20369,20935,21503,21598,32283,39304,45653,50386,55615,80620,81651,88203,90340,98120,117675,130608,136713,140621,143830,162362,249818,306081,326242,417772,485912
179,36000,7365,1300878,157036,231308,17.7801,20.8141,-19.3175,0.0971308,-6.91827,-5.9758,-1.67022,-7.2517,0.756325,-17.0909,19.0063,-37.0377,-23.6202,-29.307,-27.0341,-30.9165,-26.5409,-33.0164,-19.1218,-38.374,-11.6589,-154.186,7365,11665,17048,33321,46378,50556,52852,55486,65213,75779,81514,81930,82645,84424,85614,85627,106610,117537,118152,140129,168194,172777,174691,174823,191086,262414,272420,274619,319340,1300878
180,36200,8890,438007,113863,105191,15.6472,20.9814,-19.2835,1.64537,-6.28865,-6.14229,-2.24503,-8.26176,1.11627,-16.4853,18.7817,-36.7693,-23.3291,-28.8538,-27.8058,-31.2665,-26.4186,-33.4249,-19.0792,-38.4265,-11.4789,-154.909,8890,13440,15591,17099,21762,23010,26639,34363,38076,38500,46098,58692,60579,63976,80892,82235,99623,102055,110061,113783,157042,159030,170784,176043,201192,214666,222433,301898,319427,438007
181,36400,1431,385427,90576.6,92234.9,15.4564,21.4174,-20.7691,2.31984,-6.57167,-4.88934,-3.86041,-8.23034,1.04506,-16.209,18.939,-37.4837,-23.7588,-29.2499,-28.5506,-30.9648,-26.54,-32.309,-19.3952,-39.2728,-12.2578,-155.395,1431,3636,4470,5982,12641,15640,19964,29473,32065,33745,35355,35997,36708,38255,58668,63470,65497,77301,95807,110578,118225,138868,139632,140926,143840,144263,207267,225989,296178,385427
182,36600,1479,335715,101656,81466.6,16.007,21.884,-20.4496,2.3498,-7.16387,-3.96383,-3.19317,-8.19427,0.818136,-15.998,19.0964,-38.2149,-24.4191,-29.1739,-29.6199,-30.9311,-26.4836,-32.864,-19.5053,-38.7407,-13.2966,-154.043,1479,6130,15126,17173,22055,27669,30274,40487,42460,48784,61835,62790,63049,72743,74904,85081,86784,107757,110531,123705,131624,133358,138555,152812,166917,200805,211092,234252,243733,335715
183,36800,2634,563398,161477,142756,16.5435,21.9774,-20.0127,1.54801,-7.07414,-3.99122,-1.83364,-8.27796,1.39574,-15.568,18.4516,-38.2695,-23.5516,-30.9784,-29.7063,-30.6379,-27.954,-34.04,-20.7412,-39.0122,-13.3731,-155.451,2634,25145,28119,34427,34503,45370,47457,49591,61003,64106,73502,85772,98758,105147,118652,119371,125668,133850,138214,146449,200540,212096,261934,273366,289877,291509,321539,412881,479437,563398
184,37000,335,548030,172616,176570,18.1038,21.4913,-19.9807,1.68733,-5.48519,-4.76626,-1.57977,-7.35796,0.649122,-15.3206,19.2667,-39.1018,-23.3314,-32.34,-30.1749,-31.0001,-27.5725,-33.2253,-20.7083,-39.3723,-13.6124,-156.131,335,1648,4904,10760,18316,25361,25366,26929,35340,39422,63291,78360,96468,102610,119056,130366,143332,144585,147620,173576,177814,190818,233111,257463,388674,465870,478606,512419,538026,548030
185,37200,587,850125,180067,197564,17.7481,21.6388,-19.6913,1.63439,-4.91256,-4.20887,-1.63642,-6.42928,0.727025,-15.5959,19.3343,-39.2414,-22.8167,-31.9407,-29.6087,-30.8844,-28.0705,-33.5715,-22.7822,-38.761,-13.7706,-157.147,587,9157,17162,18389,19933,22848,23853,42307,47992,57162,65104,70101,101881,108240,108364,111380,113481,149474,152376,180472,180508,263832,270984,317251,323435,332720,387176,411224,644484,850125
186,37400,10922,472280,116555,100576,18.8065,21.5777,-20.4454,1.53011,-5.0419,-4.13441,-1.16504,-6.96472,1.16923,-15.8195,19.6514,-39.467,-22.1605,-32.6035,-28.6512,-30.9774,-26.5925,-35.3252,-23.3396,-38.0173,-13.8721,-158.57,10922,14877,15495,20901,21174,27337,31705,43522,56536,59671,60815,63100,73432,77085,78083,97530,115562,116310,116644,129972,133470,163885,177737,185431,192291,204888,212967,228055,294978,472280
187,37600,2447,676273,188213,191981,18.4421,21.2465,-20.2555,2.18065,-5.06724,-4.50362,-1.58547,-5.08916,-0.18409,-15.6922,20.0237,-40.1457,-22.9472,-32.9206,-28.425,-31.8137,-25.9208,-34.3281,-22.3922,-38.267,-14.9089,-159.215,2447,20158,25999,35163,53802,57222,61677,66242,67233,73971,79550,85062,105740,107566,112475,116886,116992,118807,126007,174877,195239,195337,230258,304860,308353,381548,438829,652670,655138,676273
188,37800,1177,612486,112111,133096,19.0218,21.3004,-19.6133,1.85688,-4.91003,-4.50487,-1.36791,-5.46135,0.50359,-15.041,19.8902,-39.6308,-23.2097,-32.2838,-27.7438,-32.1703,-25.8878,-34.7445,-22.6656,-37.5995,-15.0556,-159.844,1177,3797,4518,6374,10101,11477,24367,35484,35797,37700,44397,47219,49691,50827,52034,56031,70120,97417,97657,102702,110278,110931,174983,176126,193862,208382,287951,312905,336533,612486
189,38000,1420,653756,151739,146956,21.7205,22.138,-19.446,1.29774,-6.74218,-3.53874,-0.432894,-6.76063,0.510025,-16.2032,19.925,-39.8515,-23.6965,-32.7013,-26.7722,-32.3609,-26.6519,-34.0903,-22.0511,-37.7913,-14.7751,-159.805,1420,1425,9419,23010,23408,25866,28030,31503,47884,48156,58084,66733,79686,86448,96433,119005,154085,159347,159495,164161,176931,221663,221795,278354,286198,305097,314857,327314,382608,653756
190,38200,12589,548844,142028,137542,20.9427,22.2384,-18.5113,0.657983,-6.29285,-4.09842,-1.30305,-6.89836,0.909676,-16.9209,21.093,-39.7477,-23.92,-33.0565,-28.0688,-33.3252,-26.1147,-34.7794,-22.668,-36.9339,-13.8628,-159.221,12589,22305,24673,25399,26400,30148,41509,44059,44170,51621,60536,81548,87940,88448,95968,108784,121295,124482,134768,136037,147391,176303,196136,206505,222074,228654,260519,392894,518844,548844
191,38400,792,346800,119487,111384,19.7608,22.6703,-20.1701,-0.455479,-5.01915,-3.32802,-1.42624,-7.50716,0.876862,-18.0635,20.5861,-40.7969,-23.8093,-33.2087,-28.9629,-33.7534,-25.7578,-34.7403,-21.9626,-37.6372,-13.7889,-158.981,792,2745,8517,8925,14190,17734,28882,32249,39432,40000,44310,48885,51617,53184,66135,95431,96068,101990,114082,114898,186120,188086,203881,216403,232217,272643,313137,317969,327290,346800
192,38600,950,552175,156729,156995,20.0759,23.0632,-20.0419,-0.0654358,-5.38479,-3.16077,-0.577124,-8.05958,1.38773,-17.5786,20.5077,-40.1456,-24.3241,-32.5611,-29.0793,-33.9647,-25.2311,-35.7207,-21.7299,-39.2787,-13.5476,-158.964,950,5411,5630,7585,15284,16509,42900,50434,59077,61760,67895,73756,75642,80701,96583,102983,108494,116412,138401,177597,190065,191502,200757,217775,332144,380433,382566,438913,511535,552175
193,38800,750,421446,142583,127770,21.0376,23.8821,-19.4499,-0.461188,-5.81843,-4.18789,-1.63623,-8.09442,2.0958,-18.0377,20.7113,-39.9358,-24.8193,-31.8848,-28.3885,-33.9186,-25.3337,-36.0269,-21.6034,-39.5622,-13.9799,-159.468,750,4161,8338,10173,10180,12210,14601,22226,46534,57719,60629,86340,95261,103145,110484,117445,119508,121894,145316,164084,187659,199768,217399,267418,286166,293871,315897,362562,414308,421446
194,39000,2275,641964,131552,153001,20.4235,23.1721,-20.1783,-0.697042,-5.93267,-5.42448,-1.55583,-7.80078,2.00233,-17.8516,20.3524,-40.1034,-24.5229,-32.1546,-28.0384,-33.667,-25.7105,-33.8796,-21.0323,-39.3957,-12.8607,-159.253,2275,2386,8504,9532,14762,18471,23673,26117,27625,33146,45551,49213,50677,63087,66039,93560,94965,96126,147167,148316,160545,175694,190302,192233,220155,235466,275753,276796,556446,641964
195,39200,159,566280,175005,157551,19.9512,23.0744,-20.5865,0.393454,-5.74524,-5.1185,-0.712936,-7.51589,1.61803,-17.9309,20.6346,-39.8977,-25.1714,-32.5684,-28.9468,-33.4654,-25.8225,-34.4759,-21.3437,-39.2092,-12.5003,-159.453,159,17170,18214,27101,28508,33053,38166,44188,45327,45952,55846,56089,70517,98649,106151,107804,184926,208036,225247,234974,246935,263935,267581,300854,306199,373567,379187,397715,501833,566280
196,39400,3374,482629,149624,124876,20.733,23.7136,-21.7409,-1.20265,-5.02961,-4.47527,-1.74446,-7.91386,1.47335,-18.0381,21.3329,-40.4143,-24.8591,-33.1702,-29.5031,-34.1748,-26.2207,-35.8607,-20.3674,-39.9099,-13.501,-160.072,3374,5405,11726,13756,27244,45516,56707,61388,64508,74545,82956,83853,85831,107731,112003,114027,133690,136119,166981,168558,192546,193367,212985,238256,242256,284372,313237,328444,444703,482629
197,39600,1183,670442,162814,161347,21.865,24.5211,-21.6929,-0.277853,-4.97808,-4.30632,-1.41087,-7.10242,1.26368,-18.93,21.5669,-40.6326,-24.5217,-33.8174,-29.7343,-34.1884,-28.2716,-35.1654,-20.9361,-39.3379,-14.7312,-161.534,1183,10139,11656,12760,16333,25720,29141,48690,51971,56302,57735,77054,95940,104313,113314,116080,128105,150645,173266,190934,193974,198315,206657,237297,304236,307472,362499,462388,469848,670442
198,39800,13662,623964,144229,149512,21.9892,25.1618,-21.5519,-1.20355,-5.04754,-5.26381,-2.64769,-7.19432,1.4509,-18.9221,21.8276,-39.8992,-24.8363,-33.232,-29.0707,-34.3828,-27.5384,-34.0243,-21.4448,-38.9788,-15.6282,-161.851,13662,16828,20478,23124,23584,25832,41457,42030,53137,56677,59618,65451,66043,80711,88920,90335,105505,118124,120595,122755,140494,159248,178166,191956,271411,300887,374210,406308,445347,623964
199,40000,1060,510818,178118,160312,20.0404,24.5303,-21.3358,-1.11915,-4.38253,-5.16023,-1.17841,-8.18674,2.24753,-18.5888,21.7612,-40.4711,-24.7187,-32.7118,-29.7691,-34.224,-28.1368,-32.4506,-21.6492,-39.7096,-15.2784,-160.766,1060,3309,4362,21842,45590,46188,49664,53427,68783,75192,77953,79043,84598,95479,113185,138997,165071,165656,168550,186197,210486,213752,250961,282939,371979,435784,447171,478888,496607,510818
200,40200,6378,386058,125326,111157,18.7505,25.883,-20.7467,-1.65309,-3.80635,-5.14848,-0.951501,-7.68583,2.20026,-19.1179,22.4483,-41.339,-25.5783,-33.0551,-29.5913,-34.0711,-27.3206,-33.512,-23.0653,-39.419,-14.6225,-161.36,6378,7331,12307,12603,16971,29051,31076,31079,34959,47492,55798,65573,81833,82301,86184,94890,98711,101943,119225,125115,153553,192300,209762,214464,259978,266600,283094,284501,368665,386058
