generation,agents,minScore,maxScore,meanScore,standardDeviation,w0,w1,w2,w3,w4,w5,w6,w7,w8,w9,w10,w11,w12,w13,w14,w15,w16,w17,w18,w19,w20,w21,s0,s1,s2,s3,s4,s5,s6,s7,s8,s9,s10,s11,s12,s13,s14,s15,s16,s17,s18,s19,s20,s21,s22,s23,s24,s25,s26,s27,s28,s29
0,200,2,22,10.5667,5.43731,-0.387879,-0.389278,-1.09318,-1.72259,-2.33479,-2.12735,-0.00179994,-0.770817,-1.51421,-2.84132,0.88084,-2.08836,-1.35306,-0.194941,-2.18885,-0.375292,0.225608,-0.299797,-1.84757,1.5008,1.37454,-2.71396,2,2,3,4,5,6,6,7,7,7,7,7,9,10,10,10,10,12,12,13,13,14,14,15,17,17,18,19,19,22
1,400,8,105,35.8333,21.309,0.677987,-0.312134,-1.58994,-4.13619,-4.41139,-2.21472,-2.76737,-2.33237,-2.67087,-4.82965,4.11797,-5.38562,-3.93087,-2.4894,-5.65514,-3.66037,-1.01736,-2.78087,-2.33604,2.99692,0.470339,-5.87573,8,10,11,12,12,16,16,20,22,23,25,28,29,29,35,35,37,37,38,40,43,47,49,50,53,57,59,61,68,105
2,600,13,128,75.2667,33.0224,1.38667,-0.744876,-4.74754,-4.74359,-5.4363,-2.90108,-4.49961,-4.13941,-4.95175,-7.01215,5.20578,-10.017,-5.21873,-3.02263,-4.76262,-3.65276,-2.73456,-2.09312,-2.46669,1.4849,0.0607584,-9.41956,13,25,28,32,41,45,46,46,47,53,63,66,66,67,75,78,82,83,86,87,97,98,104,107,112,117,120,121,125,128
3,800,27,205,106.067,40.8453,1.07141,0.0646407,-6.43609,-5.14254,-6.1013,-5.31522,-3.83629,-6.55339,-4.30467,-10.2804,5.51695,-9.32582,-5.60809,-4.7392,-4.86357,-4.70349,-3.37787,-5.56862,-4.44609,-1.32905,-1.43598,-12.7649,27,54,60,70,71,72,74,75,78,80,90,90,91,93,100,102,106,106,108,110,116,119,131,139,143,147,167,177,181,205
4,1000,50,470,199.267,91.8747,1.85772,-1.53564,-9.9319,-7.01276,-5.29701,-5.50326,-5.52234,-8.60124,-3.67897,-9.32222,4.29228,-9.40934,-6.3663,-5.33306,-5.86374,-3.5057,-3.20381,-6.5562,-4.25032,-3.60758,-2.38222,-18.3192,50,73,91,113,118,128,132,144,149,154,157,163,164,168,182,184,188,189,193,211,225,244,250,254,278,285,301,350,370,470
5,1200,54,545,189.633,106.671,4.5894,-2.00972,-10.7118,-7.44035,-7.27837,-6.38832,-6.01749,-8.98009,-5.89795,-8.30348,4.45372,-11.6451,-7.495,-5.38374,-7.45185,-6.18426,-5.3124,-9.72308,-8.01794,-6.6317,-4.25686,-21.1274,54,78,93,94,94,106,111,121,122,129,132,134,137,140,141,164,181,196,205,209,221,229,234,248,254,268,274,382,393,545
6,1400,57,590,205.167,130.835,8.52302,-2.70101,-11.0136,-7.5864,-6.89551,-7.12552,-6.04022,-8.91506,-7.46545,-9.94458,4.09052,-12.5774,-8.71249,-7.24261,-8.98022,-6.99751,-4.73631,-9.89536,-10.6576,-9.98673,-6.67165,-22.8457,57,58,63,76,85,89,95,127,130,131,141,156,171,174,189,197,206,209,210,215,217,220,226,270,294,313,322,337,587,590
7,1600,37,654,252.667,179.671,8.53035,-1.2276,-10.7725,-7.63434,-8.11304,-6.4923,-6.72825,-10.2798,-7.42878,-10.5213,1.74951,-13.3816,-9.45507,-8.35119,-9.64264,-8.89892,-5.45851,-10.7506,-10.9696,-12.1527,-10.2364,-24.8411,37,45,63,79,87,92,101,108,132,136,140,153,156,162,175,175,200,224,252,327,329,344,399,411,453,484,503,548,611,654
8,1800,55,485,177.433,104.119,8.66949,-1.38765,-12.1542,-6.45096,-8.66788,-8.29124,-6.51996,-10.4935,-6.71563,-11.089,1.6785,-14.4548,-9.72585,-8.04834,-10.6464,-9.83294,-4.65085,-10.7726,-10.9526,-12.4794,-12.4972,-27.3745,55,72,74,91,99,100,101,116,117,119,120,130,130,142,146,147,157,157,166,180,181,198,214,247,254,278,282,290,475,485
9,2000,46,674,195.867,135.329,7.16628,-0.0497236,-14.0587,-6.35606,-9.76786,-9.39929,-7.16963,-9.89161,-7.3354,-13.4355,0.833402,-14.2427,-9.37912,-7.20083,-11.446,-9.52423,-6.83072,-11.1062,-12.525,-15.0309,-14.1784,-29.5015,46,49,67,96,98,104,113,119,129,139,140,145,150,154,165,170,172,184,184,198,198,199,212,237,240,247,307,392,548,674
10,2200,75,962,291.2,205.39,7.94166,0.743521,-14.3504,-4.71503,-10.3229,-10.6319,-7.81167,-10.6527,-8.39705,-13.5666,0.822175,-14.4898,-10.4067,-6.53949,-11.5343,-10.5424,-6.85548,-10.8851,-11.6533,-13.147,-15.27,-31.874,75,97,107,117,117,126,128,136,163,179,181,191,193,197,204,236,254,267,271,276,310,320,355,459,460,511,556,599,689,962
11,2400,93,791,306.167,189.012,8.50943,0.49277,-14.2707,-6.71543,-10.5821,-11.4416,-8.57206,-10.9424,-9.78221,-13.9234,0.0633806,-13.0638,-9.46793,-6.98437,-12.4928,-11.0252,-7.53053,-11.7727,-11.6346,-13.0691,-16.1588,-33.0503,93,105,127,131,137,173,174,176,195,199,209,221,231,235,237,243,275,277,277,282,293,318,374,411,447,531,579,693,751,791
12,2600,63,1013,278.4,219.821,9.37201,0.0762386,-14.4094,-7.00313,-11.443,-10.5305,-8.97668,-11.7609,-9.16128,-13.7488,0.335391,-13.8547,-9.38506,-8.49312,-12.1707,-11.3696,-8.04817,-12.6623,-11.1178,-13.6792,-16.8597,-34.0033,63,84,89,90,114,114,118,122,159,160,183,191,192,204,205,219,230,234,236,266,287,289,354,365,401,446,511,546,867,1013
13,2800,102,1106,420.333,264.674,11.0296,-1.89767,-14.5911,-7.95725,-11.0147,-11.0337,-9.68087,-11.6054,-9.56879,-13.1488,0.387412,-12.7997,-10.2977,-9.46543,-13.2631,-9.70226,-7.52987,-13.2886,-11.3783,-11.8164,-16.3155,-37.135,102,103,152,160,167,200,212,216,221,233,250,273,281,289,332,347,352,436,522,552,555,557,579,582,619,632,671,892,1017,1106
14,3000,73,1613,430.933,351.212,11.7458,-2.31945,-14.5725,-9.21684,-11.2238,-11.059,-9.53196,-11.8888,-10.3209,-13.6153,0.547659,-12.152,-11.652,-10.3075,-12.3873,-10.1491,-7.44569,-13.1323,-10.4009,-10.3628,-15.7437,-37.5989,73,105,106,120,133,154,181,185,192,236,242,270,296,332,388,413,431,432,437,438,457,488,532,553,622,660,663,747,1429,1613
15,3200,122,1344,510,300.951,13.8525,-1.73788,-14.6677,-9.728,-11.5644,-11.2325,-9.79031,-11.6656,-9.45779,-13.7918,1.14476,-11.9918,-11.2159,-10.3486,-10.6601,-10.9231,-7.62885,-12.6155,-10.366,-11.0968,-15.9593,-38.7466,122,127,129,142,204,257,300,323,340,345,355,364,391,403,429,443,448,461,474,598,629,692,741,765,806,807,871,893,1097,1344
16,3400,87,2539,664.267,637.979,14.4253,-1.39485,-14.3732,-8.68854,-12.1635,-11.0377,-9.36745,-11.5756,-9.58571,-13.9569,0.0269598,-11.3359,-11.5247,-10.9476,-10.3285,-9.62927,-8.00222,-13.1333,-9.76671,-11.0799,-14.7958,-39.4102,87,125,149,156,165,203,227,239,258,319,321,388,402,447,448,485,541,573,574,593,657,724,725,736,1033,1156,1189,2231,2238,2539
17,3600,68,1822,736.633,547.465,16.1059,-0.714535,-13.4411,-8.8008,-12.1769,-12.4197,-9.13747,-11.472,-9.66242,-13.7841,-0.85011,-10.296,-10.1797,-9.60443,-11.0716,-9.81629,-8.08804,-12.5998,-9.92668,-11.0893,-15.2947,-40.7589,68,91,115,123,156,166,169,270,287,318,330,339,346,469,575,729,770,799,836,1102,1173,1259,1278,1326,1369,1396,1402,1426,1590,1822
18,3800,107,3248,958.333,739.913,17.558,-0.224249,-14.3727,-9.12443,-11.9492,-13.1866,-9.20666,-11.598,-10.6798,-13.9943,-1.25319,-11.4693,-9.49619,-9.53268,-11.6409,-10.3418,-8.85165,-12.9719,-10.9395,-12.1857,-15.3468,-41.3628,107,117,164,179,198,222,298,339,365,368,455,542,569,618,847,879,1036,1043,1163,1308,1393,1433,1439,1465,1653,1705,1769,1856,1972,3248
19,4000,226,4056,864.867,767.917,21.2304,-0.850682,-14.7031,-10.9097,-12.3079,-14.4059,-9.36935,-11.0291,-12.1291,-13.4354,-1.21504,-11.7003,-9.36512,-10.1345,-12.5562,-10.4868,-8.33667,-11.2328,-11.333,-11.0626,-15.6651,-42.7461,226,246,260,263,293,323,328,338,364,390,419,444,446,450,530,610,806,898,912,986,1055,1074,1279,1292,1343,1401,1458,1623,1833,4056
20,4200,153,3027,937.433,729.516,20.407,-1.1011,-15.6918,-10.7969,-12.4276,-13.5982,-10.3518,-10.4358,-12.7779,-13.967,-2.08134,-10.2323,-9.58205,-9.78855,-12.4049,-10.6656,-7.42533,-12.3052,-12.0106,-11.2836,-14.9195,-43.3721,153,176,207,257,275,309,362,372,380,421,440,559,624,714,743,781,795,840,977,1160,1182,1202,1290,1306,1399,1524,1808,2296,2544,3027
21,4400,75,4469,1259.27,1199.75,20.281,-1.94361,-15.3556,-10.9186,-11.8924,-13.1839,-11.091,-11.1298,-12.5227,-14.0897,-2.62516,-11.2009,-9.78675,-9.62664,-12.8232,-10.7188,-8.21474,-12.341,-11.8627,-11.4132,-13.0616,-44.4104,75,76,134,143,145,159,316,341,467,490,499,550,696,701,946,1052,1249,1308,1410,1470,1487,1572,1621,2030,2075,2086,2092,3743,4376,4469
22,4600,60,5047,1045.4,1033.24,23.0927,-1.08888,-15.9546,-10.6819,-12.0772,-13.597,-10.4105,-11.9094,-12.2792,-13.9805,-2.17854,-11.049,-10.1374,-10.7066,-13.6025,-11.1781,-8.48092,-12.0364,-11.1879,-10.5434,-12.1821,-45.1989,60,77,161,198,220,229,332,367,378,424,474,496,503,570,587,669,841,857,1068,1206,1295,1417,1665,1731,1825,1938,2158,2189,2380,5047
23,4800,226,4509,1552.07,1112.54,23.4016,-0.914431,-16.71,-10.9118,-12.7072,-13.3728,-9.43842,-12.0979,-12.868,-14.9347,-2.93921,-11.145,-9.41004,-11.0966,-13.4872,-11.2796,-7.97539,-12.5843,-9.81464,-10.7145,-12.3843,-46.6515,226,257,362,415,463,468,615,666,809,820,996,1030,1130,1195,1232,1259,1394,1622,1627,1864,1915,1979,2037,2235,2545,2647,2779,3250,4216,4509
24,5000,197,10215,1813.13,1910.4,23.8089,-1.25121,-17.3824,-11.4272,-12.9166,-13.6086,-10.0101,-11.4397,-12.7634,-15.1128,-2.51858,-11.2886,-10.7518,-11.1623,-12.5773,-11.1188,-8.20299,-12.5204,-10.7956,-11.0911,-11.3034,-47.7122,197,269,314,361,459,586,716,717,762,773,858,913,1073,1152,1275,1412,1500,1536,1537,1769,1921,2125,2489,2590,2736,2880,3494,3838,3927,10215
25,5200,94,10039,2795.87,2292.91,25.9634,-1.58803,-16.7132,-10.4753,-13.1955,-12.9135,-10.0935,-11.2819,-13.4491,-15.3452,-1.78566,-11.8774,-11.1069,-11.1963,-12.8783,-11.6408,-8.60524,-13.2776,-10.6447,-11.469,-10.7107,-49.4372,94,236,568,591,633,736,800,1007,1214,1367,1682,1734,1805,1816,1827,2042,2454,2719,3018,3080,3389,3979,4253,4383,4907,5130,6011,6019,6343,10039
26,5400,161,5246,1361.9,1157.3,25.2118,-1.3095,-16.835,-10.0467,-12.5406,-13.5649,-10.3899,-12.0513,-13.0863,-14.4853,-2.43038,-12.4328,-11.215,-12.1579,-13.3862,-13.2298,-9.60734,-13.3563,-10.1203,-11.8263,-11.9054,-51.0108,161,317,344,355,409,414,431,643,664,707,748,749,896,924,934,949,955,1038,1424,1425,1439,1735,1742,1917,2350,2391,2652,3087,3811,5246
27,5600,239,17339,2813.3,3299.13,23.2582,-1.55103,-16.1283,-9.58992,-11.8392,-13.7138,-9.84926,-11.6831,-12.4714,-14.3979,-2.1015,-12.1149,-10.2988,-12.2069,-13.8411,-12.7866,-9.97281,-13.5025,-9.27603,-12.3209,-12.0215,-52.8524,239,373,391,414,509,559,653,724,994,1034,1472,1545,1762,1778,1802,1874,1979,2426,2458,2504,2545,2908,3727,4342,4413,5350,5433,5805,7047,17339
28,5800,55,7796,2079.9,1758.1,24.1135,-1.00119,-15.6239,-9.92836,-12.5166,-13.3622,-9.2479,-11.6795,-13.6762,-15.0604,-1.75191,-12.5141,-11.3646,-12.7258,-14.4402,-13.4023,-10.28,-13.4067,-9.88831,-12.085,-12.7568,-55.9647,55,242,291,474,545,587,702,735,769,894,993,1178,1352,1409,1508,1701,1825,1865,2352,2359,2415,2653,3029,3086,3715,3959,4263,4497,5148,7796
29,6000,159,12278,2620,2721.89,25.0456,-1.19839,-16.127,-10.7241,-12.2887,-14.0454,-9.7128,-11.035,-13.7684,-15.0789,-2.00809,-13.115,-11.7362,-13.5671,-14.1708,-12.4163,-9.90202,-13.3957,-9.99065,-11.6619,-11.7223,-57.9383,159,200,287,292,408,630,857,911,1073,1135,1168,1276,1525,1544,1614,1831,1985,2091,2121,2637,2689,2873,3018,3484,3574,6269,6323,6959,7389,12278
30,6200,192,19279,4225.27,3840.7,25.59,-0.00820925,-15.5126,-10.6887,-11.7514,-13.7601,-9.57238,-11.9488,-13.1695,-14.8674,-1.17607,-13.4875,-12.7219,-12.3345,-13.8099,-12.5656,-9.40149,-13.8097,-10.8168,-11.5772,-11.5746,-59.1983,192,213,424,527,936,1068,1373,1510,1710,2143,2572,2897,2972,3351,3455,3713,3888,3963,4166,4218,4734,4776,5756,6946,6982,7143,7887,8367,9597,19279
31,6400,99,8048,2668.63,2038.1,27.0936,-0.169942,-16.0469,-10.1167,-10.3063,-13.3463,-10.0096,-10.9968,-13.2986,-15.8938,-1.64344,-15.1458,-12.9655,-13.2024,-15.0226,-12.8438,-10.5184,-13.9268,-10.6225,-11.6948,-10.9721,-60.6426,99,413,551,832,945,1032,1193,1392,1394,1443,1637,1652,1666,1821,1970,1991,2008,2019,2667,3156,3327,3356,3722,3755,3904,5008,5045,6846,7167,8048
32,6600,216,15256,3152.8,3172.48,25.5603,-0.00651858,-16.7193,-10.4107,-11.5899,-12.9978,-10.406,-10.6416,-12.7662,-16.3222,-1.16835,-14.8867,-12.0657,-13.312,-15.1001,-12.9336,-11.2069,-14.0917,-10.0792,-13.0812,-10.9153,-61.9564,216,316,497,745,767,815,819,875,976,1116,1467,1584,1768,2091,2287,2420,2573,2749,2772,3271,3595,3754,3975,4657,5082,5370,6030,8247,8494,15256
33,6800,239,12978,3976.3,2988.81,25.3804,-0.631924,-16.3302,-10.0627,-11.0677,-12.4859,-10.6568,-12.2315,-12.0882,-15.66,-1.68184,-15.4719,-11.302,-13.6332,-15.0305,-13.5525,-10.1961,-15.6459,-9.29011,-13.1702,-11.3643,-62.4293,239,391,589,743,762,914,1868,2027,2374,2480,2551,2691,2699,2774,2794,2899,2965,3622,4407,4832,4862,5772,6353,6690,7017,7329,7355,7360,8952,12978
34,7000,134,15329,3881.33,3809.9,24.5054,-0.191984,-16.6831,-10.284,-11.5757,-12.6143,-10.0618,-11.3509,-11.534,-15.0476,-1.43494,-16.7433,-11.1458,-12.9275,-14.4673,-12.8592,-10.0851,-15.3412,-9.22661,-13.6649,-12.8049,-64.7584,134,198,200,287,587,592,599,604,812,1856,2055,2056,2066,2178,2628,2650,2816,3416,4098,4370,4429,5211,5461,5748,7342,7739,9439,10131,11409,15329
35,7200,257,8622,2296.73,2089.07,22.6336,-0.216895,-15.7743,-11.0107,-11.3012,-13.7386,-10.2258,-11.1355,-11.073,-14.9324,-1.76888,-16.1983,-11.8123,-12.9812,-14.1876,-12.7874,-10.8813,-14.9762,-9.16171,-13.9673,-14.3302,-66.5081,257,258,301,305,477,582,631,720,770,798,876,1276,1337,1386,1554,1641,1684,1987,2326,2519,2950,3418,3521,3911,4189,4304,4456,4596,7250,8622
36,7400,171,16977,2996.57,3510.84,20.1005,1.06748,-16.9102,-9.96692,-11.6305,-14.2888,-10.2914,-10.7339,-11.1942,-14.9746,-0.898638,-16.4057,-11.3278,-12.8062,-14.5279,-13.0534,-11.2443,-14.8619,-9.90395,-14.2489,-14.5294,-66.7056,171,198,302,501,519,545,575,646,717,789,799,1124,1177,1452,1603,1757,1868,2270,2915,3251,3445,3925,4306,4358,5532,6102,6480,7168,8425,16977
37,7600,81,11920,2606.27,2801.84,22.2168,1.56474,-16.8816,-9.76367,-11.3891,-13.3617,-9.83304,-10.8953,-10.4667,-15.2195,-0.459363,-15.9466,-12.0128,-13.3113,-14.8037,-13.5093,-10.9755,-14.311,-10.0214,-13.7906,-14.7189,-67.0643,81,208,388,614,624,702,727,762,1136,1157,1181,1278,1522,1557,1682,1723,1907,1945,2110,2211,2490,2577,2894,2955,3615,4276,7027,8356,8563,11920
38,7800,135,12736,3840.1,3232.28,21.6443,1.82981,-16.5291,-8.65243,-10.8328,-13.157,-9.7058,-11.4934,-9.82565,-15.8176,-0.102323,-15.2875,-11.729,-13.6435,-14.2826,-13.4153,-10.6701,-14.4146,-9.50198,-13.3386,-14.3114,-67.6988,135,135,222,357,662,823,841,1420,1719,1960,2209,2288,2360,2515,2866,2983,3326,3345,3468,4171,4527,6157,6372,6666,6979,7618,8702,8741,8900,12736
39,8000,272,15013,4437.1,3589.15,22.2275,0.766388,-17.8048,-8.62328,-11.1833,-12.9446,-9.07496,-11.579,-10.2919,-15.4714,0.64462,-15.2591,-11.5624,-14.1537,-13.7989,-13.3243,-10.8555,-13.9859,-10.4254,-13.9871,-13.6906,-68.9381,272,422,695,784,1576,1728,1921,2102,2163,2169,2833,2898,3104,3173,3334,3520,3985,4206,4307,4636,4808,5016,5569,5998,6850,6859,9189,11979,12004,15013
40,8200,328,20379,3932.97,4179.21,20.9204,1.06785,-16.8759,-8.59366,-10.8189,-12.277,-8.81049,-12.2088,-9.07954,-16.0438,0.725165,-15.3778,-10.7586,-14.8677,-13.1794,-13.2645,-11.3313,-14.2297,-10.1122,-14.4311,-12.9039,-70.1194,328,478,520,559,610,685,715,1040,1076,1145,1397,1593,1601,1946,2726,2961,3210,3653,4200,4234,4563,5221,5304,6736,7055,7664,8100,8823,9467,20379
41,8400,171,17715,5311.9,4915.74,22.6016,0.305698,-16.7656,-8.6235,-9.86628,-11.6835,-9.42322,-12.4776,-7.78032,-17.2102,1.16898,-16.2487,-10.4761,-15.2148,-12.6906,-13.5957,-12.1708,-14.182,-9.96944,-14.0807,-12.4128,-72.0352,171,289,311,314,493,1380,1647,1919,2108,2279,2347,2597,3264,3705,4242,4476,4792,5264,5273,5341,5389,6431,7097,7223,9216,10169,10266,16179,17460,17715
42,8600,119,19587,4407.47,4739.24,23.1629,2.19145,-16.8285,-8.86888,-10.1434,-11.3459,-9.27059,-12.6719,-6.43298,-16.9499,0.329533,-16.9902,-10.0531,-15.5521,-13.8279,-14.2439,-11.4954,-14.1561,-10.0887,-13.4701,-12.8632,-73.2328,119,205,402,600,684,722,1100,1102,1322,1390,1443,1467,1597,2616,3061,3114,3727,3960,4171,4587,5271,5274,5298,5866,5896,9223,10229,13048,15143,19587
43,8800,161,21862,5270.3,5224.88,24.91,2.00023,-17.6206,-8.82826,-10.5449,-10.2263,-9.24354,-13.4219,-6.15375,-15.8211,0.219903,-16.364,-10.6327,-15.5085,-14.1546,-14.8055,-12.5268,-15.3027,-10.1283,-14.6826,-11.8282,-74.6694,161,272,423,457,558,813,1202,1409,1722,2647,2748,2817,3082,3395,3734,4072,4540,4977,5460,6195,6346,6438,6760,7223,8430,8529,9155,14074,18608,21862
44,9000,483,29858,6411.9,7006.93,25.1294,3.04346,-16.8033,-8.65073,-10.8481,-10.7464,-8.41576,-11.3115,-6.73106,-15.0997,0.0398053,-15.4426,-12.423,-15.7401,-13.9765,-15.0086,-13.6424,-16.7753,-10.4854,-15.5088,-12.4299,-77.2664,483,505,1059,1194,1259,1818,1846,1924,2099,2223,2393,2584,3015,4154,5017,5279,5769,5946,6112,6554,6596,6748,7985,8254,8597,8664,13052,13454,27916,29858
45,9200,373,18629,5205.23,4516.63,28.3797,3.52672,-15.7228,-8.85266,-10.8191,-9.86603,-8.77016,-10.8653,-6.6272,-13.8483,-0.251436,-15.4221,-13.1923,-15.9702,-13.5855,-14.7191,-13.1484,-15.509,-9.87063,-15.6874,-11.6082,-78.3879,373,446,588,948,1034,1091,1196,1326,1591,1713,2866,3356,3501,3632,4318,4360,4567,4853,4973,5555,5716,6682,8547,8902,9025,9397,10304,12565,14103,18629
46,9400,393,28218,6809.2,7032.57,28.0711,3.43903,-15.8144,-7.86333,-10.0138,-8.35212,-9.11341,-11.2114,-7.01675,-14.5243,0.788711,-14.876,-12.9304,-16.0364,-14.282,-14.5,-13.1059,-16.0875,-9.41215,-16.6659,-10.3857,-79.6648,393,518,768,1178,1382,1606,1608,1834,2982,3145,3276,3349,3487,4010,4750,6088,6282,6763,6977,7030,7285,7559,7986,8154,9905,9966,10292,19682,27803,28218
47,9600,149,46093,9492,9782.38,29.5044,4.04907,-15.7957,-7.72624,-9.46963,-9.00272,-7.47185,-11.5588,-6.69969,-14.8478,1.40592,-15.0652,-13.7352,-15.1441,-15.5261,-14.9552,-12.5603,-15.9174,-11.1414,-17.8247,-10.355,-80.6155,149,735,738,779,1096,1931,2031,2560,2659,3985,4472,4573,4673,6064,7059,7823,8193,9151,9736,9973,10375,10625,11917,13060,16723,19145,19920,22796,25726,46093
48,9800,215,34446,8413.47,8511.17,29.3403,3.77961,-16.0681,-6.34814,-9.74624,-9.93601,-6.97285,-11.3223,-5.32663,-14.0495,2.598,-16.9211,-13.8064,-15.4709,-16.9576,-14.63,-13.3768,-16.3892,-10.0842,-17.1571,-11.478,-80.9753,215,837,1238,1862,1928,2018,2154,2526,2560,3494,3624,4521,5184,5209,6063,6326,6434,6725,8066,8093,8582,9539,10330,12825,13269,13419,14658,24694,31565,34446
49,10000,85,49608,9910.93,10063.2,29.3376,4.9542,-16.1517,-5.34195,-10.1825,-9.67171,-5.38949,-11.464,-5.92675,-14.3728,3.6763,-17.2088,-14.1422,-15.5111,-16.9032,-15.994,-13.5952,-16.9715,-11.2086,-16.6319,-11.3012,-83.4354,85,567,1240,1832,1838,2667,3988,4117,4191,4256,4478,5647,5900,6566,7576,7818,8462,9922,11077,11134,11601,11653,11712,12645,13539,13779,13985,27589,27856,49608
50,10200,177,37624,14111.1,9560.14,30.7781,4.69338,-16.0258,-4.89229,-8.73172,-8.97641,-5.76869,-11.7201,-5.75277,-14.5782,4.57126,-18.0913,-14.3956,-15.3274,-17.947,-16.0056,-13.5204,-17.0725,-10.9165,-15.8575,-11.2751,-84.348,177,1802,2057,2587,2748,3962,4243,5140,7204,9124,9187,10710,11513,12108,13875,14790,14874,16310,16371,16946,17893,19031,20156,20356,21503,26321,26570,27530,30621,37624
51,10400,99,83263,19163.3,19048.6,30.7649,4.77178,-15.4296,-6.31455,-9.07989,-7.3569,-5.22453,-10.7925,-5.18181,-15.0331,4.75425,-19.0435,-14.0839,-16.4974,-17.7209,-15.0734,-13.7821,-17.0528,-11.1674,-16.0703,-9.69462,-85.8135,99,543,1578,1614,1869,2826,4352,4600,6088,6149,6546,9207,10294,10512,12068,12958,17785,19024,21072,22817,23191,27708,28282,30651,35501,35699,39508,41673,57423,83263
52,10600,254,60731,14847.5,14121.8,30.8907,4.50007,-15.1218,-6.01981,-7.67459,-7.26729,-5.70504,-10.8618,-5.25733,-15.5043,4.66815,-19.9281,-13.9282,-16.8145,-16.7436,-16.6906,-14.8667,-16.776,-11.8812,-16.8504,-9.25919,-86.8988,254,1103,1177,1409,2331,2346,2510,4135,4631,5401,5884,7892,8687,8899,12199,12481,15036,15127,16154,16546,19125,19665,19811,20419,24329,25937,29468,36524,45213,60731
53,10800,912,80753,16753.4,17394.8,30.137,4.7021,-14.9441,-6.18221,-7.86331,-6.39268,-5.39971,-10.4601,-4.41992,-14.6593,4.3983,-20.3694,-13.4074,-17.4395,-16.9557,-17.2091,-14.6908,-16.9645,-11.5628,-17.9516,-8.06453,-87.8834,912,1094,1387,1628,1944,4461,5418,6350,6537,8113,8529,8871,9470,9587,11124,11984,12654,12937,14162,14884,18463,18938,19675,22984,24874,35617,38481,42849,47923,80753
54,11000,153,62762,15113.5,14216.2,31.4953,6.32525,-15.4665,-5.72095,-7.51003,-5.36694,-4.99802,-9.95698,-4.83239,-15.1571,4.79936,-21.0741,-13.7867,-18.0401,-17.0312,-16.8542,-15.9788,-17.3821,-11.7552,-18.831,-8.57314,-88.597,153,668,1808,3094,3138,3167,4038,4124,6661,7291,7843,10002,10550,11222,11476,12929,13575,13773,13843,15114,15804,18308,18682,20828,21619,22149,32095,41704,44985,62762
55,11200,1310,76357,24269.1,18503.8,32.0001,7.57585,-12.8902,-4.66324,-7.88326,-4.90993,-6.02266,-9.18594,-3.71299,-15.355,5.72796,-21.2173,-13.472,-18.584,-16.6759,-16.7063,-15.4147,-17.3616,-11.1058,-19.2508,-8.93078,-89.3315,1310,1950,2406,3288,3967,8731,12041,12063,12087,15184,18367,18566,18891,20877,21373,21644,23246,23996,25664,26024,26486,26685,26871,28424,34777,43088,53501,55728,64480,76357
56,11400,1070,247275,55018.4,55954.1,30.7422,7.93587,-13.0537,-3.96327,-7.37189,-3.95249,-4.48356,-8.52487,-3.43038,-14.3358,6.74026,-21.9336,-13.5102,-18.3796,-16.5539,-16.9372,-14.6677,-17.8416,-11.6043,-19.4613,-8.04742,-90.5841,1070,1950,3033,3619,3706,6757,10720,15694,20906,22270,23511,24052,28533,30996,42046,42417,46907,49545,50551,51514,52126,74293,90176,98137,106052,107476,111401,116824,166995,247275
57,11600,357,260607,45643.5,53449.2,30.6621,8.2365,-13.8671,-4.16866,-7.49275,-2.98835,-3.24063,-7.5164,-4.39968,-14.1501,6.31119,-22.1856,-13.9677,-19.091,-17,-17.4188,-14.5866,-18.855,-13.2907,-19.9162,-7.8852,-91.5637,357,2997,3767,4817,6217,6390,7258,8342,12142,12479,12640,14605,22926,25329,34079,39456,43166,49578,52448,53178,53814,58484,59602,60809,66425,76182,77288,81857,162066,260607
58,11800,1920,72755,27421.8,21708.1,29.7238,8.40833,-13.9318,-4.04673,-7.68511,-3.86294,-2.78737,-6.85087,-4.06341,-14.2833,6.85177,-21.9501,-13.7239,-18.7361,-16.7437,-16.8382,-15.8177,-19.3181,-13.9952,-19.1099,-8.04698,-92.8716,1920,2347,3959,4754,5676,7381,8604,9228,9395,9971,13982,15485,17213,20060,24276,24606,24888,25092,30489,31522,32198,33574,43882,46389,50303,51899,64172,64350,72284,72755
59,12000,573,115719,33626,28963.1,30.3353,8.58766,-14.454,-2.94267,-6.99115,-4.26985,-3.31637,-6.22633,-3.71722,-13.6388,7.87179,-22.9624,-14.9338,-18.7124,-16.3104,-17.0883,-17.2208,-19.8204,-14.9809,-19.0976,-7.98789,-94.2516,573,3416,5137,6186,7135,10086,13487,13999,14971,15418,19511,21053,24627,24953,25784,26646,28172,30277,30858,32487,35415,38733,42910,46041,59123,60910,71682,72343,111129,115719
60,12200,1103,237639,45935.4,52913.9,30.718,7.99517,-14.1521,-2.33084,-6.78456,-5.75599,-3.41815,-5.12256,-3.66037,-13.1284,9.10116,-23.9605,-14.9755,-19.573,-16.2454,-17.6591,-16.6007,-19.3807,-14.0425,-19.4664,-8.64226,-94.9684,1103,2041,3230,3336,3987,5795,9349,11910,12328,12716,13848,25276,27588,29478,29800,32893,36516,37161,40020,40945,41758,51509,52309,71816,75885,76523,94816,139985,156501,237639
61,12400,3350,295349,71215.6,62344.3,31.5979,9.05979,-13.1058,-1.5844,-6.72463,-4.24851,-3.41268,-4.0885,-3.70563,-12.8203,9.48008,-24.456,-15.4255,-19.9039,-17.0326,-17.6746,-17.3563,-18.0334,-14.5959,-19.0915,-8.14588,-95.2996,3350,4397,8187,16741,19163,20680,24533,27707,29139,32546,32922,42219,44777,51226,55631,56714,62119,63414,84099,85023,87042,87330,102220,104654,107471,110537,136128,163424,177726,295349
62,12600,1108,363159,68018.2,74819.9,31.2559,9.62099,-13.6555,-1.70994,-6.69536,-4.74779,-3.53666,-3.93334,-4.60183,-12.1911,10.12,-23.2047,-15.5198,-20.2844,-17.4127,-17.7311,-18.6437,-18.7511,-15.9091,-19.335,-7.97789,-94.8738,1108,3726,3890,7930,10883,12171,18589,18830,18877,23148,24629,29953,40558,42829,43636,48752,57420,57501,62141,69230,72799,73999,82904,100974,121576,133801,149106,170714,175712,363159
63,12800,5745,181813,68356.5,50499.1,32.0672,10.0934,-12.6903,-1.69788,-6.36548,-2.931,-3.47967,-4.48027,-4.97049,-13.1271,10.8995,-22.6359,-15.8894,-20.5507,-17.7949,-18.5397,-19.1378,-18.5814,-15.9367,-19.5384,-8.47701,-95.7865,5745,16428,18384,18638,24603,28919,30417,31019,33105,37275,39587,41001,41319,46578,49021,49360,56123,65056,66292,73445,77258,81546,85597,95499,130076,136102,151230,159357,179903,181813
64,13000,147,237757,70088.8,60994.7,32.3924,10.3822,-12.6845,-0.88984,-7.12065,-1.43854,-3.29206,-3.48167,-4.28401,-12.7567,11.4565,-23.2809,-15.6771,-21.326,-18.3008,-20.358,-20.5512,-20.1199,-15.8542,-20.2699,-8.49035,-96.3705,147,1074,1149,3740,4377,12069,13086,18370,20717,25118,28673,32892,35182,44046,47159,58811,70547,78330,93127,99478,102912,108602,116387,128121,135161,136891,143300,151350,154091,237757
65,13200,568,413305,88112.8,96187.8,33.1671,10.7017,-12.4711,-1.42151,-8.0699,-1.41313,-2.78928,-3.36597,-3.54211,-12.5056,10.9538,-23.0115,-16.4179,-21.3148,-17.039,-20.0414,-19.8837,-19.2926,-16.0435,-20.8802,-8.80656,-98.3334,568,1546,8741,9305,14223,19699,21648,25216,25798,26056,26606,27619,29708,36674,37995,41436,56275,70443,80763,97964,103430,111589,131987,166583,174866,187161,220261,223795,252123,413305
66,13400,784,226963,66485.9,54508,32.3225,11.2874,-12.2395,-2.30918,-8.16544,-1.34574,-3.90324,-3.60979,-3.10836,-12.2632,10.5754,-23.0455,-16.9821,-21.4244,-16.6567,-20.9165,-19.7336,-19.5126,-15.6612,-21.1668,-8.72729,-99.18,784,2017,7307,12603,14074,14777,17920,18005,26934,30385,35418,37605,41191,54171,54663,64999,68846,70567,71295,75992,79827,89908,92057,106381,110623,121012,125849,148839,173564,226963
67,13600,5514,272801,59343.9,57171.5,33.0103,11.7616,-12.4091,-1.84961,-8.01682,-1.45007,-4.26939,-3.98992,-3.68013,-13.0051,10.8065,-23.1929,-16.4597,-21.8756,-17.2695,-21.1833,-19.4888,-18.084,-15.4112,-20.9923,-9.26096,-98.0493,5514,5715,6441,11737,13889,14939,15034,18873,19816,25998,26293,27328,28311,35802,38833,42498,44204,45882,56474,60172,85597,90495,92700,100568,100601,106930,114274,133620,138978,272801
68,13800,2954,246628,65462.5,57602,31.8028,12.1497,-12.449,-2.10473,-7.92611,-1.3232,-5.45036,-3.42403,-2.72109,-12.7526,10.8672,-23.0208,-16.1309,-22.1973,-16.4317,-20.8294,-19.7133,-17.7653,-15.4306,-20.9894,-9.59228,-98.9296,2954,7978,11485,20389,20584,22505,22637,22654,23120,27960,31769,34257,37189,43063,45180,49505,51196,56876,72465,73144,87775,91690,96032,96663,99954,102015,117020,130096,219092,246628
69,14000,467,375075,112482,92398.1,34.5328,13.0642,-12.0866,-1.79835,-7.98609,-0.910043,-5.64014,-4.03867,-2.56612,-12.7309,11.0208,-23.0235,-17.1933,-21.6822,-17.6149,-20.8993,-19.233,-18.1179,-16.0652,-21.9338,-8.9106,-100.376,467,671,10186,16527,23098,30930,33962,37994,38176,40687,42849,68542,75528,80872,82761,89723,114457,130478,142339,145894,149149,152900,155727,180528,187493,216156,226175,253349,271776,375075
70,14200,7380,275851,84774.6,67446.9,34.179,13.2095,-11.7802,-1.09025,-8.67546,-1.33441,-5.70051,-4.43922,-1.79006,-11.8581,12.3119,-24.4917,-16.9171,-21.738,-17.7399,-21.398,-19.268,-18.2578,-17.3207,-22.4718,-9.33562,-101.752,7380,10323,16694,17483,18364,20722,29933,30400,32714,34025,35878,42431,47037,47119,71438,73275,76776,86815,93656,106314,114660,119155,125491,152748,158928,161523,166591,167755,201758,275851
71,14400,1548,439442,153512,126569,30.5911,12.9557,-10.9205,-1.33767,-8.78973,-1.18032,-5.25151,-5.09267,-2.72048,-11.9359,12.6362,-25.9719,-17.6211,-22.0681,-18.0219,-20.9852,-19.5248,-19.1457,-16.663,-22.9215,-9.90089,-103.711,1548,1778,6039,16096,17981,26663,28341,45998,50024,60233,70708,109198,111934,118414,127270,131135,137354,167872,174797,196760,205076,206810,236057,258382,262262,299707,319994,342253,435224,439442
72,14600,10507,292286,99536.2,72277.7,29.3505,12.7648,-11.2919,-2.0323,-7.84034,-1.24476,-3.56736,-5.04191,-1.99481,-12.0408,12.5455,-26.6181,-16.5024,-22.6221,-17.8631,-21.0833,-18.5965,-20.4493,-17.412,-23.5463,-9.5397,-103.567,10507,13059,20001,20082,21137,43884,45944,51802,56746,58348,60440,61672,64230,64519,74379,79196,90927,103921,114714,117447,122853,131346,133716,139073,158006,171261,171511,245220,247860,292286
73,14800,1283,476496,121849,116451,29.9145,12.1081,-10.5423,-0.746165,-7.26798,-1.48773,-3.72992,-4.42786,-2.0202,-12.4905,12.7667,-25.0813,-16.0783,-23.0437,-18.1364,-20.6852,-18.4245,-20.0451,-16.5759,-23.886,-9.84833,-103.37,1283,8377,10538,12030,16805,30936,39031,39953,44213,46526,49317,53919,56237,78849,79631,87587,113693,129781,141523,146254,151107,152088,177045,182351,189298,210244,211759,291210,427391,476496
74,15000,9234,533414,118921,115493,27.813,11.9022,-10.766,-0.257931,-6.41014,-1.61448,-4.4481,-4.85334,-2.76152,-12.3219,13.3801,-26.1781,-14.8672,-22.6678,-17.9865,-20.2158,-19.8727,-19.626,-16.103,-24.6878,-9.92752,-104.322,9234,13710,19934,28649,32020,32071,40439,40670,42274,48223,49430,49863,71230,72814,81239,95242,103912,108293,109049,109408,153703,156624,159663,161414,177047,207954,208300,262084,389713,533414
75,15200,3890,540411,107264,130388,27.6771,12.4009,-11.4469,1.12618,-6.33056,-0.109953,-3.77867,-4.22342,-2.86302,-11.6608,13.1032,-25.9445,-14.0894,-22.5464,-18.0073,-20.9521,-19.338,-19.6922,-16.1847,-24.9471,-11.8746,-105.74,3890,4667,10336,10756,17809,17941,19331,33241,33846,34677,38269,46110,51926,52024,62402,73776,74102,82650,84725,108788,112353,117837,122317,124290,173565,181724,221512,255222,507437,540411
76,15400,3491,718919,115145,150948,27.2378,12.7634,-12.7063,0.358769,-6.11344,-1.54053,-3.70427,-4.49679,-3.25599,-10.9672,13.5094,-25.8231,-15.0268,-23.6166,-18.2468,-21.0205,-19.6016,-20.2593,-16.4809,-25.0602,-11.4579,-105.203,3491,4545,11401,12625,16184,21687,23066,24757,26331,26397,29749,40659,49927,57397,67421,69207,74575,77233,79637,86939,106046,131016,132876,153464,182893,230246,269668,326471,399528,718919
77,15600,3017,466817,94782,102483,29.578,13.4664,-11.9626,1.38811,-5.47973,-0.37815,-4.27517,-3.88071,-2.74894,-11.3544,13.2622,-26.0256,-15.547,-23.561,-18.004,-20.4902,-19.3609,-21.3163,-16.5604,-25.7319,-11.5133,-106.556,3017,6325,6654,7061,10885,13219,14646,20679,27844,28916,41720,45889,54895,59669,65221,79905,85790,96539,98715,103896,106712,110326,117225,134064,146406,156376,170140,226757,337153,466817
78,15800,865,461020,91973.5,102229,32.0199,13.7346,-13.0892,0.742131,-5.55034,0.469006,-3.98732,-5.1921,-2.28963,-10.9536,12.5094,-26.5783,-16.8277,-24.2754,-18.0566,-19.9032,-19.4575,-21.6561,-16.1592,-24.9117,-11.5704,-107.469,865,2227,3343,7371,7702,8160,16085,18900,23352,28121,29445,35857,43911,45463,52451,68471,69662,80655,89849,90291,105794,119446,125663,146797,178232,179758,222020,230879,267414,461020
79,16000,2190,295609,73944.9,71605.5,29.8828,13.5082,-13.921,0.112035,-5.69722,-0.256833,-3.76103,-5.12003,-2.20495,-11.4076,13.3521,-25.4202,-17.0611,-24.951,-18.3004,-19.5273,-19.0349,-22.0418,-16.3991,-24.9431,-12.4413,-108.917,2190,3514,4195,8335,12684,14602,19043,19619,26400,27573,28211,30380,33183,34748,48722,56644,61580,64791,81034,106382,106512,107215,109749,117234,117781,129395,140062,161482,249479,295609
80,16200,1106,206566,62046.4,59809.5,28.7481,14.4534,-13.7418,1.66489,-5.3769,-0.710354,-3.38179,-4.55174,-1.93686,-10.8742,13.0277,-25.4583,-16.9859,-25.1984,-17.722,-20.1418,-18.6675,-21.9998,-16.0502,-24.4879,-13.6666,-109.529,1106,2231,5793,6324,11265,15880,18524,19399,27358,27818,28175,33119,33701,38743,39580,41062,43151,44754,51277,52639,69284,74420,79870,87216,112688,152834,164139,178387,194089,206566
81,16400,906,304689,109388,87575.7,31.7099,14.0651,-13.8463,2.1877,-4.90802,-0.182603,-4.09865,-4.8316,-1.05077,-11.4315,13.9754,-25.1381,-15.9756,-24.9409,-18.4986,-20.6819,-19.4438,-22.9427,-15.7358,-24.351,-13.1495,-109.355,906,2966,4593,7103,9377,21641,22577,27044,54784,60662,75144,80391,80688,82976,84996,96104,98130,98202,120947,128315,147497,152658,159944,181784,192612,196964,243315,255501,289132,304689
82,16600,4017,634695,137674,153611,33.3695,14.2085,-12.4376,0.242741,-4.50744,-0.0608863,-4.05989,-4.43155,-0.951708,-12.3628,14.9592,-25.3798,-15.0431,-25.459,-18.5443,-21.2748,-18.8934,-22.1649,-16.496,-24.0439,-13.4206,-111.12,4017,10085,15003,18408,23156,24270,27499,31340,37579,42113,44799,53459,59667,67009,69359,91234,93581,97314,100222,132755,142472,148195,178262,196846,272647,315849,360472,376973,460946,634695
83,16800,448,523709,88862.9,105726,34.287,14.1111,-12.3441,0.996379,-3.48278,-0.180308,-2.85332,-4.12851,-0.946547,-11.9566,14.1299,-25.1284,-15.0456,-25.3847,-17.6968,-21.2955,-18.6191,-21.628,-16.3518,-24.5865,-13.5344,-112.476,448,2432,9218,15607,18423,24243,24609,24842,25875,34294,34800,36332,41878,42534,55401,61055,63509,72920,80428,93305,102104,109093,110339,114669,114950,123241,209434,216279,279915,523709
84,17000,802,292487,95454,68275.6,34.8444,14.0889,-11.8225,0.915126,-3.62285,-0.0216415,-1.47199,-4.32634,-0.318866,-11.9864,14.8489,-25.9215,-15.0629,-24.4786,-17.4811,-21.7884,-18.3551,-22.2979,-15.2297,-25.3745,-13.6306,-112.578,802,11019,25185,41641,43782,45872,47972,50517,51611,55381,56112,62867,65122,70529,72168,82292,88718,90525,93590,99994,104097,113186,115483,123130,130723,181743,195130,213716,238225,292487
85,17200,5188,323980,116587,78514.5,35.4693,14.3512,-11.5934,0.7076,-4.3123,-0.221559,-0.820459,-5.33412,0.425198,-11.6949,15.3977,-25.4039,-15.3858,-23.6302,-17.3759,-21.352,-19.0095,-22.5623,-16.0859,-26.234,-14.5774,-112.375,5188,8120,11891,18366,26410,44025,44682,49337,49385,53805,58945,84194,90280,99675,132869,135003,135602,138327,138909,156355,162202,163470,174628,178635,180481,190094,190630,218224,233908,323980
86,17400,318,292812,92782.7,74004.2,37.5762,14.5501,-11.2973,1.08553,-3.41498,-1.43414,-1.70079,-5.42695,0.612298,-11.8981,15.0988,-25.136,-16.2042,-23.2889,-18.0537,-21.1765,-19.6865,-23.7461,-15.7488,-26.1785,-13.6811,-113.396,318,1932,11486,12310,14079,21965,33628,36711,38975,41324,44369,44701,68736,74185,75078,83722,89585,101732,114233,117609,120722,127789,136436,136615,155373,160691,162793,216353,247219,292812
87,17600,8110,263908,96247.7,71912.5,37.6041,14.8578,-11.579,0.582421,-3.77882,-1.62435,-1.73329,-5.62859,-0.119987,-12.0522,16.0748,-26.5108,-15.9442,-21.7867,-17.3121,-21.1016,-18.9707,-23.9272,-16.0838,-27.0963,-13.4263,-114.516,8110,15569,17023,18777,23555,23645,35999,41519,41844,44025,44774,48531,53582,56014,71599,75540,81192,97225,117182,132259,134113,151348,165373,165606,176631,177392,181742,209296,214058,263908
88,17800,942,331231,80469.3,74691.3,36.2203,15.5506,-11.3449,0.224925,-3.58872,-2.14228,-2.06298,-5.08804,0.710721,-11.8569,16.598,-26.5952,-15.9572,-21.7029,-17.0209,-20.7491,-18.5374,-23.468,-16.0395,-26.8449,-12.4521,-114.513,942,5341,7937,26092,27097,27112,32935,33286,35043,38188,39721,47522,49495,51337,56631,57507,63082,66036,66178,71233,80550,85438,98526,104320,139792,163090,172727,198949,236740,331231
89,18000,1507,459990,96836.4,121781,37.4315,15.6834,-11.0593,1.13401,-4.12828,-2.01111,-3.06924,-5.04933,-0.0724715,-11.4621,17.024,-27.049,-15.8219,-21.9097,-18.3428,-20.4884,-17.4399,-23.3227,-15.5872,-27.6949,-13.0505,-114.78,1507,1512,3530,4419,6815,10753,17010,23418,23599,28478,33059,39982,42953,54131,55622,63443,73208,75999,80335,81558,85143,88392,91645,95879,151203,153032,306181,337907,414390,459990
90,18200,2072,592432,114292,141697,36.985,15.7656,-11.1533,1.15341,-3.92268,-2.02747,-3.39965,-3.92771,0.373239,-12.4019,17.4137,-25.703,-15.3615,-21.7939,-18.1107,-20.9807,-17.6361,-23.552,-16.1217,-27.9364,-13.6844,-115.263,2072,15362,21378,22434,22550,23312,23453,25945,26786,31622,32341,32385,33370,43346,47657,48685,62883,63317,110170,122864,137252,148073,153578,162491,184493,186689,210007,334337,507467,592432
91,18400,8646,784743,116126,144697,37.4973,16.5344,-10.5085,0.542957,-4.37694,-1.73876,-2.67968,-2.86111,-0.304419,-12.3255,17.4231,-26.019,-14.7209,-22.3592,-17.327,-21.5837,-17.2926,-23.8034,-16.3282,-28.2419,-14.8907,-115.577,8646,17380,17447,19877,28926,33140,38603,42275,43012,43967,45218,46940,50072,57062,65308,69448,87881,96488,121973,130177,135858,137819,146651,154188,160723,177152,198875,238023,285894,784743
92,18600,1860,375469,122976,104913,38.9425,16.8553,-11.3614,0.412642,-4.47461,-1.04602,-2.14925,-3.43988,0.508661,-12.3066,17.7362,-26.6286,-15.2434,-22.9586,-17.8965,-21.8516,-18.5134,-23.1234,-17.3166,-28.7623,-16.2074,-115.221,1860,4864,11171,11276,21292,27011,27612,35544,40115,48135,52264,63152,77301,96077,107514,110386,114715,114956,135160,141916,151550,157997,185436,194798,217406,220823,293082,311984,338402,375469
93,18800,14019,276047,100263,68973,40.6275,16.0577,-11.0313,-0.23383,-4.56227,-0.236665,-2.18408,-3.18944,-0.832564,-13.3395,17.0704,-26.8429,-15.4669,-22.761,-17.0076,-23.3725,-18.3985,-23.1633,-16.7503,-29.297,-15.3044,-115.499,14019,18428,22387,24923,26531,31533,42219,43540,44008,55373,56547,61308,63816,70946,80546,90112,105897,112425,117708,119654,138726,140515,149538,156189,164440,165538,166265,217362,231363,276047
94,19000,5689,519379,113181,124057,37.7202,15.454,-11.5538,-0.469558,-5.40051,0.256484,-2.57868,-2.82442,-1.83391,-14.3009,16.8328,-27.4837,-15.979,-22.9151,-17.0576,-23.1496,-19.4721,-23.7565,-16.1047,-29.2017,-15.3332,-114.558,5689,14940,15098,16295,16844,21139,22189,28263,35820,36068,37028,52934,56974,59309,66005,67064,72128,102080,109047,115785,132024,133465,139103,161680,175906,188315,252450,306674,435746,519379
95,19200,3609,464173,90044.7,96809.3,39.179,15.2648,-11.6202,-0.153079,-5.55489,-0.365734,-2.56726,-2.89957,-1.34967,-13.2834,17.8314,-27.8978,-17.1563,-24.1726,-18.0855,-22.9948,-19.109,-24.3622,-15.5269,-28.6536,-15.133,-115.066,3609,7744,8115,8619,11109,12031,26798,32284,36843,38719,45357,46447,46641,48312,51835,53004,66003,79896,80838,86389,101675,110629,112253,113667,155690,189364,206686,214956,241655,464173
96,19400,6303,616210,138071,153750,41.8189,15.314,-11.9815,0.280911,-5.1704,-0.659212,-3.95641,-3.39001,-1.07776,-12.7585,17.4241,-28.0854,-17.0395,-24.5027,-18.906,-23.6871,-19.4834,-24.4302,-15.7419,-28.8946,-14.8638,-115.911,6303,16281,16605,17937,22893,33556,33675,47506,47938,54110,56832,60497,79220,96165,105070,113178,118445,119968,120153,122997,133540,138789,144394,151103,164822,202330,285073,420248,596279,616210
97,19600,1678,295479,118155,86643.6,41.9005,15.3713,-12.0883,0.932561,-5.60543,-0.673409,-2.60773,-4.12123,-0.995822,-12.9589,17.5481,-27.8663,-16.0186,-25.0079,-19.0803,-23.4687,-19.7579,-23.983,-16.0378,-29.2453,-14.6433,-116.241,1678,11339,14138,17043,29815,32648,37763,46643,56025,62589,70513,83042,91265,96510,101584,116334,122323,127041,128161,129833,132978,134302,156813,181975,218720,224712,258466,275398,289531,295479
98,19800,9400,553441,121564,114970,40.0177,16.1365,-10.8212,0.44557,-6.32028,-2.36152,-2.20662,-4.42572,-1.45255,-13.6415,17.6507,-27.6754,-16.4381,-25.5779,-19.5929,-22.81,-20.353,-23.6056,-16.8166,-28.5116,-14.6728,-117.952,9400,10136,23914,24835,34238,45482,50100,54905,61168,68691,69849,71090,73810,80300,83897,84155,84614,88030,88789,101966,131656,132414,136854,150075,248736,252787,265202,281924,284459,553441
99,20000,1241,489033,115145,116055,35.1641,16.821,-10.4021,1.11359,-6.51696,-2.15354,-1.7835,-3.51068,-1.52762,-13.4704,16.5076,-28.3947,-15.9595,-25.1138,-19.6386,-23.6355,-20.3868,-24.0883,-15.9273,-28.3861,-15.3106,-118.469,1241,8417,14286,15550,18614,24627,30175,38935,49948,51122,51132,53533,55902,59130,61123,76449,91103,103696,107816,121439,133588,136493,146820,147961,218981,242050,247044,261973,396174,489033
100,20200,249,334013,102923,92711,36.7211,16.1307,-10.7748,0.289098,-7.07601,-2.17883,-1.83662,-3.84432,-0.53389,-13.2547,16.8532,-28.51,-16.2075,-26.1534,-19.1,-23.1805,-21.1077,-24.8141,-15.7364,-28.5666,-15.2425,-118.358,249,2641,2957,3484,23913,28333,32959,43013,47326,47916,48533,50543,56139,70893,80041,82544,83755,94226,107731,115007,119216,128152,130778,142264,143257,205163,270625,279997,312023,334013
101,20400,1130,288701,107287,79255.5,34.1098,17.0199,-11.1964,-0.565077,-6.7208,-1.41825,-2.66294,-3.25151,-0.844791,-13.5737,16.8401,-28.431,-15.2965,-25.6939,-19.0214,-22.8964,-20.7994,-24.8792,-17.0947,-29.6908,-14.3247,-119.127,1130,8401,12647,18236,21790,30060,31872,40809,44371,62116,62574,82339,82373,85500,88476,95703,103797,120212,123315,129167,139370,139806,144902,155172,177819,178284,248527,250096,251035,288701
102,20600,2814,567433,128027,130657,33.539,17.8613,-11.5654,-1.23699,-7.1859,-1.96369,-2.82309,-4.04085,-0.397512,-14.2207,16.9604,-29.669,-16.0226,-25.7241,-19.0085,-23.5418,-21.3964,-25.5362,-17.7451,-30.7673,-13.5818,-119.305,2814,6080,15606,16555,19024,23777,26681,27878,44812,55220,58755,61705,68855,83927,93637,104105,113798,130134,140322,143377,149605,161523,168958,191722,193284,218468,225428,233655,493683,567433
103,20800,2627,556946,146854,145064,30.9354,17.2589,-11.3139,-1.92338,-5.76879,-3.61105,-2.50703,-4.18771,-0.937637,-14.0892,16.6971,-30.2126,-15.9634,-26.2522,-18.7765,-24.2084,-21.3299,-26.4969,-17.173,-31.4302,-12.147,-120.898,2627,6567,11461,17987,20585,23694,30193,31916,37080,45639,55199,57976,66392,82708,94250,95193,96014,119586,136417,189102,210244,214448,222866,230406,245294,307933,370351,411948,414590,556946
104,21000,4656,713819,161283,171513,30.9737,16.2442,-12.3562,-2.14827,-5.83812,-3.67295,-2.38463,-4.19369,-0.873042,-13.929,16.3546,-30.7451,-15.965,-25.792,-19.8065,-24.1169,-20.5146,-25.6328,-17.8726,-31.4769,-12.698,-121.85,4656,19789,23522,28613,29383,30009,30531,31721,49716,53891,64170,68476,71801,74244,76288,88610,96961,120094,121932,167277,171223,244528,252858,289711,290082,290549,352433,461673,519942,713819
105,21200,355,409500,126972,108518,31.6265,16.3184,-13.069,-2.5199,-5.46604,-4.10395,-2.7007,-3.64683,-0.546415,-13.7243,16.0078,-29.6271,-16.6649,-25.206,-19.3812,-25.0424,-20.748,-25.2453,-18.2881,-30.3188,-12.7697,-122.639,355,4061,4453,25602,33067,35096,43361,46429,48588,49919,55212,61641,71118,79448,81814,90890,102078,122824,142190,148091,154013,176873,203187,207212,221732,270515,291729,294377,333781,409500
106,21400,7677,534671,134141,122424,30.6566,15.3186,-13.005,-2.01886,-4.44365,-4.43962,-1.65522,-3.92025,-0.134336,-13.5141,16.3854,-29.8849,-16.5005,-26.0567,-18.9045,-24.8649,-20.505,-24.9258,-18.1747,-30.708,-12.9723,-122.726,7677,9884,10271,10860,14694,15498,45981,47229,51422,53801,57710,57950,68871,93742,95387,101495,115247,123656,130348,155774,193795,200879,206658,215684,238654,261833,275242,283138,346178,534671
107,21600,4746,575816,105530,104976,31.7431,14.907,-13.0748,-0.967072,-3.6509,-4.31271,-2.20547,-3.826,-0.757545,-12.78,16.4908,-30.0075,-16.6993,-25.3943,-19.3026,-25.4259,-20.9858,-24.2104,-19.3089,-31.1853,-13.2583,-122.451,4746,7273,24651,28396,29013,39497,44193,47385,53717,63622,65783,75846,77708,79620,83878,86588,93381,96223,96922,105463,107162,120586,120977,143289,150446,151636,153001,169684,269410,575816
108,21800,3842,445315,119313,124500,33.1418,14.5771,-12.1653,-1.75759,-3.95248,-3.26334,-1.58404,-4.45936,-1.15525,-13.8163,15.9521,-29.9809,-16.6683,-25.428,-19.0979,-26.0071,-20.3765,-24.5489,-18.915,-30.5975,-13.1155,-123.832,3842,7627,9537,16567,22584,24828,26559,28582,28772,28920,29216,30241,40505,51279,66169,104959,106389,109588,110232,120813,130540,147068,173218,201321,222052,237985,261343,352703,440634,445315
109,22000,1653,530770,82528,113967,34.1238,14.6472,-12.5622,-1.31941,-5.14216,-4.11773,-1.19704,-4.22978,-0.981348,-13.8931,14.6124,-30.2568,-16.939,-25.4282,-19.4984,-26.069,-20.2521,-25.879,-18.5372,-30.687,-12.5009,-124.873,1653,1717,2715,5448,10714,14339,17564,18546,19253,22477,25434,35537,35576,36537,40714,44890,61867,63557,65664,67167,70232,71671,81476,97878,121380,137527,164326,303740,305470,530770
110,22200,7289,380118,135017,110159,34.105,14.9055,-12.6444,-0.5727,-4.27405,-5.03144,-2.0551,-3.65724,-0.961703,-13.464,15.2043,-29.8814,-17.1928,-25.1976,-19.982,-26.2117,-19.8507,-26.5951,-18.0719,-30.6736,-12.7538,-123.58,7289,9462,17254,29305,35147,37143,39269,39924,48947,56382,62197,67001,68732,73259,80895,84792,104779,136514,148587,187814,196503,201242,231830,233522,273124,281872,294384,300648,322571,380118
111,22400,6350,367894,108466,108007,34.4069,15.8638,-13.4024,-0.348805,-3.62091,-5.39836,-2.03307,-4.26082,-2.39766,-13.5082,15.9709,-30.3142,-17.4886,-25.7104,-19.0188,-26.6351,-19.9928,-26.3626,-18.0404,-31.0357,-13.0093,-123.98,6350,6490,6569,12243,12793,13217,15305,25085,28486,30881,35712,42275,44147,48369,55422,61542,72441,76837,89826,123118,191808,194956,197303,203663,210103,217503,239714,260437,363486,367894
112,22600,9159,569479,178430,153753,34.7972,16.5594,-12.9414,-0.957799,-4.29012,-4.43885,-2.45875,-4.42632,-1.89888,-14.2966,16.4997,-30.091,-17.7427,-25.5139,-18.9732,-27.2281,-20.1658,-26.8925,-18.2644,-31.0989,-13.3664,-124.174,9159,15477,27174,27564,46435,46566,48070,51567,59566,70862,72846,106323,106450,111654,111875,116393,130420,185114,187784,200561,259582,271783,275008,294094,319241,319834,350619,407209,554180,569479
113,22800,616,468890,106116,116971,35.9066,17.0605,-13.8274,-1.82321,-4.67662,-3.16603,-3.534,-4.61286,-1.30339,-14.2982,17.2279,-30.456,-18.7557,-25.5786,-19.3292,-27.2031,-20.6884,-26.8068,-18.7788,-31.0216,-13.0968,-124.957,616,1076,9160,11291,16521,16605,20077,32924,39203,41695,55578,57972,60122,66360,68499,68539,75992,90124,91391,97689,101490,131283,131989,141320,171799,179537,197956,280737,457053,468890
114,23000,1699,656795,196682,158687,36.6977,16.6089,-14.0082,-2.71539,-5.24529,-2.74673,-3.14869,-4.92009,-1.039,-14.2217,16.6641,-30.8003,-18.2492,-25.3119,-19.3528,-27.2508,-21.2411,-26.1954,-18.2724,-31.8756,-12.5806,-125.621,1699,7565,47927,48629,56073,56770,61469,79148,89714,115912,121027,127928,136415,140238,148570,155896,167865,181040,181870,207354,228537,246129,247158,300417,302223,359693,461357,463457,501587,656795
115,23200,5426,423392,165264,114641,36.4976,16.2243,-15.4087,-1.17209,-5.3496,-2.81275,-3.69464,-4.20668,-0.448171,-14.9678,15.5657,-30.2219,-17.3997,-24.6419,-19.6252,-26.8272,-21.129,-26.325,-18.591,-32.0031,-13.5973,-127.103,5426,5640,7293,23592,35876,41844,47266,50150,88821,105606,107190,123271,139909,145506,146472,151689,192830,194042,214597,216223,223714,241422,242284,243787,261449,263864,275014,353957,385805,423392
116,23400,1121,299619,109692,85517.8,36.8635,16.0727,-15.4781,-2.16015,-5.63344,-2.74108,-3.54449,-4.20123,-0.302435,-15.2566,15.9318,-30.0458,-18.0323,-25.1202,-20.3095,-26.5548,-21.7029,-25.9915,-19.6401,-31.8147,-12.0234,-127.948,1121,4360,10566,16926,16932,29549,32251,45240,45384,48348,56123,58836,65479,80960,83266,90330,103572,112297,135345,141227,142201,147509,178273,185533,201950,214731,232907,235681,274233,299619
117,23600,2247,345553,101745,92045.4,37.4255,16.5521,-14.4977,-2.22252,-5.58494,-2.71349,-3.54879,-3.7385,-1.29079,-15.3964,16.7917,-30.1703,-18.1344,-24.9301,-21.5331,-26.3669,-21.8272,-25.551,-18.1807,-32.4269,-12.2743,-128.172,2247,3970,7931,8634,16398,18230,19592,22455,25178,41753,44900,52293,59995,74133,82008,96042,103359,103396,104568,109926,118092,119399,131027,135053,210710,219683,239615,243672,292544,345553
118,23800,9534,603630,150052,142190,37.2563,16.9126,-15.5816,-1.46959,-5.16777,-3.79296,-3.163,-3.86244,-1.79416,-16.0198,17.3765,-30.1618,-18.1791,-24.3423,-21.5953,-26.2475,-22.4443,-26.5603,-19.5418,-33.0707,-11.4614,-127.527,9534,13773,14862,22042,27603,27677,30237,30319,33462,43123,45565,54389,57549,62923,86507,155112,175465,177709,181016,187339,195035,218923,235559,245638,257204,265471,294859,303390,445651,603630
119,24000,638,592260,121183,137061,36.7538,17.192,-15.0099,0.0109355,-5.85661,-3.92851,-2.34773,-3.79152,-1.94941,-15.7569,16.6515,-30.4749,-17.5691,-24.88,-22.6701,-26.1369,-21.8564,-26.677,-18.9399,-32.14,-11.565,-128.309,638,5554,10343,15216,24904,25999,28559,42251,42781,43679,45098,47205,47624,64794,66103,87759,104918,104951,115664,122781,131133,132649,137977,160545,169633,233215,256592,276370,498300,592260
120,24200,708,444526,144493,119782,39.0381,17.4396,-15.419,-0.535257,-6.52473,-4.06365,-3.04884,-3.77069,-1.28425,-16.2084,16.4981,-30.2606,-17.3209,-25.2772,-22.2388,-26.4475,-22.6889,-27.9666,-19.7839,-32.2818,-10.6449,-129.345,708,2798,6498,23860,28334,37110,37112,38592,50528,54331,62084,63610,65822,89055,100770,146564,153239,154759,168946,186846,234974,237317,237438,239110,245500,263243,271505,295662,393941,444526
121,24400,5153,532200,129487,131795,39.1285,17.5983,-14.9165,-0.58002,-5.81989,-3.2361,-2.70808,-2.52068,-0.901482,-15.1043,17.2293,-30.2143,-18.0197,-25.6416,-22.7298,-27.5498,-22.0714,-27.7372,-20.1318,-32.1888,-10.8055,-129.455,5153,5335,8776,10850,11764,18498,19791,32042,47461,54054,57651,61318,64897,77537,81030,89031,137564,145283,146399,146965,149149,149346,156673,162152,202869,258510,275850,287208,489243,532200
122,24600,10625,786824,185007,217614,39.1708,16.0185,-15.5944,-0.0169802,-5.95905,-3.58211,-3.19675,-4.24106,-0.754432,-15.6408,16.9716,-30.5285,-18.5988,-25.1144,-22.842,-28.2165,-22.1298,-27.1661,-19.8816,-32.2814,-11.3801,-129.03,10625,20496,23188,28126,31404,38707,39735,40132,47010,55875,71297,74058,88794,97259,100043,102452,111875,117777,149322,165563,179446,179593,209513,216766,272623,385754,458967,661494,785484,786824
123,24800,1603,690639,145082,158057,37.9902,16.8463,-15.4545,0.737341,-6.76484,-4.69533,-3.00283,-4.79288,-0.47602,-14.7405,17.112,-31.5825,-18.8707,-24.6635,-22.4022,-28.5389,-21.1593,-28.1636,-20.6402,-32.4805,-12.2444,-129.477,1603,6512,11022,21245,22299,25319,26634,33644,37458,43349,46808,50700,60464,68850,74370,79870,106915,129724,139295,155961,167709,180292,206046,246821,259065,301679,324205,412305,421644,690639
124,25000,8787,410281,145101,117473,40.578,17.3733,-16.4904,1.57201,-6.76393,-3.66451,-4.51744,-4.8194,-0.802474,-14.5192,17.4283,-30.66,-19.1797,-24.3054,-22.7596,-28.6856,-21.3718,-26.9846,-20.754,-32.2013,-12.1203,-130.137,8787,12144,13708,14165,17376,20818,34070,53164,58853,58902,61748,82311,82955,98675,106128,126585,130730,148955,165141,208022,211987,217454,251884,255650,260039,262553,265548,314564,399830,410281
125,25200,6466,356327,95691,84105.4,40.7911,16.6767,-16.0028,1.27352,-5.92705,-2.8604,-3.45264,-4.3199,-1.99261,-14.3912,18.2571,-30.2831,-18.8014,-24.2251,-22.9675,-29.0045,-21.4033,-26.956,-21.5351,-31.1142,-12.3315,-130.269,6466,8668,8832,12940,16688,24793,27982,30459,32371,41933,44656,49281,49903,59706,72869,74952,77353,83168,97174,102294,118787,137152,141022,163119,190478,202151,205676,211923,221607,356327
126,25400,2090,810470,175690,191745,42.9892,17.3804,-15.5844,2.36369,-6.56018,-1.22625,-2.96043,-3.73043,-3.66782,-15.2959,17.6951,-31.2779,-18.7507,-25.6951,-22.5372,-28.0395,-20.4628,-26.7133,-21.0179,-30.7413,-11.9666,-129.945,2090,7596,11809,14786,21831,25923,26022,36169,40806,45534,54772,69593,110583,111818,119408,120950,120956,143463,150714,172195,199122,215157,215603,272054,296873,392936,399046,474408,588018,810470
127,25600,1238,412229,86333.2,97493.1,43.0769,17.9508,-16.3591,1.76731,-6.78867,-0.718714,-2.70859,-4.90237,-3.87955,-16.2543,17.6464,-31.2891,-19.4509,-25.7579,-23.5183,-28.533,-20.879,-26.9069,-21.1027,-30.9353,-12.8796,-131.098,1238,5709,7652,8720,9242,9967,10155,14342,15103,15594,21120,22059,22927,24125,33967,61927,65943,76102,95643,111542,112351,127511,134737,138631,138835,173743,215286,235184,268411,412229
128,25800,1087,334580,107136,96239.6,41.7846,17.651,-16.3644,1.91187,-5.97445,-0.76472,-3.25894,-5.8354,-3.61092,-15.7408,18.6171,-31.2376,-19.9939,-26.2316,-22.6766,-29.2329,-20.4584,-26.9339,-20.6327,-30.7654,-13.2859,-131.94,1087,3261,3724,9836,12954,15318,24888,27107,40703,42230,42545,55488,64399,68580,92103,93677,94301,95711,95991,112408,114941,139316,160005,184762,237363,246084,246471,252844,301404,334580
129,26000,2274,401115,127432,116560,41.0143,17.6753,-16.8017,2.20064,-6.5764,-1.03348,-3.17063,-5.86008,-3.93194,-15.5222,19.2034,-30.4314,-19.7457,-27.771,-22.9442,-28.7241,-20.3278,-29.114,-19.0477,-31.0953,-12.4643,-132.442,2274,7508,16101,17356,22403,31829,34811,36338,54768,55000,55203,66405,72693,74291,82029,85874,102006,105357,107981,110984,142611,153456,217977,234570,241362,259890,294751,338243,397777,401115
130,26200,4601,482459,137077,132506,41.6239,17.3357,-17.0375,1.21118,-6.14116,-1.84829,-3.15278,-6.53285,-3.92861,-15.3025,20.1639,-31.0805,-18.9032,-27.5587,-23.5095,-27.9681,-20.1417,-29.3859,-19.7534,-30.0808,-13.315,-133.241,4601,12993,13397,14657,15047,18764,30297,32039,34125,38400,41550,44144,56314,61009,69986,109393,131318,155202,163270,165274,176282,195052,208195,218062,226000,254966,356287,361021,422191,482459
131,26400,404,359087,108401,87424.3,42.8603,16.5591,-16.3855,1.31597,-5.88981,-1.61572,-3.14955,-6.06759,-3.81428,-14.9757,19.7489,-30.8505,-18.1221,-27.3599,-22.6615,-27.8491,-20.4555,-29.418,-20.2375,-30.1718,-13.7073,-133.309,404,7258,9324,16468,17779,31752,37417,40294,52791,52942,54453,54710,59463,69514,74749,90486,102663,127463,127933,136998,150020,168876,172764,172876,181397,192593,195424,203346,290794,359087
132,26600,9687,622999,152781,152052,41.7444,17.0441,-17.0292,1.35518,-6.53616,-1.61305,-2.03884,-6.22721,-3.54902,-15.3299,19.2498,-31.5408,-18.763,-27.9665,-22.6037,-27.5218,-21.194,-28.9193,-20.6774,-31.4166,-13.2128,-133.846,9687,10385,21111,22445,25612,25671,29423,32048,42950,44186,50524,55428,55609,66850,91147,95675,103775,147820,153915,182980,226938,230926,240231,251756,260822,292924,357551,404309,427721,622999
133,26800,89,521799,126581,153544,43.0209,16.3854,-15.9318,1.47344,-6.67053,-1.35892,-2.53155,-5.69653,-3.70826,-15.0234,20.3063,-31.7746,-18.7135,-28.4159,-22.8884,-27.3094,-20.0914,-28.3269,-21.2011,-30.6225,-13.203,-133.423,89,836,1275,10488,10779,14961,20122,20791,29981,31400,32244,38278,46899,58059,69877,84900,91065,96649,97610,102774,111644,124602,147477,148322,214768,310851,429128,455521,474238,521799
134,27000,3502,667518,141762,153191,43.7743,16.2952,-16.6559,1.78828,-6.56155,-2.20399,-1.45729,-6.45956,-2.81894,-14.2413,20.3309,-32.4043,-18.0036,-27.3708,-23.7778,-26.616,-20.6921,-29.269,-21.7457,-31.9371,-13.0948,-132.709,3502,4008,8572,13104,13795,22369,23739,29542,31209,40908,66461,71785,74848,76217,91534,103882,122657,127574,130118,144139,151195,191304,212973,220202,238286,243656,265197,354292,508266,667518
135,27200,5318,416050,118853,110073,43.748,16.8002,-16.3599,1.31757,-6.08248,-2.95764,-2.20824,-7.24488,-2.87396,-15.4457,19.834,-33.3975,-18.1202,-28.2716,-23.1193,-28.3335,-21.6402,-28.5165,-21.0078,-32.1428,-12.7652,-133.216,5318,5582,10267,14655,15947,21162,21672,23787,27355,36693,39117,43174,43354,56575,56780,88711,124281,141841,149536,162695,186556,188560,204662,205877,206910,233781,236557,240199,357943,416050
136,27400,20500,504763,143767,101106,44.5201,17.1939,-16.2362,1.06895,-5.83205,-2.94061,-3.19823,-7.38728,-2.76626,-15.0014,20.2054,-32.765,-18.4427,-28.7649,-22.1055,-27.5342,-23.1598,-29.2115,-22.6704,-32.6767,-13.2952,-134.981,20500,23859,39482,40236,58866,62010,64195,69109,79934,81567,86765,89029,105005,112706,119212,138228,141085,148943,149077,155340,165272,188348,197753,214691,228228,233589,239155,256378,299672,504763
137,27600,3937,616678,189609,156949,42.4219,17.1616,-16.4265,1.07252,-6.03019,-4.00434,-3.14613,-7.03299,-2.09381,-15.2876,19.9745,-32.7776,-18.6444,-28.8391,-22.2466,-27.535,-22.8538,-28.9127,-22.9454,-32.8031,-12.3744,-134.432,3937,6237,39707,40261,44368,48321,71911,82535,84609,96578,97987,111195,128172,137486,146489,147665,158299,175801,190368,207449,216013,243836,261055,265062,286990,342032,440729,442743,553759,616678
138,27800,3084,772900,142014,156818,44.3506,16.767,-16.5059,1.98317,-6.11967,-3.99635,-3.06218,-7.21732,-1.22531,-15.1373,20.2925,-33.3995,-18.4799,-28.6428,-23.0094,-27.1255,-23.9905,-28.3111,-23.7015,-33.4373,-12.5015,-135.001,3084,6387,6999,10533,12338,15778,27272,43830,51519,60986,63902,68442,76792,82132,93206,103966,104605,119860,131421,145588,177235,180011,180082,222917,258979,272357,277464,298064,391763,772900
139,28000,6483,459743,145708,104152,42.9508,16.6363,-16.2366,2.5558,-6.05355,-3.53175,-2.12874,-6.91979,-1.99926,-14.5119,21.1148,-32.8209,-18.5153,-29.5077,-22.8937,-27.3091,-24.3287,-27.4587,-24.0937,-33.4696,-10.9275,-135.498,6483,12422,35762,38279,65057,68668,75543,81530,89571,103660,105998,107343,107411,108122,109481,112700,115137,132753,133946,161705,174721,174780,178997,201409,228588,231469,232909,340562,376495,459743
140,28200,3643,567750,134746,146848,43.1357,17.2001,-14.436,2.14182,-6.63843,-3.0521,-2.66776,-6.51208,-2.22272,-14.0763,20.0666,-33.5574,-18.7038,-29.0289,-22.4431,-27.4226,-24.1419,-28.0011,-24.0224,-33.6722,-12.7648,-135.509,3643,4828,5238,11038,20160,24207,25735,27781,41183,50382,51506,55175,68022,73261,74975,79982,96934,98290,104318,116728,117665,132684,236235,241040,261223,280841,316865,351582,503105,567750
141,28400,7364,559207,168265,153426,42.7591,17.8337,-15.4466,1.94365,-7.77333,-3.09353,-2.24732,-6.69008,-2.91919,-13.9887,20.0858,-33.7623,-19.1214,-29.9914,-22.1205,-27.9147,-24.569,-27.4867,-23.4496,-33.1317,-13.1205,-136.042,7364,10210,11170,13592,14246,24175,27513,27848,60470,65042,79367,96649,97117,101408,110060,155891,156137,164712,175381,188654,211218,218281,253309,277944,305455,336866,380192,381076,537409,559207
142,28600,2055,521606,143968,129572,42.4057,18.2011,-15.4712,1.29918,-8.16427,-2.28804,-4.15412,-6.11416,-2.78762,-14.4894,20.5,-34.4111,-19.2748,-30.4619,-22.4635,-28.4516,-24.439,-27.6765,-22.878,-34.3741,-13.1597,-137.178,2055,16521,16701,18690,29960,31357,33291,37341,41375,63264,64110,71968,92874,98300,103048,119789,124017,148828,149845,160033,163507,200741,217286,218491,236575,238238,285382,398485,415360,521606
143,28800,1146,433763,119493,118255,42.3629,18.2673,-16.6538,1.30898,-7.19873,-2.64552,-3.99511,-5.88464,-2.44704,-15.5519,20.941,-34.0933,-20.1298,-30.6079,-21.8873,-27.5457,-24.1391,-29.1624,-22.1871,-34.2265,-13.7595,-137.155,1146,1528,8671,10445,12181,13616,17248,17348,34910,38401,51019,54825,60858,69424,83779,87276,115452,118318,120981,126338,129899,139406,165653,215603,221490,253079,268417,306054,407652,433763
144,29000,10357,325215,122497,85445.6,42.2236,19.0756,-16.9257,1.69953,-7.65249,-2.42379,-4.42659,-5.11173,-3.14988,-15.4426,20.984,-34.4828,-20.4657,-31.5829,-22.6441,-28.4966,-23.538,-29.7459,-21.7463,-34.3107,-12.6705,-137.297,10357,16423,19070,19073,20664,33563,36103,44650,57173,61018,78917,80948,89025,94794,99917,112518,138063,154547,154603,160231,169356,173332,176591,202138,203417,203628,219566,234572,285448,325215
145,29200,5713,681777,170068,167769,42.8797,18.9243,-16.0448,2.38857,-7.77354,-2.52535,-5.07546,-5.00122,-2.33127,-15.74,19.9326,-34.5513,-20.2811,-30.617,-23.1711,-29.0515,-22.3081,-30.478,-20.9606,-33.578,-12.5561,-139.759,5713,8734,14860,16995,18708,21483,31583,38525,47051,55061,76973,100240,112232,120577,121076,124235,124842,126646,155679,167699,217569,230125,278583,279415,298120,299758,316739,447803,563224,681777
146,29400,783,428159,88481.9,96450.6,42.0926,18.7114,-16.709,1.10619,-8.51144,-2.27815,-4.11573,-5.87416,-3.13048,-15.1412,20.8975,-34.0537,-18.57,-31.2253,-23.0402,-30.7956,-23.2715,-29.9451,-21.7113,-34.108,-12.8727,-141.033,783,11605,11776,12036,13729,14961,15506,28960,34042,43142,46726,56001,56109,56483,58567,60933,64331,65856,74633,81673,89478,89920,95824,109956,139493,154476,184264,213442,341594,428159
147,29600,6602,550403,136895,131971,43.6891,18.4385,-16.5873,1.21451,-7.83298,-2.39038,-5.14401,-6.27364,-2.92771,-15.1426,20.0889,-33.8729,-18.8939,-31.2457,-22.6301,-30.3383,-24.683,-30.2875,-21.455,-34.0187,-12.9599,-141.172,6602,10409,10963,18505,22688,23464,24539,36615,39473,43300,58759,66946,67433,83380,101169,117041,128323,134445,135038,140257,152813,171440,173241,193609,243697,286770,332048,353623,379860,550403
148,29800,584,515683,140725,118262,43.6337,18.1281,-15.3215,1.49194,-7.72968,-2.29774,-4.26246,-5.54379,-2.42043,-15.6496,19.7138,-33.7682,-18.5027,-30.4773,-23.9206,-31.222,-24.2548,-30.7538,-21.3261,-33.5099,-13.4261,-140.683,584,15609,17273,18408,21428,22785,28921,31341,59218,66801,67984,75597,83684,117898,119903,128303,129336,143412,158719,169938,187159,195894,205022,225473,259584,275587,280558,282943,316706,515683
149,30000,549,730509,133532,140841,43.8172,19.0203,-15.7316,1.61076,-7.09843,-3.94582,-3.50825,-5.42834,-2.07358,-15.3101,19.9287,-33.7238,-18.0016,-31.4749,-24.1084,-29.8067,-23.6535,-30.9593,-20.5614,-34.6573,-12.7552,-140.486,549,8221,13691,28365,28462,31282,43223,52427,58762,64556,64863,65946,84726,92412,94148,103722,105315,106519,106782,142923,160484,160554,171189,181771,212775,229612,243385,290465,328328,730509
150,30200,4945,726908,150359,164258,43.3193,18.5163,-16.5651,2.26301,-5.87933,-4.57901,-4.19323,-6.06487,-1.38719,-15.0475,20.2906,-34.1272,-18.1264,-31.4343,-23.6814,-30.0117,-23.1377,-30.7592,-21.2096,-35.2161,-13.169,-140.533,4945,5226,7946,9821,13458,21896,25244,27814,48172,49095,54513,62660,65653,90070,109006,109950,117820,148060,148482,165724,172096,175424,177336,181839,255373,286446,374054,414235,461501,726908
151,30400,13163,638900,140639,159538,43.6462,18.6535,-15.994,1.63812,-6.03907,-4.41008,-6.11309,-6.25207,-1.97826,-14.9048,20.7555,-32.5401,-18.2409,-31.0135,-23.3373,-30.976,-23.3028,-30.7482,-22.5971,-35.661,-14.0272,-140.956,13163,13795,21147,24997,25269,46238,52728,56646,57327,57648,61247,65692,71128,71274,78395,81709,88801,95733,103481,111324,130575,143314,150592,180670,184153,231381,298078,519671,544105,638900
152,30600,2547,306923,109576,77233.3,44.3653,17.751,-15.8797,1.74535,-6.47933,-4.21109,-5.82066,-6.3416,-1.89462,-15.0178,20.0208,-32.6302,-17.9155,-31.7004,-24.4032,-30.6761,-23.6031,-30.5802,-22.4814,-36.1865,-13.3451,-143.721,2547,17194,22516,29719,36526,54746,54862,56968,58338,59258,60456,61813,72480,74059,85309,89017,89359,98947,107179,119941,140736,148683,160277,186641,200708,202792,217745,223491,248038,306923
153,30800,1977,409918,89961.4,103067,44.3574,16.9245,-14.8904,1.60566,-6.4286,-3.75236,-5.72696,-6.83444,-2.31195,-15.415,20.463,-32.5524,-17.2811,-32.7389,-25.0105,-30.912,-24.5668,-30.4822,-21.9107,-34.8158,-13.7535,-143.887,1977,2569,3208,4634,13775,15686,19802,24265,27434,32164,40918,43373,51753,52089,56334,58424,63018,74328,75059,89902,93174,100412,104348,105834,124474,164111,220938,230394,394526,409918
154,31000,13955,764276,184362,193686,44.6949,17.3254,-14.6991,1.62444,-5.97645,-2.30142,-4.08567,-6.4732,-1.81153,-14.9889,19.9628,-32.2965,-17.3087,-33.0253,-24.1429,-31.6469,-25.6916,-31.034,-21.0832,-35.0154,-13.5331,-145.031,13955,14048,16347,16666,16734,18631,19606,20011,41990,44976,48605,50411,87026,87939,113548,119167,133062,144553,145215,215351,230246,281334,312326,329900,339759,445420,465320,479539,514890,764276
155,31200,13191,486575,148255,127297,44.4704,17.0676,-14.9424,0.534086,-6.99946,-1.58644,-4.86934,-5.81772,-0.903955,-15.4032,18.7914,-32.7385,-17.4979,-33.27,-23.822,-31.8918,-25.2454,-32.146,-20.7761,-35.4504,-13.7877,-145.832,13191,36856,37968,38357,39296,40022,43881,44267,49232,53925,75771,77893,79089,81220,85271,100414,129949,132830,147507,159785,168585,194046,203047,224976,273091,313500,322320,370880,423915,486575
156,31400,11521,778068,155992,168737,43.6519,17.0077,-15.8139,-0.264042,-6.51964,-1.22419,-4.30193,-6.41862,-0.900807,-15.8442,18.4372,-32.4269,-18.2147,-32.5958,-24.2989,-32.2154,-24.2692,-32.7524,-20.7923,-36.0033,-14.0903,-146.841,11521,16412,21836,23172,27590,31042,35020,38425,40143,44016,57103,58106,77340,88541,104897,108450,108456,109456,118214,154820,205865,215790,222833,237291,268838,278400,342811,364268,491026,778068
157,31600,271,440293,117593,86632,45.5314,16.3924,-15.2377,-0.212355,-5.76205,-2.44072,-4.0366,-6.77283,0.179608,-16.2391,18.5117,-32.2527,-18.2678,-32.8686,-24.2523,-32.1615,-25.9642,-33.0205,-21.2507,-36.3737,-13.2888,-147.234,271,15148,34704,49170,53124,54891,56715,57019,61546,61688,66545,69202,71498,81182,84202,109894,122967,137925,141527,147289,147473,149901,150577,154782,161589,185317,185759,233904,241679,440293
158,31800,5057,253193,105764,77001.9,45.862,17.8496,-15.7383,-0.617682,-4.5055,-2.73614,-4.791,-6.57207,0.0191654,-16.2459,18.4633,-32.69,-18.2705,-32.9128,-25.6957,-31.3412,-26.4789,-33.4924,-21.6675,-37.0333,-13.8545,-148.605,5057,8280,10910,12983,20167,29809,44009,48398,49625,55789,56084,57264,58066,58099,73346,88231,125245,137975,139613,142663,146730,149541,157017,161947,186585,212556,213029,229953,240747,253193
159,32000,3863,556510,124549,120949,46.3125,17.7446,-15.6939,-0.673711,-4.71493,-3.78548,-3.82997,-4.61684,0.0709288,-16.8874,19.2084,-32.9157,-18.1464,-32.455,-26.4553,-31.7893,-26.3007,-32.9122,-21.1875,-36.3113,-14.05,-148.65,3863,11177,13033,18997,20730,30491,35962,37808,39176,42606,46800,59553,63317,78448,81296,83717,107103,116515,120296,137132,137422,144075,215489,222589,227888,236126,261336,288549,298477,556510
160,32200,1499,481015,136405,109333,45.8157,17.1978,-15.3736,-0.780721,-4.46975,-3.50514,-3.40634,-2.93942,-0.748358,-16.9936,18.2851,-34.5664,-18.2239,-32.6928,-26.2278,-31.3588,-26.5349,-32.8739,-21.3824,-38.0221,-13.2039,-149.649,1499,3306,4026,6638,11984,22562,54188,62090,69400,76738,81558,98270,100123,110922,118350,122051,125082,127068,150941,159984,190587,194889,209138,215052,218140,218766,245254,300828,311703,481015
161,32400,2278,994039,167771,219199,45.777,16.8236,-14.9376,-1.04339,-4.55304,-3.29732,-3.70647,-4.03229,0.0352888,-17.2364,18.8376,-34.7676,-19.2535,-32.8615,-26.0953,-30.699,-26.4952,-32.2885,-21.8832,-38.6047,-12.3526,-149.356,2278,3374,7976,15200,21048,26356,35209,36984,40156,54348,55755,59819,68163,77393,99585,102868,103352,108551,119014,123149,126901,162825,198211,216551,314182,315316,411063,485526,647936,994039
162,32600,3031,672029,154477,130016,47.8421,16.7404,-14.1384,-1.26852,-5.64267,-3.10414,-4.23254,-3.79342,0.609434,-16.375,18.8606,-35.9732,-19.717,-34.0457,-26.2763,-29.8974,-26.8306,-33.7698,-22.8754,-39.138,-12.0304,-150.247,3031,8926,19579,28032,42153,51706,54805,58829,62193,77245,88330,94185,113130,121270,123964,141195,153380,180012,198024,198952,201701,201711,203698,225142,242801,257015,261964,264085,285213,672029
163,32800,160,372181,129693,119841,48.5395,17.8797,-14.3191,-1.13443,-6.27707,-3.01272,-5.02696,-3.45485,-0.508181,-15.7383,18.1389,-36.3231,-19.0394,-34.0604,-28.3052,-30.3768,-26.3123,-34.271,-23.3447,-38.9186,-12.7406,-151.024,160,5949,8499,12999,14943,26785,36526,37257,39648,43023,48836,50245,52620,65135,81835,92749,98529,107286,127415,141524,187902,188397,204109,252403,259377,300915,329595,344101,359845,372181
164,33000,6383,486931,133382,129161,49.3823,17.5079,-14.1939,-1.55816,-6.11324,-4.4776,-4.89929,-3.14036,-0.615042,-16.7321,18.5339,-36.3728,-19.6216,-32.3382,-27.6574,-31.6933,-25.4928,-33.7684,-23.7956,-38.7124,-12.7707,-152.04,6383,9325,10621,22596,26757,27659,28228,32409,50243,50852,53654,54152,66240,77314,78516,87229,91726,101076,117062,129270,132952,173646,237445,243109,256059,261537,359172,362835,366468,486931
165,33200,43,684050,182333,176899,48.9854,17.5495,-14.9998,-1.71913,-6.24565,-5.24568,-4.93248,-3.34818,-1.55673,-17.1405,18.9552,-35.0617,-19.2875,-32.2055,-27.9463,-32.1035,-26.707,-33.5566,-23.4991,-39.1457,-12.8329,-151.433,43,5707,6655,16925,20227,41557,43621,67231,73554,89137,89723,93221,98330,99104,117537,135182,152066,179815,180567,189272,189327,208877,272061,276094,292222,349937,386025,461905,650011,684050
166,33400,368,607979,145667,133955,49.4018,16.9586,-15.5631,-0.811782,-7.19026,-4.05601,-4.74783,-2.46737,-1.53298,-17.1673,19.5681,-33.6638,-18.6612,-31.5212,-28.3683,-31.3259,-26.6349,-33.2505,-23.132,-39.6995,-13.0301,-152.129,368,12566,17171,23694,27450,28752,32708,34958,60076,75839,87416,101175,103440,111439,116343,119851,119902,129270,147823,153235,159550,171088,186101,197788,242291,260152,282724,329401,429455,607979
167,33600,4678,918603,124437,174244,47.4752,17.5556,-16.0395,-1.04859,-8.15777,-3.5246,-5.65834,-1.9351,-0.90328,-17.8329,20.307,-34.6114,-18.9187,-31.5064,-28.4557,-31.2082,-26.47,-33.6752,-24.0779,-40.3029,-12.2987,-151.871,4678,10389,10789,11577,20274,26262,29112,29775,30182,47830,55130,75558,78282,82060,85984,86586,87734,94282,101566,107980,114812,119246,120446,121549,127146,177210,256886,308020,393168,918603
168,33800,725,717646,135858,154321,47.7959,17.938,-17.2555,-0.342449,-7.72616,-3.06714,-6.14578,-2.07313,-0.344797,-17.9822,20.2931,-33.9646,-19.4497,-32.1525,-28.6636,-31.1356,-27.0832,-33.5804,-23.4021,-40.6881,-11.7084,-151.695,725,9354,9359,11960,20908,24204,29298,29315,34036,45899,47575,52681,77861,82486,84296,85360,86288,96511,112770,127973,141527,199219,205513,208912,215096,230851,331704,335750,420660,717646
169,34000,2934,1180694,143923,218711,48.5566,18.9536,-16.8012,-0.0829098,-7.2581,-2.40995,-5.48977,-1.89446,-0.405738,-16.8476,20.4883,-34.3285,-18.1175,-31.7991,-28.5002,-30.7686,-27.5369,-32.9285,-23.9941,-40.4403,-13.2078,-151.252,2934,3728,17720,18044,24762,25678,26760,36722,39237,39305,42385,51249,51624,52954,55112,101179,103728,110798,130576,133266,152114,157946,170428,185597,210193,244133,248592,304465,395766,1180694
170,34200,2926,382149,119272,108176,46.2408,19.5155,-16.7518,-0.848946,-6.96204,-4.23245,-4.76821,-1.66992,-0.15234,-17.5277,20.0585,-34.9077,-17.8954,-32.2816,-29.5226,-30.0157,-28.1221,-33.5787,-23.5065,-40.2839,-13.4197,-151.49,2926,3931,6700,8924,14130,22522,25248,33610,35837,37027,37676,48456,84632,103117,103678,105404,107683,108198,112406,121810,148413,154648,159992,163816,241915,272824,289277,316423,324774,382149
171,34400,3821,754896,153957,154731,47.1117,19.491,-16.459,0.0789473,-5.90056,-3.09963,-5.34517,-1.47824,-0.252309,-17.8296,21.2923,-34.23,-19.1669,-31.9527,-31.0172,-30.4063,-27.9965,-33.6265,-24.226,-40.1797,-13.4946,-152.421,3821,10979,13328,16105,17347,26584,27096,44097,46037,66643,75779,77860,85393,101811,116492,146432,148696,158321,159559,160769,181141,198461,219956,241414,244236,252246,259968,362280,400972,754896
172,34600,173,210764,70297.9,60458.7,46.5686,19.1154,-15.7457,-1.38693,-5.42813,-3.22203,-6.02349,-1.83827,0.0991686,-17.5999,21.2477,-33.0497,-21.1066,-32.5453,-30.4238,-30.0579,-29.2524,-33.2459,-25.5811,-39.1472,-13.9489,-154.209,173,893,4501,5747,7167,8271,8347,9604,18694,23426,30615,31838,33993,45211,49533,71920,84669,85537,90900,94772,101764,104974,112223,122783,126059,137018,143152,155025,189365,210764
173,34800,393,456785,151605,128096,46.726,19.847,-15.9895,-0.422329,-3.64939,-2.74271,-6.43069,-1.92715,-0.00891925,-17.1813,22.088,-33.332,-21.2099,-33.7116,-28.7115,-30.7215,-28.8119,-33.4649,-27.6627,-38.8822,-13.9979,-154.848,393,1116,1691,11329,22653,36640,37357,47241,49392,54582,65228,67373,113093,114937,123978,155158,162261,171389,183297,191130,194114,200639,209154,211940,216635,322024,342156,349700,434769,456785
174,35000,9487,683880,160180,151423,47.26,20.7914,-16.429,1.20466,-3.55465,-2.45818,-5.81518,-2.40173,0.0203666,-16.3672,22.7339,-34.343,-21.0533,-33.3111,-29.28,-29.8152,-29.2688,-33.2013,-26.2196,-39.012,-14.8475,-156.642,9487,14251,17962,31677,47502,54221,61001,61011,62996,73889,74550,94002,107232,108284,118018,125005,128287,128940,130749,135021,143689,191486,208561,230912,264994,315932,317205,364852,499801,683880
175,35200,338,543509,151030,140520,48.341,20.9648,-16.2773,1.12153,-3.57448,-2.27136,-5.92269,-2.53447,0.100781,-16.1413,23.0132,-35.294,-21.2447,-34.7593,-28.7671,-30.7201,-30.1843,-33.9755,-25.5975,-38.3525,-14.7435,-156.726,338,9875,13242,16866,26851,31168,40116,42022,42974,50829,51041,63392,70137,70518,88202,117979,132266,145816,150999,199051,224262,236669,238667,241833,280415,296591,297392,337037,470844,543509
176,35400,7406,517422,155029,143454,48.6074,22.0518,-17.6529,1.3984,-3.74606,-2.7302,-5.25807,-2.29453,0.153147,-15.5546,24.352,-35.7473,-21.4376,-34.0409,-29.0801,-31.0275,-29.2115,-34.1915,-24.857,-36.9662,-15.2656,-157.704,7406,10044,11253,20967,32169,44764,48158,54028,63404,79286,79853,89337,95725,101776,104198,128141,138127,143484,144762,150328,162058,171570,171985,183902,236359,314553,375311,466527,503975,517422
177,35600,11611,487148,135886,126079,48.3574,21.6663,-17.739,0.227129,-3.81435,-2.82023,-5.35869,-2.56162,-0.529003,-15.0965,23.3867,-36.3639,-22.4024,-33.7497,-28.4299,-31.8355,-29.6843,-34.889,-24.1377,-37.1403,-15.4685,-158.142,11611,12097,26027,33351,34552,34997,37439,37834,43498,43750,46447,47128,48842,62711,80893,82850,86234,102293,172629,175791,195425,197255,217530,246769,252411,259007,267752,303548,428761,487148
178,35800,7279,727238,134491,149810,47.9255,21.0583,-18.5659,0.0608086,-4.91661,-2.45994,-4.62951,-3.18887,-0.718608,-14.2191,22.7261,-37.1077,-21.952,-33.7537,-28.5695,-32.1464,-28.52,-34.8156,-24.1534,-37.34,-14.7861,-160.131,7279,7279,15607,18710,23832,24284,27487,31422,35605,51287,58022,58093,64849,68269,77063,90437,103965,106168,115236,120898,134673,152844,224469,224540,240327,273808,299955,310540,340553,727238
179,36000,2731,716568,113840,143565,47.4204,21.7841,-18.4553,0.0886629,-5.78632,-2.52735,-3.40959,-3.3862,-0.204917,-14.5766,22.1963,-37.4631,-21.9521,-32.7924,-28.105,-33.2165,-28.1928,-34.7569,-24.0231,-37.8945,-14.3405,-159.293,2731,11954,12845,15407,15783,20839,21466,24640,27398,29545,30160,34585,40700,52728,62124,67408,83436,100525,104432,123150,133680,156911,159203,163585,177715,191738,212949,240102,380900,716568
180,36200,10233,626303,153236,128526,48.5085,22.8759,-18.3779,-0.169877,-5.27612,-2.45585,-3.27885,-3.38456,-0.850737,-15.781,22.4731,-38.4833,-21.5556,-33.5206,-28.0525,-34.1303,-28.1033,-35.3294,-23.9579,-38.7955,-14.4867,-159.344,10233,22165,28554,49319,65260,68569,69452,74400,81656,82691,84659,92251,92917,105807,110296,110312,114295,118129,134919,158120,178085,190578,197668,199314,228564,311620,314280,320837,355825,626303
181,36400,5171,283726,103000,76889.7,48.3723,22.1196,-18.4855,-0.245424,-5.01408,-2.53213,-2.10486,-4.68647,-2.01703,-15.9148,22.9676,-37.4676,-22.2325,-32.7287,-27.8256,-34.0416,-28.4775,-35.7371,-23.1873,-38.6653,-15.0888,-159.022,5171,12414,12862,16921,18365,21719,25842,38491,40232,55928,62878,67971,70971,81125,81706,81764,95908,104750,114452,132458,138628,149519,162631,172865,179127,199612,210537,210580,240844,283726
182,36600,3253,431485,136524,135473,46.0112,23.059,-17.8047,-0.171158,-5.54249,-1.02847,-2.47813,-5.44462,-2.15823,-15.196,22.6478,-38.1591,-23.8531,-33.1485,-28.5683,-33.3892,-28.264,-36.4991,-22.7918,-38.3474,-15.1679,-160.628,3253,6391,6750,8613,8677,11720,12818,17640,20251,26474,27272,53060,64373,70406,85377,86609,123847,143508,145333,160040,168816,223849,230340,235184,275464,305197,348007,393504,401475,431485
183,36800,2440,362578,106561,95992.9,45.1821,22.3786,-17.1174,0.132708,-6.98098,-1.15563,-3.65771,-5.60754,-1.52112,-15.83,21.8855,-38.8674,-24.1854,-33.1122,-30.0441,-32.7088,-28.4896,-36.4307,-23.281,-38.4988,-15.7037,-162.452,2440,10256,12127,15018,25108,32190,35741,35970,36416,42339,47187,49829,58039,59658,63481,67192,68812,95568,102255,116280,138227,145177,169312,170667,196120,216150,239828,289112,293745,362578
184,37000,51,618817,149373,147399,43.0859,21.9914,-17.5416,0.842343,-7.01458,-0.351384,-2.75704,-5.16525,-0.216237,-15.7648,21.0948,-39.1888,-23.9983,-32.7018,-30.0528,-33.0858,-29.4649,-36.2155,-22.5596,-37.4673,-14.4623,-162.226,51,881,3880,7545,26397,28741,36044,36740,39744,46405,80338,97161,99077,107421,109625,125492,134207,139280,145220,152700,157060,183583,197226,201904,224418,263600,333176,413258,471190,618817
185,37200,8913,508108,144341,126421,43.7777,21.5429,-17.7176,2.59104,-7.05603,-0.961419,-2.06731,-5.68135,-0.991652,-15.9993,21.0374,-40.3113,-24.8853,-32.8642,-30.31,-33.2044,-28.787,-34.4015,-23.7519,-36.5655,-14.3195,-161.672,8913,10812,15473,19808,39775,52514,58406,63163,64537,68814,77194,79500,82956,86932,90976,98253,138667,139281,145343,150936,154867,157180,187309,217846,245661,249494,312082,347475,457969,508108
186,37400,2085,314225,101472,80591.8,42.9313,21.697,-17.9448,2.56303,-7.02601,-1.09665,-1.98444,-5.73304,-2.18973,-16.9425,21.8306,-41.4326,-24.317,-32.4385,-30.7415,-34.1233,-29.9217,-34.2457,-22.8742,-38.2597,-14.5124,-162.793,2085,3335,9676,18912,24581,27552,32894,33364,37072,45519,48593,51579,87501,88954,89357,91700,103491,103626,112172,114213,115510,146009,150036,154323,172292,173745,191960,203373,296502,314225
187,37600,2539,775718,164213,199862,45.7355,22.5891,-18.4137,2.95869,-7.63705,-1.66093,-2.05506,-6.0629,-3.30031,-17.6867,22.5741,-40.9642,-24.4282,-33.7485,-31.0575,-33.5764,-29.1267,-35.0973,-23.3678,-38.3757,-14.3768,-163.988,2539,5622,10783,13229,17797,22778,23383,30271,31064,31926,34981,49306,49452,54949,82278,90378,98500,125360,139873,148163,186843,223244,230545,238914,248687,359293,402822,550740,646939,775718
188,37800,1080,507957,107497,115277,45.6494,23.1682,-18.9807,1.68309,-8.33707,-2.77033,-1.86364,-5.67051,-2.68063,-17.651,22.731,-41.4184,-25.4134,-34.564,-30.8382,-35.0603,-29.2414,-35.3103,-23.3563,-38.573,-15.6092,-165.006,1080,7335,16426,20891,22133,26408,28590,29017,34195,38425,41399,43377,49755,51729,55568,58081,68348,84962,95282,102968,104184,129435,136130,150559,223536,253294,259933,289324,294595,507957
189,38000,7829,469311,165892,126827,46.9636,23.9455,-18.3426,2.08158,-8.45565,-3.2484,-2.40278,-5.88948,-2.49091,-18.0542,22.9089,-41.6042,-25.9621,-34.8225,-30.6839,-34.6106,-29.1822,-35.4259,-22.9053,-38.9157,-15.3036,-165.353,7829,9495,17147,19812,26522,62984,66881,69552,77998,88985,90820,112670,114036,115712,119402,120227,157413,162108,179188,199104,228172,253680,258606,262672,278587,281288,294264,383236,449062,469311
190,38200,4729,462731,150680,152361,47.1175,24.4503,-19.0448,1.17303,-8.07209,-2.22624,-1.64594,-6.00275,-1.52911,-17.682,23.2361,-42.2714,-25.6918,-34.5,-30.9672,-35.1802,-29.437,-34.7817,-22.9581,-39.8448,-15.262,-167.074,4729,7233,9626,13204,14585,26138,29228,34394,40638,46979,49455,62891,75912,78628,80969,81785,93836,98143,123396,168113,196472,206364,209690,234286,382700,406265,417406,432133,432484,462731
191,38400,210,463253,151997,130367,48.1391,24.5203,-18.8329,1.53578,-8.23309,-3.61329,-1.94558,-6.65269,-1.47178,-18.1798,22.3358,-42.451,-25.5229,-34.2451,-32.1837,-34.54,-29.3703,-35.0313,-23.0817,-39.0572,-12.744,-166.406,210,2639,34287,40862,41795,42325,51075,51631,57005,58192,64347,65226,67912,85365,100510,119911,131290,140647,157431,159363,162645,205601,255358,266122,271139,321934,325651,403702,412497,463253
192,38600,7100,775620,202906,186325,49.4583,23.7799,-20.258,1.65872,-8.63875,-3.10252,-1.71674,-6.73212,-1.74316,-18.2608,22.0103,-41.7111,-26.0522,-34.1523,-31.5049,-35.8772,-28.8082,-34.966,-23.185,-38.5682,-13.1464,-167.518,7100,10977,20615,21901,29571,30493,43198,69389,79571,79784,98875,107836,119543,137318,156419,168841,176033,187169,235453,249827,255699,263382,267031,310470,327294,351349,352253,535076,619085,775620
193,38800,2816,856899,177480,205007,48.5833,23.8946,-20.4627,1.42012,-7.44425,-2.6725,-1.304,-6.01767,-1.80968,-17.3551,21.6973,-42.9296,-26.3362,-33.9895,-32.3909,-35.7011,-28.4176,-33.7521,-24.9915,-39.1967,-12.9676,-167.827,2816,4196,4926,13901,15911,19443,34525,54942,58859,59591,64159,80485,84532,92596,93587,106986,121078,123327,148865,165248,165931,211657,232577,250092,259363,357616,488443,523615,628230,856899
194,39000,3257,456104,147656,131662,51.8152,23.7037,-20.0296,1.01986,-7.37359,-1.69793,-1.76402,-7.75221,-1.66022,-18.1874,21.6843,-43.2733,-27.2454,-34.4511,-33.1701,-37.0931,-29.8991,-32.6888,-25.0165,-39.2607,-12.8962,-167.885,3257,8812,14010,16622,16648,23056,34467,35555,43301,44479,47104,59168,68640,102489,109578,114764,129996,138518,150278,177235,226110,240628,252300,252345,255522,319911,323151,341854,423791,456104
195,39200,14623,514439,131530,122812,51.3639,23.0393,-20.2573,1.29383,-6.96816,-2.3152,-2.6535,-7.08993,-1.04206,-18.3477,22.5762,-43.9424,-26.7879,-34.8224,-32.2733,-37.4375,-29.4625,-33.37,-25.0824,-39.8932,-13.1692,-167.206,14623,14890,15090,17683,25303,31140,40916,49295,50811,56426,58574,61565,68068,69143,71491,79975,99272,119567,126894,136677,154589,176486,178770,203143,236538,282735,323686,326801,341307,514439
196,39400,2839,1184893,153849,224443,48.31,23.3065,-20.7495,0.692098,-6.3726,-3.01468,-2.96868,-6.54359,-1.56743,-17.9224,22.024,-43.8863,-27.0758,-34.8402,-32.0154,-37.6058,-29.6999,-35.188,-24.5027,-37.5782,-14.0506,-168.636,2839,4936,12092,21293,28646,35799,36120,37984,46690,50328,60243,60582,63933,66588,77732,84517,105955,115490,129948,141918,146959,147029,147057,163484,164022,349244,354242,384416,390494,1184893
197,39600,6041,450113,110675,115897,44.8972,23.927,-20.5698,-0.0115441,-7.08889,-4.47915,-3.52022,-6.05522,-0.429055,-18.2224,21.9089,-42.4523,-26.6113,-35.2186,-31.3357,-37.9869,-29.6942,-35.717,-24.1414,-36.7416,-13.5436,-169.812,6041,6886,7377,10820,11467,12679,19570,29304,33402,37545,39382,40411,62852,71202,85214,92878,93369,100243,101699,102602,107610,129882,141002,146579,150168,241885,266376,353558,368132,450113
198,39800,2480,790266,154606,171351,46.9665,23.3272,-19.5804,0.30943,-6.98594,-3.15417,-3.06638,-5.65067,-0.0586282,-19.1554,21.463,-41.6861,-26.9965,-35.0884,-32.3047,-37.3749,-30.2905,-36.3205,-24.7159,-37.2533,-12.8754,-170.386,2480,8588,8949,10085,13513,15195,22975,23631,32746,56321,61807,73435,74506,97347,109868,112289,123239,135280,142608,164636,169298,169999,236420,249718,269698,272265,349194,352976,488855,790266
199,40000,3808,727077,133017,153761,45.7889,23.5752,-18.9273,1.41986,-9.16427,-2.9811,-3.30076,-5.54789,-0.343913,-18.3841,21.9674,-41.5074,-26.7864,-36.3657,-32.6627,-35.8341,-30.6859,-36.5417,-24.1927,-36.8406,-13.2641,-170.579,3808,4542,12848,13861,17729,21783,24512,26142,29056,33010,35497,36143,49285,58646,73431,103488,117814,119936,131217,135913,143777,155358,189850,233825,242911,258262,283128,314346,393324,727077
200,40200,1416,549709,145868,151247,48.1823,22.8551,-18.1492,1.92116,-9.36033,-2.04388,-3.62167,-6.17597,-1.07841,-18.6113,21.5459,-42.4011,-26.471,-35.9453,-32.5572,-35.7083,-32.2401,-36.3587,-24.1408,-36.3293,-13.9013,-170.847,1416,3671,13551,16045,19348,30913,40072,42055,43081,44148,44246,46348,50153,59406,60858,74447,104908,118106,131004,155406,173544,179669,260481,297702,308881,320950,338876,339775,507285,549709
