generation,agents,minScore,maxScore,meanScore,standardDeviation,w0,w1,w2,w3,w4,w5,w6,w7,w8,w9,w10,w11,w12,w13,w14,w15,w16,w17,w18,w19,w20,w21,s0,s1,s2,s3,s4,s5,s6,s7,s8,s9,s10,s11,s12,s13,s14,s15,s16,s17,s18,s19,s20,s21,s22,s23,s24,s25,s26,s27,s28,s29
0,200,0,2,0.166667,0.461133,-0.485675,0.465097,-0.899879,-2.32489,-0.256769,-0.896864,-1.27251,1.30594,-4.02628,-1.53626,-0.672037,-0.313923,-1.05274,1.25768,-1.46735,-0.170486,0.0970758,0.908,0.795269,-1.9313,-0.0220307,-0.99541,0,0,0,0,0,0,0,0,0,0,0,0,0,0,0,0,0,0,0,0,0,0,0,0,0,0,1,1,1,2
1,400,0,11,3.4,3.06931,1.20781,-2.38448,-2.50879,-0.301715,-3.58452,-2.19619,-2.35784,1.26703,-4.76509,-2.93044,-1.57796,-1.56866,-2.16488,0.0191964,-0.190727,-2.76776,0.100397,-0.0102406,1.84358,-0.65941,-2.53926,-4.52975,0,0,0,0,0,0,0,0,1,1,2,2,2,3,3,3,3,3,4,5,5,5,6,6,7,7,7,7,9,11
2,600,1,38,10.0333,8.33143,1.21275,-1.14176,-4.62948,-4.31146,-3.95029,-2.60939,-3.583,-0.929963,-5.54331,-5.87835,-1.90437,-1.18309,-4.62815,1.52003,-1.79729,-2.83758,2.58606,-0.514819,2.52353,-1.90778,-3.80517,-6.93757,1,2,2,2,3,4,4,5,6,6,7,7,7,8,8,9,9,9,10,10,11,11,12,12,14,14,15,22,33,38
3,800,0,25,9.3,6.99335,2.69573,-1.71726,-6.46744,-6.79433,-3.3757,-0.0350376,-2.73727,-0.233446,-4.48899,-7.63387,-2.39836,-5.62645,-4.32933,1.63846,-3.07337,-2.276,3.85634,-2.18968,2.44439,-6.06443,-5.32351,-9.54988,0,1,2,3,3,3,3,4,4,4,4,5,6,6,6,7,7,11,12,12,12,13,13,16,17,18,18,22,22,25
4,1000,3,84,39.1333,19.6797,1.68196,-0.0995694,-9.96919,-5.79116,-5.57624,-0.458646,-2.64426,-2.98148,-5.94633,-11.954,-1.06557,-6.34356,-2.80677,0.458507,-3.90948,-3.22903,3.80861,-8.52877,2.25711,-5.97386,-9.11855,-13.8877,3,11,12,19,21,22,24,26,26,27,28,31,32,32,34,36,40,41,43,43,53,54,55,55,59,60,61,68,74,84
5,1200,17,319,114.5,59.3933,-0.243976,-2.08576,-10.9793,-4.87586,-7.44426,-2.52778,-2.60796,-3.48982,-7.60282,-11.3885,-3.1085,-6.81934,-4.23306,0.0455,-5.78481,-3.7765,0.972366,-8.47587,-0.881535,-6.21732,-14.339,-18.03,17,51,63,65,71,71,71,77,80,83,85,87,90,90,95,111,117,120,122,122,129,131,131,139,141,143,181,193,240,319
6,1400,42,292,144,71.1211,-1.0746,-2.05778,-12.0143,-3.82572,-7.55331,-6.97804,-3.77109,-4.24666,-8.30154,-11.6112,-2.14023,-7.5512,-4.51488,-1.41032,-7.84386,-3.54668,-1.8125,-10.9894,-3.24804,-9.62279,-18.9351,-20.4195,42,45,46,65,67,69,78,79,88,96,97,101,113,113,145,149,153,163,188,190,193,195,199,202,207,208,211,249,277,292
7,1600,29,282,120.533,67.4934,-0.638366,-1.72685,-12.1818,-4.15283,-6.82735,-7.19265,-3.8762,-5.33788,-10.3436,-11.9455,-2.73457,-8.51918,-6.46792,-2.97435,-8.02669,-6.02766,-4.05665,-10.8874,-6.5629,-11.0191,-23.2776,-21.5108,29,51,52,53,62,64,67,67,72,80,88,90,90,95,98,102,102,107,115,120,131,136,167,175,189,209,226,235,262,282
8,1800,38,297,126.533,57.2253,0.388135,-2.14598,-11.8863,-4.24714,-7.74493,-8.68267,-4.21176,-4.18629,-11.4492,-11.0901,-2.12941,-7.38237,-8.40286,-4.00273,-8.39773,-7.16397,-6.44125,-11.6623,-8.17837,-12.0277,-21.9074,-25.3315,38,51,57,63,65,77,80,88,92,105,105,110,110,113,115,124,126,131,135,143,144,146,148,155,157,176,186,220,239,297
9,2000,67,373,171.133,77.472,0.3105,-1.46638,-13.4261,-5.25549,-6.93383,-11.6389,-3.0911,-7.2331,-12.1422,-10.9678,-1.36348,-8.88883,-9.60284,-5.08716,-9.14906,-6.93936,-8.13456,-11.147,-9.13302,-13.2459,-22.7589,-28.101,67,75,84,96,98,99,106,106,127,129,138,139,140,141,148,163,163,167,182,186,188,197,204,209,244,248,270,298,349,373
10,2200,45,464,179.767,100.004,0.375583,-0.736933,-13.3332,-6.58951,-7.15873,-12.3161,-3.70756,-6.7493,-11.9463,-10.8754,-0.354602,-9.33528,-9.80109,-5.39041,-10.511,-7.85292,-7.94142,-12.0735,-10.009,-14.3282,-22.2101,-31.6809,45,67,69,76,77,88,100,101,105,115,136,144,148,150,156,165,168,173,177,183,199,241,251,257,258,272,279,361,368,464
11,2400,41,600,248.5,167.481,1.18258,-1.28206,-14.1204,-7.24607,-8.4685,-10.2107,-3.46707,-6.77594,-12.7081,-10.2681,0.206718,-9.91434,-8.59119,-6.86249,-11.1834,-8.14322,-7.0384,-13.7726,-10.2928,-14.2578,-21.3731,-35.6464,41,56,62,74,88,89,97,102,141,174,174,176,184,185,186,194,201,218,270,274,289,309,356,365,390,473,503,587,597,600
12,2600,54,510,210.533,127.227,2.7092,-1.086,-14.333,-7.53314,-7.6794,-12.1737,-4.09184,-6.52161,-12.5229,-9.88719,0.224286,-11.7829,-8.66661,-7.78658,-11.2812,-8.20784,-6.14978,-14.7264,-10.869,-13.671,-22.2122,-39.787,54,75,80,94,104,106,107,116,119,127,127,142,145,149,150,167,167,214,229,236,246,264,283,292,304,350,444,452,463,510
13,2800,55,2984,531.4,543.095,3.20415,-0.847873,-13.3988,-8.31936,-6.69444,-11.538,-5.04217,-7.86672,-12.5668,-9.01997,-1.5143,-10.9546,-9.57269,-7.78347,-10.8248,-10.8743,-6.00697,-15.7645,-11.5272,-11.7227,-21.3966,-41.9965,55,85,112,121,154,179,183,198,211,222,243,260,366,368,390,442,513,586,587,609,618,626,637,647,695,908,940,986,1017,2984
14,3000,75,1229,397.567,269.049,3.52778,0.475577,-14.0647,-10.3986,-7.49758,-12.2494,-5.31563,-8.97893,-12.2112,-9.50645,-1.204,-10.171,-8.72876,-8.678,-10.954,-11.3067,-6.86351,-14.9665,-11.6477,-13.1591,-20.8594,-43.7142,75,81,136,147,226,230,238,242,248,257,282,284,293,294,313,320,325,349,370,388,435,454,458,462,578,644,711,723,1135,1229
15,3200,62,1679,523.833,409.204,5.76173,-0.0836664,-13.1524,-9.85936,-6.30465,-13.1778,-5.09837,-8.58475,-11.7642,-9.7782,-0.552881,-9.91774,-8.38936,-9.85064,-11.6257,-10.6345,-7.9086,-14.5073,-12.9592,-12.9988,-19.3708,-46.2462,62,79,115,116,144,154,179,215,224,239,267,276,290,377,381,402,427,516,544,561,734,745,763,807,962,977,1050,1201,1229,1679
16,3400,102,2306,722.933,468.811,4.204,-0.395973,-13.7767,-9.20582,-5.99564,-12.5597,-5.93198,-8.66989,-11.2142,-9.61964,-0.494263,-11.4261,-8.88828,-8.7945,-11.9488,-10.1299,-8.85593,-13.8758,-11.2213,-13.438,-17.9716,-47.2244,102,164,181,268,273,273,287,288,414,445,563,571,624,689,713,721,723,727,767,776,818,891,964,1066,1091,1097,1114,1134,1638,2306
17,3600,105,3919,1049.27,917.126,3.22813,-0.349909,-13.341,-10.3758,-5.63387,-13.0519,-5.03106,-10.4003,-11.9589,-9.86526,-0.596093,-11.8731,-8.78947,-9.07267,-11.3213,-10.6323,-9.26464,-13.2456,-10.9273,-11.8618,-17.7472,-49.7012,105,114,116,135,139,323,331,383,461,527,572,584,596,742,762,762,823,919,994,1015,1304,1355,1364,1698,1915,2093,2230,2431,2766,3919
18,3800,35,4202,1081.67,1039.79,3.89489,0.332904,-13.1127,-12.4395,-6.24514,-13.9448,-6.97002,-10.7788,-11.5749,-9.7828,-0.830039,-12.4183,-9.87688,-9.50249,-11.3028,-10.4598,-9.22237,-11.8974,-10.3305,-11.7351,-17.7252,-52.4744,35,111,173,206,276,312,350,373,467,497,503,531,556,581,622,753,814,911,1061,1269,1286,1380,1427,1453,1596,1799,2415,2518,3973,4202
19,4000,235,14577,2064.7,2768.06,6.28799,1.0478,-12.5687,-12.8231,-6.10375,-12.3729,-7.98629,-10.1322,-11.6649,-11.1933,0.0464638,-12.5106,-10.4959,-9.80102,-10.9189,-11.6617,-9.41875,-11.6798,-10.6238,-10.9981,-16.973,-54.0631,235,236,288,338,367,373,415,669,750,808,873,892,942,953,1244,1336,1384,1447,1911,1998,2004,2066,2286,2447,2466,3473,4228,4589,6346,14577
20,4200,241,5731,1545.03,1241.79,5.64892,1.45162,-12.9752,-13.1893,-6.98838,-11.1787,-7.94104,-9.59802,-10.3626,-11.1573,0.933638,-13.1377,-10.3844,-11.1185,-9.9595,-11.5526,-9.33657,-11.2483,-11.0219,-11.3155,-16.2439,-54.974,241,306,371,380,585,602,638,675,704,862,898,994,1105,1138,1213,1376,1379,1467,1490,1667,1880,1948,1950,1998,2000,2093,2411,3824,4425,5731
21,4400,148,7888,1924.6,1846.64,7.6453,1.47696,-13.6454,-12.9392,-7.31256,-9.31335,-9.17433,-10.8296,-10.9896,-11.889,1.39848,-13.5366,-11.2833,-11.1607,-11.6187,-11.3217,-9.52887,-10.6022,-11.3301,-12.0124,-16.4487,-58.0319,148,232,304,353,406,411,453,612,760,1095,1128,1188,1193,1314,1461,1675,1777,1799,1935,1953,1998,2023,2151,2267,2435,2492,4535,5389,6363,7888
22,4600,339,14796,2535.73,2878.84,8.16455,1.89179,-12.9845,-12.5571,-8.14561,-8.30631,-9.10116,-10.0853,-11.9881,-12.6852,1.67758,-13.556,-10.832,-11.2772,-11.6114,-12.3935,-10.2627,-11.2866,-11.898,-11.9994,-17.0246,-61.264,339,386,450,573,698,813,815,849,955,1021,1033,1077,1204,1354,1397,1732,1755,1805,2231,2778,2778,3290,3300,3386,3612,3893,4790,5159,7803,14796
23,4800,173,7886,2483.43,2173.82,6.29451,0.715637,-12.3877,-11.3385,-8.49321,-8.24181,-9.04794,-9.5205,-11.1468,-13.6624,2.31327,-13.5748,-9.32016,-12.0834,-11.9521,-11.8619,-10.7939,-12.2888,-11.5004,-12.0836,-17.1868,-63.1212,173,204,277,306,422,519,677,724,871,930,1160,1161,1323,1384,1401,2004,2043,2091,2369,2498,3102,3375,4810,5130,5198,5375,5433,5774,5883,7886
24,5000,157,14848,2320,2826.18,3.81724,1.02369,-12.8991,-10.6865,-9.21914,-8.00037,-9.65448,-10.2393,-10.3231,-14.4718,3.05748,-14.8359,-9.88999,-11.8639,-12.6336,-13.2252,-11.1159,-12.9904,-11.7372,-11.8624,-17.9548,-64.693,157,390,400,413,499,505,572,643,756,831,953,1099,1177,1180,1291,1322,1507,1984,2101,2510,2632,2649,2862,2899,3094,4463,4752,5387,5724,14848
25,5200,216,8848,3116.63,2313.66,3.53684,1.27272,-12.6517,-11.2075,-7.84256,-6.67912,-9.84301,-10.2229,-10.5469,-13.3491,2.35076,-14.3643,-10.0773,-11.8279,-12.0304,-13.8287,-11.438,-13.3929,-11.0366,-12.308,-17.0067,-66.4455,216,489,509,549,699,892,994,1525,1678,1712,1945,2148,2284,2390,2696,2928,2987,3158,3270,3332,3602,4008,4100,4328,4560,5543,6151,7835,8123,8848
26,5400,64,18044,3049.27,3475.94,4.13286,1.3078,-13.3777,-10.5682,-8.36287,-7.70171,-10.6162,-10.5486,-11.3392,-13.263,2.00605,-14.3472,-10.7603,-12.3324,-12.9286,-14.5151,-11.6357,-13.8359,-10.2438,-12.4921,-16.7335,-67.5307,64,266,282,438,521,538,577,1413,1498,1563,1698,1754,1780,1920,2102,2288,2299,2304,2311,2710,3574,3867,3981,4041,4159,4195,5456,7668,8167,18044
27,5600,206,20531,4072.77,4846.82,4.57018,1.77976,-13.5803,-10.4201,-8.78569,-7.70236,-9.86965,-10.5549,-11.0077,-12.6823,1.63171,-14.9709,-10.9606,-12.3105,-13.3356,-15.4468,-12.1531,-14.1479,-10.1937,-12.4747,-16.146,-68.2952,206,208,267,330,603,610,759,818,958,960,1143,1483,1545,1605,2153,2455,2513,2818,3718,4700,4737,4946,5344,6630,6903,7432,8972,10171,16665,20531
28,5800,277,18568,3458.33,3928.72,4.08179,1.5555,-13.3605,-9.63077,-7.61227,-8.0121,-9.87698,-10.6029,-10.4205,-12.5666,2.37349,-14.8307,-11.6218,-12.2514,-13.5855,-15.8735,-11.8802,-14.5797,-9.66998,-12.873,-15.9573,-69.2647,277,390,567,684,720,883,1099,1100,1122,1282,1328,1453,1594,1702,1749,1965,2472,2574,3263,3342,3731,4083,4087,4150,5698,5898,6806,9810,11353,18568
29,6000,257,11455,3008.27,2624.77,2.57707,2.46787,-12.7237,-9.82081,-7.66004,-8.35566,-9.53541,-10.7636,-10.6739,-12.7096,2.20961,-14.7774,-11.9469,-12.348,-12.9105,-15.5474,-11.2006,-15.0119,-9.88247,-14.1643,-15.9171,-70.27,257,280,357,370,557,609,634,881,938,1244,1415,1646,2189,2197,2225,2491,2711,3037,3192,3307,4118,4309,4425,4717,4787,5254,5866,6808,7972,11455
30,6200,158,23510,5544.9,5710.83,3.52366,3.07853,-13.0182,-9.01717,-7.80157,-8.53347,-8.54332,-10.8269,-10.1051,-12.2013,2.72187,-15.166,-12.3873,-12.6957,-13.0724,-15.261,-11.8908,-14.9651,-10.2863,-15.2603,-14.9642,-71.5775,158,320,360,563,579,1050,1226,1439,1705,1939,2160,2602,2700,3069,4270,4421,4433,4626,4938,5644,5712,6479,8420,8471,9419,10060,12544,14184,19346,23510
31,6400,259,13508,4551.8,3609.18,4.88082,3.02075,-12.3832,-9.53089,-7.47729,-8.48137,-8.75525,-10.8611,-9.77307,-11.8411,3.3141,-15.6689,-12.4997,-13.7707,-11.7747,-15.0379,-13.0303,-15.943,-10.1515,-15.3937,-14.0903,-73.0962,259,267,480,516,938,1000,1162,1256,1884,2142,2234,2328,2758,4277,4503,4530,4539,4543,4620,4945,4972,5894,6829,8445,8527,8691,9176,9724,11607,13508
32,6600,104,23374,4887.63,4982.29,5.39938,2.8323,-13.1567,-9.45409,-7.14446,-8.29419,-8.37917,-10.9201,-9.49298,-11.4331,3.49965,-15.1424,-12.9154,-13.5369,-11.4912,-14.9626,-13.9095,-16.3873,-9.86412,-15.1895,-13.9467,-73.6958,104,306,306,330,501,967,1282,1556,1706,1777,1799,2018,2930,3257,3294,3510,4421,4505,4827,4857,5127,5656,7086,7528,9895,10175,10739,10943,11853,23374
33,6800,229,15350,5437,4523.79,3.79227,3.19171,-12.1677,-8.42384,-7.42951,-7.92863,-8.28523,-10.9767,-9.69835,-11.5555,5.07331,-15.6622,-13.3068,-13.7466,-11.6797,-13.6567,-13.9125,-16.232,-10.0544,-15.9773,-12.8424,-75.9237,229,242,274,309,341,710,1708,2523,2760,3527,3575,3826,3919,4114,4303,4355,4405,4438,4639,5411,5737,5977,8396,9603,9741,11500,12801,13247,15150,15350
34,7000,149,25392,8046.1,7009.39,4.09611,3.09123,-12.5753,-7.84705,-7.03972,-7.38504,-8.14717,-9.95268,-9.15647,-10.6522,5.60169,-16.332,-13.0464,-14.704,-12.942,-14.2211,-13.4135,-15.7319,-10.5108,-18.2148,-12.3129,-75.8955,149,515,633,1071,1216,1989,2093,2531,3723,4218,4258,4719,4842,5402,6484,6572,6933,7161,7650,8776,9410,10553,11134,11286,12721,14343,20200,21818,23591,25392
35,7200,782,31071,8889.53,9165.92,0.228504,3.95381,-12.3251,-7.01225,-6.63365,-7.93837,-7.5367,-10.1858,-7.48367,-10.42,5.17319,-16.6684,-13.2405,-14.7708,-13.671,-14.3159,-14.2593,-15.6462,-10.809,-16.9468,-11.9682,-77.2868,782,821,837,1224,1730,1748,1941,2235,2701,2825,3015,3272,3891,3985,4762,5353,5688,6088,6266,6421,8296,13904,14147,15469,20122,20997,21464,27250,28381,31071
36,7400,311,27426,10565.7,8119.17,-2.83389,4.24805,-12.4769,-6.02279,-5.67389,-6.50149,-7.96444,-10.1884,-6.36795,-10.0113,4.93518,-16.8815,-12.6113,-15.8831,-13.8245,-14.387,-13.5156,-15.1969,-10.2983,-16.6374,-12.4288,-77.814,311,958,1124,1668,2228,2681,2757,3193,3622,4331,5438,7389,8329,8726,9299,9995,10081,10271,11323,12144,13161,14278,16410,16438,16602,22072,24169,24329,26218,27426
37,7600,647,19699,5140.57,4925.18,-2.68343,4.41275,-12.1373,-5.86555,-6.62782,-7.84975,-7.4342,-10.1178,-6.16536,-10.3941,4.75895,-17.4661,-11.8657,-15.4304,-15.0127,-14.8214,-14.9137,-16.1923,-10.536,-16.276,-12.5725,-78.1377,647,748,848,1160,1171,1190,1325,1514,1767,1876,2111,2483,2813,2907,3110,3887,3943,4115,4469,5143,5179,7001,7282,7328,9015,9380,11063,13949,17094,19699
38,7800,289,80595,11317,15290.3,-0.758286,4.53746,-11.2765,-6.05566,-4.88232,-7.70026,-7.20725,-9.53023,-6.03127,-10.0362,4.99349,-18.3412,-11.9816,-14.5993,-15.7042,-14.5489,-15.5028,-16.5312,-10.5714,-14.423,-12.698,-79.5983,289,536,680,1082,1286,2262,2345,2479,2547,2760,5058,5383,5834,5897,7126,7190,8503,9111,9364,9881,11383,13376,13387,15913,19702,20235,20434,21773,33099,80595
39,8000,29,62314,13736.3,15030.7,-2.11951,5.66794,-11.4549,-5.19651,-5.14368,-7.93483,-5.3842,-8.67048,-4.74434,-9.33203,5.38607,-18.4541,-12.7514,-15.1287,-15.6021,-14.578,-14.7503,-17.2004,-11.7722,-14.8446,-12.8469,-81.9836,29,483,1139,2820,2851,3795,4936,5156,5374,5465,5895,6746,6879,7022,7794,7812,8227,9580,12192,13648,13892,15851,16806,19502,21098,22680,28384,38773,54945,62314
40,8200,357,45375,14442.1,11341.6,-1.28601,5.52743,-11.9881,-4.19985,-4.89436,-6.8612,-5.04662,-9.74474,-3.78448,-9.20266,5.63974,-18.1571,-12.128,-15.4322,-15.6283,-14.7634,-14.7496,-17.3051,-12.6591,-15.3983,-12.3585,-82.0887,357,430,1406,2497,2670,4570,5121,6249,7509,7619,7762,7984,8053,8432,10460,12174,12644,13486,16251,18644,19581,20990,23467,24704,25155,26287,28513,29663,35211,45375
41,8400,539,74233,22791.6,18027.1,-1.87252,7.34698,-10.8298,-4.87262,-4.17259,-7.06285,-5.29139,-9.68925,-3.42721,-10.4135,6.14712,-18.3971,-13.2852,-16.156,-16.2067,-14.4028,-15.0081,-18.5287,-11.9802,-16.2394,-12.5521,-83.7971,539,1033,2915,4718,4948,7008,7185,8280,9333,13963,13976,14845,17127,18267,21030,21215,21357,21719,22716,24247,26397,26665,30220,30532,38478,42465,44792,52714,60832,74233
42,8600,566,138170,30422.6,28644.3,-2.22987,8.2363,-10.3114,-5.14411,-3.5156,-5.90273,-3.70513,-10.984,-2.80196,-9.63758,6.73521,-18.2808,-12.8605,-16.618,-16.8225,-14.8477,-15.6594,-18.8174,-11.5034,-17.1715,-12.6166,-84.8336,566,1592,1972,2499,4040,4532,7000,9298,9874,12252,15640,17950,18564,25473,28520,31250,32806,33835,34246,35671,35867,39254,42259,43918,45143,46268,48712,59704,85803,138170
43,8800,1951,160963,44173,42396,-4.1652,9.01067,-10.2013,-5.07562,-3.58259,-4.67461,-2.44989,-9.55847,-2.64032,-9.12054,7.25878,-19.1028,-13.3504,-17.197,-16.6938,-14.5183,-15.1136,-18.0618,-11.6938,-17.9717,-12.2107,-86.6052,1951,2167,6235,8852,8901,11146,11216,11266,12697,13165,16749,18582,18935,22855,26095,30011,33043,34325,38877,54671,55498,59780,64717,76991,81008,91577,96919,120951,135048,160963
44,9000,1988,163164,43707.1,44315.8,-2.57712,8.78059,-9.54624,-4.04469,-3.43322,-4.52015,-2.30501,-7.81578,-2.95586,-9.53198,7.67573,-20.1543,-14.1861,-17.7155,-16.5305,-15.6921,-15.0435,-18.0582,-11.7151,-18.857,-11.2524,-87.6595,1988,2009,2645,3790,8553,9389,10015,11562,14245,15055,15797,16539,17265,18910,22049,29548,31563,33523,44307,45796,50728,54131,65314,74163,77043,91600,115139,132450,132933,163164
45,9200,2193,363254,69001,82706.4,-5.33195,9.05059,-10.2646,-3.12997,-2.44002,-3.93016,-1.91742,-6.53721,-3.02626,-9.02031,8.71475,-20.8924,-13.5921,-19.0849,-17.2949,-16.0262,-15.7837,-17.3711,-11.1498,-19.4676,-10.4922,-88.6487,2193,4136,4915,14736,16442,17527,20526,20545,22509,24568,25775,32032,36087,40514,44394,45037,45603,48561,50484,55572,60381,78811,83743,84076,98645,116264,145431,162077,305193,363254
46,9400,1878,457560,66912.3,91320.1,-5.30648,9.28046,-10.1952,-1.9216,-2.78074,-1.50524,-1.76008,-6.33836,-2.57446,-9.81042,9.35119,-20.8254,-13.2148,-18.2766,-16.6071,-16.9485,-15.5229,-18.692,-11.2352,-20.617,-10.285,-88.5511,1878,7431,10116,11044,11625,13821,14021,16859,18702,19343,19808,22417,25737,36094,38274,38434,47291,49586,50442,50860,52059,52483,67129,83116,115185,135682,143660,171242,225471,457560
47,9600,6023,364887,91742.2,87658.8,-5.7081,9.74597,-10.9622,-1.90101,-2.36604,-0.462717,-3.033,-6.17041,-2.50365,-10.4442,10.6612,-21.1491,-12.4647,-18.7235,-16.4662,-16.1101,-16.4417,-19.406,-11.8369,-20.654,-9.64824,-89.7,6023,15456,15813,17127,18274,18449,21075,24884,29333,31288,39288,48283,56327,59129,62491,63690,71578,73689,81677,82272,82518,88214,147659,174905,180399,195587,201929,212353,267670,364887
48,9800,1739,209369,58027.6,50894.4,-6.61072,10.379,-10.6056,-2.25019,-2.01964,-1.20128,-3.0953,-5.59841,-2.65161,-9.9209,10.5068,-19.6668,-11.9001,-18.4643,-17.0815,-15.886,-15.7102,-19.761,-12.1333,-20.4156,-9.9644,-89.4303,1739,2444,5417,6886,9508,11641,19577,20563,22849,23162,26574,27506,28255,28789,32229,36705,50648,50991,72344,72692,80525,87830,103660,106443,116502,117263,118496,122043,128177,209369
49,10000,3891,344936,100288,89741.4,-5.83958,10.691,-9.59167,-2.0045,-2.96227,-0.813009,-1.94979,-5.35838,-1.85345,-9.55593,10.749,-20.2452,-12.8053,-18.7998,-17.1596,-16.4696,-15.396,-19.892,-11.973,-20.3942,-9.7549,-89.0547,3891,11154,15826,21767,30919,33880,39002,46151,48564,53565,55449,57407,59533,67811,70834,77907,80301,82898,86830,87603,91324,96346,114475,168975,170426,172546,198472,290798,329042,344936
50,10200,467,456826,110315,100335,-4.66385,10.5146,-9.94994,-1.8549,-3.98931,-1.28261,-1.4791,-4.76224,-1.5227,-10.4282,10.5809,-21.7046,-13.236,-18.6758,-15.8945,-16.4048,-15.4025,-19.393,-12.6664,-19.8524,-9.75123,-89.5152,467,6592,7189,8935,10456,13565,16787,25004,26782,45270,45725,57159,58046,85167,106758,109787,115716,118906,122308,135814,144934,156817,176375,188000,190570,190755,210536,224709,253489,456826
51,10400,1951,410590,111169,96902.5,-6.44885,11.1362,-11.0174,-2.55705,-4.76795,-0.219209,-2.37507,-4.49123,-1.30996,-10.801,10.8768,-23.6279,-13.3639,-19.8683,-16.4639,-16.2766,-15.9518,-18.6274,-13.5946,-20.1007,-9.19424,-90.0243,1951,3459,7182,8581,35653,38592,43213,45414,60096,61111,61405,65362,70036,72569,75270,78951,103362,110572,113041,117173,127831,139594,140829,141258,156058,214230,233786,271414,326486,410590
52,10600,1000,804796,112663,172248,-6.0129,11.1114,-11.6721,-1.10822,-4.56131,-1.34221,-1.98375,-4.40103,-1.1619,-10.3196,10.3963,-24.2049,-13.1548,-19.3383,-15.4738,-16.7802,-16.6684,-17.9658,-13.626,-19.8751,-8.15055,-90.2474,1000,1579,6262,6755,8855,11204,14252,15437,15463,20652,24590,35726,42395,44047,44330,46465,53737,58718,65539,77868,80663,85067,115090,122757,227883,263612,291132,363804,430200,804796
53,10800,4695,215394,79856.4,58862.5,-5.4092,11.4605,-11.6865,-0.744235,-4.40855,-0.898813,-2.1381,-4.67752,-1.45073,-10.8948,10.0193,-23.8987,-13.7499,-18.773,-15.5094,-15.9989,-16.8287,-18.698,-13.1172,-19.4913,-8.04745,-90.646,4695,13559,18819,26878,29839,35175,37370,43726,43791,45763,47321,47335,49328,49471,55900,59891,66784,71906,80380,81746,88651,98787,108397,114608,127161,138527,188793,199791,205906,215394
54,11000,4380,624130,107108,129540,-5.58127,13.3244,-11.8569,-0.998841,-4.86715,-0.124518,-3.38076,-5.04459,-1.97073,-10.3191,10.1607,-24.1018,-14.0693,-18.7172,-16.05,-16.3124,-16.3409,-18.5774,-13.3953,-19.6993,-8.39606,-90.3569,4380,10062,11238,11663,14489,21026,28152,28793,34850,36716,37363,39567,41617,44281,47359,53761,54244,58331,84261,112366,132552,142152,164497,187786,189937,191720,196705,282539,326700,624130
55,11200,1318,799426,164218,182273,-7.50313,13.3228,-11.4588,-1.44142,-4.57135,-0.680995,-2.32649,-4.23121,-1.85431,-10.6092,10.2952,-23.9749,-14.4583,-18.4597,-16.569,-16.6271,-16.2615,-18.3773,-13.5324,-19.3031,-8.38772,-90.6485,1318,1913,5422,12065,13790,17101,22145,30037,51218,56275,57346,65999,82439,83286,94818,108093,112472,130596,131579,143758,155074,229169,255552,307951,326904,333924,425889,429544,441444,799426
56,11400,3395,756401,100694,143740,-9.45867,13.0653,-12.3324,-1.09434,-4.606,-0.124202,-1.76642,-4.71868,-1.43142,-10.6351,10.0925,-24.8541,-14.755,-18.1679,-18.0959,-16.5994,-16.9824,-18.1159,-13.7303,-19.5401,-8.96498,-91.0609,3395,11020,11467,14710,18846,21615,22761,27831,29661,34810,37315,37417,44491,50683,54806,55325,60214,80334,83903,84361,96930,100373,105132,110306,133832,180038,190317,254477,308038,756401
57,11600,540,362357,83847.8,97989.4,-11.1877,12.9115,-12.2866,-0.651259,-5.05989,-0.810627,-1.74761,-4.4413,-1.65962,-10.6632,9.64372,-25.078,-15.0985,-18.5543,-18.1013,-16.788,-16.7702,-17.8836,-13.5562,-19.7014,-9.27572,-92.4446,540,2142,4054,5107,8719,10972,14264,14474,18915,24381,26164,27823,33098,34931,43258,50675,52479,57812,73224,83984,90774,102071,108628,120574,128698,194222,213003,294208,313883,362357
58,11800,1496,653727,103530,129667,-10.135,13.0574,-11.0501,-0.649845,-5.30174,-1.01936,-2.51329,-3.8903,-1.11658,-10.1946,10.0161,-25.0778,-14.7314,-18.2112,-17.8355,-15.4003,-16.8261,-17.4707,-13.6544,-19.5535,-9.522,-91.8891,1496,5239,7193,7362,10237,18278,18998,19354,22252,28315,47076,50817,55731,61896,63721,89325,91787,94677,95231,100724,103865,103926,119897,132809,148529,172696,190246,257977,332526,653727
59,12000,1760,227441,65598.2,57900.2,-12.1102,13.046,-11.0307,-1.00945,-5.60544,-0.635507,-1.60034,-4.76551,-0.991983,-8.78585,10.487,-24.0837,-14.7355,-19.0873,-17.3009,-15.965,-16.4062,-17.8124,-13.8416,-19.2348,-9.23266,-92.6461,1760,4766,6198,7449,10122,14384,25294,26877,28561,31890,32632,38193,44212,46178,47403,48493,57215,65656,67535,68284,73997,77804,85506,88898,102062,129189,130739,182473,196736,227441
60,12200,1841,339786,106933,96170.1,-8.62195,13.2231,-10.8451,-1.17517,-6.25954,-0.0960696,-1.27582,-5.66661,-1.11225,-8.92896,10.796,-23.456,-14.4594,-18.6858,-17.4072,-15.6675,-16.5669,-19.0732,-13.355,-19.8921,-9.57967,-93.1786,1841,3903,16904,17362,19899,25386,29407,31264,32521,35330,35908,39361,51225,54372,60542,71649,82611,98879,114270,127518,136992,164546,182448,189414,222079,242780,245905,249476,284409,339786
61,12400,785,355216,76372,90388.1,-9.86864,13.5228,-11.0313,-0.68092,-6.01291,-1.52716,-0.907466,-5.92193,-1.47924,-8.00089,9.87191,-22.2166,-13.8659,-17.9249,-17.715,-15.7983,-16.7863,-18.7221,-14.1015,-20.663,-10.2917,-93.9185,785,2050,3683,7018,7233,7484,8781,15272,16196,19882,20629,26645,27422,34818,38684,47804,49028,52075,70396,71150,81920,90246,95207,115455,152723,162933,169104,257593,283729,355216
62,12600,2907,310014,87225.7,74011.9,-9.16453,12.7717,-11.5902,-0.892021,-5.39189,-1.63118,-0.89896,-6.18369,-2.13854,-8.91716,10.6822,-21.8925,-13.6245,-17.4611,-18.1557,-16.8995,-16.475,-19.5436,-14.0943,-21.6906,-10.7651,-94.6037,2907,6173,8987,12154,17909,19958,20651,24217,28595,29298,41603,48455,56860,57514,61777,74396,79650,96454,100611,107734,110583,115530,128620,153593,166276,172284,174188,177273,212507,310014
63,12800,5298,345994,81709.2,78311.4,-10.1654,13.1113,-12.6542,-0.906605,-5.64229,-3.01697,-1.23902,-5.42012,-1.64365,-8.86506,10.9175,-22.6652,-13.6528,-17.6479,-18.1329,-17.6045,-16.9948,-20.0237,-14.0028,-21.7918,-10.3372,-93.9288,5298,7296,10010,18624,24148,31304,31390,32404,32883,34941,39364,39711,41211,42364,44742,50724,57739,68636,73473,82692,88826,96321,118537,119549,125802,144378,197540,214310,231064,345994
64,13000,7736,495138,113991,106877,-12.9624,13.3692,-13.6378,-0.81341,-5.08587,-2.86292,-0.816429,-5.09317,-1.8763,-9.5521,9.92088,-23.1394,-13.8093,-18.8808,-17.2797,-19.147,-16.6928,-19.2723,-13.7539,-21.9444,-9.47718,-95.0273,7736,10636,12709,12721,17658,27820,30234,42275,46008,51364,55580,60711,61894,72432,72898,79114,98305,102753,105036,117798,156611,160173,170561,180613,183761,202677,225298,264371,294839,495138
65,13200,1311,357320,91439.3,106378,-14.9191,13.3761,-13.416,-0.452168,-4.51379,-2.53514,-1.07211,-4.30617,-1.38878,-10.1121,9.65411,-21.9518,-14.1301,-19.8041,-18.3206,-19.4449,-17.2844,-18.7334,-12.3566,-21.8964,-9.90088,-95.6326,1311,2281,4956,6075,6297,9805,11864,13209,19225,19831,29023,29709,36787,41282,65623,68448,71410,81534,89452,93920,94194,106819,114819,118458,123126,137424,321447,329720,337811,357320
66,13400,1526,484815,105359,98965.5,-17.9534,13.4572,-12.4669,0.0175758,-3.94985,-2.32298,-0.111573,-4.65376,-1.16226,-10.083,10.5374,-21.935,-14.2771,-19.3974,-18.6156,-19.0284,-16.7291,-19.5051,-12.6139,-22.7421,-10.6599,-96.528,1526,2233,9845,13458,16024,25527,28899,29717,42303,49730,56287,62159,70195,80510,80885,90287,100333,100697,107671,110209,117281,120514,151096,174070,180967,193179,206277,209303,244765,484815
67,13600,3400,573870,101516,122307,-18.5676,14.1845,-11.704,-0.0814225,-2.87166,-2.73787,-0.745223,-4.39898,-0.18799,-10.4154,11.0483,-22.6414,-14.8927,-19.1289,-18.1852,-18.8631,-16.1975,-19.9256,-11.8748,-23.0787,-11.587,-97.9681,3400,5701,8579,10767,12562,18136,18245,19514,20229,21841,41820,47288,58350,63415,66455,69802,72927,78764,81264,93207,94547,114141,124704,136770,143991,194393,245863,249315,355609,573870
68,13800,5817,665946,100008,131315,-19.4841,14.0081,-12.3372,-0.349443,-2.52426,-3.08066,-0.964552,-4.95954,-1.15078,-10.5661,11.3914,-22.8561,-14.9794,-19.6639,-17.7103,-17.9074,-17.0292,-19.6397,-13.2754,-22.6443,-11.5622,-98.5766,5817,8888,8938,9875,11925,12393,12714,13899,18705,30364,32192,32982,37587,45834,64373,69497,77291,90506,94693,99450,102542,109982,118781,135197,152029,155667,243390,264230,274568,665946
69,14000,2651,311829,95762,86673.3,-20.1378,13.9352,-11.6627,0.00122242,-3.20824,-3.71299,-1.62379,-4.50505,-0.837706,-10.3102,11.2755,-23.2697,-14.9218,-20.3992,-18.1714,-18.9284,-16.8717,-20.4313,-14.3996,-21.9859,-11.4312,-100.205,2651,3900,5478,6810,9554,18398,18967,22115,23067,49497,52277,53060,55093,55355,63743,77749,80890,85509,93120,102309,135948,138943,147561,151641,156118,212718,213850,239439,285272,311829
70,14200,4813,336755,99834.1,89858.1,-16.2252,14.3139,-12.1097,-0.0528847,-3.17472,-2.64286,-1.96913,-4.34992,-0.652656,-10.7148,11.8905,-24.6895,-14.4545,-19.496,-16.5762,-19.404,-17.0306,-20.3184,-14.4241,-21.3974,-10.6923,-101.229,4813,6517,7584,11652,18397,18884,19485,25184,42775,43800,45406,56443,58077,66450,70553,80722,83512,85923,94710,100079,103053,143317,155201,178818,182049,185640,210343,257911,300971,336755
71,14400,1324,420872,101421,95049.3,-15.0484,14.1659,-12.6026,0.00199249,-4.32245,-2.91544,-1.1888,-4.90427,-0.828459,-11.5492,12.1658,-25.2563,-15.2101,-20.4409,-16.6918,-18.8815,-17.0942,-20.2051,-14.7695,-22.6708,-12.0921,-103.046,1324,2328,9939,11618,15988,26668,27563,27850,31173,35987,39798,46779,56457,61451,63114,64811,71520,85707,115198,147667,148400,160540,160642,170929,176245,186121,198141,233737,244071,420872
72,14600,848,253672,75578.9,67063.7,-18.149,14.6703,-12.5422,-0.388059,-4.17037,-2.52612,-0.561516,-5.05872,-0.427355,-10.9839,12.1173,-25.0573,-14.7887,-20.8921,-16.9597,-19.6714,-16.8791,-22.096,-14.7307,-23.3065,-10.7855,-102.91,848,2336,6476,7406,16341,16943,18705,25651,26012,33813,37497,45393,48769,54465,56780,58376,59493,70166,74138,76055,84467,86433,117514,120107,127402,157109,176350,189818,218832,253672
73,14800,210,290042,73471.3,74545,-15.7646,12.9612,-13.1008,-0.360489,-5.27384,-2.65487,0.380844,-4.79794,-0.878591,-10.8711,12.6594,-24.565,-14.9969,-21.1374,-17.3891,-19.8816,-16.2831,-22.1452,-15.2057,-22.7712,-10.7525,-103.561,210,1406,2859,9979,11129,15407,18957,24352,24710,25643,25817,38178,40817,45020,46898,58143,58908,61078,63128,68521,89282,90053,93700,101884,119467,129975,188418,205396,254761,290042
74,15000,7156,341313,90857.3,90250.7,-10.7549,12.8528,-12.5186,-0.0816417,-5.95631,-3.73641,-0.0406527,-4.38013,-1.46809,-10.9224,13.5249,-25.1869,-14.297,-21.437,-17.779,-20.2802,-16.0912,-22.769,-14.5684,-23.52,-10.1195,-104.545,7156,8671,8804,11253,13874,15155,20344,21927,30005,42441,43347,44576,45223,46740,59268,62127,66020,87832,98460,99593,106993,110289,115466,120429,123682,166188,237352,253685,317505,341313
75,15200,5308,592722,162776,162768,-7.55835,13.8439,-12.7436,0.523171,-5.44413,-3.46736,-0.845381,-4.45601,-0.790103,-11.4198,14.053,-24.8437,-14.8164,-21.563,-18.5367,-21.1245,-16.5102,-21.281,-14.8591,-23.2199,-11.4291,-104.648,5308,13000,13914,17395,22223,22830,23372,27613,40801,51095,82395,86759,89829,97850,102465,102574,110498,131357,139669,153296,156943,184000,223623,331013,332896,394723,409846,450558,472718,592722
76,15400,12282,483762,156961,119840,-4.84201,13.7908,-11.75,0.189963,-5.96441,-3.30599,-1.61392,-3.64661,-1.5139,-12.4847,14.9944,-25.0412,-15.4086,-20.505,-19.4508,-20.3627,-16.7385,-20.6798,-14.6415,-23.9063,-11.6081,-105.408,12282,24824,26051,29642,45780,66150,66487,70075,78035,79326,90610,93302,102386,111777,117545,118643,120984,135246,145325,183348,192554,201368,230786,231506,296431,303284,326743,330672,393904,483762
77,15600,455,416004,128541,104548,1.38647,13.9492,-11.0621,0.835859,-5.36205,-3.24529,-1.45922,-3.03905,-1.94935,-12.6142,14.4638,-25.3227,-15.2495,-21.1422,-20.3858,-20.7561,-17.159,-19.7227,-14.963,-23.8749,-11.3446,-107.327,455,5928,15494,21622,33817,44607,48833,52038,55578,59362,61592,70806,81616,100856,105292,108342,110423,115491,125308,125708,174442,188480,194870,195121,203274,209168,273251,327666,330773,416004
78,15800,1948,724859,114286,138478,1.5781,14.9171,-11.505,0.773787,-4.66664,-2.65678,-1.30426,-3.32481,-1.67178,-12.9825,14.9277,-26.8251,-14.921,-21.7209,-20.618,-20.8786,-18.234,-19.2382,-13.5252,-24.886,-12.2647,-108.127,1948,3864,5790,9120,16231,23198,30922,38185,38244,51069,62794,64729,68725,69297,69779,74250,81199,106691,107842,111202,124033,129867,146166,167536,170456,172275,203630,208858,345819,724859
79,16000,3958,577458,152701,119950,0.787781,15.195,-11.6509,0.74449,-4.23194,-1.64542,-2.24767,-3.46793,-1.02813,-12.4322,15.7398,-27.5509,-16.4533,-21.3086,-20.1076,-20.8687,-18.3745,-19.5255,-14.514,-23.6934,-12.4374,-107.554,3958,26997,27127,28134,38628,45632,55543,58888,60152,85554,91783,97637,101979,124374,124989,125861,131787,164522,173570,187921,199690,210366,225366,226072,243841,252354,271002,302775,317082,577458
80,16200,6294,665222,118417,140191,1.73223,15.1561,-12.3779,1.54276,-3.90941,-2.30901,-2.14664,-3.54738,-1.16925,-12.2623,15.5274,-28.5625,-17.3475,-21.7111,-20.1667,-20.0616,-17.8347,-19.8263,-15.379,-23.7512,-12.6042,-108.236,6294,9047,10294,17524,17759,25111,25703,39710,40962,42589,45849,56830,71139,74048,75382,78040,84362,84811,91801,99889,108632,131486,142438,165795,190655,195351,241917,267962,445905,665222
81,16400,2673,428340,104210,106368,-0.930307,14.6682,-12.4347,1.71707,-3.29342,-1.90312,-1.76739,-3.07854,-0.98735,-12.0147,14.4314,-28.1531,-17.1678,-22.2754,-20.8913,-19.5678,-18.471,-20.1247,-15.6853,-24.552,-11.8745,-108.359,2673,5762,11145,12861,20951,22166,22499,24021,24263,38459,42624,48238,49766,53619,57675,58491,76677,80683,95533,110305,123244,125079,135492,153103,215328,249582,262830,272100,302794,428340
82,16600,588,562806,151453,144650,-1.75885,14.7087,-12.1397,2.07781,-3.77148,-1.41495,-2.17847,-3.22895,-0.624715,-11.1119,15.4082,-28.381,-16.5017,-22.1628,-19.5613,-21.1272,-19.2762,-20.0101,-16.0194,-25.1906,-12.2767,-109.632,588,5313,6479,26832,28646,38178,39116,40462,45280,64114,76116,83933,87708,88835,95541,99294,101556,132106,153817,159869,187110,200084,209248,213269,253778,279283,385726,437438,441050,562806
83,16800,1926,337207,129783,106172,-0.107203,14.7286,-11.7426,2.43948,-3.27893,-1.4264,-2.64422,-2.68345,-0.992682,-10.876,16.4614,-27.5796,-16.3933,-22.1005,-19.1648,-21.1361,-20.5012,-20.527,-16.5786,-24.0946,-12.3442,-109.894,1926,10626,17504,25546,26113,40236,45746,45814,56110,70968,86227,87156,89265,91367,96597,100420,110863,115406,125643,126019,127550,132520,157671,186775,298063,317687,318166,324104,324181,337207
84,17000,7257,654519,148292,135962,-0.542541,15.6975,-12.5975,1.35504,-4.03788,-2.36938,-3.43257,-2.68891,-0.781168,-11.5994,16.1215,-26.8995,-15.9688,-22.7609,-20.2068,-21.822,-21.1858,-20.4139,-17.3812,-24.4776,-12.1863,-110.63,7257,9483,26131,28155,32877,44251,49001,50626,57773,74087,80159,81844,106306,107417,111990,123882,128797,131766,140713,165237,167541,168523,201234,201382,206068,259708,311451,360152,360419,654519
85,17200,22208,516503,164910,131771,-0.652595,16.0754,-11.6256,1.78023,-3.83298,-1.95801,-3.41314,-2.08271,-1.01745,-12.0776,16.011,-26.9401,-15.7905,-23.4042,-20.7254,-22.3516,-20.3263,-21.2543,-17.59,-24.9855,-12.1458,-110.204,22208,23876,31068,33992,36716,38507,43499,48377,61848,65976,74753,85477,89642,116094,123295,141299,144755,158008,182305,202174,216803,256727,275625,287683,290895,291181,295094,364020,428899,516503
86,17400,999,554489,152178,137651,-8.80121,16.7546,-12.4046,1.5748,-5.21365,-1.59769,-3.09355,-2.32666,-1.9319,-11.6208,16.653,-26.2948,-16.2767,-23.156,-20.4497,-22.0602,-20.0415,-21.1758,-17.2383,-25.4545,-11.9332,-109.879,999,7262,8145,15206,27453,36654,53320,61325,61363,62836,63253,71276,75047,90334,94855,106618,127350,129248,149373,149484,153970,254245,263122,274300,285808,308770,333975,365959,379309,554489
87,17600,2343,488808,140462,132933,-1.2776,16.1836,-12.5517,1.06817,-4.93427,-2.06561,-3.52353,-3.04114,-2.49659,-12.7396,16.388,-26.9954,-17.1263,-22.7347,-20.1954,-21.7645,-19.3039,-21.9357,-16.6382,-25.3897,-12.1617,-110.904,2343,5527,13641,21369,31517,34030,35078,40122,42680,44021,46903,47680,62065,62688,87377,95803,104410,138027,141081,160922,174019,186526,205207,247485,296949,298941,343431,345423,409799,488808
88,17800,1593,230221,61715.9,52340.9,-6.14701,16.1153,-12.4709,0.307298,-4.53179,-2.28455,-3.00363,-2.64526,-2.73627,-12.3195,16.4413,-28.3037,-17.2572,-23.5477,-20.4994,-22.3322,-18.6044,-21.6468,-17.2585,-25.1073,-12.9682,-111.125,1593,6131,7407,14505,14694,18786,20659,25706,26451,35403,35872,38189,39058,41984,42162,42468,49013,52066,58206,65409,76454,78393,89209,96187,105660,113232,129042,135141,162177,230221
89,18000,3491,661607,134864,128046,-5.87114,15.5312,-13.0766,0.828844,-4.22391,-2.37247,-3.13855,-2.40337,-3.37268,-12.7325,16.0958,-27.1068,-18.635,-23.8303,-20.6323,-23.1235,-18.8929,-22.9557,-17.2233,-24.6813,-13.2875,-111.798,3491,6782,9717,13249,36657,45091,52727,60261,65377,68557,79774,95527,97600,98384,104938,120354,120618,130483,131393,138143,138988,139630,143363,192019,206647,242233,243513,298658,300133,661607
90,18200,2658,325449,111361,98640.7,-10.832,15.941,-12.1737,1.3586,-3.5921,-3.36637,-2.36267,-1.70523,-2.38791,-11.3215,16.1646,-27.7266,-18.173,-24.9148,-20.6317,-22.766,-19.2986,-22.8054,-16.8497,-25.5211,-13.2241,-113.01,2658,10318,11416,13400,13702,14796,18036,23189,29351,32979,48686,51955,58563,65745,69042,69636,102380,109035,127427,144430,145173,179715,190754,196936,226860,227936,266003,271244,294023,325449
91,18400,2455,399133,123559,112613,-17.1017,15.608,-13.3293,0.649095,-3.50639,-4.032,-1.54117,-2.64663,-2.42038,-13.0874,15.1475,-27.1458,-18.9104,-23.866,-20.4208,-22.3212,-19.6557,-23.1523,-16.8627,-26.2063,-12.168,-113.203,2455,5762,11213,17322,19233,22518,31129,34401,48184,51364,52620,57514,59929,66566,77150,102516,107947,114657,115005,118376,151323,159256,203954,208427,228684,274413,281938,316877,366890,399133
92,18600,7376,387172,120352,98767.8,-17.4478,16.0381,-13.305,0.397762,-2.30279,-4.03871,-1.40472,-2.13959,-2.16956,-13.9056,15.6816,-26.9845,-18.8053,-24.0058,-20.4506,-22.3125,-19.0457,-23.1588,-17.6715,-25.8721,-11.7166,-114.743,7376,10471,13408,13963,14290,19401,31115,34953,47399,47507,61697,77987,80927,81985,83470,103175,107716,121996,145718,152936,168235,183044,190411,192199,212327,219129,221650,250445,328455,387172
93,18800,1908,420008,123866,104161,-11.6369,15.7427,-12.3744,-0.211483,-2.47978,-4.03122,-0.822034,-2.38795,-1.55495,-13.5882,15.9771,-27.2648,-18.5434,-24.8137,-20.2054,-23.2649,-19.4677,-23.8614,-17.4814,-24.6219,-12.35,-114.867,1908,7663,13053,14326,25420,45984,48910,49253,50976,52068,52803,53749,64187,71159,74542,87393,109151,119170,164705,179409,180314,187428,189838,191113,199538,206028,227994,306107,321792,420008
94,19000,1561,434677,88042.9,98341.5,-10.6976,15.3816,-12.4518,0.515724,-3.50166,-4.42546,-0.455101,-2.11762,-0.826476,-13.7487,16.5743,-27.0625,-18.5207,-24.9217,-19.2939,-23.4223,-19.9671,-24.7723,-18.2348,-24.4003,-12.1782,-116.517,1561,1688,7195,7443,12401,12920,13376,25403,25666,27973,43917,44640,45047,57572,59717,62540,62559,68800,69463,70840,90195,94877,120188,123908,154018,169518,197373,221889,313923,434677
95,19200,824,460043,104460,116515,-8.61806,15.7366,-12.3869,-1.11551,-3.21935,-3.54658,-0.944771,-2.80015,-0.733626,-13.69,15.986,-26.0042,-17.9899,-24.773,-19.8951,-23.1182,-20.4384,-23.7596,-17.8813,-25.1794,-12.0691,-117.876,824,7377,8994,15094,17478,20512,27013,31330,33365,35342,35418,36140,40490,41131,54350,59693,67413,69447,86461,88887,107439,109420,146144,185657,197196,226691,261892,262748,399821,460043
96,19400,772,465013,130285,140401,-12.1399,15.6743,-11.3593,-1.43353,-2.95848,-3.9575,-1.79751,-3.90154,1.02762,-13.7484,14.8969,-26.8912,-17.5203,-25.5709,-19.521,-23.9412,-20.4266,-23.765,-18.231,-25.1533,-11.165,-118.622,772,2467,2686,5144,19002,19288,19758,26822,31514,35687,40513,44214,44481,69344,78316,78391,82969,96503,104321,131418,156977,166181,169625,219867,282777,316361,351956,390129,456066,465013
97,19600,1153,504917,103112,117399,-10.9394,15.2215,-12.161,-1.17672,-3.68835,-3.55146,-0.637156,-4.6308,-0.126643,-13.4666,14.5278,-25.9741,-17.355,-24.1698,-19.916,-24.6562,-20.5034,-22.8993,-17.3637,-26.5031,-11.3344,-117.853,1153,6984,7439,9765,11613,14719,15681,19773,29298,34135,34730,40276,41635,41883,45031,63236,63949,89398,95707,99683,120772,143947,145072,152040,178999,193200,246402,294425,347484,504917
98,19800,9644,282880,97201.1,85273,-10.3887,15.129,-12.0745,-1.52852,-3.12895,-3.87429,-0.922024,-4.00941,0.531476,-13.1076,14.4739,-25.2539,-17.4918,-23.7196,-20.1975,-25.318,-20.6322,-23.5404,-16.9447,-26.9635,-11.0846,-117.951,9644,10092,15208,15476,20946,31153,31859,34721,41062,43286,46488,47827,49561,61763,65352,67821,68673,81417,83399,89317,100293,133158,153318,153481,159302,234752,244414,265577,273794,282880
99,20000,4260,426441,112654,98253.5,-11.8124,13.7153,-12.1477,-1.9834,-3.455,-3.3967,0.725464,-5.03432,-0.0528271,-13.921,14.2594,-25.8217,-16.939,-23.6059,-20.8795,-24.7787,-20.9417,-23.9187,-17.753,-27.1225,-10.8389,-117.095,4260,5925,8708,12093,17414,19629,31661,45122,56646,59506,62094,63096,76090,77268,77963,104729,107027,114835,119032,122091,125532,154371,154661,173126,178351,181511,211025,269756,319670,426441
100,20200,150,585232,125899,148120,-10.3176,14.4789,-13.2468,-1.73652,-3.83918,-3.56774,-0.810015,-5.52224,0.302053,-13.8474,15.0039,-26.7064,-17.1792,-23.2612,-20.0828,-24.2689,-21.4076,-23.9913,-18.8268,-26.7113,-11.7373,-118.482,150,1101,2203,9823,13492,22848,28910,39564,39666,41322,42067,44863,46990,49575,98707,100308,101492,104654,106671,106841,110516,122645,138456,160548,199679,231493,309615,395449,522081,585232
101,20400,2946,678588,138979,163348,-11.9217,15.6257,-12.6903,-2.27617,-3.51878,-2.63485,-1.70324,-6.36655,1.0101,-12.4375,15.9961,-26.8991,-18.098,-24.1599,-20.3742,-24.2217,-21.8027,-24.6311,-19.2271,-27.6914,-11.9819,-118.544,2946,5937,13899,17953,20653,28211,30707,34143,38964,40128,47113,50957,53129,63707,66586,95364,99433,101533,109534,136393,151665,159825,161702,181452,241857,253891,351350,361881,569871,678588
102,20600,4580,459848,113142,112582,-8.84502,17.0082,-13.599,-3.41992,-3.02702,-3.59321,-1.67396,-6.68243,0.507788,-11.482,16.5413,-28.0815,-17.73,-23.2338,-20.4436,-24.2182,-22.183,-24.7696,-18.6087,-28.9446,-12.7347,-119.447,4580,9926,10361,12066,14661,15441,21324,22519,27715,37662,44386,47537,54472,68129,94680,101301,103504,114450,117917,121628,136171,136245,140169,163044,204775,208279,209727,327066,364664,459848
103,20800,2152,458933,111379,98679.5,-9.23261,16.9931,-14.1912,-2.62931,-2.61265,-4.14749,-1.30623,-6.71043,0.517512,-11.3426,15.7241,-28.505,-17.7818,-23.6443,-20.6578,-23.7863,-21.3712,-24.6766,-18.1265,-29.384,-13.3583,-120.045,2152,2878,5624,8939,24789,27665,29090,32983,35472,39320,73480,82692,87040,87586,91559,96597,98958,106329,119059,121344,134312,148554,174690,177100,182272,187435,191073,212962,300471,458933
104,21000,606,436052,114701,107263,-14.7059,16.8338,-14.2015,-0.824369,-2.28921,-3.39196,-1.14544,-6.49611,0.287315,-11.424,16.4476,-30.0895,-17.9641,-24.1577,-20.6509,-24.2219,-21.2423,-24.4939,-18.2277,-30.4763,-12.1195,-119.257,606,1967,7108,13806,17001,17281,22968,24762,34448,36677,45411,51721,69914,91375,96913,104086,118621,123807,128144,132829,143949,150462,156070,171837,184973,190120,223110,264963,380057,436052
105,21200,1013,670776,147618,164940,-17.4384,17.2327,-13.4134,-1.2965,-1.20319,-2.95501,-0.946022,-6.67498,0.38287,-10.9679,17.3095,-29.9345,-18.0502,-25.371,-20.4575,-23.6739,-21.0367,-25.283,-18.5641,-31.0205,-11.1899,-119.334,1013,4799,5716,14519,23418,39461,43583,46308,46458,62189,70881,72605,75550,82786,85601,93151,94496,108823,112468,129849,132090,144471,162048,219717,264385,294560,357454,375067,594297,670776
106,21400,478,294815,127716,93131.9,-17.8603,17.5515,-14.265,-1.76942,-2.29715,-3.97225,-1.74908,-6.36783,0.0172071,-12.6056,17.2776,-29.8246,-18.4024,-25.4931,-20.6476,-24.3537,-21.4211,-25.9944,-18.6274,-30.3762,-11.2956,-119.168,478,4688,20352,22583,27589,32801,47923,49519,53694,66033,66931,75394,79746,92374,99014,120607,131715,138886,143072,146274,146959,209156,216428,234392,239977,257995,260735,272284,279063,294815
107,21600,2361,396116,127529,122813,-17.6729,16.8226,-13.5899,-1.16848,-1.98814,-4.41391,-1.80193,-5.99849,0.00892188,-12.2898,17.416,-29.5291,-18.5263,-26.616,-21.6919,-24.8078,-22.5901,-27.1268,-18.7834,-30.0224,-11.763,-121.501,2361,2424,4191,4209,5226,9537,12263,22000,22012,27669,28060,44488,66279,68348,81709,86017,87578,108940,165208,183332,207417,227210,241148,246121,247839,258435,265975,346962,356792,396116
108,21800,5369,654810,176992,163946,-16.5858,17.1668,-12.944,-0.837874,-2.27097,-3.6883,-1.07243,-5.91281,0.673347,-12.3258,16.3438,-29.313,-18.1299,-26.1113,-21.2686,-25.323,-22.2829,-26.9361,-18.3877,-30.2239,-11.9793,-121.546,5369,15713,20894,22945,23909,25248,25639,27780,38120,43055,55067,60604,107217,110567,129107,131064,174174,187111,218616,232164,242059,246840,257321,271198,342281,393641,395086,399632,452539,654810
109,22000,8896,515181,129890,111281,-21.1287,17.7673,-13.3798,-1.27723,-3.11184,-3.44835,-1.88202,-5.29579,0.884816,-12.3207,16.113,-29.3307,-18.4971,-26.3412,-20.8545,-25.3795,-22.368,-27.498,-18.7657,-29.9441,-11.723,-121.983,8896,9838,14222,18102,47698,48192,67127,73171,81105,81758,82401,88604,88718,89141,97130,105926,105961,120642,121797,122210,125535,151054,151961,155640,158766,230626,249845,303141,382300,515181
110,22200,1133,445477,127353,123175,-23.2319,17.4124,-12.738,-1.05095,-3.22377,-4.25435,-1.51943,-5.46399,0.6647,-11.3439,16.4591,-29.9896,-18.7047,-26.9668,-21.6405,-25.844,-20.9985,-28.1162,-19.2851,-29.1631,-12.2735,-122.624,1133,10891,12080,15919,21037,29962,34398,44729,48394,52212,63630,65704,68345,73041,73399,87873,88885,90051,90934,114068,143924,159837,195555,224443,235772,263394,284236,349339,431915,445477
111,22400,11420,499719,158026,133659,-22.5758,16.735,-11.758,-0.953223,-2.65996,-3.67534,-1.50931,-5.86027,0.986118,-12.2668,17.7399,-30.6745,-18.8438,-27.7154,-20.8511,-25.5906,-21.5579,-28.5421,-17.418,-30.1124,-12.9941,-124.103,11420,13709,15603,26787,28013,31341,31894,34987,50990,66956,72401,76307,77168,95793,114294,146734,151337,160586,169580,197449,205694,248581,253506,266175,271225,285974,345326,372117,419103,499719
112,22600,10393,496387,133979,134839,-20.4561,18.2269,-13.019,-1.10287,-2.50727,-3.83824,-0.821468,-5.90554,0.285377,-12.7902,18.1803,-31.0179,-18.8348,-27.787,-21.1177,-26.1769,-20.3184,-27.297,-17.2813,-30.6374,-13.038,-126.129,10393,12146,15021,18504,18933,23922,26556,27305,44344,69306,69451,70138,76363,77687,81314,86976,98372,103524,106607,113241,113349,133270,163597,228372,239213,324521,378504,392654,399410,496387
113,22800,7842,629365,171518,153429,-21.5872,17.9239,-13.8875,-0.737908,-1.90937,-4.22165,-1.34796,-6.03491,0.199646,-13.4293,18.539,-30.7828,-18.5402,-26.9581,-21.1954,-26.2874,-21.607,-26.9948,-18.1215,-30.9576,-12.6722,-126.644,7842,17603,18617,33945,38046,38667,58889,67558,74139,76180,81279,92196,101894,104159,109291,129143,129747,156967,169855,174933,212562,217083,228646,240890,298328,317003,405898,413813,500990,629365
114,23000,11759,693976,162786,145410,-19.3003,18.4577,-13.518,-0.670147,-3.09091,-3.42152,-2.13589,-6.35441,0.49064,-13.2319,17.4024,-30.4675,-19.8337,-26.0791,-21.4496,-25.1933,-21.6811,-26.6543,-17.9903,-31.1691,-12.5588,-127.232,11759,23909,28378,30034,40038,40715,48475,49141,59442,63281,66665,68998,73167,100970,116717,144832,146665,167815,170513,195706,212546,232683,266153,281606,285591,294555,299761,320176,349318,693976
115,23200,5901,502775,146849,124339,-23.6265,17.6067,-13.5278,-1.36238,-2.68519,-3.21173,-1.71168,-6.1455,1.38071,-14.4507,16.9598,-30.7111,-19.5028,-26.2549,-21.2949,-26.1211,-21.4813,-26.0173,-16.6813,-31.2113,-12.9502,-127.016,5901,6335,19324,25078,34868,36457,42262,42501,44317,73358,81844,83506,87044,101606,107418,109311,114180,114379,131796,174950,180608,238768,250999,256285,264671,266304,322201,336073,350355,502775
116,23400,8712,811493,147954,158107,-20.0016,17.7758,-13.6658,-0.989705,-3.41465,-3.6785,-2.87981,-5.94378,1.39631,-14.0739,17.0904,-30.4693,-19.2413,-25.7246,-21.639,-26.0756,-21.8804,-27.1056,-16.4047,-30.8783,-12.8816,-127.669,8712,12547,12874,33057,33607,38414,44064,44605,45161,45539,73350,100587,102013,102085,108789,112065,133592,139912,140830,144970,148516,156665,162655,162879,252365,255350,299279,353123,359516,811493
117,23600,11369,679524,198182,183981,-20.7873,17.9458,-13.7502,-0.792508,-4.50132,-2.48209,-3.37661,-5.66232,1.11392,-13.2501,17.9964,-30.7654,-18.4775,-25.5486,-22.1864,-26.0326,-21.2227,-27.8103,-16.5596,-31.8322,-12.4031,-127.131,11369,22800,27106,28558,36104,37189,42009,46453,47137,47951,73219,97353,103132,103274,119081,149697,150356,163557,222678,225279,260998,288562,295809,364310,386951,411124,444593,448011,611277,679524
118,23800,5899,800360,148819,166305,-21.4547,19.022,-14.4464,-0.682324,-4.55934,-2.2158,-3.89003,-5.49507,1.39658,-13.049,17.4195,-30.2484,-18.5002,-25.5223,-20.662,-25.9451,-22.5951,-28.0425,-16.7356,-31.6944,-12.0601,-127.801,5899,12015,15412,28619,31401,32604,36581,40029,51179,67569,69884,73536,90139,95613,96704,111458,112661,112963,114280,122879,158379,190647,197864,209404,215443,223514,241585,452731,453225,800360
119,24000,734,549048,157547,146270,-20.1475,18.9581,-15.261,-0.834183,-4.49363,-1.65541,-3.22949,-5.90756,2.42908,-13.6045,17.8234,-30.3287,-19.0892,-26.5858,-21.8303,-25.9944,-22.2716,-28.0068,-17.0566,-31.7847,-13.3392,-129.506,734,3513,7925,11743,21693,25054,28673,29431,30700,49023,76858,82569,106533,108119,119805,126658,136102,143453,155697,184936,190046,210945,223827,231191,335594,346221,354950,385960,449417,549048
120,24200,793,824497,174694,189284,-21.3764,19.3587,-15.4547,-1.04977,-3.62677,-2.38586,-3.44126,-5.44761,2.09331,-13.5189,17.6227,-30.5155,-20.3167,-26.9218,-21.99,-26.9299,-22.255,-27.6481,-18.3685,-31.8317,-13.7696,-128.401,793,4567,8060,8321,14990,20618,22754,27108,68453,82135,85708,95504,102642,114496,115048,122410,126842,177749,186985,191621,223151,227417,231673,238285,246290,300943,310206,371531,690021,824497
121,24400,1354,755352,169992,180927,-23.3996,19.3565,-15.3883,-0.827966,-4.78394,-3.02827,-4.61607,-5.17619,1.65895,-14.1993,17.0006,-31.2477,-20.3171,-26.5582,-21.7399,-26.0386,-21.9604,-27.3645,-17.5523,-32.4515,-12.954,-131.386,1354,14259,14629,19770,21235,21629,25824,27401,29604,45167,49618,54007,70291,80366,91734,94335,105451,152252,166738,208662,223497,260985,292071,303902,310357,328765,363246,483563,483689,755352
122,24600,8013,657911,144850,157057,-23.4169,18.8904,-15.7117,-0.441718,-6.78687,-3.26212,-4.28031,-5.07739,1.01676,-15.3584,16.6315,-30.9122,-19.9457,-27.7228,-21.3042,-25.9978,-22.7136,-27.2784,-16.9285,-32.6434,-13.5446,-133.003,8013,21301,23267,28073,28395,28702,32084,33570,38746,39309,40538,41739,41892,58684,75249,123516,129699,132642,138929,150324,167487,168011,201008,224037,229164,248371,276986,457723,500123,657911
123,24800,3330,471275,128810,126965,-23.7835,19.3231,-16.0851,-1.45384,-6.06806,-3.79329,-4.22502,-4.30767,0.238759,-14.1259,16.3796,-30.0629,-18.7383,-27.7406,-21.5204,-27.0949,-22.3923,-28.2889,-17.3538,-32.4982,-13.5093,-132.966,3330,9119,11671,15543,19597,20819,26108,29111,38451,38693,41522,60840,61814,72627,75155,81904,98451,107315,128744,131410,146443,170474,197467,220304,230877,296127,325685,340601,392822,471275
124,25000,3171,445866,109556,97170.1,-22.5612,19.3721,-15.5426,-1.36931,-5.46127,-4.1199,-4.15752,-3.81246,1.21656,-14.2151,16.5401,-31.2323,-18.5347,-27.0069,-20.5879,-26.4708,-22.8537,-29.0115,-18.5103,-32.9433,-13.7488,-132.941,3171,14323,38138,45823,47360,48798,49918,50324,52908,54915,58543,66310,70057,74294,76067,81844,83983,84216,86534,90582,117439,132450,139316,144040,155414,168687,171624,295439,338309,445866
125,25200,4652,559047,108877,121935,-24.1626,19.2279,-16.2234,-1.29503,-4.46103,-3.29518,-4.37493,-3.23015,1.43009,-13.7783,17.4867,-31.515,-18.5536,-27.7816,-20.5668,-26.9869,-22.7203,-29.6492,-17.8984,-33.0045,-14.0519,-133.916,4652,5060,11598,17667,20524,21966,36052,36590,36940,37463,41008,44030,44722,49478,56754,58869,61858,75871,87990,111018,111904,128355,140670,157948,194110,263241,269784,271780,309367,559047
126,25400,5437,678334,149925,137692,-23.9014,19.6279,-16.3123,0.204589,-4.58562,-3.44585,-4.53083,-3.62367,0.76011,-13.6806,17.3174,-31.8216,-18.4358,-27.1729,-21.1918,-27.8788,-23.3206,-29.1936,-17.5949,-30.8989,-14.0428,-133.588,5437,19492,20288,25399,44978,45122,54274,54420,66159,75905,80611,96592,104997,105199,110858,112218,125214,143155,146177,151965,153011,163008,183622,223060,269118,280483,281585,284009,393059,678334
127,25600,9633,326526,116026,91780.3,-22.4803,19.6829,-15.7708,0.914506,-3.74399,-3.2343,-4.35206,-2.67403,0.384725,-13.6714,17.0896,-31.4738,-19.0605,-26.0332,-21.6994,-28.0725,-23.4358,-30.1247,-18.4476,-30.9402,-13.8524,-133.886,9633,25447,26087,36650,37170,38119,39627,39947,40749,43094,50384,59848,63104,69040,72322,77962,86886,117402,127282,129654,162195,167027,184885,185333,205920,235000,244104,268129,311256,326526
128,25800,735,383587,126004,105326,-21.5737,19.9692,-15.6596,0.842842,-4.18342,-2.45531,-4.87238,-2.88934,0.115641,-13.5139,16.7546,-33.3163,-18.6379,-25.881,-21.5445,-27.0714,-23.348,-30.3799,-18.7179,-30.4296,-14.5545,-133.509,735,5917,12203,12327,20207,44024,46831,48536,60520,64969,69923,77973,89584,96646,98370,107267,114994,120886,129239,131544,144580,150607,167267,174840,183850,209592,297492,357260,358336,383587
129,26000,2862,560201,142855,130560,-24.2516,19.576,-15.7568,0.161444,-4.46901,-2.76201,-5.1632,-3.55073,0.969519,-13.2407,17.495,-33.6679,-18.45,-26.2654,-20.5663,-26.5982,-23.7449,-30.7376,-19.0328,-30.8167,-14.4085,-134.494,2862,9166,26035,28935,41027,42198,44857,46457,51585,51799,57802,62695,68032,69743,83751,129017,142052,153741,166891,175581,184398,184452,198066,210911,215415,237527,256597,330249,453609,560201
130,26200,8348,486221,131166,122129,-24.2444,18.7082,-15.9398,0.610213,-4.63671,-1.87306,-4.59437,-2.88445,1.26786,-13.4701,16.7302,-33.4202,-19.1818,-26.1313,-20.3913,-26.1612,-23.4935,-30.7648,-18.3957,-30.4202,-15.0371,-134.34,8348,14957,16096,22652,26429,31983,38569,43459,45317,49728,60601,62218,67045,68634,70286,71983,87901,119433,140923,141395,145348,166991,185116,224025,256553,298922,311337,312190,360333,486221
131,26400,12140,479634,109801,106205,-24.4947,18.206,-14.8336,0.0217991,-4.25271,-2.65804,-3.65407,-4.17523,2.07516,-13.7916,16.4257,-32.9125,-18.1628,-26.0177,-20.3448,-26.2768,-23.1939,-30.5163,-20.1034,-30.9019,-15.108,-134.267,12140,13298,13485,16052,18108,19933,20835,28741,32420,34509,43556,43992,45761,70827,79696,89249,117031,119765,121497,122873,123997,128320,133071,169235,185793,218403,242251,259146,290426,479634
132,26600,7558,568460,114662,117675,-24.7369,18.2381,-14.2807,-0.0257139,-4.50677,-2.14297,-3.12603,-5.31286,2.28142,-14.2776,17.3169,-32.6232,-18.0098,-26.0642,-20.0997,-26.2652,-22.5652,-31.0113,-19.9877,-32.0622,-14.4321,-134.72,7558,10833,11684,23228,24234,26429,27581,28213,38138,47469,52803,53388,59524,70214,80959,87944,106838,111122,116421,119288,123313,129206,141919,149587,162773,218652,264687,285117,292290,568460
133,26800,3468,275203,104460,79636.3,-25.0861,17.5912,-14.354,-0.10208,-4.72934,-2.23564,-3.3808,-5.44234,1.86763,-14.2349,17.0776,-33.753,-18.1174,-25.8339,-20.6009,-26.654,-23.5464,-29.8575,-20.2045,-32.3611,-14.9835,-134.027,3468,4299,10840,11198,15987,16169,34438,38931,51174,60345,60346,62984,66612,77144,81164,95743,106607,118034,121399,124257,137536,144148,150997,160674,185151,187063,227182,251480,253213,275203
134,27000,3422,311844,97551.3,79964,-27.469,17.492,-15.1666,0.811935,-4.2427,-2.93077,-1.9845,-5.82761,1.30202,-15.1458,16.7856,-33.4851,-17.9818,-25.7878,-21.5247,-26.6549,-22.9773,-28.8814,-18.5841,-32.3341,-15.0499,-133.333,3422,11770,13745,26450,35693,37522,39433,43337,44879,52713,55657,55740,56305,57461,64435,76907,83234,87531,87808,91871,103642,114505,143568,149960,163391,175679,216685,239750,281601,311844
135,27200,3553,264609,68630.6,60914.3,-27.9248,17.9251,-15.6248,1.08074,-5.07578,-3.41109,-1.21768,-5.51581,1.24342,-14.2206,17.1569,-33.3232,-19.0295,-26.1602,-21.8598,-26.4818,-22.928,-29.0964,-19.3505,-32.5952,-14.2664,-133.641,3553,4577,5593,10006,13016,13882,18456,20889,20906,24698,25994,33209,36043,43340,45220,54663,63939,74090,75206,80072,95579,108245,114183,114761,122513,124049,128231,159472,159923,264609
136,27400,5583,380669,102057,82596.7,-28.7499,18.914,-16.9335,1.43873,-5.57088,-3.57447,-1.76437,-6.01841,-0.116787,-14.0311,17.4814,-33.8707,-18.586,-26.5577,-22.18,-26.0095,-22.0992,-29.9016,-18.1549,-31.6206,-13.7189,-135.114,5583,17306,19305,21551,32788,35162,35691,39253,43845,51367,56153,63883,65321,68026,71996,81179,88623,93065,96215,107173,133032,141488,148064,157165,177603,190758,199314,203756,236380,380669
137,27600,1337,496967,143997,140560,-23.9282,18.5369,-16.9667,2.3797,-6.23624,-3.95796,-0.877507,-6.54651,-0.247092,-14.5027,18.6143,-33.9194,-18.7279,-26.2432,-23.5161,-26.9139,-21.7782,-31.4585,-18.4067,-31.2007,-14.0981,-136.994,1337,5204,6826,7431,7889,12548,23082,23263,26121,28046,61709,69984,86865,89047,104325,105954,109598,141245,146645,162888,168012,218716,221829,236101,263436,289052,394643,396832,414330,496967
138,27800,1551,307114,90919.1,87095.8,-25.7504,19.0521,-17.8025,1.65915,-6.03677,-3.02367,-1.42135,-6.41658,0.50295,-14.0304,19.2289,-35.118,-18.4569,-26.5028,-24.0262,-26.7887,-22.8324,-31.4301,-17.3689,-31.9442,-14.5161,-137.445,1551,2090,3995,7223,7451,9829,11906,12661,16694,20831,27223,29807,42645,43851,58972,74172,86103,90660,97004,105623,140165,147410,168481,171373,174763,177295,209206,217484,263990,307114
139,28000,3419,414175,136396,105677,-27.439,19.2832,-17.5264,1.13529,-5.35456,-3.7193,-2.56296,-5.55073,0.205099,-14.509,18.2956,-35.0955,-18.3301,-27.4249,-23.5328,-27.1821,-23.7413,-31.1091,-18.1542,-32.0747,-13.7811,-137.759,3419,5483,5796,12837,14658,25802,51959,69914,76051,76444,82772,88113,106197,110895,117984,125340,125963,139419,151838,159417,159955,175202,177822,200222,212855,243357,315437,316491,326074,414175
140,28200,3711,705164,122651,143899,-26.8617,19.197,-17.122,1.62841,-5.22665,-3.52998,-1.66974,-6.16061,-0.545365,-13.7117,17.9006,-35.3853,-18.8704,-27.265,-23.3738,-25.8964,-24.4524,-30.7949,-19.8998,-32.3922,-13.8102,-139.054,3711,4330,6294,7301,7620,13819,14891,21921,24820,37712,42106,42891,52041,66912,69868,91641,95454,116365,131378,139859,153419,157891,157962,188972,209153,242031,270299,278061,325642,705164
141,28400,943,645270,118333,132262,-27.038,18.976,-17.1951,1.58806,-5.56188,-3.73415,-1.83749,-7.44557,-1.24049,-13.7351,17.905,-37.1111,-19.5868,-27.0531,-23.1336,-25.6128,-24.5932,-30.78,-19.5904,-32.5395,-12.669,-138.781,943,1419,5144,8517,11434,14296,16055,19716,25560,42329,51189,51781,72291,83104,84323,88849,91722,94757,107701,116486,125180,155039,182912,187441,226433,236588,245624,256688,301194,645270
142,28600,2443,613436,142690,130963,-28.1498,19.0052,-17.623,1.17227,-5.22972,-3.41094,-2.10425,-7.4659,-2.24681,-13.9481,17.2538,-36.5452,-18.7101,-26.5119,-24.2284,-24.9729,-25.4313,-30.473,-19.8683,-32.5052,-12.1414,-138.894,2443,3131,13765,14257,19541,48689,50806,54975,64884,73069,73206,73687,77771,98243,99612,114250,121165,135350,146874,152727,164290,192766,198783,216043,218100,253987,313967,325753,345134,613436
143,28800,1214,529360,132847,120079,-28.842,18.9498,-18.3427,0.369141,-4.85316,-3.22337,-2.00172,-8.03548,-1.85804,-14.4647,16.8537,-37.5988,-20.155,-27.1869,-24.143,-26.0032,-25.1253,-30.5005,-18.6645,-32.2972,-12.9483,-141.047,1214,3661,6586,7247,15751,21215,24909,47146,62001,77586,79662,99128,100463,101358,109396,120498,127136,127755,128954,135830,140032,148853,153489,200307,213068,218071,309238,314385,361118,529360
144,29000,15635,396365,118694,96491.4,-26.4651,18.4209,-17.885,0.555855,-5.43169,-3.29338,-1.95083,-8.58921,-1.04039,-13.8943,17.2748,-37.4908,-20.5071,-26.5523,-23.9492,-25.9498,-24.3174,-31.1705,-19.3336,-32.6134,-13.3351,-141.69,15635,27018,28207,31777,41005,46414,51135,52598,53322,58072,58130,64082,66056,69072,94730,95727,108994,113683,121242,133504,137695,144657,152069,162277,164402,192639,210692,294889,374726,396365
145,29200,3357,551131,140855,127024,-27.646,18.141,-19.092,-0.761062,-5.14843,-3.02615,-1.46392,-9.34161,-1.03725,-13.9286,17.0279,-36.6039,-19.1597,-28.1256,-23.1884,-25.9115,-24.9333,-32.6308,-19.4316,-32.455,-13.5814,-140.535,3357,10207,14584,16048,19315,28029,32962,48986,49513,67804,68159,74546,92143,95473,112112,126955,133754,141119,142609,152331,159395,161711,195440,225580,231707,242586,293535,359338,375225,551131
146,29400,838,682873,169818,152593,-20.8952,18.6738,-19.0139,-0.372101,-5.00694,-3.07293,-2.09531,-8.95226,-1.18927,-14.6526,18.4383,-37.0624,-19.4428,-29.2616,-24.1716,-26.967,-24.6774,-32.2966,-20.1686,-31.9331,-12.7921,-139.881,838,6494,18786,28490,28633,31361,40355,46803,49406,74034,84143,87645,106913,140456,141114,141185,152552,160059,171933,194736,195295,221789,250245,261808,296435,344183,349633,371408,414940,682873
147,29600,10576,387588,147678,106955,-25.3849,18.9031,-18.688,-1.14854,-5.65587,-4.70953,-2.60211,-9.91472,-1.6924,-14.8469,18.1379,-36.8162,-19.7791,-28.5188,-23.8368,-26.8381,-25.4261,-32.8792,-20.452,-31.7128,-12.4203,-140.823,10576,17338,20137,33662,34178,38514,41991,45277,45848,47316,79728,100163,103949,117568,133329,138695,151305,173308,181974,202439,210102,215164,220287,224704,248357,272651,279105,323950,331137,387588
148,29800,2318,382716,105111,84730.5,-21.8386,18.9593,-19.1745,-0.104058,-4.9625,-5.49782,-2.14585,-9.6207,-1.92862,-14.6767,17.4907,-37.2275,-20.8619,-29.5667,-23.6974,-26.2067,-24.4945,-31.7207,-20.2795,-31.7612,-10.2019,-141.83,2318,3933,8067,20264,24055,44469,53101,57018,57465,65294,69838,73092,83369,85847,91780,99945,107467,108510,110777,113719,119021,119737,120936,121520,130933,153410,166916,240233,317591,382716
149,30000,4178,389036,121274,99140.3,-24.849,19.8269,-20.0996,-1.19787,-5.23855,-5.98384,-2.32743,-9.80199,-0.644079,-14.8677,18.5023,-37.036,-21.4715,-28.7115,-25.1116,-26.9363,-24.0719,-32.1325,-20.9583,-32.9051,-11.3645,-144.008,4178,7841,12646,25867,37373,47046,47790,49556,54280,58432,61081,70935,90877,96348,96867,105649,107928,113659,123096,125716,136579,137998,143198,165755,168506,222318,302505,307644,327511,389036
150,30200,1735,431899,125979,100164,-25.5599,19.3817,-17.4665,-0.984577,-4.93794,-5.53732,-3.1333,-7.84968,-0.729771,-14.6836,18.5268,-36.9528,-22.1576,-29.6251,-25.0802,-27.3239,-24.7611,-32.7544,-20.9352,-33.1219,-11.3761,-144.611,1735,5411,9039,26915,35994,37703,56046,58456,61571,64766,67266,73199,86251,95369,96308,108052,110044,118581,134786,152129,155197,155295,169673,186670,213753,217916,255830,274412,319091,431899
151,30400,3376,502598,162054,132723,-28.4186,19.2394,-17.2435,-0.0585519,-5.54418,-6.16079,-2.95903,-7.20291,-1.33139,-15.1859,18.4246,-37.7975,-21.1794,-29.5977,-25.421,-27.9134,-24.7568,-32.288,-20.6998,-33.3362,-11.7251,-144.962,3376,6000,8336,19711,30303,34421,35085,41189,49008,49338,52431,55611,70736,182738,183439,189366,193064,195054,204046,205186,207562,219574,233305,238298,265666,293488,320286,348836,423583,502598
152,30600,838,966008,187930,216600,-26.1148,18.823,-16.1781,-0.891132,-4.47477,-5.21482,-2.9395,-6.57062,-2.003,-14.631,18.75,-36.8617,-22.7378,-29.7095,-25.5598,-28.5666,-24.2269,-32.1098,-19.9343,-33.388,-12.1384,-143.62,838,8752,20288,25955,29420,36777,39795,46977,48055,53233,58295,63077,74561,78674,99493,105511,138254,166618,176980,192179,210881,215466,263446,266559,325649,348679,388547,558557,630373,966008
153,30800,26,844355,193668,198255,-26.2581,18.5227,-15.8972,0.795203,-4.56743,-4.6549,-2.12571,-5.79909,-2.8904,-13.9831,19.0536,-36.4066,-22.4009,-30.2683,-25.717,-28.1566,-24.82,-32.1123,-20.4154,-33.6246,-12.5416,-143.971,26,3100,9315,23560,30528,36559,43364,54627,54798,57345,70125,82378,105611,106692,142221,144761,148460,149751,178389,191134,243697,251349,289039,323599,333552,378470,385662,559182,568399,844355
154,31000,609,661683,182636,177040,-25.2129,19.2692,-15.0642,0.169433,-4.71584,-5.387,-1.60486,-5.87155,-1.63119,-14.8489,18.6178,-36.1004,-23.8817,-30.0605,-26.2757,-28.4675,-24.8388,-32.5817,-20.9679,-32.4319,-12.4214,-145.322,609,5116,7005,15044,34231,40343,50350,58096,60328,64379,75172,81300,81808,84117,88272,99504,109772,155480,183433,224496,228824,252552,298995,303790,392617,399048,416931,493563,512211,661683
155,31200,353,337939,93326.4,84138.7,-29.7407,18.4007,-15.135,-0.53929,-4.17982,-4.53499,-0.514666,-6.67695,-2.27474,-13.8387,19.0442,-35.7063,-24.3953,-30.1013,-26.1437,-29.3955,-24.1573,-31.9991,-21.1732,-32.1888,-13.5396,-147.237,353,2694,5739,7582,8161,11972,16033,18963,26769,40176,50209,52824,65583,66189,70328,71436,72732,85202,102144,115029,132955,133683,141799,159156,171101,172274,174073,233263,253431,337939
156,31400,1986,584508,119783,120211,-27.6037,17.518,-14.9634,-0.23595,-4.85906,-4.71317,-1.26452,-6.09971,-3.17429,-14.4993,19.0846,-36.4645,-23.4593,-30.7005,-26.6322,-30.3594,-25.135,-33.1024,-22.468,-32.9524,-14.0634,-148.126,1986,4699,7922,16377,18172,31211,35130,39698,49141,51068,56836,59140,71056,74542,84720,87226,89527,99642,120184,122375,144843,152127,182220,187111,202499,222847,234252,243479,318939,584508
157,31600,49,319527,96488.5,85868.3,-35.6762,17.8056,-16.5002,1.17607,-4.75145,-2.96525,-2.38658,-4.62683,-2.2548,-14.0851,19.5071,-36.6894,-21.9701,-30.3572,-27.3805,-30.4531,-25.1148,-33.4287,-22.3682,-32.7498,-13.1159,-148.177,49,6588,9501,15004,15717,18867,19403,23060,23696,23774,28694,44635,48105,52335,57267,65459,84185,101368,103328,135295,139440,172212,175281,178340,181732,201447,212280,217114,220951,319527
158,31800,367,472789,108403,104742,-42.5787,17.8953,-16.8185,1.4992,-5.12495,-3.84566,-2.82531,-3.86358,-2.56759,-14.8662,19.8523,-37.0528,-22.2934,-29.7739,-27.9186,-31.0171,-24.6455,-33.5132,-22.7611,-32.9236,-13.0434,-148.268,367,5799,9300,28908,29039,29815,31209,35658,37862,41183,46072,60346,60552,62295,70789,79686,80486,98964,106513,122020,131872,133244,144932,145911,172346,185167,246553,284054,298358,472789
159,32000,6928,382524,128881,107078,-36.4562,18.5186,-16.6446,3.05015,-4.6602,-4.40056,-1.57767,-4.66479,-3.60079,-15.3187,21.0003,-37.169,-22.3396,-28.6476,-27.768,-31.1852,-24.3683,-32.4719,-23.3086,-33.4895,-11.9861,-148.331,6928,11584,23981,24553,29250,30289,42304,44820,49815,58398,60108,82944,86005,89638,91822,94722,99764,101083,114884,130732,144172,149909,219224,227287,264819,283642,289241,294193,337808,382524
160,32200,183,380060,107820,102368,-37.7,19.3771,-16.6791,3.07023,-4.50664,-4.23523,-1.91003,-4.76391,-3.35578,-13.8394,21.0577,-36.8587,-21.7973,-28.0041,-27.3545,-31.0343,-23.8326,-31.4734,-24.4819,-33.0276,-12.494,-148.106,183,3710,7092,11978,17184,22893,30452,35410,42815,48540,49256,53481,59971,64531,65659,74603,79388,83958,86830,113949,130432,150800,155114,176766,181530,218915,257936,281269,349896,380060
161,32400,163,479176,143292,110398,-39.3366,18.7591,-17.0674,3.03164,-4.01803,-4.06504,-1.36148,-4.49066,-3.27642,-14.3334,20.7684,-37.5872,-21.9675,-27.8388,-27.763,-32.2579,-24.0866,-31.7262,-23.8178,-33.8249,-12.7651,-147.752,163,2979,6319,18625,20055,27439,28078,64372,68397,70422,95610,108478,113580,116319,124899,128907,146243,178263,186054,191510,193130,198550,200090,209125,213337,213582,272872,306243,315930,479176
162,32600,9190,546025,169063,157766,-44.9561,18.6156,-17.3687,1.47011,-4.52084,-3.71024,-1.15645,-4.80412,-2.33087,-14.7705,19.9739,-37.602,-21.5695,-27.681,-27.0237,-32.083,-23.3553,-32.2125,-24.1777,-34.0131,-12.1182,-148.213,9190,21100,21167,32063,35469,42328,48053,62380,64304,66900,71926,79926,81021,89755,99249,111275,116438,120064,149106,163529,192783,235311,238496,239563,315324,430513,432461,468621,487554,546025
163,32800,530,680212,121354,140152,-52.4424,18.9191,-17.8627,1.80953,-5.09946,-4.48054,-0.934983,-5.86005,-2.5906,-14.1265,20.1518,-37.8883,-20.4514,-27.458,-25.861,-32.2486,-23.8101,-32.0623,-25.7807,-35.145,-11.6618,-148.671,530,2737,6148,16194,16477,20107,26465,26667,27604,31885,44597,45129,59127,60947,62685,63149,63690,139229,151008,158158,162273,162506,167208,173025,173092,210921,241455,298989,348401,680212
164,33000,6453,471187,141301,121747,-52.5426,18.2459,-16.9273,1.69976,-5.68687,-4.31937,-2.0745,-6.83669,-1.11648,-14.5806,20.2311,-37.5048,-21.0241,-28.7,-25.8123,-30.463,-23.9305,-32.8315,-25.1258,-35.3296,-11.1066,-150.576,6453,10345,14444,24404,25829,26534,33728,38514,46898,49605,59112,74539,97073,105222,107330,116200,116597,124307,134229,152887,155011,213006,235198,261854,264969,270976,323208,335346,344030,471187
165,33200,3822,492539,126483,128943,-54.6257,19.0378,-16.9525,1.73869,-4.89236,-3.96093,-2.52904,-6.08643,-0.92971,-14.1829,20.8537,-37.2051,-21.2224,-29.488,-25.9842,-32.1054,-25.0768,-33.6873,-24.762,-35.3256,-11.5833,-150.771,3822,7629,7804,14338,17297,21040,24820,25288,28673,28719,33161,47565,49196,72617,97732,104766,109162,127681,142005,142897,145966,147490,150970,203035,224303,251734,271455,394388,406385,492539
166,33400,11601,352289,107075,91666,-44.737,19.5191,-18.1556,1.03254,-5.10523,-4.37651,-2.9653,-5.20145,-0.435593,-15.6534,20.841,-37.8389,-21.5101,-30.4336,-25.5766,-31.1246,-25.4088,-34.0054,-24.043,-35.6201,-13.4587,-151.237,11601,16177,24658,24974,27002,29765,31913,33570,35660,42439,43889,54597,59525,68484,73153,77306,78095,87749,104928,110399,117443,168762,178173,190422,193161,195927,216598,251081,312506,352289
167,33600,5446,381495,137628,116042,-37.6185,19.3882,-17.3273,1.1591,-4.86123,-6.29002,-3.37274,-5.06698,-0.0770138,-15.9846,20.521,-37.5534,-21.5902,-31.0388,-25.7349,-31.2197,-24.7516,-35.6469,-24.6522,-35.8636,-13.301,-151.628,5446,9150,25662,26922,29078,34139,34683,58583,63439,64799,68921,75096,75218,77611,85953,88702,92167,118115,133752,143881,175242,199335,212287,253455,265534,280554,310923,368668,370040,381495
168,33800,12365,451048,127807,104015,-31.6694,19.2069,-16.9222,-1.29087,-6.34949,-5.8586,-2.58617,-4.87754,-1.94769,-16.1915,20.8321,-37.8328,-21.2852,-31.6636,-26.1238,-30.971,-24.4672,-34.8669,-24.9543,-36.1203,-14.0911,-151.915,12365,13065,14538,17689,25469,36403,36986,41365,41714,53473,66958,76604,82555,103832,114332,116219,119043,120488,148913,149615,172117,173268,177320,182766,206989,239654,242059,286766,310609,451048
169,34000,13925,470736,125684,104637,-33.94,20.1228,-16.5056,0.0493068,-6.19733,-5.02583,-1.90869,-5.62075,-2.84848,-16.6922,19.9912,-37.948,-22.4522,-32.831,-25.7695,-30.8918,-24.6923,-33.7103,-24.3954,-36.3938,-13.244,-152.699,13925,20359,21534,32821,35274,37130,43343,46469,48071,49940,58388,77850,87640,98824,101351,105315,130141,132664,133776,134553,158307,163496,169300,170498,172812,179334,231328,277481,367874,470736
170,34200,8206,532124,155592,145961,-35.1275,20.5552,-17.3391,0.634368,-5.98979,-4.52536,-1.35477,-4.87517,-1.94637,-17.0924,20.9072,-38.0859,-22.9198,-32.0614,-26.5731,-30.2025,-23.746,-33.7622,-24.0864,-36.5163,-12.3592,-153.28,8206,19688,28908,33841,33894,37471,42167,45923,53459,54607,60474,70868,79949,88729,95388,97340,100971,105734,128509,188013,203216,218517,225597,236644,278420,287155,407721,436249,467987,532124
171,34400,5107,333040,104085,75497.1,-39.2089,20.9973,-17.5765,-0.370157,-6.28382,-5.16275,-1.62311,-4.88417,-2.04361,-17.2296,19.8533,-38.2081,-22.2533,-31.5956,-27.334,-29.9907,-24.495,-33.4659,-24.0784,-35.6247,-12.7413,-153.258,5107,12322,19732,21357,23790,24694,46585,54013,58287,74018,75737,75812,88373,91291,95407,98591,99251,107844,113311,119960,120204,120578,122132,125183,147276,165211,178015,246214,259224,333040
172,34600,1276,824809,150133,182311,-36.9628,21.1693,-17.8811,-1.44592,-5.81853,-5.04299,-1.68243,-6.17649,-1.7562,-17.1018,21.0113,-37.921,-22.3686,-31.866,-28.212,-30.4332,-24.5655,-33.9989,-23.845,-36.8384,-11.9671,-153.059,1276,1444,2479,5460,8936,15799,16708,21660,29919,34221,42403,45093,48070,52385,93792,95687,107490,124308,146070,159131,183273,196332,226157,242285,272703,291165,334702,351991,528234,824809
173,34800,12003,979737,157557,189235,-34.544,21.1474,-18.0342,-1.63949,-6.11186,-5.161,-1.47592,-5.70315,-1.64935,-17.4682,20.8016,-37.9196,-22.2606,-30.9279,-28.764,-30.4662,-24.9987,-34.1463,-24.0511,-37.3114,-13.0307,-152.417,12003,18448,19673,35171,40468,42230,44358,58245,60666,63841,64199,65734,74223,78224,81760,83813,83872,102844,110681,122558,171575,191558,192166,294951,296926,312295,331608,334995,357896,979737
174,35000,5368,821601,150976,181713,-39.531,21.5112,-19.0616,-1.39154,-6.28157,-5.36939,-1.56531,-5.79033,-2.66269,-17.7522,21.2256,-38.6296,-22.0937,-30.5052,-28.3253,-30.9257,-25.0664,-33.8606,-24.3506,-37.0996,-13.2047,-152.717,5368,6612,18050,23905,25283,35322,38803,41689,51612,53233,57783,68033,69845,81649,83125,85970,90845,98680,107823,125846,139376,141701,170922,188461,269850,304911,376253,384611,562115,821601
175,35200,1503,444875,123441,119236,-41.5356,21.3706,-18.4711,-1.12109,-5.36508,-3.18742,-1.75244,-5.90876,-0.980284,-17.9302,21.8747,-38.2016,-22.3423,-31.0332,-28.5699,-30.889,-25.1954,-34.5122,-23.6297,-36.9304,-13.5339,-154.336,1503,9817,11893,14909,30804,36095,38653,40004,42949,48859,55807,56394,63480,71147,74838,99917,101350,105121,122549,123121,144830,149298,158125,190305,206577,210124,234030,400618,415252,444875
176,35400,2533,444430,125603,106841,-40.0847,22.1577,-20.2637,-0.941945,-5.56738,-3.48782,-1.52993,-5.78559,-0.326263,-17.3752,20.95,-36.9492,-22.2726,-31.3527,-28.0218,-31.318,-24.456,-34.8415,-23.5586,-36.902,-13.582,-154.966,2533,6094,10422,14308,14561,31824,36617,68382,85126,86262,86318,88890,90532,94732,100122,104999,111828,114036,121977,133261,134611,138686,147490,176818,182160,192197,253281,292011,403588,444430
177,35600,1674,766080,142807,161131,-40.0398,23.141,-20.0754,-0.397182,-7.14996,-3.17801,-2.23935,-4.34022,-0.348709,-16.6186,19.9263,-36.3437,-22.9888,-31.5203,-27.3822,-31.6572,-25.4704,-34.0382,-22.4594,-36.304,-14.336,-154.742,1674,4480,22194,27841,31626,32208,33656,37926,45134,45297,48601,52060,58650,63105,77426,90913,108068,115079,153584,157569,167402,168013,185991,193266,246960,247392,320392,322670,458941,766080
178,35800,196,591250,136341,133944,-40.8865,23.5689,-18.9213,-0.143313,-7.35753,-2.87196,-2.27026,-4.4885,-0.0536028,-16.5516,20.5409,-36.2394,-23.176,-31.8863,-27.8191,-33.2902,-25.3394,-34.3486,-22.1715,-36.2926,-14.9753,-156.509,196,8316,11920,17549,19333,22219,27010,28631,47095,65195,66240,80671,81658,93948,109737,112310,117146,118213,136073,154137,155860,164347,165423,190972,213426,241190,285581,331036,433538,591250
179,36000,12357,436181,108079,107784,-40.5035,23.1251,-18.389,-0.685707,-7.64119,-3.87465,-2.04043,-5.26823,0.110157,-16.7724,21.1641,-36.4028,-24.0478,-32.082,-26.3017,-32.5028,-25.2442,-33.3131,-23.5328,-37.0419,-14.5757,-156.652,12357,12529,14469,17771,21240,27301,32079,32576,33460,34530,36837,46041,49811,56612,59124,59440,61385,96017,97015,113361,127551,132334,174842,180055,197992,208447,244350,270166,356498,436181
180,36200,1226,452011,162859,127874,-43.7031,23.4293,-18.6714,-0.169093,-8.55607,-3.15066,-1.84743,-5.16869,-1.2242,-16.9423,21.1968,-36.4534,-24.1847,-32.5246,-26.2228,-33.33,-26.5726,-33.561,-24.0362,-37.8264,-14.6532,-156.189,1226,10309,24492,29303,36049,46848,52180,55782,58814,69954,70262,76929,77842,97752,133813,152268,165932,182586,202951,217489,243725,251012,253398,256396,275415,281012,287797,384921,437307,452011
181,36400,4095,468231,137060,113990,-47.7624,23.3494,-19.0994,-0.587995,-8.44613,-3.67423,-1.40018,-5.77419,-1.79454,-17.5882,22.1403,-36.6684,-23.5543,-32.2091,-27.3948,-32.9032,-26.3273,-34.7591,-23.9984,-38.8354,-14.7006,-156.217,4095,9833,17331,20638,44523,52434,61433,74400,74533,77178,94277,102277,104194,107562,108775,112682,113613,126074,126820,127381,141568,144826,165133,172260,199792,206313,265402,340219,447998,468231
182,36600,8775,710034,203584,176276,-46.4452,23.12,-18.5302,-0.18403,-8.17661,-3.76972,-0.0984663,-5.80674,-0.512873,-16.3085,22.3386,-35.7671,-24.3396,-33.3709,-28.2651,-33.2057,-26.1332,-33.8993,-23.5066,-39.574,-15.5068,-156.987,8775,21389,35483,37501,40733,55937,74551,80926,86930,101872,113842,125515,128381,135006,149835,169629,174298,176477,180097,204262,231492,252827,256114,313687,333280,358960,387336,531033,631309,710034
183,36800,2844,690881,144159,148736,-47.6913,23.7295,-17.6942,-1.83422,-7.58635,-3.07626,-1.01115,-5.49964,-0.623275,-17.184,22.6903,-35.521,-23.9035,-33.2978,-27.6286,-33.4093,-26.7963,-34.3929,-22.3405,-39.354,-15.4039,-155.794,2844,16752,20586,36651,39810,44690,53027,54606,59707,62250,63316,70369,71949,79221,83540,90021,123124,123495,124421,133794,146467,159428,167061,180316,244265,260077,317707,329865,474539,690881
184,37000,95,667223,162871,176090,-46.601,24.4466,-17.5918,-0.983903,-7.58194,-2.17994,-1.30282,-5.62452,-0.228752,-17.6285,22.8343,-36.3976,-24.4842,-33.9814,-28.5272,-33.368,-26.361,-33.1418,-21.8623,-39.0296,-15.3184,-156.812,95,3794,4191,11139,14558,16407,23060,36469,38189,47892,58029,91392,91527,94884,98095,99248,130926,137370,148895,180005,182432,208963,210043,262938,278350,285926,332648,519469,611967,667223
185,37200,7735,521761,166470,144270,-40.9883,23.9015,-17.7683,0.00222035,-6.21804,-2.58693,-2.23704,-4.24056,0.228767,-18.3265,21.3212,-37.0692,-24.4831,-33.8167,-28.7782,-32.8026,-27.2202,-34.0628,-21.1647,-39.7137,-15.6747,-157.731,7735,22278,24187,28884,30867,33170,34388,40025,64677,65609,66195,79574,79776,117656,130653,130891,135378,160897,190143,202072,203815,204845,257943,283653,296358,330914,369811,371514,508425,521761
186,37400,1629,793716,157665,178594,-40.2613,24.5056,-17.8051,-0.785629,-5.2128,-3.64958,-1.0696,-2.79214,-0.787274,-18.2509,22.6401,-36.6371,-23.6656,-34.22,-29.2044,-32.4832,-27.6387,-34.2225,-21.052,-39.9446,-16.0262,-159.603,1629,4493,10691,16712,21021,34082,36896,44753,68201,69646,74102,79358,80263,86756,88574,96310,97794,139490,143470,150566,165502,173692,202513,216495,247874,272455,287816,409208,615877,793716
187,37600,680,455995,97644.7,86790.4,-41.1874,24.3153,-18.1337,-2.64736,-5.10497,-4.41493,-0.129507,-2.74626,-0.290685,-18.9355,21.8883,-36.6239,-24.0608,-33.8428,-28.3718,-32.5561,-28.0072,-33.952,-23.1626,-39.743,-14.7593,-159.239,680,6237,8253,18579,19205,20622,27544,35265,52213,54109,56970,67710,69512,75695,86184,92951,98598,104333,106347,109599,128759,132120,132174,144664,147065,157256,169191,170217,181293,455995
188,37800,2388,553898,138587,136824,-42.9996,23.878,-17.2911,-3.27477,-5.00854,-4.96185,-1.00517,-3.13757,-1.07985,-18.7007,21.5453,-37.2568,-24.4086,-33.4514,-29.2455,-33.23,-29.7889,-32.8688,-23.2944,-39.103,-14.6425,-159.802,2388,4282,9243,11846,16708,39298,41147,51001,52305,52594,57498,64805,78892,80749,82897,93214,98144,117625,117836,119744,120460,188493,210293,220499,282574,301682,305138,387444,394906,553898
189,38000,3199,305759,109068,92917.3,-41.9848,23.6304,-17.5161,-3.63658,-5.28003,-5.32198,-1.0138,-4.08412,-1.3083,-18.1965,21.1733,-37.6129,-24.8453,-32.4213,-29.1845,-34.0506,-30.3463,-33.2933,-23.8664,-40.2175,-14.1937,-160.479,3199,4922,6710,7008,8916,17691,21439,35301,38678,40666,40929,50740,53822,69330,82115,96028,108785,109823,119943,120621,153927,154565,179679,218333,232904,234395,239359,246876,269580,305759
190,38200,6284,555983,168621,139524,-42.7427,23.7742,-17.9086,-3.11869,-5.73279,-4.82251,-1.35472,-3.707,-0.778213,-18.1529,21.5975,-39.2108,-23.4179,-32.5908,-29.1679,-34.6784,-30.2451,-32.8466,-23.7369,-41.5549,-13.8084,-160.142,6284,8210,11725,27479,39411,42540,51819,54796,63242,78038,92439,108850,129800,147449,147705,166180,177843,180797,182793,186881,197781,198760,220007,237368,248246,253984,337434,367164,537613,555983
191,38400,19147,496728,100734,103513,-47.7855,23.5392,-18.8214,-2.03061,-5.21734,-3.45534,-2.82645,-4.19256,-1.12992,-18.0863,21.7323,-39.8749,-24.8219,-33.4607,-30.2904,-35.252,-28.7945,-31.9937,-23.508,-40.0044,-13.0329,-161.4,19147,21308,23968,27086,32091,32121,33874,35894,36960,39001,50651,52556,52889,53783,53967,57487,59156,67068,82629,87318,88593,101293,150249,156061,178569,183948,221308,241033,285272,496728
192,38600,8157,758711,166999,188899,-42.6493,23.6676,-19.9677,-1.37803,-4.67446,-4.3526,-1.7683,-4.97596,-1.8552,-18.0804,21.7474,-39.8306,-25.6488,-32.9694,-30.6135,-35.6561,-29.8556,-31.9286,-23.1443,-40.3812,-13.1797,-162.776,8157,16064,16650,21398,23296,40137,40559,46550,48340,57319,60673,62085,63347,66485,69592,104657,110262,129717,145223,157519,172137,200907,247739,253408,280538,281504,420822,422518,683646,758711
193,38800,11019,454280,137198,117328,-45.0573,22.7673,-18.8125,-3.09942,-5.7749,-4.49903,-2.95667,-5.10806,-1.11509,-18.2995,21.9688,-39.9038,-25.5451,-33.1208,-30.8135,-35.3296,-30.7913,-32.0551,-23.7052,-39.9204,-13.231,-165.031,11019,21150,22164,29222,30327,43352,45199,47255,54819,55935,59526,60136,69325,73757,83155,97219,124277,129169,141864,151629,157238,168359,194272,251962,265190,283518,305478,329118,356040,454280
194,39000,3854,385741,101869,94413.8,-45.9504,23.1847,-18.342,-2.81069,-6.36221,-4.20594,-3.83061,-5.35405,-1.64954,-19.3417,22.5171,-40.9365,-26.1796,-33.6133,-30.4585,-36.6071,-30.6867,-31.403,-23.6202,-40.7468,-14.0943,-164.267,3854,4399,4853,8824,9688,22156,23443,23587,26033,32003,36190,39728,65736,71924,80220,104782,105307,107309,111036,118245,120691,132295,141969,149338,154501,190397,244869,265626,271339,385741
195,39200,6203,705162,188456,166718,-43.871,22.9431,-17.4065,-3.34797,-4.64069,-3.97942,-4.82098,-6.33074,-2.61673,-20.3508,22.8159,-40.957,-26.8925,-34.7665,-29.8746,-35.7707,-31.4544,-31.1141,-23.6906,-41.6399,-14.1412,-164.676,6203,8090,15347,16898,17770,17970,23866,35592,45628,64968,81886,118612,124573,140171,174063,177562,184037,188920,207539,213990,225163,273174,321658,339094,354676,374704,380133,384778,431442,705162
196,39400,4497,670463,162000,152915,-42.0654,23.4173,-17.5624,-4.36947,-5.67024,-3.13008,-4.60864,-6.00209,-1.92033,-19.7517,22.0315,-40.5837,-27.3053,-35.9704,-29.4831,-36.5536,-32.6529,-32.0276,-24.1253,-41.7757,-14.0623,-166.998,4497,4865,20798,21104,34112,35851,39148,46299,46578,52934,89635,90023,93360,103173,107336,118292,120879,134160,135264,148542,199188,234820,256606,303997,314593,327848,338069,356294,411261,670463
197,39600,2335,353960,152011,109044,-42.5437,22.7931,-18.7611,-4.04668,-5.74219,-2.99932,-5.75386,-6.06203,-2.24358,-19.6915,22.4074,-41.6504,-26.4749,-37.1,-28.7441,-36.8447,-31.1365,-31.6852,-25.0554,-41.6863,-14.8561,-166.145,2335,4122,27309,36458,36950,43154,65326,69954,81835,83658,89119,90717,93161,97453,104803,112533,138426,152740,188160,207554,211640,215612,218861,271380,271427,286183,323980,338254,343265,353960
198,39800,7951,899681,170692,183828,-43.8159,21.9615,-19.1022,-4.79734,-4.94234,-3.6724,-6.33055,-6.32276,-2.15098,-20.054,22.855,-41.6604,-26.7313,-36.0673,-29.0476,-36.478,-30.4623,-32.0877,-24.6829,-40.8692,-13.3014,-166.798,7951,24776,37150,38062,39315,45657,54567,58785,59834,66140,66762,73000,76448,86394,89974,91716,97658,137052,142601,184450,190962,229931,240897,266009,281842,299222,368622,390963,474352,899681
199,40000,6345,839406,174359,179429,-41.237,22.4744,-17.9914,-4.17729,-5.80857,-2.8693,-7.03525,-6.01946,-1.63087,-19.8445,23.8481,-40.3015,-25.8983,-36.0989,-28.2765,-36.7611,-30.0768,-31.7666,-25.2817,-41.0542,-12.9984,-167.461,6345,7630,11346,30718,32368,41434,43114,48546,54091,85852,86677,91431,110879,117126,130194,130669,134274,147921,162477,163710,182553,189794,192901,233878,283675,326998,423932,435155,485673,839406
200,40200,1425,520221,113052,131350,-42.6768,21.9654,-18.3713,-4.22306,-6.32971,-2.45272,-6.08485,-6.41207,-1.63658,-19.9614,22.661,-40.1029,-25.9267,-36.3029,-28.7783,-36.2501,-30.5584,-32.1876,-24.3452,-41.4557,-12.8983,-167.046,1425,3169,5770,6174,17763,18678,19391,19544,26800,27382,34063,37492,50716,53367,53990,60738,66405,75556,75600,93826,110887,163303,171846,191647,224368,231819,271849,361313,396443,520221
