agents,meanScore,clow,chigh,Q1,Q2,Q3,means
300,7.9255543333333334,12.342128181629988,5.8368605944419416,3.2566679999999999,5.7666649999999997,9.4099999999999966,"[1.26667, 1.63333, 1.76667, 2.33333, 2.6, 2.63333, 2.8, 3.0, 3.23333, 3.26667, 3.6, 4.76667, 4.8, 5.0, 5.7, 5.83333, 6.1, 6.13333, 8.3, 8.86667, 9.2, 9.9, 10.3, 10.5, 10.5333, 13.3, 13.9, 16.2333, 20.6667, 39.6]"
600,22.839997666666665,35.567755517685114,16.820764422372378,10.869999,20.149999999999999,29.999989999999997,"[4.63333, 5.53333, 5.66667, 6.76667, 7.03333, 7.23333, 7.66667, 9.56667, 9.63333, 11.4, 11.9, 12.9, 13.9, 18.3333, 18.8667, 21.4333, 23.4, 24.7667, 26.8667, 28.6667, 29.9, 30.2333, 34.7, 36.6, 39.5333, 39.9333, 42.0333, 43.4333, 50.1667, 62.5]"
900,46.585555666666664,72.545701570963843,34.308438590513923,32.426690000000001,42.0,57.686679999999981,"[8.06667, 11.3, 11.5333, 12.6667, 21.7667, 25.4, 28.9, 30.8333, 31.4, 32.8667, 33.3333, 34.7, 36.5667, 36.9, 37.4, 46.6, 48.2, 50.3, 50.7333, 52.3667, 55.5667, 62.6333, 63.3333, 65.6667, 72.0333, 77.4333, 82.4667, 89.4333, 92.7667, 94.4]"
1200,67.638893333333328,105.33116757178222,49.813397845062831,57.619990000000001,65.81665000000001,70.700009999999992,"[38.7333, 44.5667, 49.3333, 50.8333, 51.1, 52.6667, 53.7333, 55.3, 55.3333, 58.6, 58.8, 60.1333, 62.1333, 63.3667, 64.9, 66.7333, 67.0, 67.5667, 67.8333, 68.6333, 69.9, 72.5667, 74.3667, 76.2333, 81.5333, 86.7667, 93.3333, 101.6, 107.0, 108.567]"
1500,80.891076666666677,125.96822821226748,59.573112236689653,69.049989999999994,74.866649999999993,90.029999999999987,"[54.0667, 54.1, 57.2, 59.2, 61.1333, 64.1, 64.8667, 68.0333, 68.9333, 69.1, 69.8333, 70.3333, 70.5333, 71.1667, 73.9333, 75.8, 79.6667, 83.0667, 85.4667, 88.0, 89.1, 92.2, 93.8333, 99.4667, 104.2, 106.233, 107.267, 111.033, 114.133, 120.733]"
1800,94.29667666666667,146.84419809311143,69.44581199924896,82.183310000000006,85.483350000000002,105.5599,"[69.6333, 70.4667, 73.4333, 75.7333, 75.8, 79.6333, 80.2667, 80.4333, 80.9, 82.7333, 83.3333, 83.9667, 84.4667, 84.9, 85.0, 85.9667, 86.4333, 89.4667, 92.9667, 101.367, 105.4, 105.933, 107.967, 114.167, 115.833, 118.7, 119.033, 122.1, 123.0, 149.867]"
2100,106.71557,166.18361170981495,78.591840917257059,90.973299999999995,103.34999999999999,120.1401,"[53.9667, 60.9, 69.1, 72.1333, 81.4667, 84.0667, 87.7667, 87.9, 88.7333, 91.9333, 92.2667, 93.3333, 94.7667, 97.0667, 101.2, 105.5, 106.5, 113.2, 116.533, 118.933, 119.7, 121.167, 123.967, 125.567, 136.1, 137.367, 144.633, 148.3, 160.733, 166.667]"
2400,122.59552000000001,190.91278145300495,90.286802619415397,103.96299999999999,115.93299999999999,128.99689999999998,"[60.8, 77.3333, 83.5, 97.3333, 100.533, 101.0, 101.967, 103.033, 103.333, 104.233, 107.7, 107.833, 110.933, 112.967, 115.533, 116.333, 116.833, 119.267, 120.233, 120.567, 127.667, 132.1, 132.467, 134.567, 162.267, 163.933, 168.333, 178.167, 182.267, 214.833]"
2700,134.42333333333332,209.33173136221532,98.997524249748636,122.86319999999999,133.31650000000002,144.90989999999999,"[73.1, 73.6333, 75.5667, 93.3, 98.2, 109.333, 116.0, 121.7, 122.467, 123.033, 125.033, 125.033, 127.533, 127.767, 133.0, 133.633, 134.567, 136.367, 139.6, 139.9, 142.8, 149.833, 154.833, 161.7, 163.267, 167.033, 186.567, 187.467, 188.567, 201.867]"
3000,134.84782333333334,209.99277155845573,99.310144522038527,110.20999999999999,134.23349999999999,145.05679999999998,"[85.0, 85.7667, 99.8, 100.5, 102.467, 105.767, 106.367, 107.467, 107.9, 111.2, 124.7, 126.133, 129.6, 131.567, 132.8, 135.667, 135.8, 136.0, 136.9, 137.867, 142.667, 150.633, 151.833, 153.133, 159.367, 165.9, 168.733, 201.5, 205.033, 207.367]"
3300,153.85112333333333,239.58580122043594,113.30533126473138,136.797,156.5,175.13319999999999,"[90.8, 93.5667, 100.033, 100.8, 106.5, 107.033, 122.0, 131.133, 131.267, 139.167, 141.9, 144.333, 149.0, 152.667, 156.367, 156.633, 158.133, 160.567, 160.767, 171.533, 173.233, 179.567, 179.667, 182.0, 185.033, 188.833, 192.467, 195.2, 220.567, 244.767]"
3600,161.04666666666665,250.79111436591049,118.6045673271594,140.68299999999999,147.93350000000001,173.49679999999998,"[101.4, 118.5, 122.933, 123.033, 126.633, 135.6, 135.667, 135.733, 137.533, 142.033, 142.4, 142.867, 144.333, 147.367, 147.467, 148.4, 150.467, 153.533, 159.267, 172.333, 172.367, 176.133, 177.2, 181.8, 189.067, 192.3, 204.067, 220.5, 264.867, 265.6]"
3900,177.44216666666668,276.32312816472427,130.67921142791144,151.26009999999999,165.68299999999999,195.37299999999999,"[115.967, 120.6, 126.7, 128.333, 129.933, 145.933, 148.233, 149.2, 149.767, 151.9, 152.267, 153.4, 158.933, 162.167, 163.833, 167.533, 171.867, 172.5, 174.267, 194.733, 194.833, 196.633, 207.733, 209.967, 218.6, 223.4, 230.533, 259.567, 269.2, 274.733]"
4200,179.49110000000002,279.5138447723005,132.18817064148635,156.613,180.93299999999999,198.7269,"[113.733, 120.533, 124.933, 146.0, 148.4, 148.9, 149.467, 155.333, 156.333, 156.733, 163.133, 169.167, 176.867, 179.0, 180.033, 181.833, 182.767, 185.067, 186.567, 193.967, 196.467, 204.0, 206.433, 207.2, 210.7, 214.9, 216.933, 221.167, 243.5, 244.667]"
4500,189.20446666666666,294.64005695041459,139.34168505215436,155.16679999999999,181.65000000000001,207.5599,"[114.9, 119.0, 122.3, 126.0, 136.767, 140.433, 143.1, 151.967, 154.933, 155.267, 158.8, 168.633, 171.233, 176.267, 181.333, 181.967, 186.767, 193.933, 198.033, 202.567, 205.9, 211.433, 211.9, 217.333, 223.4, 232.367, 257.267, 267.967, 314.9, 349.467]"
4800,213.60996666666668,332.64570257067317,157.31538067600869,171.11320000000001,195.88299999999998,223.17009999999999,"[109.433, 122.7, 129.133, 144.6, 153.667, 165.5, 165.7, 166.767, 168.267, 172.333, 177.267, 179.867, 180.667, 181.633, 195.033, 196.733, 199.6, 201.233, 208.267, 214.0, 222.4, 224.967, 236.933, 238.067, 249.433, 261.9, 329.2, 381.433, 406.633, 424.933]"
5100,212.59996666666666,331.07287259069068,156.57155520305821,169.3699,222.16649999999998,238.953,"[129.367, 135.1, 139.4, 141.767, 142.4, 151.333, 155.1, 160.833, 166.733, 170.5, 176.567, 179.6, 219.433, 219.467, 221.5, 222.833, 224.767, 227.467, 228.267, 235.967, 238.833, 239.233, 245.7, 252.733, 258.033, 270.233, 281.4, 285.567, 292.533, 365.333]"
5400,230.18780000000001,358.46165630316682,169.52430614101939,195.02680000000001,216.08350000000002,264.77690000000001,"[127.6, 143.3, 148.0, 156.367, 160.133, 168.4, 183.233, 187.3, 194.233, 195.367, 197.5, 197.967, 201.0, 207.933, 212.667, 219.5, 220.233, 236.567, 237.067, 248.4, 264.767, 264.8, 284.5, 286.2, 307.067, 315.867, 324.533, 327.133, 341.767, 346.233]"
5700,257.84559999999999,401.53197018470928,189.89319343386066,216.28320000000002,241.36700000000002,274.9701,"[147.733, 166.567, 168.667, 174.067, 190.6, 200.8, 203.567, 214.567, 215.467, 216.633, 218.833, 224.367, 232.867, 237.167, 240.467, 242.267, 245.633, 257.8, 260.4, 269.433, 273.3, 278.867, 303.533, 313.0, 341.633, 344.767, 352.8, 394.7, 396.833, 408.033]"
6000,263.91329999999999,410.9809409466294,194.36181702021867,205.84690000000001,249.81650000000002,286.34989999999993,"[148.067, 174.367, 180.7, 181.3, 188.7, 195.3, 199.033, 201.267, 205.8, 205.867, 212.533, 220.633, 225.033, 232.433, 248.633, 251.0, 251.067, 253.733, 257.167, 266.133, 282.2, 296.033, 297.267, 306.7, 324.1, 331.7, 360.933, 377.633, 433.667, 608.4]"
6300,285.04110000000003,443.88236396749346,209.92161486913261,232.18299999999999,259.38350000000003,341.27699999999999,"[133.033, 177.267, 182.067, 190.833, 198.967, 200.667, 214.167, 220.3, 229.733, 233.233, 236.8, 237.567, 245.767, 247.033, 251.067, 267.7, 268.133, 271.467, 309.133, 320.133, 339.567, 345.267, 371.633, 377.833, 386.033, 390.033, 395.8, 410.333, 442.867, 456.8]"
6600,308.36333333333334,480.20108454849554,227.09752698737819,251.8768,293.36649999999997,349.83010000000002,"[127.3, 140.0, 148.1, 205.933, 215.267, 221.633, 239.233, 242.833, 248.633, 253.267, 254.167, 278.067, 281.5, 282.3, 292.1, 294.633, 297.6, 299.467, 309.867, 313.033, 348.1, 353.867, 357.767, 397.367, 411.4, 422.733, 429.267, 451.533, 546.1, 587.833]"
6900,312.92676666666665,487.30752490326563,230.45831704425404,267.3399,293.73349999999999,347.72989999999993,"[133.167, 183.5, 204.967, 219.833, 234.267, 240.567, 245.067, 252.8, 265.333, 268.2, 270.8, 273.633, 275.333, 287.767, 291.567, 295.9, 299.567, 303.0, 316.833, 323.967, 343.4, 357.833, 401.667, 402.667, 407.6, 415.067, 437.067, 454.367, 487.4, 494.667]"
7200,368.73666666666668,574.21790500209852,271.56012423516376,287.83999999999997,317.75,364.18010000000004,"[183.967, 195.467, 229.067, 229.1, 232.3, 256.1, 273.767, 280.567, 283.5, 289.7, 292.133, 300.833, 301.633, 310.233, 317.5, 318.0, 321.233, 344.267, 352.433, 353.167, 363.8, 365.067, 368.933, 371.133, 485.1, 532.733, 544.6, 588.867, 842.033, 934.867]"
7500,382.71333333333331,595.98317267888501,281.8533922486335,308.15309999999999,386.38350000000003,428.08309999999994,"[196.3, 196.5, 203.4, 211.867, 238.1, 268.333, 270.133, 272.767, 285.8, 317.733, 330.333, 331.667, 348.3, 373.567, 382.8, 389.967, 402.2, 409.533, 413.767, 420.1, 424.433, 436.6, 443.333, 446.3, 504.0, 521.933, 538.333, 568.067, 644.267, 690.967]"
7800,421.2244,655.95481645555344,310.21528569136683,323.1268,389.28300000000002,501.64319999999998,"[173.6, 201.0, 208.533, 223.733, 226.433, 239.9, 256.767, 284.8, 310.433, 328.567, 331.2, 337.433, 352.067, 363.767, 372.733, 405.833, 433.6, 459.133, 463.6, 487.267, 498.633, 508.667, 520.133, 533.0, 575.967, 585.867, 691.633, 695.2, 751.5, 815.733]"
8100,471.09676666666667,733.61892879813718,346.94433195175583,341.00989999999996,449.51650000000001,503.89300000000003,"[198.133, 241.8, 242.867, 248.567, 277.0, 289.267, 289.967, 305.7, 320.733, 349.7, 356.333, 356.7, 366.733, 384.9, 445.6, 453.433, 464.467, 468.967, 474.3, 489.0, 497.833, 518.033, 524.333, 533.5, 561.067, 600.9, 611.7, 776.8, 1149.4, 1335.17]"
8400,505.55116666666669,787.27329836477725,372.31864915494873,348.04309999999998,462.25,604.10990000000004,"[224.667, 229.3, 273.8, 306.867, 308.233, 322.167, 325.0, 325.667, 344.1, 349.733, 350.2, 361.9, 362.4, 399.467, 450.733, 473.767, 519.167, 535.067, 557.567, 574.033, 601.7, 609.733, 618.067, 641.133, 692.167, 727.633, 730.1, 757.1, 878.767, 1316.3]"
8700,538.49323333333336,838.57257564785948,396.57919204435416,337.03679999999997,500.68299999999999,602.20989999999961,"[213.6, 272.167, 287.5, 291.067, 300.7, 308.3, 310.3, 318.167, 326.233, 341.667, 419.467, 433.333, 442.067, 474.633, 495.533, 505.833, 510.433, 520.267, 522.833, 549.667, 561.4, 697.433, 725.067, 799.4, 812.633, 834.6, 869.5, 918.167, 1033.33, 1059.5]"
9000,573.80096666666657,893.55580486755377,422.58195585175599,363.79679999999996,488.01650000000001,674.8368999999999,"[218.4, 270.1, 271.5, 272.2, 273.667, 279.5, 280.4, 293.733, 346.133, 371.367, 404.367, 404.833, 407.433, 451.9, 473.033, 503.0, 510.133, 573.733, 611.3, 617.8, 663.667, 700.9, 708.6, 758.433, 810.267, 967.7, 1005.17, 1127.73, 1233.73, 1403.3]"
9300,634.44746666666663,987.99801613587488,467.24572965897488,446.78989999999999,595.45000000000005,721.30000000000007,"[242.1, 293.4, 297.667, 313.333, 322.4, 337.633, 345.267, 365.033, 436.033, 451.4, 464.5, 498.167, 521.633, 576.633, 585.767, 605.133, 621.433, 711.833, 712.767, 716.433, 719.2, 726.2, 741.5, 771.333, 820.933, 937.633, 949.4, 1189.1, 1354.33, 1405.23]"
9600,661.64436666666677,1030.3505900790276,487.27518213945706,419.47320000000002,638.11649999999997,796.76299999999992,"[225.9, 271.333, 287.2, 288.133, 370.0, 405.733, 411.133, 412.767, 417.467, 420.333, 428.667, 431.067, 481.967, 605.133, 632.833, 643.4, 716.533, 719.7, 745.133, 759.233, 796.133, 798.233, 803.733, 825.2, 842.867, 899.033, 992.967, 1058.4, 1382.7, 1776.4]"
9900,772.87639999999999,1203.5674977632561,569.19322154679332,532.97299999999996,661.58349999999996,879.07299999999987,"[283.967, 309.833, 314.467, 326.267, 327.533, 345.933, 347.767, 373.733, 505.533, 544.733, 585.2, 602.567, 627.833, 631.6, 643.167, 680.0, 725.233, 746.0, 781.1, 832.767, 872.533, 894.333, 899.533, 916.667, 978.333, 1242.13, 1509.0, 1542.43, 1829.63, 1966.47]"
10200,810.91923333333341,1262.8099817138914,597.21027946416257,552.85990000000004,776.58349999999996,856.55309999999986,"[344.4, 383.067, 389.9, 391.133, 404.533, 449.767, 493.2, 505.6, 552.533, 553.0, 579.4, 612.3, 620.433, 719.567, 768.2, 784.967, 810.267, 815.933, 825.9, 837.967, 841.533, 891.6, 899.667, 1043.8, 1111.67, 1297.6, 1312.6, 1546.07, 1590.0, 1950.97]"
10500,865.16769999999997,1347.2888081905351,637.16215211284702,666.81989999999996,775.68350000000009,896.42999999999984,"[278.267, 357.1, 387.7, 486.5, 491.733, 521.533, 541.1, 625.667, 665.233, 667.5, 676.767, 689.633, 753.767, 768.0, 772.2, 779.167, 784.367, 804.3, 811.833, 873.067, 878.7, 937.8, 981.467, 988.2, 1049.7, 1100.8, 1359.93, 1611.37, 2071.83, 2239.8]"
10800,888.34676666666667,1383.3845814195895,654.23262758401927,674.07010000000002,799.70000000000005,983.79589999999985,"[330.367, 453.733, 489.967, 499.433, 508.9, 534.433, 612.8, 623.633, 673.767, 674.2, 682.0, 688.567, 717.833, 741.067, 794.8, 804.6, 836.533, 882.033, 882.4, 965.4, 973.367, 1008.13, 1018.5, 1039.1, 1113.53, 1293.67, 1345.87, 1449.47, 1827.6, 2184.7]"
11100,983.72386666666671,1531.9112767500667,724.47412908515287,831.28680000000008,950.93349999999998,1101.7789999999998,"[386.367, 413.433, 494.633, 525.6, 609.033, 618.6, 742.6, 798.667, 803.333, 843.267, 879.3, 881.7, 892.933, 907.8, 934.5, 967.367, 975.733, 1020.37, 1026.87, 1038.4, 1084.37, 1142.4, 1193.0, 1267.5, 1289.63, 1296.4, 1314.2, 1375.07, 1591.97, 2196.67]"
11400,1014.2379,1579.4294811429868,746.94652044732425,825.75990000000002,994.63149999999996,1055.1599999999999,"[337.467, 392.167, 452.667, 571.3, 689.267, 710.4, 780.033, 794.633, 821.233, 827.7, 877.833, 940.167, 940.2, 984.467, 985.233, 1004.03, 1006.47, 1007.2, 1039.97, 1042.73, 1050.27, 1066.57, 1105.43, 1180.27, 1184.9, 1345.13, 1563.2, 1864.8, 1902.83, 1958.57]"
11700,1171.5476000000001,1824.4011764915431,862.79895807326261,792.13299999999981,1095.085,1365.1099999999997,"[357.467, 454.167, 464.867, 649.567, 670.1, 695.367, 717.867, 721.367, 741.733, 813.733, 856.0, 982.933, 993.3, 1052.27, 1091.8, 1098.37, 1122.57, 1127.3, 1199.87, 1211.8, 1350.83, 1398.43, 1425.33, 1528.43, 1648.33, 1716.4, 1888.5, 2221.13, 2389.2, 2557.4]"
12000,1211.5683333333334,1886.7237598653533,892.27266193414528,932.50680000000011,1195.1199999999999,1426.1010000000001,"[319.6, 511.333, 589.433, 627.167, 629.7, 794.833, 823.667, 848.667, 916.733, 939.267, 1132.17, 1148.63, 1160.1, 1169.9, 1182.77, 1207.47, 1271.23, 1315.93, 1317.9, 1396.93, 1423.23, 1432.8, 1495.0, 1643.93, 1673.1, 1743.23, 1843.23, 1863.1, 1933.33, 1992.67]"
12300,1300.6766666666667,2025.4883718781591,957.89746211780403,888.173,1233.885,1520.6419999999998,"[403.933, 457.467, 626.167, 676.1, 792.1, 802.867, 837.7, 858.6, 879.633, 891.833, 1057.23, 1094.53, 1145.77, 1221.37, 1229.97, 1237.8, 1248.27, 1319.27, 1385.47, 1406.37, 1497.23, 1575.27, 1649.2, 1660.5, 1991.77, 2007.9, 2035.77, 2063.47, 2391.67, 2575.07]"
12600,1298.4476333333332,2022.0171932117757,956.25586630256714,1082.348,1280.97,1386.7699999999998,"[431.467, 492.333, 565.867, 769.633, 798.433, 813.333, 890.9, 956.333, 1052.43, 1095.17, 1160.57, 1161.4, 1213.8, 1232.47, 1268.67, 1293.27, 1306.57, 1314.23, 1334.53, 1353.7, 1371.23, 1423.03, 1492.83, 1603.07, 1703.83, 1728.7, 1787.4, 2086.73, 2554.43, 2697.07]"
12900,1365.7707,2126.8565373679039,1005.8366701677255,1006.8810000000001,1273.03,1557.6089999999999,"[354.767, 588.367, 786.367, 849.567, 853.033, 945.033, 977.567, 992.2, 1006.37, 1007.1, 1045.33, 1065.47, 1178.9, 1198.83, 1263.03, 1283.03, 1346.97, 1360.67, 1442.73, 1478.17, 1541.4, 1595.43, 1669.33, 1786.53, 1786.67, 1788.57, 1937.9, 2239.03, 2707.53, 2897.23]"
13200,1539.3236666666667,2397.1231800295113,1133.6516380021724,1225.761,1445.75,1930.261,"[462.5, 746.067, 815.3, 848.933, 881.833, 925.367, 985.7, 1008.23, 1212.3, 1231.53, 1323.1, 1324.1, 1356.4, 1387.87, 1407.03, 1484.47, 1626.5, 1655.67, 1742.8, 1914.5, 1925.2, 1942.07, 2008.13, 2052.07, 2163.27, 2180.97, 2224.2, 2273.87, 2358.63, 2711.1]"
13500,1430.5171333333335,2227.6834001833495,1053.5198844212136,1181.8109999999999,1385.4000000000001,1717.6909999999998,"[552.067, 734.033, 785.3, 874.267, 928.0, 942.3, 952.767, 1029.23, 1139.3, 1200.03, 1232.37, 1235.37, 1336.77, 1340.63, 1366.73, 1404.07, 1427.47, 1427.5, 1556.03, 1698.8, 1705.1, 1747.07, 1780.97, 1821.27, 1829.97, 1864.97, 1932.13, 2062.0, 2112.03, 2896.97]"
13800,1674.5495333333333,2607.7046623685601,1233.2401966442233,1344.8009999999999,1625.8150000000001,1866.6699999999992,"[555.233, 813.033, 869.8, 1084.63, 1096.7, 1139.93, 1229.5, 1286.0, 1328.47, 1351.8, 1369.63, 1539.4, 1557.43, 1581.43, 1602.93, 1648.7, 1684.6, 1707.77, 1734.33, 1773.13, 1785.07, 2057.07, 2092.9, 2126.67, 2155.33, 2291.07, 2609.77, 2617.3, 2708.43, 2838.43]"
14100,1750.1075666666666,2725.3679693538852,1288.8857311782574,1437.0819999999999,1802.1800000000001,2187.3110000000001,"[663.4, 921.167, 1029.47, 1117.3, 1228.13, 1251.67, 1285.2, 1412.37, 1416.67, 1445.83, 1536.37, 1539.8, 1569.77, 1578.67, 1692.13, 1912.23, 1917.23, 1926.2, 2076.13, 2143.43, 2187.23, 2187.5, 2191.17, 2215.4, 2215.43, 2299.63, 2326.4, 2367.8, 2393.27, 2456.23]"
14400,1760.7615666666668,2741.9589897565907,1296.7319852265884,1598.0009999999997,1763.9200000000001,2006.4589999999998,"[755.333, 889.567, 948.7, 990.767, 1120.23, 1321.13, 1400.83, 1424.8, 1521.4, 1630.83, 1663.87, 1671.27, 1678.07, 1691.43, 1723.77, 1804.07, 1820.5, 1824.3, 1868.0, 1870.37, 1993.07, 2037.7, 2042.3, 2089.47, 2093.93, 2122.87, 2472.0, 2530.83, 2825.47, 2995.97]"
14700,1885.1853333333333,2935.7188218711171,1388.3652199663045,1574.4099999999999,1909.9000000000001,2140.509,"[843.5, 935.5, 1012.53, 1319.5, 1327.83, 1390.17, 1391.6, 1398.5, 1470.6, 1618.9, 1676.27, 1731.6, 1773.53, 1807.0, 1867.73, 1952.07, 1953.63, 2052.87, 2096.33, 2107.1, 2135.7, 2151.73, 2222.37, 2232.7, 2280.5, 2298.03, 2483.57, 2498.33, 2791.27, 3734.6]"
15000,1918.4671333333333,2987.5471514035712,1412.8759631600105,1649.7180000000001,1854.915,2218.9009999999998,"[916.1, 933.767, 995.367, 1097.07, 1347.57, 1429.4, 1540.17, 1588.3, 1596.63, 1672.47, 1732.03, 1820.07, 1825.4, 1827.0, 1828.4, 1881.43, 1898.77, 2150.7, 2171.1, 2188.73, 2204.6, 2252.27, 2340.07, 2343.0, 2382.07, 2466.37, 2568.03, 2569.2, 2777.2, 3210.73]"
15300,1961.6614333333334,3054.8117949722396,1444.6868746711637,1635.2719999999999,1763.7849999999999,2383.8509999999997,"[884.3, 946.633, 1232.03, 1404.03, 1435.87, 1470.3, 1519.8, 1529.73, 1615.77, 1643.63, 1648.97, 1682.17, 1687.97, 1718.73, 1719.1, 1808.47, 1851.23, 2131.37, 2166.87, 2360.5, 2378.7, 2395.87, 2415.7, 2418.47, 2423.63, 2437.07, 2726.83, 2765.73, 3030.3, 3400.07]"
15600,1910.7827666666667,2975.5806145020756,1407.2167278430222,1567.9099999999999,1950.8000000000002,2138.8299999999999,"[940.433, 1081.53, 1134.5, 1326.67, 1330.37, 1372.3, 1391.47, 1474.23, 1483.7, 1604.0, 1657.83, 1780.53, 1810.9, 1865.53, 1905.2, 1996.4, 2028.07, 2051.07, 2059.07, 2063.73, 2103.07, 2222.27, 2289.77, 2345.37, 2374.77, 2520.4, 2662.6, 2676.13, 2825.47, 2946.1]"
15900,2172.9280000000003,3383.8082205378732,1600.2764329577547,1817.309,1989.8699999999999,2573.4920000000002,"[1264.87, 1270.2, 1296.17, 1337.03, 1370.2, 1603.97, 1610.63, 1768.43, 1769.8, 1837.67, 1880.9, 1917.07, 1930.03, 1977.03, 1980.17, 1999.57, 2114.23, 2339.6, 2360.4, 2473.9, 2566.13, 2590.67, 2608.37, 2654.3, 2753.8, 2806.47, 2906.0, 2976.03, 3501.87, 3722.33]"
16200,2080.2316666666666,3239.4561689526136,1532.0092111929605,1658.0699999999999,2094.0150000000003,2437.5689999999995,"[1020.47, 1170.6, 1205.57, 1299.63, 1378.8, 1380.97, 1587.17, 1628.97, 1630.63, 1669.83, 1745.67, 1801.3, 1832.57, 1931.37, 2005.5, 2182.53, 2202.27, 2233.13, 2325.23, 2389.4, 2406.27, 2510.6, 2542.17, 2558.2, 2592.03, 2695.57, 2823.97, 2827.13, 3090.83, 3738.57]"
16500,2092.0353333333333,3257.837516286329,1540.7021497482901,1716.4720000000002,2031.9200000000001,2562.9089999999997,"[1091.37, 1230.3, 1354.17, 1422.73, 1488.37, 1491.27, 1568.0, 1657.07, 1692.77, 1726.63, 1772.83, 1917.33, 1953.27, 1996.4, 2029.57, 2034.27, 2059.0, 2238.17, 2268.6, 2276.6, 2557.47, 2575.6, 2579.67, 2624.07, 2641.53, 2707.37, 2725.0, 2740.23, 2763.23, 3578.17]"
16800,2024.3513333333333,3152.4361060238239,1490.8555326085082,1645.848,2165.5,2397.808,"[869.8, 1056.47, 1093.5, 1303.73, 1345.3, 1400.43, 1402.57, 1485.8, 1616.63, 1658.37, 1744.17, 1764.67, 1971.43, 1978.63, 2143.8, 2187.2, 2188.47, 2272.43, 2282.57, 2378.57, 2382.07, 2434.53, 2574.47, 2579.9, 2656.4, 2677.43, 2723.7, 2751.13, 2834.9, 2971.47]"
17100,1962.5030000000002,3056.1223308964845,1445.3066555858693,1715.0609999999999,1931.5150000000001,2255.0099999999998,"[932.1, 1367.73, 1382.57, 1412.23, 1430.27, 1478.67, 1547.4, 1628.03, 1680.6, 1729.83, 1764.73, 1775.0, 1851.2, 1908.1, 1916.4, 1946.63, 1982.2, 2005.1, 2190.77, 2228.53, 2241.27, 2287.07, 2297.63, 2370.03, 2370.93, 2436.77, 2557.83, 2633.0, 2703.1, 2819.37]"
17400,2096.768,3265.2074965027618,1544.1875735321028,1855.278,1978.8199999999999,2300.7909999999997,"[1291.47, 1447.27, 1499.0, 1526.77, 1577.23, 1594.27, 1658.23, 1666.33, 1848.53, 1858.17, 1886.37, 1898.07, 1913.87, 1925.87, 1941.77, 2015.87, 2042.07, 2044.47, 2132.07, 2245.57, 2267.23, 2379.1, 2467.6, 2549.67, 2552.23, 2590.03, 2960.07, 2963.27, 3060.2, 3100.37]"
17700,2253.0803333333333,3508.6260352232298,1659.3054896406759,1917.4119999999998,2259.5500000000002,2562.8699999999999,"[1247.37, 1436.97, 1468.37, 1476.43, 1610.57, 1741.43, 1849.27, 1854.33, 1863.47, 1940.53, 2019.73, 2043.4, 2070.07, 2195.13, 2209.93, 2309.17, 2328.27, 2349.0, 2363.67, 2393.27, 2558.43, 2573.23, 2579.43, 2698.7, 2736.17, 2778.67, 2799.1, 2890.13, 3307.4, 3900.77]"
18000,2229.3559999999998,3471.6811414393055,1641.8334466088925,1809.3099999999999,2173.9200000000001,2626.4780000000001,"[1378.73, 1389.7, 1468.87, 1518.7, 1688.87, 1714.03, 1765.9, 1782.83, 1802.8, 1812.1, 1893.43, 1920.83, 1979.8, 2058.03, 2120.37, 2227.47, 2255.23, 2273.43, 2305.23, 2326.73, 2614.67, 2654.03, 2697.77, 2809.77, 2903.33, 2982.9, 3026.73, 3105.3, 3152.3, 3250.8]"
18300,2313.2856666666662,3602.3812364326368,1703.6443614632574,1941.2179999999998,2201.1999999999998,2433.5499999999997,"[1350.77, 1409.27, 1678.3, 1696.43, 1789.87, 1868.87, 1893.73, 1893.73, 1897.23, 1960.07, 1978.67, 2035.97, 2066.0, 2127.3, 2195.2, 2207.2, 2229.13, 2230.43, 2352.73, 2394.77, 2408.2, 2492.7, 2579.1, 2792.83, 2914.5, 2979.5, 3074.57, 3311.4, 3657.5, 3932.6]"
18600,2379.8726666666666,3706.0743353208454,1752.6830810348949,2160.2919999999999,2538.8500000000004,2631.8189999999995,"[1382.6, 1522.5, 1692.53, 1694.9, 1836.23, 1956.07, 1990.33, 2039.23, 2064.77, 2201.23, 2279.03, 2416.9, 2480.23, 2522.0, 2530.57, 2547.13, 2552.87, 2562.17, 2573.87, 2611.8, 2627.1, 2642.83, 2671.53, 2707.7, 2727.93, 2762.93, 2789.2, 2866.5, 3040.6, 3102.9]"
18900,2537.2353333333331,3951.1285134033346,1868.5745265379455,2301.5509999999999,2482.9850000000001,2832.5879999999997,"[1342.2, 1578.93, 1721.97, 1724.4, 1878.43, 1932.2, 2020.13, 2186.73, 2275.0, 2312.93, 2380.2, 2405.83, 2428.3, 2442.43, 2463.8, 2502.17, 2613.57, 2668.87, 2710.27, 2744.53, 2819.07, 2864.13, 3005.6, 3041.5, 3131.3, 3137.03, 3296.57, 3354.8, 3499.37, 3634.8]"
19200,2373.5986666666668,3696.3041023560836,1748.0625255722305,1961.1199999999999,2292.4499999999998,2622.9079999999999,"[1127.93, 1565.93, 1613.17, 1716.93, 1730.0, 1764.53, 1811.6, 1906.3, 1936.97, 1971.47, 2074.6, 2181.63, 2213.67, 2232.93, 2253.67, 2331.23, 2377.27, 2422.03, 2543.77, 2565.63, 2617.67, 2635.13, 2699.4, 2768.57, 2795.4, 3116.7, 3204.1, 3279.73, 3477.97, 4272.03]"
19500,2569.1440000000002,4000.8185208831364,1892.0740107701761,2446.6799999999998,2588.6999999999998,2735.3310000000001,"[1544.23, 1637.23, 1835.2, 1940.43, 1974.77, 2203.23, 2207.37, 2225.73, 2336.5, 2493.9, 2496.53, 2499.57, 2501.13, 2560.07, 2587.47, 2589.93, 2598.53, 2635.4, 2671.53, 2721.33, 2730.9, 2745.67, 2767.7, 2930.8, 3051.67, 3056.5, 3215.4, 3266.17, 3273.83, 3775.6]"
19800,2562.4056666666665,3990.3252013962237,1887.111491979518,2228.0010000000002,2414.5699999999997,2769.8289999999997,"[1765.23, 1788.1, 1856.53, 1915.97, 1958.23, 1978.0, 1985.4, 2097.27, 2182.2, 2247.63, 2255.73, 2279.63, 2314.33, 2325.43, 2353.97, 2475.17, 2503.8, 2511.77, 2544.9, 2617.97, 2752.57, 2810.1, 3054.57, 3077.63, 3125.73, 3234.07, 3250.5, 3600.67, 3616.67, 4392.4]"
20100,2455.0333333333333,3823.1188401216368,1808.0359705701487,2201.9489999999996,2411.8500000000004,2715.6989999999996,"[1592.97, 1779.2, 1781.33, 1878.3, 2096.37, 2101.57, 2113.73, 2156.3, 2173.83, 2214.0, 2313.7, 2334.8, 2356.17, 2377.5, 2400.8, 2422.9, 2435.9, 2452.03, 2490.47, 2708.23, 2710.5, 2727.83, 2751.8, 2832.47, 2875.93, 2922.03, 2936.17, 2955.57, 3373.8, 3384.8]"
20400,2700.3793333333333,4205.185715635268,1988.7236977845128,2353.549,2604.2349999999997,2992.427999999999,"[1434.2, 1822.53, 1849.73, 1874.9, 2046.3, 2139.5, 2169.37, 2213.87, 2333.13, 2362.3, 2526.63, 2557.97, 2571.27, 2593.87, 2603.77, 2604.7, 2641.77, 2799.63, 2858.93, 2860.37, 2933.37, 3130.23, 3172.13, 3185.47, 3241.33, 3375.6, 3537.9, 3617.47, 3776.97, 4176.17]"
20700,2405.5386666666668,3746.0429039012706,1771.5850855782089,2206.3989999999999,2315.9650000000001,2574.4279999999999,"[1631.6, 1775.07, 1815.43, 1878.5, 1945.17, 2113.6, 2181.17, 2194.37, 2199.7, 2209.27, 2243.73, 2265.43, 2273.07, 2303.87, 2314.5, 2317.43, 2408.23, 2496.23, 2538.77, 2547.77, 2570.57, 2583.43, 2601.43, 2611.03, 2648.67, 2649.83, 2799.03, 2981.63, 3032.8, 4034.83]"
21000,2683.7600000000002,4179.3051357204286,1976.4842091936332,2395.4479999999999,2728.6149999999998,3031.9409999999998,"[1588.97, 1942.73, 1976.9, 2016.33, 2059.0, 2245.0, 2257.73, 2265.77, 2320.73, 2427.47, 2472.9, 2580.13, 2630.27, 2636.1, 2717.03, 2740.2, 2745.9, 2768.33, 2784.87, 2880.2, 3021.93, 3055.3, 3077.4, 3131.07, 3144.37, 3183.77, 3295.4, 3481.7, 3518.37, 3546.93]"
21300,2514.438333333333,3915.6277163205027,1851.7854282143298,2219.1089999999999,2596.2649999999999,2807.7489999999998,"[1740.43, 1789.6, 1960.23, 1960.43, 2015.4, 2066.63, 2093.23, 2136.93, 2210.73, 2222.7, 2325.47, 2345.93, 2396.17, 2564.13, 2595.6, 2596.93, 2631.1, 2631.17, 2639.37, 2642.7, 2797.27, 2832.2, 2884.0, 2900.03, 2941.77, 2962.43, 2982.93, 3020.17, 3054.5, 3492.97]"
21600,2536.5406666666668,3950.0467385920201,1868.0629317242071,2197.7609999999995,2507.5,2890.4889999999996,"[1280.13, 1583.83, 1596.3, 1872.4, 1924.43, 1994.37, 2027.9, 2033.23, 2115.7, 2232.93, 2265.73, 2333.53, 2408.13, 2468.07, 2494.9, 2520.1, 2618.23, 2734.4, 2797.1, 2832.67, 2867.77, 2943.5, 2945.4, 2968.0, 3139.03, 3166.0, 3397.57, 3429.8, 3508.7, 3596.37]"
21900,2598.7056666666667,4046.853645231236,1913.845021353877,2308.9709999999995,2581.5999999999999,2795.9699999999998,"[1705.23, 1824.63, 1963.67, 1993.83, 2103.9, 2112.13, 2131.9, 2172.57, 2174.9, 2366.43, 2409.3, 2428.67, 2507.7, 2536.37, 2566.27, 2596.93, 2604.03, 2609.8, 2630.23, 2670.77, 2779.77, 2833.77, 2861.43, 2982.27, 3077.27, 3155.53, 3210.4, 3452.4, 3635.97, 3863.1]"
22200,2668.0503333333331,4154.8411409591763,1964.9146545023182,2422.681,2721.9499999999998,3004.8299999999999,"[1835.27, 1861.83, 1865.7, 1882.17, 2003.3, 2024.9, 2216.23, 2390.7, 2394.1, 2434.93, 2478.17, 2514.83, 2581.03, 2679.47, 2710.07, 2733.83, 2759.47, 2847.07, 2860.5, 2909.03, 3003.33, 3008.33, 3018.2, 3027.3, 3090.13, 3098.63, 3142.4, 3535.43, 3545.63, 3589.53]"
22500,2611.3249999999998,4066.5051955223817,1923.1386664875263,2213.6190000000001,2456.4200000000001,2737.7289999999998,"[1819.67, 1877.93, 1985.07, 1997.97, 2012.17, 2067.4, 2090.57, 2149.57, 2172.13, 2231.4, 2362.2, 2405.27, 2405.6, 2445.5, 2451.37, 2461.47, 2503.1, 2608.87, 2634.9, 2698.37, 2704.3, 2815.73, 2890.3, 3091.43, 3109.63, 3249.7, 3268.53, 3319.17, 4079.3, 4431.13]"
22800,2668.6556666666665,4155.7838007755627,1965.3604588121793,2495.152,2727.665,2926.1509999999998,"[1886.03, 2019.83, 2027.07, 2096.37, 2117.33, 2252.7, 2358.1, 2430.9, 2469.77, 2506.03, 2511.73, 2511.77, 2563.33, 2680.9, 2704.8, 2750.53, 2763.5, 2792.77, 2807.27, 2860.13, 2895.23, 2998.3, 3018.73, 3032.93, 3085.73, 3089.13, 3109.53, 3113.5, 3138.4, 3467.33]"
23100,2762.598,4302.0761950886017,2034.5453108139,2474.3519999999999,2763.3000000000002,2997.0110000000004,"[1763.97, 1915.27, 2216.37, 2269.6, 2327.6, 2357.6, 2369.83, 2380.07, 2434.97, 2491.23, 2522.77, 2601.1, 2636.67, 2644.13, 2755.93, 2770.67, 2809.2, 2894.0, 2936.97, 2956.57, 2993.03, 3006.3, 3077.5, 3193.63, 3219.93, 3245.93, 3293.1, 3334.4, 3467.07, 3992.53]"
23400,2576.0149999999999,4011.5184365192345,1897.1342333688322,2374.4989999999998,2547.0150000000003,2785.0609999999997,"[1649.57, 1740.8, 1924.63, 1956.43, 2011.67, 2120.67, 2225.37, 2266.97, 2334.2, 2391.77, 2405.67, 2472.73, 2513.6, 2520.87, 2529.73, 2564.3, 2598.6, 2601.6, 2625.5, 2726.87, 2781.5, 2793.37, 2822.8, 2842.37, 2843.83, 2932.8, 3076.4, 3446.43, 3661.53, 3897.87]"
23700,2767.4043333333334,4309.5608932672703,2038.0849872147164,2463.8389999999999,2653.0299999999997,3235.48,"[1521.57, 1910.97, 2218.27, 2265.8, 2286.63, 2307.63, 2328.27, 2350.8, 2452.03, 2468.9, 2472.27, 2535.6, 2599.17, 2642.77, 2649.23, 2656.83, 2672.33, 2752.63, 2761.07, 2824.8, 3225.37, 3259.07, 3321.4, 3407.23, 3422.93, 3455.37, 3464.7, 3488.63, 3570.03, 3729.83]"
24000,2690.7869999999998,4190.2479835118511,1981.6593196871211,2296.1909999999998,2492.8499999999999,2950.7379999999998,"[1612.93, 1897.87, 1934.6, 2069.37, 2131.4, 2181.73, 2232.93, 2264.43, 2282.8, 2301.93, 2348.23, 2387.27, 2401.97, 2449.83, 2467.87, 2517.83, 2533.77, 2580.13, 2688.47, 2896.03, 2943.97, 2966.53, 3084.13, 3396.43, 3408.83, 3551.37, 3710.07, 3739.83, 3838.93, 3902.13]"
24300,2538.9543333333336,3953.8054388841169,1869.8405027636904,2438.1619999999998,2597.8200000000002,2743.8000000000002,"[1643.37, 1687.03, 1726.27, 2014.17, 2033.6, 2194.77, 2201.27, 2218.1, 2397.87, 2455.43, 2512.83, 2532.37, 2549.23, 2553.0, 2572.57, 2623.07, 2650.5, 2679.63, 2681.4, 2697.87, 2730.9, 2773.9, 2783.87, 2841.77, 2880.33, 2950.63, 2973.07, 2983.47, 3030.87, 3595.47]"
24600,2736.1309999999999,4260.8602633260325,2015.0534011182758,2464.4679999999998,2693.665,2896.8419999999996,"[1783.67, 1967.8, 2105.6, 2202.5, 2220.3, 2241.03, 2306.7, 2334.57, 2350.13, 2513.47, 2588.03, 2636.03, 2642.0, 2683.33, 2685.8, 2701.53, 2741.2, 2786.97, 2834.93, 2856.5, 2860.23, 2982.27, 3131.5, 3177.3, 3271.33, 3386.47, 3430.97, 3466.9, 3566.17, 3628.7]"
24900,2653.8666666666668,4132.7535209993648,1954.4689390899373,2301.3389999999999,2710.8150000000001,2884.8609999999999,"[1794.63, 1933.67, 2076.03, 2089.1, 2111.53, 2157.67, 2172.8, 2243.77, 2260.9, 2318.67, 2421.27, 2443.97, 2467.47, 2515.43, 2636.6, 2785.03, 2799.83, 2805.2, 2819.7, 2849.23, 2870.53, 2918.3, 2960.67, 3024.5, 3093.8, 3269.33, 3299.97, 3306.1, 3414.9, 3755.4]"
25200,2799.183,4359.0484572843015,2061.4887315345863,2606.8299999999999,2806.3150000000001,3026.018,"[1512.5, 1864.13, 2124.33, 2234.0, 2259.77, 2265.6, 2297.57, 2368.8, 2422.17, 2685.97, 2718.37, 2782.47, 2784.93, 2788.3, 2797.6, 2815.03, 2815.53, 2955.2, 2958.53, 2991.53, 3013.37, 3055.53, 3098.8, 3194.6, 3260.43, 3263.9, 3503.13, 3643.57, 3737.03, 3762.8]"
25500,2726.8336666666664,4246.3819221373624,2008.206278975855,2314.9000000000001,2643.6500000000001,3023.1499999999996,"[1622.5, 1871.53, 1999.0, 2040.8, 2224.6, 2260.2, 2286.83, 2287.37, 2304.47, 2319.37, 2335.7, 2354.2, 2410.23, 2448.93, 2546.23, 2741.07, 2827.37, 2867.7, 2946.13, 3001.57, 3012.77, 3047.37, 3303.3, 3358.1, 3411.53, 3426.67, 3444.27, 3509.6, 3707.0, 3888.6]"
25800,2784.2796666666668,4335.8401310780264,2050.5130097868587,2457.2020000000002,2708.6149999999998,2995.7299999999996,"[1957.6, 2045.2, 2206.23, 2241.43, 2246.47, 2252.1, 2308.7, 2324.77, 2427.97, 2469.73, 2483.53, 2529.2, 2562.0, 2606.5, 2703.6, 2713.63, 2815.83, 2914.73, 2943.9, 2972.23, 2974.07, 3046.27, 3078.8, 3117.8, 3134.97, 3408.17, 3523.53, 3640.53, 3815.43, 4063.47]"
26100,2682.0179999999996,4176.5923933193098,1975.2012943680093,2519.1999999999998,2758.4000000000001,2840.5999999999999,"[1807.33, 1821.4, 1983.07, 2067.3, 2198.03, 2329.3, 2435.83, 2455.97, 2498.97, 2527.87, 2530.7, 2546.5, 2729.33, 2742.33, 2753.03, 2763.77, 2777.77, 2780.67, 2783.2, 2826.6, 2838.83, 2844.73, 2879.57, 3031.77, 3042.87, 3089.1, 3119.63, 3345.17, 3382.43, 3527.47]"
26400,2762.8333333333335,4302.4426696647961,2034.7186246039671,2409.442,2758.1149999999998,3089.98,"[1721.97, 1762.33, 2097.17, 2148.77, 2184.9, 2216.0, 2367.93, 2368.3, 2391.27, 2417.23, 2475.07, 2479.53, 2509.03, 2681.03, 2693.1, 2823.13, 2893.17, 2899.57, 2929.33, 3030.07, 3080.23, 3112.73, 3202.1, 3203.7, 3226.8, 3342.87, 3449.5, 3534.9, 3694.17, 3949.1]"
26700,2739.3086666666663,4265.808708276254,2017.3936282580903,2420.5190000000002,2737.4349999999999,2990.991,"[1826.37, 1857.4, 2012.4, 2035.7, 2130.03, 2130.97, 2184.43, 2261.3, 2418.3, 2421.47, 2553.23, 2556.3, 2571.4, 2641.13, 2721.2, 2753.67, 2768.17, 2782.73, 2876.13, 2920.6, 2973.3, 3032.27, 3052.43, 3069.63, 3371.9, 3474.63, 3533.5, 3666.03, 3715.97, 3866.67]"
27000,2815.7803333333336,4384.8947775362112,2073.7120179864514,2629.8599999999997,2857.165,3039.6399999999999,"[1828.47, 1881.4, 1994.9, 2125.33, 2192.2, 2252.47, 2489.57, 2560.47, 2613.2, 2637.0, 2695.13, 2696.63, 2719.8, 2754.53, 2831.13, 2883.2, 2893.93, 2939.13, 2977.93, 3022.5, 3022.9, 3078.7, 3253.6, 3271.47, 3290.43, 3379.13, 3431.93, 3434.73, 3483.4, 3838.2]"
27300,2724.9226666666668,4243.4060032346433,2006.7989022641639,2457.8090000000002,2779.6199999999999,3020.779,"[1768.83, 1769.13, 1949.93, 1962.93, 2220.87, 2232.67, 2293.17, 2340.43, 2445.23, 2463.2, 2568.83, 2609.67, 2617.8, 2669.0, 2691.67, 2867.57, 2880.53, 2882.13, 3005.63, 3009.77, 3010.3, 3045.23, 3110.1, 3112.53, 3121.93, 3173.13, 3279.37, 3321.3, 3513.3, 3811.5]"
27600,2993.2960000000003,4661.3323641202705,2204.4453592878895,2779.7709999999997,2930.7799999999997,3176.7219999999998,"[2042.43, 2306.83, 2355.13, 2381.37, 2406.93, 2481.9, 2487.0, 2581.17, 2683.57, 2821.0, 2821.63, 2833.77, 2847.73, 2872.77, 2906.23, 2955.33, 2957.03, 3018.33, 3092.63, 3108.4, 3173.23, 3184.87, 3387.17, 3420.13, 3472.63, 3573.47, 3671.97, 3762.77, 4032.43, 4159.03]"
27900,2851.3240000000001,4440.2454156865433,2099.8885374604388,2564.0900000000001,2872.77,3047.9319999999998,"[1991.03, 2035.33, 2106.3, 2226.27, 2305.77, 2476.1, 2541.0, 2550.8, 2555.27, 2567.87, 2597.47, 2670.97, 2832.2, 2833.77, 2838.87, 2906.67, 2913.3, 2943.73, 2966.43, 2999.57, 3022.03, 3108.37, 3110.63, 3120.2, 3169.57, 3182.57, 3267.63, 3307.13, 3760.27, 4632.6]"
28200,2912.1886666666669,4535.0273686122564,2144.7129824795543,2607.0810000000001,2912.1999999999998,3230.0920000000001,"[1798.43, 1830.13, 2054.4, 2181.67, 2266.7, 2392.1, 2398.37, 2558.73, 2605.1, 2607.93, 2708.97, 2756.2, 2859.7, 2884.17, 2892.8, 2931.6, 3048.57, 3065.83, 3137.03, 3226.17, 3227.83, 3235.37, 3286.1, 3291.7, 3436.73, 3496.8, 3550.83, 3606.67, 3635.3, 4393.73]"
28500,2726.9593333333332,4246.5776174847069,2008.2988275578034,2349.9009999999998,2644.1199999999999,3060.2980000000002,"[1965.57, 2122.63, 2130.2, 2132.8, 2179.27, 2239.4, 2274.7, 2297.13, 2330.7, 2358.13, 2417.17, 2449.33, 2472.97, 2498.57, 2595.27, 2692.97, 2715.87, 2718.47, 2848.93, 3049.4, 3055.57, 3071.33, 3095.8, 3107.47, 3243.47, 3372.0, 3403.43, 3510.37, 3569.83, 3890.03]"
28800,2616.0686666666666,4073.8923055702799,1926.632191340846,2329.1009999999997,2579.6849999999999,2870.5609999999997,"[1851.47, 1901.8, 1960.63, 2051.0, 2072.83, 2113.73, 2162.2, 2252.67, 2289.67, 2346.0, 2411.47, 2435.73, 2439.1, 2458.3, 2570.9, 2588.47, 2617.5, 2648.37, 2787.93, 2812.23, 2829.83, 2965.6, 3011.4, 3067.1, 3090.63, 3105.57, 3154.77, 3216.43, 3280.1, 3988.63]"
29100,2778.1446666666666,4326.2863568926869,2045.9948223843323,2370.2979999999998,2745.585,3119.7400000000002,"[1609.93, 2059.17, 2129.37, 2140.87, 2227.47, 2242.17, 2250.47, 2285.93, 2349.83, 2379.07, 2488.13, 2601.17, 2645.97, 2697.03, 2737.6, 2753.57, 2870.63, 2922.97, 3006.13, 3104.4, 3118.9, 3121.7, 3131.37, 3215.8, 3227.3, 3318.2, 3462.03, 3535.33, 3595.1, 4116.73]"
29400,2762.7083333333335,4302.2480124890553,2034.6265669959287,2407.6189999999997,2684.8800000000001,2934.9200000000001,"[2025.0, 2111.6, 2182.6, 2211.73, 2228.5, 2265.8, 2266.5, 2281.77, 2351.5, 2431.67, 2535.47, 2540.83, 2647.23, 2659.6, 2683.43, 2686.33, 2703.0, 2771.2, 2792.9, 2839.77, 2907.23, 2999.53, 3005.57, 3041.87, 3164.43, 3212.13, 3235.2, 3827.93, 4054.8, 4216.13]"
29700,2717.6016666666669,4232.0053217658797,2001.4072722765698,2367.2779999999998,2682.3499999999999,3019.9399999999996,"[1807.2, 1841.4, 2151.93, 2159.63, 2241.63, 2245.13, 2273.97, 2276.7, 2282.13, 2403.77, 2428.83, 2436.43, 2438.63, 2553.1, 2657.0, 2707.7, 2783.53, 2792.4, 2887.6, 2950.2, 2997.77, 3071.67, 3091.07, 3169.3, 3220.0, 3234.43, 3378.9, 3388.8, 3515.83, 4141.37]"
30000,2512.6623333333332,3912.8620271675845,1850.47747371932,2271.1320000000001,2463.4499999999998,2733.5999999999999,"[1515.73, 1621.53, 1803.83, 1877.67, 1997.93, 2115.07, 2203.63, 2228.1, 2230.07, 2288.73, 2306.53, 2424.07, 2447.9, 2455.8, 2460.2, 2466.7, 2522.77, 2570.07, 2623.67, 2639.43, 2720.1, 2765.1, 2870.67, 2901.8, 2968.87, 2985.47, 3084.43, 3163.2, 3506.23, 3614.57]"
30300,2818.373,4388.9322269039676,2075.6214155206453,2617.4520000000002,2785.2849999999999,3118.4809999999998,"[1624.37, 1662.43, 1868.57, 2248.87, 2373.8, 2449.43, 2489.33, 2560.47, 2612.37, 2619.63, 2701.93, 2702.23, 2717.83, 2755.2, 2763.87, 2806.7, 2819.47, 2829.3, 3003.03, 3062.73, 3107.33, 3144.5, 3173.37, 3177.53, 3268.53, 3285.37, 3423.6, 3567.63, 3759.5, 3972.27]"
30600,2811.3910000000001,4378.0594556958122,2070.4794457660514,2459.4200000000001,2676.5349999999999,3152.2699999999995,"[1900.9, 2001.8, 2101.3, 2262.47, 2263.37, 2273.87, 2335.17, 2359.17, 2403.77, 2483.27, 2490.27, 2580.5, 2613.77, 2623.63, 2640.4, 2712.67, 2759.53, 2825.33, 2837.23, 2927.3, 3130.7, 3202.6, 3223.37, 3264.4, 3296.13, 3296.37, 3389.77, 3848.07, 3854.53, 4440.07]"
30900,2713.7906666666668,4226.070613791906,1998.600619922694,2523.1399999999999,2728.1300000000001,2875.422,"[1792.13, 2026.97, 2076.6, 2212.93, 2228.23, 2265.2, 2268.5, 2417.37, 2483.1, 2540.3, 2561.1, 2610.47, 2702.63, 2703.6, 2726.93, 2729.33, 2747.43, 2797.23, 2822.67, 2846.5, 2860.53, 2910.17, 2919.23, 2925.47, 2969.97, 3282.97, 3386.53, 3418.63, 3511.27, 3669.73]"
31200,2740.1960000000004,4267.1905146811105,2018.047114531686,2436.25,2604.3000000000002,3038.3699999999999,"[2188.9, 2220.3, 2231.87, 2295.13, 2310.53, 2377.4, 2402.67, 2418.63, 2431.63, 2438.23, 2440.97, 2449.77, 2513.5, 2518.67, 2592.13, 2616.47, 2718.9, 2731.87, 2764.67, 2779.3, 3030.57, 3056.57, 3062.7, 3086.13, 3110.5, 3170.03, 3465.67, 3469.17, 3574.07, 3738.93]"
31500,2779.3399999999997,4328.1477985785668,2046.8751386041342,2625.8679999999999,2778.4499999999998,3056.2689999999998,"[2070.53, 2216.43, 2230.03, 2287.47, 2292.53, 2368.7, 2400.8, 2408.1, 2594.83, 2639.17, 2660.2, 2689.3, 2717.47, 2731.37, 2746.3, 2810.6, 2836.0, 2848.3, 2901.53, 2970.97, 3046.9, 3078.13, 3093.4, 3138.07, 3166.27, 3215.2, 3236.4, 3257.7, 3321.57, 3405.93]"
31800,2956.4780000000001,4603.9972609489905,2177.3303431858194,2805.1499999999996,2953.6300000000001,3192.8399999999997,"[2192.17, 2241.2, 2343.6, 2345.1, 2356.4, 2408.83, 2682.53, 2685.8, 2727.73, 2838.33, 2843.03, 2865.97, 2894.57, 2925.03, 2945.43, 2961.83, 2971.07, 3015.67, 3021.9, 3092.1, 3191.43, 3196.13, 3260.13, 3270.5, 3363.23, 3368.4, 3416.73, 3549.63, 3652.6, 4067.27]"
32100,2728.3130000000001,4248.6856249265247,2009.295750081121,2500.9299999999998,2720.9349999999999,2948.6619999999998,"[1973.6, 2072.6, 2106.0, 2214.7, 2299.6, 2308.4, 2324.8, 2344.43, 2451.37, 2522.17, 2551.63, 2575.73, 2668.23, 2684.23, 2686.7, 2755.17, 2801.83, 2832.03, 2886.4, 2910.9, 2931.73, 2988.17, 3002.23, 3068.8, 3070.07, 3134.57, 3255.37, 3262.7, 3276.4, 3888.83]"
32400,2824.3013333333333,4398.1641678920823,2079.9874010112144,2428.549,2667.8499999999999,2976.4509999999996,"[1959.47, 2046.5, 2195.77, 2298.8, 2328.77, 2355.93, 2366.83, 2410.7, 2410.93, 2436.1, 2449.3, 2496.63, 2548.17, 2584.37, 2662.33, 2673.37, 2703.77, 2723.9, 2738.87, 2753.3, 2902.03, 3150.1, 3175.67, 3225.3, 3436.03, 3719.47, 3794.9, 3911.37, 4109.63, 4160.73]"
32700,2842.73,4426.8623455400384,2093.5593927925806,2481.5909999999999,2895.1999999999998,3146.0599999999995,"[1678.1, 2074.73, 2122.3, 2209.0, 2262.77, 2279.7, 2299.47, 2368.07, 2425.5, 2505.63, 2583.73, 2657.47, 2752.3, 2806.1, 2880.63, 2909.77, 2953.2, 3091.9, 3095.5, 3127.6, 3131.33, 3180.43, 3277.57, 3341.53, 3383.1, 3483.13, 3515.33, 3537.67, 3574.97, 3773.37]"
33000,2928.2039999999997,4559.967365053918,2156.5076487083916,2724.4110000000001,2876.8499999999999,3064.46,"[2248.87, 2260.8, 2310.03, 2392.63, 2407.83, 2445.4, 2483.4, 2522.0, 2670.77, 2747.4, 2753.07, 2778.63, 2793.07, 2795.3, 2853.77, 2899.93, 2906.43, 3002.1, 3034.4, 3035.5, 3053.33, 3090.43, 3137.3, 3194.4, 3240.73, 3298.0, 3478.9, 3911.97, 4000.93, 4098.8]"
33300,2926.673666666667,4557.5842421370544,2155.3806180990468,2611.1699999999996,2867.5349999999999,3295.6379999999999,"[1625.17, 1661.0, 1795.7, 2078.47, 2205.2, 2309.3, 2359.53, 2448.67, 2503.23, 2657.43, 2727.7, 2744.67, 2810.53, 2858.87, 2867.1, 2867.97, 3009.27, 3098.67, 3168.3, 3172.17, 3269.97, 3355.53, 3453.27, 3454.83, 3572.13, 3660.83, 3785.2, 3864.93, 3950.5, 4464.07]"
33600,2698.636,4202.4708968909426,1987.4398010110701,2379.5210000000002,2690.0150000000003,3002.5509999999999,"[1852.63, 1872.2, 1885.6, 1955.67, 2197.33, 2286.2, 2296.6, 2306.27, 2371.87, 2382.8, 2489.03, 2496.37, 2529.7, 2587.1, 2672.13, 2707.9, 2726.33, 2752.77, 2828.67, 2879.17, 2984.8, 3043.97, 3091.4, 3136.53, 3139.3, 3297.67, 3315.53, 3440.87, 3564.1, 3868.57]"
33900,2792.7293333333337,4348.9984370722759,2056.7358586033015,2559.9790000000003,2730.8800000000001,2978.8009999999995,"[1868.2, 2045.73, 2072.67, 2200.73, 2210.03, 2321.93, 2504.47, 2513.77, 2537.53, 2569.6, 2575.93, 2659.47, 2663.6, 2673.17, 2716.93, 2744.83, 2745.7, 2814.9, 2829.23, 2830.57, 2924.93, 3104.5, 3311.37, 3313.33, 3328.37, 3449.87, 3474.83, 3502.73, 3527.73, 3745.23]"
34200,2911.3773333333329,4533.7639137702499,2144.1154672316457,2688.5300000000002,2763.3499999999999,3209.652,"[2016.53, 2233.0, 2261.93, 2275.9, 2286.9, 2355.53, 2527.7, 2677.2, 2683.63, 2690.63, 2698.93, 2720.47, 2727.33, 2743.33, 2747.23, 2779.47, 2808.67, 2827.87, 2836.23, 2959.97, 3197.43, 3238.17, 3302.37, 3345.93, 3435.6, 3476.37, 3496.4, 3581.37, 3649.8, 4759.43]"
34500,2884.1936666666666,4491.431947533436,2124.0957605832682,2487.3890000000001,2804.9349999999999,3235.9489999999996,"[1672.7, 1860.47, 2020.7, 2095.63, 2243.37, 2254.53, 2330.33, 2371.93, 2420.0, 2516.27, 2528.13, 2623.77, 2666.67, 2708.4, 2803.37, 2806.5, 2884.1, 3003.9, 3055.2, 3122.3, 3233.6, 3241.43, 3274.9, 3303.4, 3374.5, 3460.67, 3517.7, 3546.3, 4227.57, 5357.47]"
34800,2798.6526666666668,4358.2225917733604,2061.0981617895491,2558.1590000000001,2749.52,2940.2600000000002,"[1957.33, 1967.3, 2219.27, 2310.33, 2382.23, 2421.13, 2427.03, 2514.4, 2554.4, 2559.77, 2608.9, 2622.77, 2709.33, 2718.4, 2743.27, 2755.77, 2843.67, 2894.33, 2933.67, 2934.6, 2937.8, 2946.0, 3054.67, 3271.87, 3276.97, 3348.03, 3360.47, 3362.93, 3629.17, 3693.77]"
35100,2850.400333333333,4438.8070289292718,2099.2082931087734,2657.7019999999998,2816.8699999999999,2947.3409999999999,"[2175.1, 2187.43, 2227.13, 2228.3, 2267.1, 2324.83, 2363.47, 2446.77, 2506.67, 2722.43, 2785.6, 2788.7, 2804.5, 2807.8, 2811.37, 2822.37, 2833.93, 2857.1, 2884.17, 2895.03, 2944.8, 2953.27, 3240.5, 3255.77, 3315.73, 3432.4, 3471.97, 3491.57, 3502.77, 4163.43]"
35400,2830.4776666666667,4407.7823087168663,2084.5360287961316,2500.1109999999999,2838.7650000000003,3133.3199999999997,"[1798.93, 1869.2, 1998.9, 2206.93, 2238.0, 2367.8, 2463.1, 2476.63, 2480.7, 2508.43, 2607.0, 2646.2, 2706.67, 2794.87, 2831.03, 2846.5, 2871.5, 2904.97, 3028.6, 3069.5, 3132.93, 3134.23, 3181.3, 3182.73, 3257.67, 3308.67, 3489.57, 3524.73, 3582.97, 4404.07]"
35700,2877.6386666666667,4481.2241252376098,2119.2682596177333,2475.3110000000001,2835.5649999999996,3107.2200000000003,"[1896.7, 1967.9, 2060.1, 2201.87, 2311.3, 2347.27, 2429.97, 2439.27, 2456.67, 2483.3, 2538.93, 2617.9, 2734.97, 2742.27, 2827.2, 2843.93, 2916.07, 3001.5, 3007.33, 3085.87, 3093.3, 3139.7, 3274.87, 3296.9, 3310.9, 3316.8, 3447.97, 3628.6, 3888.23, 5021.57]"
36000,2906.7106666666668,4526.4967125426092,2140.678649864878,2629.3920000000003,2798.9349999999999,2889.5679999999998,"[1842.0, 2334.77, 2424.1, 2461.3, 2486.53, 2524.03, 2561.87, 2589.9, 2624.17, 2631.63, 2669.13, 2715.93, 2716.77, 2746.3, 2797.7, 2800.17, 2809.87, 2826.9, 2828.73, 2873.6, 2875.27, 2922.93, 2984.43, 3030.8, 3286.0, 3459.13, 3510.8, 3890.63, 4475.1, 4500.83]"
36300,2807.2016666666668,4371.5355853365982,2067.3941657185128,2523.46,2835.7349999999997,3110.0499999999997,"[1954.8, 1988.73, 2162.13, 2170.57, 2271.07, 2307.67, 2324.3, 2490.0, 2512.47, 2528.17, 2531.63, 2543.63, 2664.57, 2756.87, 2787.87, 2883.6, 2890.6, 2893.67, 3050.07, 3072.5, 3100.9, 3131.4, 3201.77, 3244.47, 3249.73, 3306.83, 3323.77, 3369.1, 3564.63, 3938.53]"
36600,2737.3376666666668,4262.7393539291797,2015.9420638945405,2502.5,2737.6849999999999,2918.1480000000001,"[2090.07, 2146.57, 2171.8, 2221.33, 2295.47, 2362.07, 2413.93, 2444.5, 2494.17, 2506.07, 2517.17, 2549.07, 2584.13, 2696.77, 2733.2, 2742.17, 2749.63, 2789.9, 2868.87, 2900.63, 2910.27, 2936.53, 2970.53, 3029.1, 3078.0, 3236.87, 3273.77, 3391.77, 3470.77, 3545.0]"
36900,2798.5563333333334,4358.0725759765901,2061.0272160596205,2624.1620000000003,2731.6350000000002,2938.1980000000003,"[1806.1, 2235.17, 2311.13, 2446.57, 2455.93, 2587.27, 2591.2, 2608.2, 2613.97, 2628.53, 2653.87, 2669.43, 2671.1, 2727.6, 2731.0, 2732.27, 2901.6, 2920.3, 2922.3, 2930.67, 2934.37, 2947.13, 2979.27, 3034.6, 3040.57, 3156.07, 3221.53, 3417.57, 3508.5, 3572.87]"
37200,2982.2316666666666,4644.1023490953348,2196.2969107982371,2730.4709999999995,2920.8150000000001,3204.3800000000001,"[1731.3, 2003.37, 2125.7, 2497.07, 2536.5, 2538.23, 2613.07, 2626.37, 2711.27, 2738.7, 2798.9, 2810.1, 2815.27, 2892.73, 2910.1, 2931.53, 2978.8, 3078.07, 3101.2, 3132.43, 3203.9, 3205.5, 3238.5, 3275.73, 3545.67, 3638.27, 3645.1, 3802.97, 4000.43, 4340.17]"
37500,2879.9279999999999,4484.7892065255692,2120.9542640230875,2626.701,2748.9349999999999,3118.6500000000001,"[1874.23, 1964.13, 2216.77, 2327.57, 2391.27, 2471.67, 2594.83, 2606.73, 2615.27, 2631.6, 2642.0, 2647.83, 2664.33, 2720.1, 2739.4, 2758.47, 2777.27, 2778.77, 2990.9, 3043.0, 3107.4, 3144.9, 3186.9, 3352.07, 3352.07, 3520.07, 3558.23, 3830.23, 3870.03, 4019.8]"
37800,2901.7023333333336,4518.6974483679442,2136.9902083694719,2706.9079999999999,2882.9300000000003,2996.8600000000001,"[2180.63, 2244.03, 2255.43, 2293.97, 2454.83, 2502.5, 2544.33, 2589.4, 2687.63, 2715.17, 2723.97, 2775.3, 2777.23, 2793.1, 2840.83, 2925.03, 2927.63, 2941.9, 2971.63, 2980.83, 2992.27, 3007.57, 3017.63, 3026.23, 3036.33, 3098.3, 3444.93, 3948.2, 4111.67, 4242.57]"
38100,2897.9043333333334,4512.7829847402463,2134.1931300068322,2678.1700000000001,2929.0300000000002,3012.1479999999997,"[2220.73, 2318.67, 2358.17, 2394.77, 2405.03, 2567.83, 2612.53, 2654.47, 2675.93, 2679.13, 2854.97, 2858.97, 2888.9, 2889.33, 2913.03, 2945.03, 2953.07, 2956.1, 2959.83, 2987.87, 3002.17, 3035.43, 3047.07, 3064.23, 3108.4, 3116.57, 3411.57, 3465.3, 3676.53, 3915.5]"
38400,2799.538,4359.6012836634045,2061.7501751414156,2516.3610000000003,2758.915,3077.3909999999996,"[1682.53, 1911.9, 2032.0, 2245.83, 2281.47, 2332.53, 2334.0, 2363.03, 2490.3, 2527.53, 2548.67, 2612.17, 2675.3, 2693.53, 2741.1, 2776.73, 2814.97, 2879.63, 2923.13, 2995.0, 3050.43, 3140.3, 3201.93, 3410.93, 3415.47, 3455.43, 3508.8, 3515.77, 3537.03, 3888.7]"
38700,2922.7846666666665,4551.5280680854175,2152.5165217977551,2516.011,2756.0650000000001,3147.2189999999991,"[2029.13, 2206.67, 2210.27, 2278.0, 2293.37, 2382.63, 2456.97, 2463.93, 2491.0, 2526.73, 2597.9, 2609.63, 2612.5, 2656.03, 2748.8, 2763.33, 2928.17, 3026.1, 3043.27, 3097.23, 3113.37, 3226.2, 3270.6, 3394.27, 3412.47, 3442.77, 3937.13, 4120.57, 4126.53, 4217.97]"
39000,2873.7126666666668,4475.1103326619559,2116.3769142644628,2564.6509999999998,2780.73,3141.1999999999998,"[2201.83, 2212.4, 2224.5, 2346.43, 2434.83, 2452.1, 2525.1, 2538.43, 2545.1, 2573.03, 2620.63, 2629.7, 2647.97, 2653.0, 2755.33, 2806.13, 2832.43, 3069.03, 3087.33, 3115.53, 3117.83, 3195.73, 3244.2, 3277.13, 3343.73, 3416.43, 3451.4, 3549.17, 3647.3, 3697.63]"
39300,2921.741,4549.9028104394365,2151.7479021423733,2723.239,2929.48,3206.431,"[1948.97, 1977.47, 2174.3, 2325.83, 2436.1, 2515.93, 2553.93, 2617.6, 2696.73, 2734.6, 2761.4, 2769.43, 2787.77, 2850.43, 2907.03, 2951.93, 2987.97, 3049.67, 3119.57, 3126.87, 3192.43, 3239.1, 3255.53, 3276.8, 3292.63, 3345.77, 3394.0, 3486.8, 3794.17, 4081.47]"
39600,2892.0463333333332,4503.6605708563484,2129.8789422637196,2484.25,2954.165,3177.0219999999999,"[1850.5, 2054.43, 2087.03, 2249.8, 2309.13, 2368.1, 2376.93, 2448.97, 2469.2, 2490.7, 2505.4, 2620.1, 2723.17, 2753.93, 2938.0, 2970.33, 2974.47, 3022.0, 3071.27, 3083.6, 3158.53, 3220.17, 3222.73, 3277.8, 3348.1, 3462.17, 3557.03, 3585.2, 3622.27, 4940.33]"
39900,2850.6473333333333,4439.1916715085345,2099.3901989422575,2602.8310000000001,2733.77,2986.9379999999996,"[2202.9, 2300.8, 2352.0, 2399.67, 2403.53, 2496.0, 2513.9, 2559.0, 2564.8, 2619.13, 2625.83, 2650.9, 2660.17, 2717.63, 2733.07, 2734.47, 2761.77, 2785.03, 2851.8, 2875.03, 2942.97, 3089.53, 3151.83, 3195.63, 3242.27, 3442.13, 3478.5, 3511.03, 3778.93, 3879.17]"
40200,2805.0623333333333,4368.2040926595255,2065.8186304428041,2551.0309999999999,2846.25,3092.3599999999992,"[1841.53, 1978.47, 2103.93, 2258.87, 2308.13, 2314.9, 2342.5, 2376.47, 2517.9, 2565.23, 2578.87, 2704.47, 2739.63, 2833.67, 2835.73, 2856.77, 2900.37, 2969.73, 3020.47, 3031.13, 3050.33, 3190.43, 3232.07, 3239.93, 3240.93, 3248.7, 3262.17, 3281.9, 3465.77, 3860.87]"
40500,2947.241,4589.6128742904775,2170.5276541822118,2692.799,2901.5349999999999,3167.8719999999998,"[1903.4, 2163.1, 2385.83, 2442.0, 2457.77, 2518.07, 2556.3, 2597.8, 2665.03, 2704.7, 2768.9, 2780.13, 2854.33, 2859.9, 2869.3, 2933.77, 2948.4, 2988.63, 3102.4, 3114.73, 3153.73, 3200.87, 3227.73, 3260.67, 3452.27, 3452.93, 3550.77, 3561.37, 3870.67, 4071.73]"
40800,2827.7429999999999,4403.5237287974678,2082.5220538192057,2527.1900000000001,2860.3850000000002,3000.1390000000001,"[1925.83, 2009.17, 2078.37, 2158.4, 2174.8, 2218.93, 2225.27, 2295.73, 2484.77, 2545.37, 2621.13, 2676.0, 2688.6, 2826.97, 2848.77, 2872.0, 2874.43, 2917.63, 2921.73, 2979.0, 2999.5, 3001.63, 3014.7, 3176.6, 3220.93, 3356.73, 3531.77, 3604.0, 3720.0, 4863.53]"
41100,3066.1886666666669,4774.8450091244276,2258.1279555828942,2758.259,3022.8500000000004,3288.8389999999995,"[2303.07, 2304.17, 2342.17, 2557.87, 2574.4, 2613.83, 2632.4, 2729.87, 2740.43, 2765.9, 2791.67, 2803.97, 2872.6, 2912.17, 2984.3, 3061.4, 3068.97, 3100.5, 3250.1, 3266.47, 3268.97, 3335.2, 3404.07, 3414.83, 3445.83, 3631.5, 3644.17, 3665.13, 3741.57, 4758.13]"
41400,2668.8443333333335,4156.0776033394804,1965.4994044285791,2465.48,2631.73,2897.79,"[1649.27, 1735.23, 2036.4, 2070.57, 2183.13, 2247.77, 2284.33, 2338.7, 2443.43, 2474.93, 2495.53, 2500.97, 2535.77, 2552.53, 2623.93, 2639.53, 2662.57, 2732.67, 2845.4, 2894.53, 2896.83, 2900.03, 3017.47, 3055.97, 3076.97, 3133.17, 3316.53, 3348.9, 3547.2, 3825.07]"
41700,2746.7506666666668,4277.3978178911348,2022.8743700102659,2508.1689999999999,2720.1149999999998,2919.0389999999998,"[1977.5, 2111.7, 2233.73, 2242.83, 2284.3, 2325.13, 2340.1, 2359.5, 2463.6, 2527.27, 2554.63, 2585.43, 2604.8, 2682.63, 2692.2, 2748.03, 2777.23, 2785.07, 2800.4, 2821.5, 2902.8, 2956.93, 3025.03, 3030.0, 3105.87, 3224.4, 3457.07, 3507.17, 3560.1, 3715.57]"
42000,2901.3320000000003,4518.1207440419503,2136.7174723627236,2540.0199999999995,2768.1700000000001,3051.4889999999996,"[1919.67, 2071.27, 2128.43, 2210.67, 2278.6, 2402.97, 2429.63, 2470.97, 2474.5, 2568.1, 2574.43, 2582.3, 2665.83, 2713.6, 2741.57, 2794.77, 2872.83, 2893.5, 2964.4, 2967.73, 3002.67, 3165.4, 3198.83, 3510.03, 3636.17, 3787.53, 3811.4, 3911.33, 3935.2, 4355.63]"
42300,2896.2073333333333,4510.1403189223947,2132.9433559201025,2624.5589999999997,2903.4299999999998,3121.0019999999995,"[1947.67, 2129.6, 2152.43, 2178.0, 2195.1, 2210.7, 2415.03, 2502.07, 2613.73, 2629.2, 2800.03, 2828.37, 2841.57, 2902.43, 2902.93, 2903.93, 2938.5, 2947.93, 2962.67, 2963.3, 3094.23, 3183.47, 3201.7, 3453.77, 3455.27, 3459.0, 3641.7, 3670.33, 3870.63, 3890.93]"
42600,2841.3899999999999,4424.7756206161012,2092.5725352344089,2655.9479999999999,2777.9200000000001,2861.8800000000001,"[1625.77, 1875.4, 2193.87, 2258.17, 2473.77, 2518.23, 2524.87, 2585.43, 2651.93, 2657.67, 2657.9, 2746.7, 2747.83, 2774.13, 2777.47, 2778.37, 2782.83, 2819.8, 2836.57, 2847.7, 2851.8, 2885.4, 2910.63, 2973.63, 3033.0, 3296.17, 3359.03, 3634.23, 4391.2, 4772.2]"
42900,2841.0710000000004,4424.2788555036132,2092.3376042186951,2468.0219999999999,2769.6000000000004,3039.0719999999997,"[1917.6, 2023.53, 2122.87, 2221.6, 2347.1, 2402.13, 2415.3, 2448.87, 2460.77, 2471.13, 2504.2, 2612.07, 2649.33, 2675.93, 2757.4, 2781.8, 2784.2, 2897.0, 2981.83, 2986.47, 3011.73, 3102.87, 3352.2, 3448.33, 3464.0, 3485.2, 3541.77, 3590.97, 3817.2, 3956.73]"
43200,2987.3603333333331,4652.0890032445122,2200.0739730843152,2573.5010000000002,2857.5500000000002,3377.5599999999999,"[1711.0, 1989.83, 2126.07, 2185.2, 2271.7, 2367.23, 2410.03, 2496.03, 2513.7, 2599.13, 2650.77, 2699.0, 2739.33, 2752.93, 2806.5, 2908.6, 3076.03, 3219.7, 3248.57, 3332.1, 3362.5, 3412.7, 3613.87, 3615.53, 3728.23, 3739.6, 3838.93, 3896.2, 3956.27, 4353.53]"
43500,3011.7213333333334,4690.0253509102076,2218.0148961997079,2832.0600000000004,2962.0999999999999,3244.2889999999998,"[2137.0, 2277.5, 2400.93, 2505.87, 2625.57, 2694.37, 2740.53, 2762.43, 2830.87, 2832.57, 2836.3, 2839.87, 2847.5, 2925.8, 2960.77, 2963.43, 2979.07, 2997.87, 3033.6, 3063.07, 3225.5, 3288.13, 3288.53, 3329.7, 3344.2, 3398.53, 3407.3, 3724.9, 4003.6, 4086.33]"
43800,2820.7286666666669,4392.600606266521,2077.3562718299991,2581.049,2895.415,3196.4179999999997,"[1419.37, 1643.53, 1924.1, 1924.3, 2151.0, 2343.5, 2414.47, 2439.27, 2556.5, 2591.57, 2620.53, 2633.47, 2682.37, 2684.7, 2737.63, 3053.2, 3054.73, 3061.27, 3120.27, 3136.77, 3162.77, 3274.93, 3282.7, 3291.37, 3314.43, 3357.97, 3382.67, 3407.97, 3775.97, 4178.53]"
44100,2872.4053333333336,4473.0744781466119,2115.4141144278578,2681.4879999999998,2852.9000000000001,3107.3389999999999,"[1697.2, 1914.97, 2323.37, 2339.2, 2458.87, 2485.57, 2543.0, 2593.87, 2670.33, 2686.27, 2720.23, 2739.83, 2753.3, 2790.67, 2805.77, 2900.03, 3022.27, 3057.07, 3060.27, 3088.67, 3100.4, 3123.53, 3149.4, 3235.0, 3235.43, 3312.7, 3334.57, 3508.67, 3628.93, 3892.77]"
44400,3045.9559999999997,4743.3375391161853,2243.2273884023166,2777.3609999999999,2974.25,3182.1209999999996,"[2056.43, 2399.0, 2452.47, 2477.07, 2540.4, 2603.83, 2650.5, 2658.5, 2756.97, 2786.1, 2899.67, 2899.8, 2932.8, 2966.27, 2967.03, 2981.47, 3024.47, 3078.73, 3147.27, 3161.4, 3162.63, 3227.6, 3372.93, 3416.2, 3554.3, 3690.47, 3701.2, 3862.0, 3901.27, 4049.9]"
44700,2655.6546666666668,4135.5378972411554,1955.7857311153191,2540.2809999999999,2699.9000000000001,2853.27,"[1273.27, 1889.63, 1908.2, 2214.83, 2296.0, 2301.33, 2360.3, 2368.1, 2522.9, 2547.73, 2561.93, 2581.47, 2608.07, 2611.7, 2668.4, 2731.4, 2771.73, 2772.4, 2798.5, 2818.37, 2847.57, 2866.57, 2937.2, 2949.4, 2977.9, 3086.0, 3220.97, 3284.8, 3428.0, 3464.97]"
45000,2986.2309999999998,4650.3303405474226,2199.2422632815569,2715.4110000000001,2925.3649999999998,3224.8489999999997,"[1901.1, 2193.23, 2365.13, 2393.73, 2477.3, 2516.27, 2581.87, 2583.2, 2707.97, 2718.6, 2767.7, 2770.7, 2784.3, 2829.83, 2898.03, 2952.7, 2963.97, 3019.57, 3058.6, 3111.6, 3175.07, 3341.0, 3394.67, 3405.93, 3494.9, 3552.33, 3595.33, 3852.1, 3876.2, 4304.0]"
45300,2879.6006666666667,4484.279464268031,2120.713195833504,2399.3220000000001,2778.4200000000001,3231.9499999999998,"[1736.97, 2058.53, 2088.37, 2121.13, 2180.83, 2198.57, 2226.9, 2291.33, 2365.47, 2413.83, 2447.7, 2528.13, 2571.93, 2636.33, 2764.67, 2792.17, 2924.37, 3159.67, 3159.8, 3193.03, 3200.03, 3306.43, 3398.83, 3471.9, 3505.57, 3609.5, 3658.33, 3878.9, 4161.6, 4337.2]"
45600,2931.8626666666669,4565.6648508163889,2159.2021135239379,2648.46,2929.73,3199.2809999999999,"[2015.57, 2098.8, 2099.77, 2229.63, 2256.43, 2280.53, 2494.0, 2546.5, 2624.8, 2658.6, 2709.67, 2821.9, 2850.27, 2857.43, 2924.93, 2934.53, 2997.53, 3077.0, 3086.33, 3154.3, 3189.33, 3222.5, 3263.3, 3398.93, 3474.17, 3496.0, 3623.3, 3749.23, 3858.3, 3962.3]"
45900,3006.9986666666668,4682.6709432678335,2214.5368370245387,2675.9409999999998,3045.1199999999999,3319.9189999999999,"[1508.83, 2144.57, 2280.77, 2568.9, 2571.77, 2580.73, 2601.93, 2609.07, 2644.07, 2689.6, 2870.2, 2913.63, 2954.97, 2960.87, 2989.97, 3100.27, 3121.67, 3133.8, 3226.83, 3237.4, 3319.67, 3320.5, 3352.97, 3436.27, 3478.07, 3515.17, 3553.63, 3675.83, 3809.9, 4038.1]"
46200,2824.7976666666668,4398.9370866512227,2080.3529310868662,2613.5420000000004,2809.9300000000003,3033.4299999999998,"[1572.03, 2084.53, 2124.37, 2246.0, 2387.5, 2392.87, 2414.47, 2547.3, 2577.17, 2629.13, 2643.2, 2693.3, 2735.37, 2767.07, 2809.63, 2810.23, 2841.63, 2894.0, 2914.4, 2937.13, 3002.8, 3104.9, 3217.33, 3314.57, 3410.33, 3458.43, 3466.77, 3475.27, 3541.0, 3731.2]"
46500,2738.2513333333336,4264.1621681123916,2016.6149436375626,2521.5590000000002,2734.085,2917.2109999999998,"[1836.87, 1857.43, 2145.1, 2164.07, 2229.77, 2287.63, 2374.77, 2398.2, 2433.8, 2559.17, 2594.87, 2632.53, 2725.43, 2732.5, 2733.1, 2735.07, 2756.07, 2776.57, 2793.23, 2817.07, 2908.7, 2937.07, 2958.8, 3001.17, 3105.03, 3137.63, 3175.73, 3255.0, 3626.73, 4458.43]"
46800,3046.2660000000001,4743.8202889120221,2243.4556912702524,2717.1809999999996,3010.1500000000001,3309.5709999999999,"[2205.03, 2263.23, 2329.87, 2331.47, 2410.83, 2490.3, 2618.03, 2653.73, 2706.1, 2721.93, 2855.1, 2871.67, 2933.63, 2978.83, 3002.57, 3017.73, 3110.03, 3160.1, 3166.23, 3191.87, 3295.33, 3342.8, 3411.9, 3421.0, 3522.27, 3693.17, 3710.17, 3836.83, 4029.5, 4106.73]"
47100,2866.4009999999998,4463.7241855956463,2110.9921579116012,2615.8289999999997,2749.3000000000002,3176.962,"[2049.1, 2088.83, 2285.87, 2392.63, 2427.07, 2509.07, 2576.27, 2588.7, 2609.9, 2618.37, 2635.27, 2680.03, 2701.17, 2745.57, 2748.97, 2749.63, 2751.03, 2959.87, 2970.3, 3052.97, 3169.33, 3194.77, 3217.57, 3221.3, 3242.17, 3407.1, 3472.37, 3503.3, 3551.83, 3871.67]"
47400,2815.9839999999999,4385.2119389612162,2073.8620105158147,2588.6999999999998,2765.6149999999998,2851.8899999999999,"[2121.57, 2192.03, 2286.93, 2335.6, 2352.07, 2353.8, 2530.93, 2551.67, 2578.13, 2593.23, 2626.57, 2631.47, 2638.53, 2664.6, 2759.23, 2772.0, 2820.5, 2821.2, 2826.77, 2831.23, 2847.63, 2861.83, 3020.6, 3036.83, 3202.13, 3329.67, 3512.7, 3595.2, 3726.57, 4058.3]"
47700,2780.3596666666663,4329.7356820468067,2047.6260831987729,2438.9989999999998,2787.2649999999999,3006.4499999999998,"[2042.17, 2184.03, 2227.63, 2243.67, 2300.6, 2386.4, 2420.07, 2423.7, 2435.03, 2440.7, 2453.23, 2544.73, 2587.6, 2649.57, 2736.93, 2837.6, 2858.33, 2859.63, 2892.6, 2897.37, 3002.37, 3015.97, 3091.53, 3101.13, 3186.4, 3408.2, 3441.3, 3516.73, 3594.5, 3631.07]"
48000,2874.3656666666666,4476.1272217480227,2116.8578232088548,2611.6599999999999,2889.3199999999997,3203.25,"[1867.73, 1980.07, 2051.73, 2113.7, 2202.23, 2346.57, 2368.83, 2445.5, 2468.3, 2673.1, 2694.93, 2699.6, 2707.53, 2776.9, 2822.67, 2955.97, 2993.4, 3086.43, 3147.4, 3183.2, 3201.27, 3207.87, 3383.17, 3385.9, 3478.3, 3491.7, 3502.43, 3579.87, 3620.67, 3794.0]"
48300,2924.5783333333334,4554.3212687858431,2153.837487101368,2699.6000000000004,2915.4499999999998,3167.7600000000002,"[1872.6, 1876.5, 2029.0, 2125.8, 2255.57, 2342.63, 2469.97, 2646.7, 2696.17, 2701.07, 2737.97, 2795.77, 2816.33, 2865.63, 2880.03, 2950.87, 2994.9, 3075.23, 3121.27, 3127.63, 3165.27, 3173.57, 3304.43, 3341.13, 3364.67, 3595.37, 3694.13, 3807.27, 3915.47, 3994.4]"
48600,2876.4986666666668,4479.4488517948575,2118.4286942324229,2646.2309999999998,2897.3000000000002,3152.1280000000002,"[1881.2, 1887.07, 1922.27, 2015.93, 2085.47, 2155.4, 2442.03, 2491.77, 2508.17, 2705.4, 2765.33, 2775.7, 2825.43, 2837.77, 2882.57, 2912.03, 3021.83, 3032.83, 3060.27, 3096.3, 3147.07, 3163.93, 3171.47, 3257.43, 3308.63, 3335.6, 3439.63, 3905.83, 4001.57, 4259.03]"
48900,2800.3176666666668,4360.8154253542225,2062.3243691286207,2413.701,2677.4499999999998,3008.4909999999995,"[2064.63, 2092.57, 2215.13, 2276.53, 2300.83, 2306.63, 2326.07, 2353.27, 2367.2, 2433.63, 2465.77, 2508.9, 2566.3, 2672.4, 2673.87, 2681.03, 2854.9, 2888.67, 2909.2, 2950.23, 2991.7, 3047.67, 3127.47, 3138.23, 3161.33, 3300.6, 3391.67, 3442.3, 3500.87, 4999.93]"
49200,2964.5606666666667,4616.5840534752651,2183.2829108650612,2607.2789999999995,2874.5299999999997,3181.482,"[2045.5, 2124.37, 2281.8, 2429.37, 2477.57, 2488.43, 2489.9, 2522.23, 2584.13, 2617.2, 2703.1, 2737.1, 2740.53, 2784.5, 2872.33, 2876.73, 2878.7, 2974.73, 2981.3, 3079.6, 3154.23, 3245.07, 3346.43, 3420.7, 3473.8, 3500.3, 3601.73, 3872.5, 3951.67, 4681.27]"
49500,2793.299,4349.8855547078492,2057.1553958090017,2525.509,2718.1999999999998,3065.9400000000001,"[1797.63, 2150.9, 2189.07, 2197.87, 2214.17, 2279.93, 2304.37, 2395.13, 2453.5, 2556.37, 2614.7, 2619.07, 2672.43, 2691.07, 2703.13, 2733.27, 2865.67, 2954.2, 3020.1, 3052.83, 3060.33, 3079.03, 3107.6, 3171.1, 3249.57, 3411.73, 3428.2, 3515.4, 3537.73, 3772.87]"
49800,2861.4163333333336,4455.9617765129215,2107.321145989984,2622.239,2798.02,3240.3500000000004,"[2011.07, 2125.9, 2181.0, 2231.4, 2237.23, 2245.37, 2280.83, 2371.77, 2536.93, 2658.8, 2669.03, 2692.57, 2717.73, 2744.83, 2748.47, 2847.57, 2897.13, 2992.73, 3063.67, 3138.13, 3218.3, 3291.8, 3299.07, 3329.93, 3343.17, 3429.87, 3438.0, 3661.13, 3686.53, 3752.53]"
50100,2801.7750000000001,4363.0848684804541,2063.3976380948711,2499.3119999999999,2770.23,2951.1999999999998,"[2087.03, 2146.87, 2150.43, 2296.33, 2317.77, 2381.57, 2394.43, 2464.33, 2476.17, 2509.23, 2515.03, 2617.63, 2714.47, 2744.83, 2761.03, 2779.43, 2786.87, 2807.1, 2909.07, 2919.4, 2939.53, 2978.43, 3069.37, 3070.67, 3132.83, 3336.6, 3605.43, 3620.7, 3632.0, 3888.67]"
50400,2929.7353333333331,4562.3520452281873,2157.6354157786009,2689.27,2953.665,3111.4200000000001,"[1973.6, 2166.5, 2170.97, 2531.5, 2538.27, 2550.37, 2654.87, 2656.57, 2687.73, 2689.93, 2793.43, 2833.9, 2925.43, 2939.7, 2940.53, 2966.8, 2971.57, 3006.73, 3032.03, 3042.53, 3093.93, 3152.23, 3157.4, 3166.77, 3233.67, 3277.93, 3385.4, 3412.17, 3581.0, 4358.6]"
50700,2915.71,4540.5109910243136,2147.306306669735,2606.431,2861.1850000000004,3080.2699999999995,"[1864.13, 2029.2, 2053.77, 2084.87, 2450.83, 2488.37, 2541.17, 2596.77, 2601.37, 2608.6, 2693.77, 2723.63, 2834.83, 2836.2, 2859.3, 2863.07, 2867.03, 2889.67, 2924.17, 2951.87, 3052.13, 3145.93, 3248.73, 3311.1, 3459.53, 3576.2, 3945.03, 3960.33, 3973.07, 4036.63]"
51000,2818.5503333333331,4389.2083805506181,2075.7520145805825,2618.4400000000001,2758.0300000000002,2929.1199999999999,"[2057.43, 2153.27, 2172.33, 2354.17, 2405.7, 2489.33, 2492.87, 2529.97, 2617.6, 2618.8, 2623.63, 2641.5, 2642.47, 2731.3, 2746.03, 2770.03, 2771.87, 2816.03, 2856.77, 2866.4, 2925.37, 2937.87, 2997.97, 3076.5, 3098.27, 3173.83, 3300.8, 3321.0, 4123.07, 4244.33]"
51300,2905.451,4524.5350872969475,2139.7509546628057,2743.9790000000003,2860.8500000000004,3196.1990000000001,"[1759.93, 1869.83, 2014.0, 2089.17, 2245.13, 2315.53, 2508.3, 2699.53, 2724.4, 2752.37, 2767.03, 2811.17, 2830.07, 2850.7, 2855.8, 2865.9, 2904.1, 2936.5, 2995.4, 3175.23, 3183.17, 3226.6, 3363.07, 3370.07, 3415.53, 3427.6, 3482.33, 3807.8, 3811.37, 4105.9]"
51600,3026.0573333333332,4712.3501930815219,2228.5727991504186,2738.252,3070.8649999999998,3175.9389999999994,"[2168.03, 2295.97, 2302.23, 2465.57, 2628.97, 2643.5, 2677.0, 2696.57, 2711.47, 2749.73, 2765.4, 2870.5, 2964.4, 3001.3, 3045.63, 3096.1, 3132.4, 3143.4, 3149.83, 3154.2, 3156.7, 3220.83, 3232.1, 3421.83, 3445.03, 3466.33, 3657.43, 3750.3, 3809.8, 3959.17]"
51900,2905.9416666666666,4525.2991815974538,2140.1123114602256,2514.819,2818.6350000000002,3087.9590000000003,"[2017.83, 2253.47, 2297.63, 2360.33, 2414.27, 2418.8, 2468.53, 2469.57, 2497.83, 2522.1, 2530.3, 2536.93, 2638.9, 2717.73, 2810.5, 2826.77, 2927.83, 2944.53, 3011.8, 3020.27, 3086.3, 3091.83, 3335.77, 3465.4, 3489.5, 3527.83, 3606.33, 3898.1, 3986.47, 4004.8]"
52200,2724.6716666666666,4243.0151316257561,2006.6140505872231,2602.8119999999999,2714.4499999999998,2965.2999999999997,"[1749.33, 2037.4, 2089.03, 2272.53, 2396.2, 2407.27, 2487.33, 2538.8, 2562.87, 2619.93, 2652.37, 2687.77, 2695.23, 2695.53, 2704.43, 2724.47, 2795.5, 2815.0, 2821.03, 2860.67, 2959.33, 2979.23, 3050.23, 3070.27, 3084.7, 3089.87, 3112.03, 3165.2, 3199.63, 3416.97]"
52500,2834.5723333333331,4414.1587587083186,2087.5515905485158,2555.2600000000002,2732.2349999999997,3072.0119999999997,"[2110.57, 2194.27, 2254.53, 2408.5, 2423.0, 2438.33, 2450.1, 2489.37, 2553.3, 2556.1, 2562.0, 2630.3, 2651.7, 2696.1, 2701.27, 2763.2, 2886.53, 2889.47, 2946.4, 2976.93, 3066.33, 3085.27, 3191.2, 3274.23, 3348.6, 3368.07, 3372.0, 3458.07, 3634.9, 3656.53]"
52800,2921.7453333333333,4549.9095585548621,2151.7510934727848,2579.4200000000001,2822.1500000000001,3183.79,"[1494.47, 1748.77, 1791.03, 2111.47, 2216.77, 2300.23, 2457.1, 2529.57, 2561.43, 2587.13, 2618.23, 2645.33, 2740.43, 2747.23, 2812.4, 2831.9, 2847.57, 3009.03, 3043.7, 3096.23, 3182.77, 3186.17, 3239.57, 3467.3, 3560.53, 3652.77, 3738.5, 4380.03, 4471.17, 4583.53]"
53100,3050.9083333333333,4751.0495968761188,2246.8745880893216,2688.491,2987.835,3210.2710000000002,"[2149.87, 2350.57, 2391.43, 2401.07, 2437.9, 2469.87, 2627.17, 2642.87, 2684.9, 2690.03, 2751.63, 2843.17, 2878.67, 2936.3, 2968.6, 3007.07, 3031.43, 3114.73, 3161.57, 3203.2, 3208.63, 3214.1, 3230.27, 3419.73, 3593.87, 3629.27, 3695.63, 3857.23, 4265.4, 4671.07]"
53400,2817.0246666666667,4386.8325248349811,2074.6284207886042,2576.6509999999998,2816.9300000000003,3035.8810000000003,"[1553.57, 1971.53, 2024.07, 2143.13, 2151.03, 2191.87, 2463.73, 2466.0, 2559.9, 2583.83, 2654.73, 2670.97, 2686.63, 2712.97, 2752.73, 2881.13, 2919.83, 2947.83, 2990.47, 3012.97, 3033.4, 3041.67, 3093.27, 3099.6, 3168.57, 3257.47, 3373.87, 3464.03, 4168.77, 4471.17]"
53700,2942.8413333333333,4582.7614607902169,2167.2874718662138,2639.6590000000001,2941.3299999999999,3181.1909999999998,"[1933.23, 2160.33, 2227.4, 2296.6, 2417.27, 2443.67, 2451.2, 2451.47, 2618.33, 2648.8, 2694.1, 2800.63, 2835.9, 2845.4, 2917.43, 2965.23, 3071.3, 3077.1, 3081.37, 3149.27, 3155.4, 3241.37, 3247.23, 3377.33, 3393.53, 3421.07, 3442.87, 3704.37, 3800.37, 4415.67]"
54000,2922.8996666666667,4551.7071526870996,2152.6012147971505,2633.049,2836.8150000000001,3049.8900000000003,"[2055.57, 2104.63, 2226.1, 2340.7, 2375.77, 2434.03, 2478.47, 2535.17, 2548.93, 2669.1, 2670.07, 2700.33, 2760.33, 2792.5, 2830.03, 2843.6, 2919.77, 2925.27, 2930.43, 3023.4, 3045.6, 3059.9, 3071.73, 3124.43, 3388.3, 3445.33, 3601.9, 3842.27, 4377.2, 4566.13]"
54300,2949.6080000000002,4593.2989025702973,2172.2708570480272,2541.7999999999997,2842.1999999999998,3215.9899999999998,"[1881.07, 1962.33, 2378.47, 2408.5, 2445.67, 2451.2, 2453.03, 2454.6, 2519.47, 2551.37, 2604.77, 2703.5, 2706.77, 2790.97, 2837.3, 2847.1, 2950.87, 2990.33, 3060.43, 3134.97, 3185.33, 3287.53, 3299.53, 3379.13, 3460.13, 3484.6, 3770.93, 3815.87, 4022.9, 4649.57]"
54600,2844.7213333333334,4429.9633641210339,2095.0259318603717,2502.0320000000002,2749.0,3092.0010000000002,"[2008.2, 2055.43, 2127.4, 2193.7, 2311.0, 2377.23, 2378.67, 2428.4, 2492.47, 2506.13, 2631.3, 2632.97, 2662.77, 2708.3, 2741.23, 2756.77, 2848.77, 2905.4, 2937.87, 3051.23, 3091.8, 3092.47, 3190.73, 3329.6, 3411.47, 3433.2, 3434.33, 3672.43, 3890.17, 4040.2]"
54900,3082.9916666666668,4801.0116053161555,2270.5027074858513,2648.3109999999997,3019.7199999999998,3335.002,"[2119.4, 2128.4, 2327.1, 2361.97, 2465.13, 2523.43, 2564.83, 2584.1, 2621.97, 2659.6, 2722.17, 2772.3, 2847.6, 2877.47, 2944.47, 3094.97, 3101.7, 3143.17, 3216.97, 3276.4, 3326.83, 3354.07, 3356.7, 3623.57, 3683.13, 4021.47, 4115.03, 4159.23, 4176.4, 4320.17]"
55200,2992.8276666666666,4660.603048568496,2204.1004501164384,2732.0299999999997,3067.4349999999999,3238.752,"[2002.77, 2062.53, 2152.63, 2207.23, 2429.3, 2516.83, 2628.7, 2672.77, 2724.47, 2735.27, 2849.63, 2863.57, 2885.17, 2973.3, 3053.67, 3081.2, 3108.27, 3142.67, 3155.57, 3173.9, 3198.33, 3333.07, 3349.97, 3431.7, 3446.57, 3521.57, 3558.9, 3605.87, 3751.5, 4167.9]"
55500,2921.2513333333332,4549.1402733963359,2151.3872818058171,2595.5309999999999,2809.4000000000001,3117.8419999999996,"[2139.27, 2148.33, 2207.97, 2242.53, 2276.87, 2495.13, 2520.7, 2537.03, 2540.77, 2619.0, 2621.8, 2707.47, 2735.57, 2792.1, 2799.0, 2819.8, 2860.53, 2895.8, 2983.6, 3014.97, 3116.93, 3119.97, 3242.53, 3257.97, 3401.23, 3624.07, 3718.9, 3834.87, 4077.0, 4285.83]"
55800,2851.2126666666668,4440.0720410286831,2099.8065448175457,2505.4520000000002,2784.085,3102.3310000000001,"[1996.83, 2180.43, 2238.0, 2254.2, 2365.77, 2378.23, 2473.87, 2480.17, 2487.77, 2513.03, 2530.87, 2640.6, 2712.37, 2781.23, 2783.67, 2784.5, 2812.63, 2825.4, 2834.77, 2898.43, 3064.9, 3189.67, 3263.4, 3304.2, 3359.57, 3371.07, 3507.23, 3609.33, 3749.97, 4144.27]"
56100,2777.1066666666666,4324.669923705339,2045.2303760071813,2529.1280000000002,2844.335,3022.3890000000001,"[1721.03, 2050.63, 2151.9, 2337.93, 2343.3, 2370.73, 2378.1, 2469.0, 2519.93, 2533.07, 2537.87, 2568.9, 2621.17, 2707.1, 2774.1, 2914.57, 2948.07, 2965.07, 2988.27, 2989.87, 3015.57, 3038.3, 3103.43, 3121.4, 3190.4, 3199.4, 3333.53, 3406.63, 3449.03, 3564.9]"
56400,2895.5583333333334,4509.1296588659516,2132.4653928191674,2542.4700000000003,2769.4699999999998,3165.951,"[2148.3, 2182.97, 2268.53, 2293.63, 2302.47, 2369.57, 2376.53, 2391.73, 2512.3, 2555.4, 2593.37, 2611.83, 2652.33, 2654.9, 2680.47, 2858.47, 2901.3, 2913.67, 2966.43, 3146.1, 3162.03, 3175.1, 3240.8, 3251.0, 3382.03, 3396.13, 3597.03, 3653.1, 4211.13, 4418.1]"
56700,2849.2070000000003,4436.9487017582042,2098.3294498107002,2513.9290000000001,2825.8649999999998,3055.0689999999995,"[2026.77, 2232.87, 2258.1, 2295.07, 2297.6, 2347.5, 2381.3, 2424.93, 2432.33, 2548.9, 2580.6, 2636.73, 2759.13, 2765.57, 2810.8, 2840.93, 2848.37, 2970.1, 2975.3, 3010.33, 3047.77, 3072.1, 3246.57, 3263.47, 3349.6, 3463.23, 3528.03, 3651.47, 3692.07, 3718.67]"
57000,2796.1423333333337,4354.3133565986918,2059.2493995331829,2509.6199999999999,2736.8199999999997,2968.7609999999995,"[2177.97, 2192.57, 2214.43, 2254.5, 2311.53, 2325.63, 2326.93, 2437.93, 2444.03, 2537.73, 2574.7, 2581.07, 2680.83, 2684.53, 2726.67, 2746.97, 2753.63, 2757.93, 2874.93, 2920.57, 2964.93, 2977.7, 2985.23, 3008.7, 3307.7, 3350.03, 3644.87, 3685.23, 3708.43, 3726.37]"
57300,2884.8303333333333,4492.4234014152071,2124.564640666877,2614.9499999999998,2816.48,3125.7099999999996,"[1626.5, 1643.13, 2235.07, 2246.4, 2251.7, 2458.03, 2474.1, 2517.53, 2593.6, 2624.1, 2630.93, 2662.03, 2703.5, 2721.5, 2803.83, 2829.13, 2843.8, 2859.07, 2888.23, 3104.33, 3122.2, 3133.9, 3196.63, 3332.03, 3358.87, 3677.57, 3724.2, 3836.87, 4032.4, 4413.73]"
57600,2828.4686666666666,4404.6537785883665,2083.0564789197383,2683.4380000000001,2931.75,3059.7599999999998,"[1987.47, 2010.0, 2030.03, 2041.77, 2134.37, 2401.53, 2522.67, 2649.33, 2662.13, 2692.57, 2707.67, 2731.87, 2899.33, 2906.2, 2930.17, 2933.33, 2963.33, 2974.43, 3007.13, 3029.9, 3048.6, 3085.8, 3113.83, 3235.0, 3241.6, 3248.7, 3276.43, 3308.8, 3477.2, 3602.87]"
57900,3175.1966666666663,4944.5985244293024,2338.4080814793147,2894.9200000000001,3179.1300000000001,3393.2889999999998,"[2259.17, 2309.4, 2366.03, 2391.97, 2403.13, 2438.93, 2510.53, 2739.5, 2842.77, 2917.27, 2937.13, 3015.5, 3054.0, 3155.1, 3175.23, 3183.03, 3187.33, 3220.53, 3268.37, 3313.87, 3340.87, 3515.6, 3561.57, 3699.17, 3773.23, 3780.67, 3860.67, 3863.77, 4299.53, 4872.03]"
58200,3012.2653333333333,4690.8724989390294,2218.415530909891,2694.7420000000002,3025.8299999999999,3281.4299999999994,"[2058.4, 2079.4, 2144.27, 2236.6, 2276.43, 2311.93, 2431.2, 2642.27, 2647.17, 2715.13, 2879.83, 2914.37, 2921.1, 2959.43, 3015.33, 3036.33, 3051.87, 3175.53, 3189.73, 3207.27, 3229.77, 3401.97, 3467.13, 3505.37, 3507.17, 3684.87, 3741.03, 3763.43, 3918.1, 4255.53]"
58500,2914.8003333333331,4539.0944058707255,2146.6363727701701,2744.2979999999998,2846.48,3096.6599999999999,"[1738.6, 2161.73, 2211.07, 2234.1, 2407.8, 2554.73, 2565.17, 2600.83, 2742.73, 2744.97, 2745.93, 2746.13, 2759.1, 2762.97, 2798.03, 2894.93, 2954.9, 3037.33, 3058.03, 3068.2, 3091.8, 3108.0, 3157.37, 3316.3, 3354.6, 3392.2, 3411.23, 3906.73, 3953.83, 3964.67]"
58800,3063.1083333333331,4770.0481372283821,2255.8594106338719,2802.4110000000001,3054.6350000000002,3287.098,"[2176.87, 2333.4, 2401.3, 2430.57, 2524.07, 2546.7, 2715.07, 2735.1, 2757.17, 2821.8, 2840.5, 2939.53, 2988.03, 3022.27, 3024.4, 3084.87, 3085.0, 3119.9, 3131.5, 3149.07, 3270.97, 3324.73, 3439.87, 3496.5, 3522.83, 3532.57, 3551.2, 3778.73, 3810.03, 4338.7]"
59100,2784.5330000000004,4336.2346362875278,2050.6995798724834,2572.4610000000002,2766.6999999999998,2995.7099999999996,"[1793.4, 1946.6, 2324.8, 2325.77, 2363.9, 2420.03, 2460.6, 2485.13, 2488.3, 2608.53, 2655.13, 2662.17, 2698.2, 2699.3, 2746.4, 2787.0, 2804.3, 2819.2, 2827.03, 2876.4, 2961.93, 3074.53, 3079.73, 3083.87, 3205.0, 3270.2, 3416.37, 3502.57, 3517.73, 3631.87]"
59400,2908.5313333333334,4529.3319591929921,2142.0194996118271,2593.4009999999998,2753.165,3128.1109999999994,"[1916.67, 2182.3, 2247.27, 2322.57, 2335.3, 2377.73, 2494.23, 2499.07, 2499.3, 2633.73, 2657.07, 2683.37, 2699.57, 2707.63, 2733.13, 2773.2, 2841.77, 2860.23, 3009.07, 3042.27, 3061.73, 3283.0, 3366.33, 3411.3, 3475.17, 3511.63, 3658.67, 3770.43, 3794.93, 4407.27]"
59700,3129.2049999999999,4872.9776609018854,2304.5370188950437,2971.3709999999996,3139.6500000000001,3317.75,"[2319.9, 2474.9, 2493.77, 2592.73, 2676.2, 2771.33, 2835.43, 2869.47, 2902.4, 3000.93, 3030.03, 3048.5, 3051.83, 3071.5, 3110.77, 3168.53, 3186.53, 3201.4, 3260.33, 3275.33, 3315.2, 3323.7, 3348.67, 3376.2, 3422.97, 3439.2, 3697.17, 3742.2, 3834.7, 4034.33]"
60000,2820.1799999999998,4391.74619103647,2076.9522003024485,2457.4679999999998,2816.5,3065.3899999999999,"[1880.13, 2060.6, 2078.8, 2111.9, 2303.03, 2340.3, 2350.07, 2377.07, 2404.73, 2480.07, 2541.27, 2629.57, 2696.5, 2713.0, 2812.23, 2820.77, 2948.03, 2962.47, 2976.23, 2995.77, 3064.13, 3068.33, 3124.07, 3160.37, 3171.33, 3214.3, 3357.63, 3775.7, 3835.67, 4351.33]"
60300,2792.674,4348.9122688291482,2056.6951077688095,2511.049,2780.6850000000004,2971.6989999999996,"[1822.1, 1875.13, 2220.23, 2232.13, 2244.07, 2316.17, 2370.6, 2429.97, 2430.43, 2545.6, 2581.3, 2645.73, 2717.13, 2752.2, 2778.57, 2782.8, 2787.23, 2824.17, 2874.07, 2879.33, 2910.4, 3114.73, 3140.5, 3174.73, 3205.3, 3340.9, 3479.97, 3535.23, 3772.5, 3997.0]"
60600,2966.8283333333334,4620.1153941860975,2184.9529586183558,2664.2579999999998,2867.1149999999998,3397.9119999999998,"[1904.3, 2072.2, 2077.9, 2240.23, 2362.67, 2475.53, 2514.17, 2603.03, 2650.93, 2669.97, 2690.6, 2752.97, 2772.53, 2855.67, 2856.63, 2877.6, 2940.33, 3021.7, 3178.17, 3202.67, 3397.33, 3399.27, 3484.37, 3502.07, 3564.73, 3585.27, 3642.87, 3738.07, 3975.87, 3995.2]"
60900,3002.4753333333333,4675.6269489350407,2211.2055790483219,2635.511,2937.1350000000002,3372.9809999999998,"[2314.27, 2340.33, 2386.17, 2389.7, 2413.17, 2532.9, 2562.27, 2566.3, 2579.07, 2659.7, 2762.6, 2762.7, 2793.43, 2827.13, 2928.27, 2946.0, 3061.73, 3102.33, 3191.77, 3220.13, 3361.23, 3400.4, 3404.43, 3404.63, 3422.23, 3448.17, 3661.8, 3748.07, 3808.5, 4074.83]"
61200,2895.529,4509.0839793153773,2132.443789967147,2629.2820000000002,2763.2349999999997,3216.6199999999999,"[1764.13, 1914.43, 2005.8, 2261.47, 2288.73, 2312.9, 2497.9, 2544.83, 2584.37, 2648.53, 2658.8, 2706.9, 2724.97, 2732.73, 2737.0, 2789.47, 2895.13, 2951.57, 2988.6, 3167.53, 3212.27, 3226.77, 3348.87, 3420.27, 3475.3, 3507.03, 3603.43, 3723.17, 3865.4, 4307.57]"
61500,2831.7353333333331,4409.7408194477148,2085.4622510764757,2496.8499999999999,2650.1000000000004,3089.3600000000006,"[1316.27, 2102.23, 2184.77, 2366.9, 2370.87, 2386.9, 2431.0, 2470.57, 2494.47, 2497.87, 2573.53, 2577.43, 2584.4, 2588.2, 2647.07, 2653.13, 2657.83, 2671.23, 2850.63, 3023.5, 3086.03, 3097.13, 3179.93, 3389.27, 3421.77, 3433.6, 3651.6, 3782.47, 4207.33, 4254.13]"
61800,2996.387666666667,4666.1468849335824,2206.722250793373,2779.9009999999998,2953.3499999999999,3264.2809999999995,"[1583.07, 2028.03, 2115.43, 2220.37, 2421.47, 2522.7, 2640.23, 2722.43, 2755.1, 2790.53, 2819.97, 2853.5, 2879.23, 2887.47, 2928.97, 2977.73, 3018.4, 3076.57, 3110.37, 3159.73, 3231.83, 3340.0, 3538.0, 3553.87, 3587.37, 3644.0, 3686.8, 3773.9, 3775.33, 4249.23]"
62100,2899.5319999999997,4515.3176807112877,2135.3918428069696,2476.1799999999998,2807.4849999999997,3240.8719999999998,"[2013.03, 2252.1, 2321.77, 2327.0, 2333.67, 2378.97, 2391.93, 2427.83, 2450.07, 2487.37, 2579.17, 2672.77, 2737.9, 2770.07, 2799.5, 2815.47, 2826.37, 3004.77, 3021.6, 3084.03, 3210.23, 3312.37, 3353.2, 3429.4, 3517.7, 3519.0, 3521.7, 3522.87, 3614.97, 4289.13]"
62400,2956.241,4603.6281909437866,2177.1558019609784,2692.5599999999995,3110.5150000000003,3329.6919999999996,"[1529.37, 1818.03, 2079.53, 2124.6, 2316.7, 2355.3, 2419.93, 2479.8, 2580.77, 2740.47, 2741.6, 2889.03, 2950.07, 2979.6, 3097.03, 3124.0, 3143.23, 3168.63, 3288.7, 3304.17, 3327.43, 3334.97, 3362.97, 3388.03, 3510.9, 3511.37, 3512.97, 3821.43, 3855.37, 3931.23]"
62700,3081.152333333333,4798.1472898608599,2269.1481104694349,2858.8179999999998,3110.6999999999998,3314.1679999999997,"[2120.43, 2154.47, 2195.57, 2303.87, 2626.93, 2722.37, 2792.1, 2812.37, 2841.43, 2866.27, 2919.3, 2938.57, 3041.53, 3079.73, 3100.47, 3120.93, 3147.2, 3150.03, 3212.4, 3291.33, 3303.47, 3339.13, 3354.13, 3391.2, 3471.17, 3503.9, 3521.2, 3948.93, 4066.77, 4097.37]"
63000,2799.835,4360.0637891129627,2061.9689040181147,2474.761,2858.23,3198.1489999999999,"[1730.43, 1870.83, 2153.37, 2223.0, 2241.43, 2271.47, 2295.97, 2329.63, 2418.6, 2498.83, 2682.57, 2704.83, 2708.93, 2751.77, 2855.33, 2861.13, 2918.93, 3007.23, 3055.37, 3102.9, 3196.4, 3202.23, 3243.87, 3263.27, 3300.4, 3335.6, 3337.5, 3358.2, 3453.33, 3621.7]"
63300,3005.6116666666667,4680.5110272458187,2213.5153658057443,2638.1199999999999,2853.5650000000001,3307.9190000000003,"[1837.73, 2282.53, 2307.3, 2331.53, 2344.37, 2401.47, 2534.5, 2617.83, 2629.23, 2641.93, 2676.47, 2717.07, 2826.13, 2851.9, 2852.23, 2854.9, 3033.07, 3049.3, 3227.5, 3265.97, 3302.3, 3321.03, 3348.13, 3591.63, 3595.17, 3714.23, 3834.4, 3846.6, 3972.17, 4359.73]"
63600,2840.6453333333334,4423.6159829344906,2092.0241173774548,2586.8199999999997,2938.8999999999996,3107.1199999999999,"[1897.53, 2049.0, 2056.23, 2210.57, 2359.57, 2406.0, 2440.87, 2537.27, 2557.0, 2599.6, 2632.13, 2712.33, 2764.03, 2868.97, 2921.7, 2956.1, 2976.83, 2994.43, 3015.3, 3059.5, 3094.07, 3137.57, 3153.9, 3203.97, 3319.93, 3358.23, 3361.97, 3363.73, 3380.5, 3830.53]"
63900,2919.0259999999998,4545.6748565823546,2149.7484108957783,2606.3179999999998,2882.5,3197.549,"[1948.67, 2060.93, 2097.5, 2310.23, 2413.27, 2451.0, 2451.07, 2549.23, 2562.33, 2625.17, 2641.8, 2707.87, 2730.33, 2749.13, 2825.83, 2939.17, 2948.03, 3087.33, 3135.33, 3178.33, 3179.3, 3240.13, 3285.77, 3443.63, 3499.97, 3524.6, 3542.53, 3545.7, 3934.67, 3961.93]"
64200,2964.9429999999998,4617.1794448901301,2183.5644844021813,2699.0999999999999,2926.7150000000001,3146.71,"[2109.53, 2277.4, 2461.6, 2526.43, 2536.9, 2634.43, 2651.8, 2676.33, 2679.57, 2707.47, 2720.6, 2771.43, 2905.63, 2909.47, 2924.83, 2928.6, 3100.43, 3102.87, 3112.4, 3123.87, 3138.73, 3165.33, 3285.97, 3321.97, 3338.13, 3475.9, 3483.6, 3567.13, 3643.07, 3666.87]"
64500,2902.7909999999997,4520.3927825971914,2137.7919687637477,2558.5110000000004,2857.6350000000002,3120.4999999999995,"[2076.83, 2411.8, 2420.7, 2454.6, 2473.1, 2510.63, 2533.2, 2538.67, 2548.9, 2562.63, 2640.1, 2677.97, 2687.27, 2815.93, 2831.27, 2884.0, 2953.63, 2999.87, 3053.7, 3096.83, 3102.5, 3162.5, 3236.87, 3247.8, 3374.57, 3425.83, 3560.3, 3564.93, 3576.17, 3660.63]"
64800,2962.1909999999998,4612.8938725090293,2181.5377441036076,2697.9690000000001,3003.6350000000002,3166.902,"[2223.87, 2240.9, 2307.33, 2359.97, 2441.7, 2538.7, 2572.17, 2620.83, 2654.8, 2716.47, 2722.37, 2908.17, 2961.5, 2978.33, 2978.6, 3028.67, 3072.77, 3083.9, 3092.9, 3099.1, 3155.13, 3194.37, 3283.27, 3341.3, 3360.57, 3454.6, 3491.43, 3542.17, 3590.27, 3849.57]"
65100,2689.8276666666666,4188.7540545737684,1980.9528082312956,2351.8299999999999,2594.1350000000002,2835.1189999999992,"[1952.7, 1990.03, 2065.37, 2092.37, 2110.9, 2183.57, 2244.9, 2288.4, 2310.53, 2369.53, 2371.27, 2460.63, 2483.0, 2527.1, 2565.7, 2622.57, 2699.8, 2724.37, 2755.3, 2769.97, 2781.47, 2960.3, 3129.73, 3178.83, 3225.47, 3360.63, 3385.53, 3472.4, 3634.53, 3977.93]"
65400,2827.7213333333334,4403.4899882203399,2082.506097167146,2363.52,2656.4849999999997,3183.3299999999999,"[1865.3, 2146.57, 2165.93, 2250.4, 2251.5, 2268.6, 2329.9, 2344.5, 2352.53, 2368.23, 2438.33, 2456.57, 2461.67, 2544.17, 2598.27, 2714.7, 2923.3, 2937.7, 2999.77, 3024.3, 3147.03, 3268.03, 3334.77, 3376.6, 3401.77, 3478.03, 3542.37, 3733.2, 3743.97, 4363.63]"
65700,2999.8986666666669,4671.6144156857799,2209.3079648879566,2573.8990000000003,2886.4000000000001,3267.3690000000001,"[1752.9, 2098.33, 2177.03, 2223.7, 2275.23, 2317.57, 2452.93, 2486.43, 2537.73, 2589.4, 2631.97, 2738.9, 2781.8, 2867.3, 2878.5, 2894.3, 3029.17, 3098.63, 3199.7, 3212.07, 3265.5, 3271.73, 3431.93, 3513.37, 3539.97, 3630.2, 3937.83, 4101.77, 4225.1, 4835.97]"
66000,2793.4623333333334,4350.1399067508173,2057.2756844168389,2570.1779999999999,2710.52,3025.9499999999998,"[1994.47, 2152.8, 2210.77, 2249.0, 2309.27, 2346.17, 2354.87, 2515.6, 2560.63, 2574.27, 2583.47, 2609.67, 2628.83, 2635.33, 2672.27, 2748.77, 2783.43, 2850.63, 2892.77, 2972.17, 2998.17, 3090.77, 3123.07, 3162.27, 3239.37, 3295.7, 3299.57, 3613.5, 3633.93, 3702.33]"
66300,2928.0710000000004,4559.7602498189299,2156.4096994134388,2592.5610000000001,2895.5500000000002,3045.4900000000002,"[1760.67, 2027.6, 2085.87, 2202.37, 2284.13, 2294.93, 2470.57, 2542.53, 2546.27, 2612.4, 2692.0, 2782.77, 2816.4, 2858.17, 2891.93, 2899.17, 2902.23, 2929.47, 2932.07, 2942.33, 3033.13, 3074.33, 3328.0, 3655.6, 3672.73, 3680.2, 3820.43, 3833.13, 3833.27, 4437.43]"
66600,2897.8450000000003,4512.6905874674958,2134.1494333288833,2454.431,2866.0349999999999,3120.422,"[1571.77, 1691.9, 1849.23, 1864.93, 2053.63, 2290.9, 2396.63, 2427.33, 2432.5, 2463.83, 2464.53, 2798.97, 2821.57, 2834.8, 2850.57, 2881.5, 2907.1, 2972.9, 2972.97, 2976.6, 3104.63, 3157.27, 3203.83, 3325.63, 3549.87, 3625.83, 3718.37, 4301.73, 4585.3, 4838.73]"
66900,2892.0466666666666,4503.6610899421512,2129.8791877506742,2729.4809999999998,2914.0,3255.9489999999996,"[2003.4, 2137.2, 2256.93, 2270.93, 2300.9, 2326.77, 2353.9, 2399.43, 2702.37, 2741.1, 2751.07, 2802.73, 2811.93, 2817.5, 2824.2, 3003.8, 3011.93, 3069.23, 3085.67, 3187.5, 3249.97, 3269.9, 3288.17, 3301.77, 3303.6, 3406.83, 3410.57, 3506.6, 3574.93, 3590.57]"
67200,2775.0153333333337,4321.4131793837523,2043.6901908529603,2456.3289999999997,2682.6149999999998,3067.4380000000001,"[1907.37, 2065.8, 2127.33, 2157.5, 2161.0, 2172.07, 2237.1, 2375.0, 2390.13, 2484.7, 2517.43, 2528.97, 2610.0, 2631.3, 2631.93, 2733.3, 2789.67, 2818.73, 2905.43, 2974.17, 3054.67, 3097.23, 3107.17, 3272.2, 3360.73, 3500.4, 3570.3, 3628.07, 3660.73, 3780.03]"
67500,3110.7473333333332,4844.234322789157,2290.9436697486126,2757.3509999999997,3017.6149999999998,3372.7910000000002,"[2287.17, 2328.43, 2377.07, 2491.1, 2491.67, 2493.43, 2545.27, 2603.27, 2605.57, 2822.4, 2839.67, 2885.93, 2990.03, 2998.73, 3008.5, 3026.73, 3058.87, 3092.33, 3140.63, 3253.17, 3342.53, 3443.4, 3583.7, 3654.43, 3677.93, 3728.33, 3753.53, 4106.27, 4259.8, 4432.53]"
67800,2919.3299999999999,4546.1482628337553,2149.9722949985276,2650.962,3001.665,3146.902,"[2121.17, 2343.77, 2423.27, 2474.93, 2490.4, 2542.27, 2578.2, 2589.8, 2596.67, 2674.23, 2748.83, 2800.63, 2833.7, 2901.17, 2984.7, 3018.63, 3026.13, 3032.77, 3108.2, 3116.73, 3134.53, 3175.77, 3177.43, 3284.77, 3295.53, 3305.57, 3348.5, 3405.37, 3508.0, 3538.23]"
68100,2983.2820000000002,4645.7379884573556,2197.0704401927146,2790.5819999999999,2918.1300000000001,3192.5900000000001,"[2174.3, 2271.5, 2273.7, 2347.57, 2444.57, 2608.33, 2685.83, 2693.27, 2709.97, 2825.13, 2830.9, 2864.07, 2884.07, 2898.3, 2910.63, 2925.63, 2969.33, 2971.63, 3048.33, 3093.27, 3182.33, 3216.53, 3243.83, 3246.0, 3283.97, 3425.77, 3476.67, 3503.13, 3667.47, 4822.43]"
68400,2948.4253333333331,4591.4571861448921,2171.3998693325061,2641.828,2852.915,3136.3699999999999,"[1857.97, 2234.4, 2339.97, 2358.4, 2408.6, 2464.37, 2519.07, 2569.27, 2601.13, 2659.27, 2681.53, 2744.57, 2745.0, 2797.27, 2849.33, 2856.5, 2904.67, 2927.1, 2928.87, 2937.17, 3104.0, 3211.9, 3227.0, 3234.4, 3340.77, 3393.97, 3593.63, 3890.0, 4221.2, 4851.43]"
68700,2717.8016666666667,4232.3167732470638,2001.5545644494309,2429.3090000000002,2720.73,2955.4079999999999,"[1892.73, 2163.93, 2177.17, 2181.63, 2221.43, 2248.17, 2318.03, 2329.83, 2390.2, 2446.07, 2472.8, 2521.4, 2581.07, 2646.5, 2718.73, 2722.73, 2798.4, 2822.1, 2920.53, 2920.73, 2954.67, 2957.13, 2963.23, 3017.93, 3083.17, 3152.27, 3158.27, 3404.8, 3459.77, 3888.63]"
69000,2870.8340000000003,4470.627507676104,2114.2568889230761,2562.1599999999999,3003.3699999999999,3083.0999999999995,"[2083.63, 2109.8, 2113.23, 2219.47, 2400.9, 2417.07, 2521.7, 2532.17, 2554.6, 2565.4, 2682.87, 2710.93, 2776.33, 2954.93, 2994.37, 3012.37, 3018.2, 3030.33, 3042.73, 3059.03, 3059.4, 3138.4, 3174.8, 3186.83, 3202.37, 3296.63, 3381.17, 3488.03, 3566.6, 3830.73]"
69300,2915.5903333333331,4540.3246392214041,2147.2181768529726,2684.0799999999999,2883.3499999999999,3069.5190000000002,"[1850.07, 2131.27, 2190.47, 2321.93, 2431.47, 2547.5, 2558.4, 2566.2, 2676.17, 2687.47, 2728.5, 2739.8, 2742.33, 2808.27, 2877.7, 2889.0, 2938.23, 2974.03, 2994.0, 3006.0, 3052.17, 3110.0, 3153.7, 3154.43, 3252.37, 3540.67, 3569.93, 3806.23, 4082.57, 4086.83]"
69600,3042.1113333333333,4737.3504034762127,2240.3959418660097,2739.0689999999995,3029.3699999999999,3360.6310000000003,"[1811.63, 1859.77, 1873.67, 2138.8, 2376.07, 2473.0, 2620.77, 2699.57, 2718.93, 2747.7, 2800.63, 2844.57, 2982.27, 3002.93, 3017.47, 3041.27, 3127.23, 3172.83, 3212.63, 3283.17, 3358.33, 3366.0, 3437.03, 3486.87, 3592.77, 3823.7, 3961.93, 4066.1, 4149.97, 4215.73]"
69900,2873.5023333333334,4474.7827895209093,2116.2220119960029,2612.6489999999999,2760.9499999999998,2924.4410000000003,"[2178.1, 2333.23, 2445.17, 2449.13, 2509.8, 2520.67, 2534.8, 2581.7, 2581.8, 2625.87, 2632.47, 2635.1, 2660.0, 2679.57, 2729.07, 2792.83, 2845.07, 2882.1, 2891.03, 2896.6, 2910.53, 2956.9, 3081.23, 3235.33, 3302.8, 3513.3, 3544.47, 3555.0, 3665.2, 4036.2]"
70200,3046.4103333333333,4744.0450530642765,2243.5619871216672,2714.8299999999999,3022.4350000000004,3280.009,"[2122.43, 2215.0, 2295.7, 2342.77, 2421.4, 2633.03, 2645.97, 2664.9, 2710.7, 2716.6, 2779.43, 2786.87, 2883.13, 2937.17, 2956.07, 3088.8, 3104.97, 3109.3, 3148.0, 3212.17, 3261.37, 3323.5, 3324.63, 3410.2, 3561.37, 3707.13, 3740.23, 3800.7, 4033.07, 4455.7]"
70500,2847.5663333333337,4434.3937614408851,2097.1211630193266,2441.8679999999999,2854.2849999999999,3265.4180000000001,"[1763.27, 2113.2, 2197.2, 2283.13, 2342.77, 2347.3, 2384.87, 2385.8, 2393.33, 2462.67, 2564.53, 2586.23, 2621.2, 2661.7, 2783.57, 2925.0, 2925.1, 3057.13, 3148.23, 3186.13, 3248.57, 3304.73, 3309.5, 3368.53, 3435.77, 3474.53, 3490.33, 3503.63, 3549.57, 3609.47]"
70800,2949.4176666666667,4593.0025045773709,2172.1306839968543,2664.5919999999996,2930.3000000000002,3223.9299999999998,"[2063.73, 2199.87, 2200.9, 2340.07, 2441.77, 2447.33, 2468.63, 2562.4, 2657.97, 2667.43, 2746.1, 2817.37, 2886.43, 2900.63, 2909.8, 2950.8, 2996.17, 3079.03, 3082.97, 3197.1, 3201.4, 3276.5, 3336.57, 3391.4, 3405.6, 3421.43, 3432.63, 3487.4, 3900.03, 4013.07]"
71100,2945.4386666666669,4586.8061773592026,2169.2003062177751,2697.2820000000002,2987.4650000000001,3164.299,"[1880.27, 2100.27, 2145.8, 2199.57, 2208.77, 2411.57, 2494.37, 2541.53, 2692.27, 2699.43, 2770.0, 2779.77, 2830.17, 2843.07, 2952.63, 3022.3, 3027.43, 3056.87, 3062.57, 3109.27, 3163.6, 3165.93, 3249.4, 3287.43, 3345.0, 3640.07, 3696.23, 3936.6, 3968.77, 4082.2]"
71400,2978.4789999999998,4638.258481136706,2193.533218661446,2691.8800000000001,2793.2200000000003,2995.0209999999997,"[2204.07, 2407.4, 2479.8, 2504.03, 2505.83, 2535.6, 2536.07, 2576.77, 2680.33, 2696.83, 2699.1, 2712.47, 2726.43, 2730.5, 2758.27, 2828.17, 2831.0, 2843.6, 2923.43, 2940.47, 2956.6, 3084.67, 3126.37, 3138.1, 3345.4, 3762.93, 3854.43, 3922.6, 3947.77, 5095.33]"
71700,2738.6153333333336,4264.7290098081485,2016.8830153921706,2341.8400000000001,2640.5150000000003,2818.4809999999998,"[1914.63, 1951.83, 2040.4, 2194.57, 2240.87, 2290.33, 2300.6, 2320.03, 2334.7, 2344.9, 2438.67, 2493.67, 2534.93, 2565.13, 2612.13, 2668.9, 2736.33, 2770.67, 2796.17, 2798.3, 2805.53, 2848.7, 2986.7, 3245.67, 3308.4, 3320.7, 3331.2, 3465.73, 4076.6, 4421.47]"
72000,2853.5266666666666,4443.6755346659893,2101.5107152575529,2596.0509999999999,2792.2150000000001,3084.6800000000003,"[1390.83, 2135.53, 2187.17, 2207.03, 2233.57, 2390.27, 2447.07, 2524.77, 2592.67, 2597.5, 2599.07, 2614.7, 2644.33, 2775.73, 2788.2, 2796.23, 2798.47, 2938.73, 2968.37, 3037.67, 3080.57, 3094.27, 3135.73, 3198.43, 3371.2, 3445.43, 3457.37, 3760.03, 4015.63, 4379.23]"
72300,2941.1430000000005,4580.1167186291595,2166.0367158316658,2700.4789999999998,2953.4000000000001,3229.8389999999995,"[2014.63, 2084.17, 2179.23, 2192.93, 2254.7, 2325.3, 2548.4, 2650.8, 2694.9, 2702.87, 2725.53, 2769.17, 2870.8, 2900.0, 2901.27, 3005.53, 3017.57, 3020.43, 3038.37, 3169.2, 3205.2, 3287.33, 3307.6, 3386.5, 3390.73, 3438.63, 3587.07, 3594.8, 3699.83, 4270.8]"
72600,2836.2303333333334,4416.74069148734,2088.7726426615377,2564.6700000000001,2809.1199999999999,3052.0599999999995,"[1568.4, 2204.6, 2275.13, 2373.77, 2453.9, 2473.7, 2487.8, 2527.03, 2536.67, 2576.67, 2605.33, 2631.87, 2704.57, 2756.53, 2779.27, 2838.97, 2869.4, 2879.17, 2958.07, 3027.2, 3030.7, 3101.9, 3166.7, 3227.77, 3258.0, 3454.93, 3527.7, 3549.4, 3558.33, 3683.43]"
72900,2869.489,4468.5329964651373,2113.2663490605828,2588.8179999999998,2803.415,3114.4389999999999,"[2178.1, 2283.3, 2307.27, 2333.57, 2389.9, 2436.97, 2450.8, 2524.27, 2530.13, 2613.97, 2648.2, 2672.4, 2725.53, 2759.97, 2793.33, 2813.5, 2919.33, 3045.13, 3056.07, 3088.97, 3108.7, 3127.83, 3134.93, 3208.8, 3240.0, 3286.43, 3381.67, 3391.27, 3670.33, 3964.0]"
73200,2963.373,4614.7345507628306,2182.4082408452186,2702.29,2808.9700000000003,3048.5479999999998,"[2081.43, 2230.1, 2350.47, 2493.47, 2506.0, 2590.97, 2666.6, 2681.73, 2700.4, 2703.1, 2719.8, 2746.7, 2746.77, 2782.6, 2804.87, 2813.07, 2815.13, 2815.8, 2919.8, 2982.2, 3019.37, 3116.63, 3141.77, 3242.5, 3404.8, 3639.47, 3703.77, 3708.5, 4165.37, 4608.0]"
73500,2778.1929999999998,4326.3616243339729,2046.0304179927737,2450.1799999999998,2797.4349999999999,3080.4899999999998,"[1724.4, 1973.27, 2091.7, 2198.0, 2213.2, 2237.07, 2249.6, 2263.27, 2414.27, 2465.57, 2633.07, 2642.93, 2758.6, 2759.1, 2772.9, 2821.97, 2847.5, 2901.87, 2914.4, 2922.47, 3069.0, 3107.3, 3177.93, 3297.03, 3342.9, 3352.67, 3402.37, 3411.57, 3550.03, 3829.83]"
73800,2879.5559999999996,4484.2099067705658,2120.680300581565,2537.7889999999998,2733.1700000000001,3024.9019999999991,"[1748.63, 2039.23, 2259.1, 2342.37, 2356.17, 2376.57, 2395.5, 2479.2, 2492.73, 2557.1, 2591.23, 2601.2, 2637.23, 2662.63, 2713.07, 2753.27, 2755.7, 2761.3, 2802.53, 2902.63, 2971.13, 3150.37, 3366.53, 3399.9, 3492.2, 3495.33, 3568.77, 3569.83, 4551.03, 4594.2]"
74100,2899.1173333333336,4514.6719379736323,2135.0864570352373,2604.1210000000001,2861.0,3090.1619999999994,"[2008.47, 2219.43, 2348.07, 2365.17, 2493.2, 2498.83, 2507.67, 2532.87, 2583.87, 2612.8, 2660.93, 2672.8, 2755.6, 2778.63, 2836.6, 2885.4, 2917.77, 3025.77, 3041.3, 3051.27, 3083.43, 3105.87, 3106.07, 3196.3, 3213.0, 3340.57, 3376.4, 3658.73, 3790.57, 4306.13]"
74400,2972.5009999999997,4628.9491963640967,2189.1306556146164,2552.3910000000001,3027.7349999999997,3310.2709999999997,"[2072.87, 2121.1, 2280.2, 2371.67, 2380.23, 2493.43, 2513.47, 2514.13, 2541.17, 2557.2, 2597.13, 2632.73, 2832.67, 2862.63, 3017.6, 3037.87, 3186.83, 3215.87, 3233.13, 3283.73, 3295.13, 3345.6, 3357.37, 3358.87, 3467.13, 3467.33, 3682.83, 3717.47, 3833.87, 3903.77]"
74700,2945.6610000000001,4587.1524075891193,2169.3640460166062,2758.3720000000003,2941.5700000000002,3139.8099999999995,"[2210.43, 2236.97, 2412.73, 2442.23, 2551.53, 2589.4, 2676.83, 2712.6, 2740.27, 2766.13, 2773.9, 2799.67, 2838.1, 2899.9, 2933.57, 2949.57, 2966.57, 3032.37, 3053.93, 3056.57, 3107.5, 3215.2, 3235.2, 3238.23, 3251.1, 3262.53, 3376.37, 3531.5, 3664.5, 3844.43]"
75000,2837.4369999999999,4418.6197820904872,2089.6613054378017,2581.9979999999996,2908.0,3103.27,"[1742.2, 1986.17, 2083.9, 2122.1, 2206.87, 2391.93, 2453.8, 2512.53, 2569.23, 2587.47, 2587.87, 2792.4, 2795.83, 2880.23, 2901.07, 2914.93, 2977.57, 3025.87, 3035.17, 3090.1, 3096.13, 3119.93, 3191.9, 3217.67, 3274.53, 3345.8, 3372.87, 3470.97, 3687.87, 3688.2]"
75300,2913.0526666666669,4536.3728390109736,2145.3492846663157,2624.7089999999998,2889.3499999999999,3237.3199999999997,"[1933.63, 2085.57, 2208.47, 2382.07, 2412.43, 2453.2, 2483.03, 2590.2, 2618.43, 2627.4, 2682.73, 2707.63, 2722.43, 2847.2, 2888.33, 2890.37, 2952.9, 3167.67, 3175.23, 3216.87, 3228.83, 3257.13, 3289.03, 3342.73, 3342.87, 3420.9, 3452.63, 3497.13, 3587.97, 3926.57]"
75600,2949.5610000000001,4593.2257114722197,2172.236243387405,2764.9290000000001,2937.4849999999997,3163.201,"[1720.0, 2024.67, 2132.37, 2298.3, 2351.37, 2583.63, 2619.7, 2625.0, 2725.33, 2781.9, 2857.47, 2875.0, 2879.07, 2882.43, 2937.27, 2937.7, 2996.5, 3013.23, 3013.63, 3073.1, 3160.03, 3170.6, 3185.03, 3312.07, 3339.33, 3458.87, 3713.9, 3816.7, 3990.7, 4011.93]"
75900,2870.9080000000004,4470.7427447241434,2114.3113870270354,2453.3310000000001,2863.2849999999999,3070.2389999999996,"[1628.43, 1885.8, 2098.93, 2112.8, 2216.37, 2338.93, 2343.3, 2408.27, 2409.77, 2472.0, 2583.5, 2661.5, 2726.3, 2793.53, 2854.67, 2871.9, 2876.27, 2891.0, 2934.57, 3029.37, 3040.8, 3138.93, 3241.57, 3455.93, 3539.43, 3701.67, 3831.9, 3860.33, 4018.47, 4161.0]"
76200,2827.0990000000002,4402.5208550280531,2082.0477730225916,2550.2609999999995,2723.1999999999998,2943.328,"[2008.8, 2099.07, 2116.1, 2348.1, 2389.43, 2404.57, 2421.57, 2461.53, 2475.2, 2582.43, 2647.1, 2676.67, 2676.73, 2718.77, 2722.03, 2724.37, 2771.9, 2884.83, 2900.3, 2913.27, 2934.07, 2964.93, 3180.43, 3291.27, 3291.87, 3446.43, 3470.67, 3631.7, 3800.33, 3858.5]"
76500,2937.8866666666668,4575.0457694296701,2163.6385537705255,2692.6979999999999,2989.75,3200.96,"[1787.57, 1948.8, 2370.23, 2376.97, 2385.8, 2530.83, 2629.0, 2656.1, 2663.83, 2705.07, 2728.5, 2733.93, 2751.43, 2845.0, 2970.7, 3008.8, 3010.3, 3012.23, 3131.8, 3154.8, 3200.87, 3201.17, 3215.47, 3229.63, 3379.2, 3413.27, 3479.57, 3520.5, 3914.33, 4180.9]"
76800,2924.3249999999998,4553.9267635763417,2153.6509170157433,2639.6099999999997,2916.3149999999996,3237.6589999999997,"[1787.47, 1810.13, 1939.27, 2009.37, 2150.27, 2426.57, 2430.97, 2458.5, 2618.47, 2648.67, 2677.1, 2706.93, 2724.53, 2761.13, 2891.2, 2941.43, 2962.0, 2963.1, 3026.17, 3154.93, 3193.97, 3339.6, 3421.07, 3505.83, 3632.57, 3656.2, 3828.17, 3901.93, 3919.6, 4242.6]"
77100,2895.7923333333333,4509.4940570989374,2132.6377246614147,2577.1109999999999,2745.1800000000003,3028.8699999999994,"[2288.37, 2330.43, 2374.07, 2382.97, 2425.17, 2477.8, 2487.3, 2548.97, 2550.0, 2588.73, 2597.0, 2628.0, 2640.4, 2650.37, 2743.53, 2746.83, 2773.13, 2819.23, 2867.63, 2952.13, 3001.27, 3093.27, 3210.1, 3399.97, 3450.57, 3470.9, 3703.03, 3754.93, 3929.47, 3988.2]"
77400,3034.0899999999997,4724.8591227375009,2234.488543786445,2649.29,3033.2799999999997,3289.3000000000002,"[2047.5, 2130.53, 2236.93, 2247.07, 2255.3, 2255.5, 2419.5, 2475.9, 2591.47, 2674.07, 2678.03, 2711.5, 2912.6, 2932.43, 3032.93, 3033.63, 3055.83, 3152.07, 3247.9, 3270.97, 3278.53, 3314.43, 3375.13, 3532.33, 3764.43, 3902.4, 3984.03, 4028.5, 4228.53, 4252.73]"
77700,2919.6766666666667,4546.688112067809,2150.227601431488,2642.8699999999994,2960.1500000000001,3186.8099999999999,"[1803.9, 1936.8, 2025.0, 2275.9, 2288.87, 2327.37, 2384.2, 2489.9, 2504.97, 2701.97, 2706.37, 2774.23, 2818.03, 2844.03, 2928.9, 2991.4, 2994.87, 3057.8, 3062.13, 3168.67, 3169.5, 3227.2, 3319.8, 3391.33, 3408.8, 3639.23, 3652.2, 3816.13, 3818.0, 4062.8]"
78000,3051.7600000000002,4752.375861100164,2247.5018072587573,2729.5,3088.2649999999999,3290.3790000000004,"[2212.7, 2351.37, 2455.93, 2532.47, 2640.83, 2668.97, 2689.3, 2693.47, 2711.23, 2737.33, 2749.0, 2966.77, 2984.87, 3050.43, 3066.6, 3109.93, 3147.9, 3170.47, 3216.57, 3288.8, 3289.77, 3291.8, 3318.5, 3340.63, 3343.13, 3379.4, 3409.9, 3714.5, 3926.6, 4093.63]"
78300,2898.5306666666665,4513.7583469621568,2134.6543999948435,2716.6599999999999,2995.4000000000001,3201.6109999999999,"[1861.4, 1896.23, 2275.9, 2428.07, 2521.47, 2532.33, 2574.43, 2626.97, 2641.13, 2749.03, 2763.63, 2777.8, 2856.4, 2910.33, 2993.57, 2997.23, 3021.13, 3043.03, 3056.5, 3171.27, 3196.13, 3214.4, 3234.83, 3264.03, 3277.87, 3287.4, 3314.97, 3440.77, 3468.77, 3558.9]"
78600,2901.8506666666667,4518.9284415498223,2137.0994500643442,2631.761,2819.4000000000001,3033.8899999999999,"[1728.2, 2097.47, 2305.1, 2424.37, 2451.7, 2541.9, 2567.4, 2597.4, 2604.3, 2643.53, 2657.6, 2675.9, 2684.17, 2747.4, 2752.9, 2885.9, 2910.67, 2940.93, 2997.53, 3017.73, 3029.03, 3045.23, 3055.6, 3071.23, 3136.03, 3373.97, 3724.1, 3876.0, 3923.53, 4588.7]"
78900,2993.3110000000001,4661.3557229813596,2204.456406200854,2667.6010000000001,3033.335,3313.9610000000002,"[1578.9, 2035.4, 2171.97, 2375.27, 2545.63, 2551.2, 2557.1, 2575.37, 2625.3, 2685.73, 2876.27, 2920.9, 2923.27, 2988.7, 3025.9, 3040.77, 3070.03, 3103.37, 3174.93, 3273.27, 3300.8, 3344.67, 3348.37, 3363.83, 3489.07, 3497.07, 3713.8, 3758.7, 3831.27, 4052.47]"
79200,2969.3273333333336,4624.0069804434997,2186.7933743182602,2760.049,3032.4300000000003,3273.7789999999995,"[1859.93, 2005.47, 2033.73, 2119.5, 2463.63, 2475.03, 2608.13, 2641.87, 2720.1, 2777.17, 2786.23, 2879.13, 2956.07, 2975.07, 3031.73, 3033.13, 3051.3, 3078.3, 3143.6, 3179.3, 3244.07, 3343.1, 3371.63, 3401.5, 3408.07, 3529.43, 3591.7, 3633.93, 3818.27, 3919.7]"
79500,3012.9846666666663,4691.9926860996902,2218.9452917582826,2717.5820000000003,2928.585,3162.2719999999999,"[1975.77, 2220.4, 2230.33, 2379.13, 2448.67, 2455.0, 2666.33, 2698.13, 2698.57, 2725.73, 2749.97, 2797.43, 2819.0, 2877.37, 2911.67, 2945.5, 2948.3, 3045.27, 3056.17, 3062.23, 3151.43, 3187.57, 3304.23, 3432.57, 3477.43, 3505.8, 3740.97, 3905.1, 4393.07, 4580.4]"
79800,2853.9590000000003,4444.3487889511507,2101.8291118378888,2552.7489999999998,2870.6000000000004,3005.2920000000004,"[1698.03, 1892.87, 2222.0, 2282.43, 2296.93, 2403.13, 2404.03, 2462.07, 2504.4, 2573.47, 2581.13, 2609.4, 2735.7, 2848.1, 2862.9, 2878.3, 2929.03, 2937.1, 2942.83, 2975.67, 2985.03, 3052.57, 3113.73, 3200.4, 3247.63, 3405.2, 3610.33, 3754.8, 3840.23, 4369.33]"
