agents,meanScore,clow,chigh,Q1,Q2,Q3,means
100,1401.8853633333338,2183.0963643061605,1032.4337063403632,280.22320000000002,615.76649999999995,983.47409999999991,"[51.1333, 71.5333, 72.4333, 134.233, 138.167, 207.367, 215.367, 245.067, 259.667, 289.033, 375.9, 382.4, 413.667, 492.833, 587.933, 643.6, 870.933, 892.067, 917.867, 966.867, 974.433, 1004.57, 1057.47, 1503.83, 2334.93, 3015.13, 3588.57, 4109.9, 7587.03, 8652.63]"
200,7568.1646333333347,11785.580424504322,5573.6570670853798,3095.0900000000001,6594.9799999999996,9108.2609999999968,"[462.333, 515.333, 802.833, 1540.27, 1760.7, 1838.3, 2354.07, 2965.87, 3068.07, 3106.67, 4107.47, 4380.47, 4667.37, 5406.13, 6068.83, 7121.13, 7313.93, 7689.13, 8196.13, 8268.47, 8732.73, 9984.5, 10406.9, 11025.9, 11240.4, 12169.0, 16867.2, 19301.3, 19937.0, 25746.5]"
300,18773.714333333333,29235.505682269737,13826.105884186929,14161.259999999998,17790.300000000003,24227.039999999997,"[2119.03, 2861.3, 9941.63, 9970.77, 10531.9, 10612.8, 12117.7, 12496.0, 14155.8, 14163.6, 15751.9, 16019.2, 16145.1, 16644.8, 17778.9, 17801.7, 18726.7, 18914.3, 19392.5, 20549.5, 23931.3, 24917.1, 25114.2, 26430.7, 26434.9, 30723.2, 30800.7, 31352.1, 32754.8, 34057.3]"
400,22855.280000000002,35591.554044448247,16832.019262787682,19723.039999999997,22237.0,24166.039999999994,"[12254.4, 13044.2, 13548.0, 14867.6, 15850.8, 16566.5, 16869.8, 18569.1, 18908.8, 20072.0, 20907.5, 20963.3, 21277.5, 21372.4, 21627.2, 22846.8, 23051.4, 23074.1, 23262.7, 23382.6, 23717.6, 25212.4, 27195.0, 28514.4, 28558.6, 29895.4, 30285.4, 30553.1, 35830.0, 43579.8]"
500,26756.396666666667,41666.596864985302,19705.03901488502,23862.290000000001,26830.449999999997,30071.670000000002,"[17995.5, 19595.3, 19750.7, 20127.1, 20400.4, 20697.3, 20966.8, 20979.4, 23030.2, 24218.9, 25464.5, 25622.8, 25784.9, 26631.1, 26723.6, 26937.3, 27359.1, 27820.7, 27995.9, 28506.9, 30041.4, 30142.3, 30477.3, 31473.1, 31543.4, 31621.2, 32461.2, 34216.9, 36397.2, 37709.5]"
600,25999.249999999996,40487.524610948574,19147.430126344218,23254.540000000001,25437.75,27609.059999999998,"[16701.2, 18935.1, 19522.1, 19644.2, 20898.1, 22347.5, 22463.4, 22886.4, 23169.7, 23290.9, 23424.2, 24605.7, 24703.7, 25207.1, 25367.8, 25507.7, 26252.2, 26338.5, 26464.9, 27300.3, 27601.8, 27626.0, 28434.7, 28444.8, 29521.5, 30186.4, 32050.4, 33151.4, 37538.4, 40391.4]"
700,29871.766666666666,46518.029869676247,21999.387097722374,26863.400000000001,28778.800000000003,32978.490000000005,"[20027.1, 21668.9, 23700.1, 24030.6, 24899.3, 25355.8, 25887.8, 26117.8, 26418.2, 27054.2, 27766.6, 27853.3, 27906.9, 28708.4, 28715.2, 28842.4, 29378.7, 31335.0, 31623.4, 32796.5, 32964.3, 33011.6, 33073.9, 33957.7, 34414.2, 34815.7, 37215.5, 37866.8, 37921.4, 40825.7]"
800,29315.076666666671,45651.120244372876,21589.406699171093,26413.370000000003,28574.799999999999,31436.109999999997,"[18562.1, 20197.6, 20390.3, 23894.3, 24037.9, 24241.0, 24375.6, 25953.2, 26152.9, 26525.0, 26773.6, 26933.8, 27152.1, 27305.5, 27868.6, 29281.0, 29288.2, 29428.4, 29725.8, 30607.7, 31268.8, 31826.5, 32072.8, 33420.6, 33488.5, 35782.8, 38120.1, 38305.8, 42011.5, 44460.3]"
900,28987.953333333331,45141.705010889244,21348.493166369302,25417.579999999998,28075.199999999997,32002.950000000001,"[18179.3, 22169.4, 22707.9, 23396.0, 23593.2, 23937.6, 23979.9, 24293.5, 25277.3, 25477.7, 25830.4, 25838.3, 25857.4, 27331.8, 27773.6, 28376.8, 30165.1, 30390.5, 31157.1, 31854.1, 31924.5, 32186.0, 32334.5, 32622.1, 34659.8, 34811.6, 36182.8, 37636.2, 38139.5, 41554.7]"
1000,28884.883333333335,44981.198490060742,21272.586145085141,24899.120000000003,27960.349999999999,31577.049999999999,"[20346.6, 20806.2, 20966.8, 21210.1, 21646.2, 22898.6, 23957.4, 24552.2, 24871.4, 24911.0, 25154.3, 25335.0, 25662.1, 25806.0, 27431.2, 28489.5, 28505.1, 29713.5, 30108.0, 30630.7, 31551.7, 31636.2, 31879.2, 32341.9, 32550.9, 37060.9, 39480.3, 40438.8, 42906.8, 43697.9]"
1100,28022.683333333338,43638.531154673772,20637.609587879298,25481.830000000002,27843.349999999999,30073.889999999999,"[17760.8, 19154.6, 22479.1, 22958.0, 23398.0, 23678.8, 23824.3, 24856.0, 25194.9, 25604.8, 26283.6, 26695.7, 27271.1, 27393.3, 27520.8, 28165.9, 28432.1, 28457.1, 28996.3, 29288.9, 29959.8, 30340.1, 30888.4, 31407.4, 32132.2, 33395.8, 33960.8, 34243.0, 34898.0, 42040.9]"
1200,29319.333333333336,45657.748970064087,21592.541567583492,26921.120000000003,29154.599999999999,32976.090000000004,"[16857.7, 18709.3, 20095.1, 21144.1, 25302.1, 25956.8, 26170.6, 26296.5, 26868.9, 26943.5, 27054.7, 27640.5, 27782.9, 28610.3, 29050.1, 29259.1, 29861.1, 29981.0, 32579.7, 32840.3, 32973.3, 32982.6, 33115.8, 33806.5, 34220.5, 34386.8, 34657.4, 36343.7, 38113.3, 39975.8]"
1300,29648.699999999997,46170.657650994974,21835.107227590866,26963.419999999998,30265.5,34088.869999999995,"[19677.1, 20102.6, 20280.8, 21316.6, 21891.0, 22037.0, 22822.7, 24023.1, 26337.2, 27231.8, 27350.1, 27405.2, 28615.5, 29874.8, 30133.2, 30397.8, 30748.8, 31407.3, 32285.4, 32288.2, 33586.4, 35261.3, 35420.5, 35896.2, 35986.7, 36392.4, 36416.3, 36612.2, 37117.6, 40545.2]"
1400,29786.700000000001,46385.559173012378,21936.73882686529,25532.02,30610.5,31965.720000000001,"[20361.6, 22060.7, 22164.9, 22221.4, 23860.5, 24709.3, 24781.0, 25057.5, 25362.2, 25604.8, 25784.3, 26003.4, 27088.1, 28445.5, 30429.2, 30791.8, 30931.2, 31164.6, 31251.6, 31253.7, 31940.4, 32024.8, 32046.9, 32143.5, 32765.0, 33947.1, 40178.3, 40290.8, 43333.1, 45603.8]"
1500,28927.236666666668,45047.153532059616,21303.777717558103,24812.599999999999,29384.75,32751.5,"[19148.0, 20680.0, 21738.6, 23283.9, 23440.6, 23529.6, 23888.9, 23994.8, 24247.7, 25054.7, 25453.2, 25518.1, 25675.4, 26637.9, 29367.5, 29402.0, 29733.0, 30243.0, 31022.8, 31582.8, 32547.8, 33226.8, 33532.5, 33696.2, 34151.9, 35016.0, 35661.2, 37096.3, 39548.5, 39697.4]"
1600,29997.933333333334,46714.50384572355,22092.303910102491,27678.190000000002,30415.650000000001,33131.07,"[16388.2, 16505.2, 21816.2, 22215.0, 23800.8, 25027.0, 25509.1, 26020.1, 27603.5, 27710.2, 27765.9, 28107.3, 28845.7, 29368.9, 29931.4, 30899.9, 31211.7, 31782.7, 31890.0, 31932.0, 33049.5, 33321.4, 33882.8, 34407.3, 35076.4, 37576.9, 37837.0, 38132.6, 40891.8, 41431.5]"
1700,28968.41,45111.271010319484,21334.100266211186,26071.749999999996,28246.349999999999,30988.829999999994,"[13581.5, 17704.9, 20682.6, 21522.2, 22820.2, 24083.1, 24764.6, 25151.8, 25781.6, 26196.1, 26572.9, 27371.9, 27455.6, 27579.9, 27727.2, 28765.5, 29406.4, 29561.2, 29764.6, 30109.2, 30402.9, 32356.0, 33103.3, 33540.0, 34262.1, 34934.3, 36022.0, 37310.2, 40568.8, 49949.7]"
1800,29628.153333333332,46138.661202161267,21819.975411698899,26043.369999999999,30377.900000000001,33709.810000000005,"[16994.9, 20617.0, 22869.5, 23271.1, 23452.7, 23466.1, 24588.4, 24939.2, 25377.6, 26328.7, 28653.1, 28860.7, 29347.8, 29830.4, 30184.4, 30571.4, 31169.6, 31767.4, 32828.2, 33077.7, 33665.8, 33812.5, 34166.6, 34357.3, 34393.2, 34742.2, 35202.1, 35895.3, 36935.2, 37478.5]"
1900,30383.450000000001,47314.852529997042,22376.221847640736,25380.130000000001,30030.050000000003,33663.899999999994,"[18957.1, 21582.2, 21910.3, 22096.3, 23220.9, 23829.9, 24124.6, 24496.5, 24552.8, 25734.7, 25775.2, 26287.8, 28562.4, 28857.4, 29240.2, 30819.9, 31143.2, 31914.3, 31960.9, 32549.5, 33598.2, 33817.2, 36241.0, 37105.3, 38506.1, 38613.3, 38696.7, 39678.5, 40235.4, 47395.7]"
2000,28358.290000000001,44161.157121817632,20884.770763679953,24784.419999999998,27259.950000000001,30716.629999999997,"[20766.1, 20868.1, 22072.8, 22628.2, 22669.3, 23288.8, 23750.8, 24270.1, 24634.9, 24848.5, 24989.2, 25428.7, 26050.5, 26389.2, 27212.2, 27307.7, 27765.4, 27933.7, 29212.9, 29465.2, 30308.9, 31668.0, 32222.9, 32331.3, 32890.5, 36608.5, 36706.4, 36722.5, 37244.9, 42492.5]"
2100,28363.479999999996,44169.239287754368,20888.592995565708,25093.830000000002,27973.650000000001,30928.970000000001,"[12231.9, 20665.2, 21443.1, 21526.9, 22544.0, 22893.1, 23307.9, 24815.6, 24829.3, 25207.2, 25554.8, 26116.6, 26270.8, 26502.5, 27299.7, 28647.6, 29346.1, 30206.7, 30405.7, 30651.9, 30656.9, 31563.8, 31640.6, 32307.6, 33928.6, 35582.7, 35653.2, 37394.8, 40016.8, 41692.8]"
2200,30843.889999999999,48031.876129980315,22715.317888002432,27552.25,30813.75,32174.220000000001,"[14742.7, 20713.6, 23020.2, 24201.6, 25168.4, 25410.8, 25567.5, 27218.6, 27409.8, 27613.3, 29570.3, 29573.9, 30467.2, 30500.8, 30648.2, 30979.3, 31171.7, 31350.3, 31700.8, 31852.4, 32029.2, 32512.6, 35167.2, 36022.8, 36667.2, 37440.8, 38800.6, 40703.9, 43250.3, 43840.7]"
2300,27479.68,42792.935192399447,20237.708883690826,24578.07,26564.200000000001,29936.119999999995,"[16490.6, 18082.6, 21593.9, 22004.6, 23301.4, 23395.5, 23493.8, 23877.2, 24242.0, 24722.1, 24820.7, 25367.2, 25657.8, 26073.8, 26177.7, 26950.7, 27076.4, 27271.9, 28195.1, 28946.8, 29291.9, 31439.3, 31479.9, 32252.0, 32583.4, 33896.2, 34258.7, 35503.9, 37818.4, 38124.9]"
2400,30553.256666666664,47579.285219238838,22501.277812139222,26320.880000000001,32256.650000000001,34020.720000000001,"[19851.2, 21825.2, 23458.2, 23708.0, 23877.5, 24011.0, 24056.1, 25859.0, 26107.1, 26412.5, 26726.6, 27464.9, 29169.5, 29722.7, 32066.7, 32446.6, 32525.7, 32538.8, 33027.5, 33791.5, 34009.5, 34046.9, 34673.0, 35013.0, 35501.2, 36695.4, 37491.4, 39627.3, 40181.6, 40712.1]"
2500,28528.816666666666,44426.711036391687,21010.356980000746,25296.630000000001,27850.5,32542.519999999997,"[20375.9, 20976.1, 20997.8, 21687.7, 22676.4, 24308.3, 24348.6, 24989.7, 25141.3, 25363.2, 26097.6, 26343.6, 26528.2, 26542.2, 27721.3, 27979.7, 28678.2, 29269.0, 29816.8, 30415.2, 32258.0, 33206.4, 33498.4, 33822.1, 34211.6, 34355.1, 34921.5, 35498.2, 36814.8, 37021.6]"
2600,26458.803333333337,41203.167442698606,19485.873171406241,24576.720000000001,26904.150000000001,29325.769999999997,"[18948.7, 20406.0, 20799.3, 21223.4, 21351.6, 21659.1, 21768.8, 23871.6, 24436.3, 24636.9, 25186.7, 25413.6, 25759.6, 26069.8, 26606.3, 27202.0, 27528.6, 28048.3, 28170.9, 28457.3, 29147.0, 29742.9, 29920.5, 29996.6, 30013.5, 30813.3, 30847.1, 31310.8, 31569.2, 32858.4]"
2700,29209.719999999994,45487.0527949428,21511.815637377204,26041.330000000002,29291.25,31623.639999999999,"[16875.0, 21774.7, 22068.4, 22143.9, 23229.5, 23278.3, 24291.7, 24474.9, 25090.8, 26448.7, 26685.9, 28006.5, 28060.1, 28285.2, 28899.6, 29682.9, 30050.4, 30443.3, 30745.3, 30797.7, 31317.1, 32338.9, 33169.2, 33638.5, 33836.3, 34532.5, 34852.7, 37491.4, 41006.3, 42775.9]"
2800,30624.066666666669,47689.554616152265,22553.426605940833,27316.310000000001,29803.199999999997,35163.879999999997,"[13368.1, 19731.3, 23136.9, 24103.8, 24733.1, 25242.3, 25520.3, 25867.7, 26656.7, 27599.0, 28486.8, 28815.0, 29362.3, 29715.5, 29759.6, 29846.8, 29941.6, 33291.3, 33624.5, 33997.7, 35081.2, 35356.8, 36686.0, 36710.2, 36844.1, 37049.7, 38365.2, 38579.8, 39182.9, 42065.8]"
2900,28864.200000000001,44948.989216048227,21257.353679541713,24810.5,28270.450000000001,32193.349999999999,"[14629.0, 18998.7, 20166.1, 21690.8, 21723.3, 23470.4, 23721.8, 24109.6, 24325.4, 25018.4, 25106.0, 25274.2, 26255.5, 26832.7, 27578.2, 28962.7, 29621.2, 30375.5, 30793.4, 30834.3, 31814.0, 33078.5, 33383.2, 34801.2, 35061.2, 35721.8, 36064.8, 39975.0, 42043.5, 44495.6]"
3000,29288.850000000002,45610.278573473515,21570.09178556985,25904.57,28542.950000000001,32990.720000000001,"[18504.6, 20827.3, 22454.8, 22743.6, 23062.4, 23352.8, 24414.7, 24702.4, 25872.3, 25918.4, 26881.4, 27039.2, 27823.7, 28330.7, 28512.2, 28573.7, 29235.5, 30158.8, 31227.5, 32169.4, 32831.9, 33361.3, 33455.4, 33899.7, 35018.8, 35335.6, 36034.3, 37700.8, 39384.8, 39837.5]"
3100,28241.37333333334,43979.087776775123,20798.666214294688,24528.349999999999,28022.550000000003,30333.559999999998,"[19901.7, 20934.6, 21567.3, 22623.1, 22710.5, 22732.5, 23085.4, 23223.0, 24243.8, 24650.3, 25326.4, 25652.4, 25833.5, 25992.9, 27930.9, 28114.2, 28352.1, 28619.1, 29006.5, 29447.3, 30258.2, 30509.4, 30539.3, 31396.6, 32447.3, 33785.3, 37024.8, 37419.3, 39556.5, 44357.0]"
3200,29240.60666666667,45535.151285353772,21534.562458606117,26676.860000000001,28307.949999999997,30137.040000000001,"[18840.8, 19641.6, 21547.0, 21929.6, 22491.9, 22570.4, 24701.1, 26155.0, 26344.5, 26819.3, 26849.3, 27539.3, 27717.6, 28138.6, 28266.6, 28349.3, 28960.1, 29212.4, 29265.0, 30056.6, 30110.4, 30199.2, 31036.3, 32255.9, 35904.9, 35986.4, 37176.3, 38916.9, 44769.7, 45466.2]"
3300,28987.50333333333,45141.004245056582,21348.161758980365,24328.710000000003,28675.700000000001,32052.779999999999,"[19845.1, 22821.4, 22995.8, 23227.9, 23660.5, 23674.1, 23703.1, 24048.5, 24280.9, 24349.2, 25055.6, 25343.6, 27047.9, 28267.2, 28616.2, 28735.2, 29779.3, 30379.0, 30785.4, 31917.2, 31923.6, 32354.2, 32651.1, 33359.8, 35187.6, 35593.4, 36799.2, 37243.7, 37620.5, 38358.9]"
3400,29086.33666666667,45294.913185341997,21420.948641069412,26558.639999999999,29004.949999999997,31346.619999999999,"[20189.8, 20914.0, 22705.9, 23495.9, 24242.3, 24313.9, 24769.3, 24939.0, 26515.1, 26577.3, 26580.5, 26810.1, 26920.3, 27874.9, 28714.8, 29295.1, 30131.2, 30485.2, 30930.0, 31304.7, 31317.1, 31415.5, 32665.4, 33276.4, 33567.4, 33686.3, 36139.8, 36621.1, 37340.3, 38851.5]"
3500,27483.723333333335,42799.231703177407,20240.686640452179,24896.400000000001,27504.900000000001,29552.709999999999,"[18902.9, 19173.6, 19467.8, 22018.8, 22511.6, 23015.3, 23106.0, 23894.5, 24766.2, 24952.2, 25367.8, 26482.5, 26776.2, 26928.8, 26935.1, 28074.7, 28544.6, 28842.3, 29028.9, 29238.3, 29506.9, 29659.6, 29754.1, 30018.1, 30624.3, 32234.0, 33026.7, 34603.1, 37050.4, 40006.4]"
3600,28616.463333333333,44563.199457162838,21074.905319887745,26238.120000000003,28798.650000000001,31362.639999999999,"[20650.7, 21743.4, 22164.4, 22192.6, 22559.8, 24046.8, 24114.6, 25088.2, 25621.7, 26502.3, 27053.0, 28184.7, 28340.2, 28550.1, 28643.6, 28953.7, 29250.8, 29425.9, 29554.9, 30861.4, 31090.9, 31996.7, 32249.7, 32335.6, 32559.3, 32818.4, 32844.8, 33793.7, 35556.4, 39745.6]"
3700,28915.990000000002,45029.639577100999,21295.494987704195,25775.200000000001,27381.700000000001,32341.220000000001,"[22337.3, 22869.6, 23618.8, 23785.8, 24094.8, 24104.8, 24335.4, 24993.2, 25411.9, 25930.9, 25966.2, 26046.4, 26047.0, 26128.4, 26623.4, 28140.0, 28295.0, 28660.4, 29006.5, 30278.4, 32295.5, 32447.9, 33078.7, 33668.6, 34848.4, 35289.1, 35922.3, 36504.3, 37557.5, 39193.2]"
3800,27712.683333333334,43155.781358837579,20409.306719944001,25108.700000000001,27104.199999999997,29365.050000000003,"[16836.5, 18957.1, 21507.7, 21845.8, 22638.0, 22872.0, 23188.5, 23348.3, 24607.5, 25323.5, 25679.5, 26302.3, 26707.2, 26782.5, 26902.3, 27306.1, 27754.1, 28509.4, 28782.1, 29174.5, 29233.2, 29672.7, 30937.3, 31068.2, 32876.4, 33043.4, 33487.5, 34841.1, 40271.0, 40924.8]"
3900,29691.613333333331,46237.484757141159,21866.711218147848,26342.119999999999,29647.849999999999,32760.489999999998,"[16866.4, 20012.9, 21959.9, 22804.4, 24470.7, 25588.8, 25823.9, 25949.2, 26016.2, 26481.8, 27819.6, 27894.8, 27950.9, 28393.6, 29227.7, 30068.0, 31024.5, 31321.9, 31598.5, 31895.5, 32671.6, 32967.9, 33883.9, 33929.8, 33985.2, 34012.6, 36623.9, 36921.0, 38111.0, 44472.3]"
4000,28263.143333333337,44012.989270502061,20814.698967310655,24167.869999999999,28236.699999999997,30996.220000000001,"[21321.5, 21560.4, 21798.0, 23022.0, 23292.1, 23297.9, 23692.9, 23895.2, 24092.2, 24200.3, 24392.3, 26133.8, 26197.6, 27145.2, 28187.1, 28286.3, 28296.9, 29112.4, 29114.4, 30435.4, 30813.4, 31422.8, 31831.2, 31938.5, 32373.4, 32999.3, 34864.0, 35076.7, 36473.3, 42627.8]"
4100,29266.246666666666,45575.079365241632,21553.445315166955,26177.790000000001,28839.0,30926.439999999999,"[18303.4, 23314.9, 23354.8, 24146.7, 24973.0, 25027.2, 25672.6, 25718.1, 26072.3, 26223.0, 26939.3, 27407.6, 27605.1, 27707.5, 28674.5, 29003.5, 29088.7, 30119.8, 30167.9, 30779.1, 30787.3, 31251.1, 31885.9, 32222.7, 33636.5, 34291.9, 34445.1, 37884.8, 38058.2, 43224.9]"
4200,29172.336666666673,45428.837322251391,21484.284275399852,25379.800000000003,27511.650000000001,33237.729999999996,"[18824.0, 21937.9, 21950.7, 24745.9, 24756.3, 24763.7, 24860.9, 24950.4, 25258.7, 25431.7, 26253.9, 26677.9, 26765.0, 26818.1, 27281.3, 27742.0, 29030.9, 29658.3, 30382.7, 30553.6, 33237.4, 33238.5, 33574.8, 33881.1, 33998.1, 35492.9, 35857.6, 37584.8, 39537.1, 40123.9]"
4300,29614.326666666664,46117.129523095369,21809.792612815072,26644.470000000001,29232.25,31435.690000000002,"[19067.4, 21257.7, 23296.9, 24345.5, 24562.3, 24829.7, 25770.3, 25902.3, 26547.1, 26686.2, 26767.8, 27234.5, 28578.2, 29087.6, 29215.7, 29248.8, 30538.1, 31090.7, 31144.1, 31243.8, 31248.7, 31872.0, 32142.5, 33378.8, 34652.2, 36001.0, 36553.4, 37081.6, 37624.3, 41460.6]"
4400,28930.200000000001,45051.768204839165,21305.960096586001,25590.110000000001,28287.650000000001,31443.559999999998,"[18597.8, 18762.8, 19673.9, 20415.9, 21846.8, 22354.3, 23280.4, 24312.3, 25566.1, 25600.4, 26050.3, 27077.2, 27212.2, 28014.0, 28218.5, 28356.8, 29242.5, 29425.7, 29890.4, 30461.4, 31153.1, 32121.3, 33952.0, 34414.0, 34659.4, 38173.4, 38199.1, 38669.7, 40373.8, 41830.5]"
4500,28328.41333333333,44114.631461386656,20862.767767923993,24116.34,25505.849999999999,30508.310000000001,"[19040.7, 19524.6, 19677.2, 20838.6, 21480.4, 23066.4, 23232.4, 23546.2, 24035.0, 24151.2, 24463.6, 24585.0, 24585.0, 25347.3, 25499.0, 25512.7, 27875.2, 28820.7, 29960.5, 30403.5, 30462.2, 30615.9, 33313.0, 34207.1, 34842.1, 35893.2, 37680.3, 40361.3, 40611.1, 46221.0]"
4600,29212.560000000001,45491.475405975638,21513.907186231841,26471.780000000002,28243.099999999999,30608.830000000002,"[21060.6, 22404.7, 22576.7, 23006.4, 23122.4, 23413.5, 24664.8, 26081.0, 26143.9, 26612.3, 26811.7, 27187.7, 27388.5, 27537.6, 27943.1, 28543.1, 29048.5, 29501.4, 29647.9, 29959.2, 30588.4, 30656.5, 32777.5, 33250.0, 33263.9, 34980.8, 35466.8, 38951.8, 41051.0, 42735.1]"
4700,27536.313333333335,42881.127870154902,20279.417117306104,24501.459999999999,27146.400000000001,28623.309999999998,"[21556.7, 22759.8, 23136.8, 23380.0, 23504.7, 23710.0, 24343.4, 24351.2, 24400.8, 24544.6, 24942.4, 25591.9, 26042.3, 26080.2, 26926.1, 27366.7, 27616.1, 27987.9, 27995.3, 28216.5, 28370.5, 29213.2, 29240.7, 30718.9, 30898.5, 31143.2, 33169.8, 33431.4, 35949.4, 39500.4]"
4800,29857.030000000006,46495.08108637097,21988.534119452037,27998.110000000001,29505.0,32127.369999999995,"[21545.6, 21871.8, 22604.1, 22869.1, 23220.7, 23345.8, 26507.3, 26532.3, 27743.8, 28107.1, 28198.8, 28348.0, 28520.5, 28979.7, 29226.9, 29783.1, 30024.7, 30214.5, 30233.5, 30285.6, 31941.4, 32561.3, 32720.9, 32729.6, 33337.8, 33623.1, 38051.1, 39752.5, 41413.5, 41416.8]"
4900,30630.563333333339,47699.671598432753,22558.211146689286,27541.789999999997,29401.150000000001,33562.32,"[19136.4, 19362.1, 23086.3, 23471.1, 23636.4, 26354.8, 26508.0, 26752.7, 27187.1, 27693.8, 27713.0, 28436.3, 28961.5, 29178.5, 29189.3, 29613.0, 30154.3, 30822.1, 32233.9, 32980.0, 33466.2, 33786.6, 34162.2, 35152.2, 37978.8, 38438.8, 38540.8, 39205.0, 41302.0, 44413.7]"
5000,31021.043333333331,48307.749470297626,22845.784384984036,28271.57,30349.0,32842.959999999999,"[22408.5, 23814.2, 24745.6, 25346.8, 26989.4, 27021.2, 27659.0, 28046.6, 28058.7, 28362.8, 28975.2, 29561.9, 29649.5, 29813.1, 29905.7, 30792.3, 30935.2, 31302.9, 32020.8, 32434.0, 32729.5, 33107.7, 33388.7, 33712.5, 35966.3, 36308.1, 37655.8, 38728.6, 39283.7, 41907.0]"
5100,29722.566666666666,46285.687064712503,21889.507136767708,27717.009999999998,29565.0,31829.459999999999,"[21555.5, 22002.5, 22650.7, 24982.0, 26305.2, 26638.1, 27019.8, 27332.3, 27454.3, 27829.6, 27981.7, 28391.8, 28408.3, 28507.0, 29113.1, 30016.9, 30350.7, 30437.2, 30931.3, 31096.1, 31656.0, 32234.2, 32599.4, 32605.0, 33035.7, 33482.5, 33978.9, 33979.2, 35418.3, 43683.7]"
5200,30067.536666666667,46822.894152033827,22143.564041127836,27099.269999999997,29365.0,32848.43,"[18475.2, 22755.9, 23713.7, 24088.3, 24362.8, 24822.4, 25441.7, 26218.7, 26742.2, 27252.3, 27336.7, 28399.2, 28504.9, 28922.2, 29020.0, 29710.0, 30528.4, 31122.5, 31149.7, 32057.6, 32846.6, 32852.7, 33598.0, 34557.8, 34770.0, 35875.5, 36195.4, 37294.1, 40513.2, 42898.4]"
5300,30858.456666666669,48054.560179526612,22726.045667925846,25544.020000000004,30030.049999999999,35487.909999999996,"[18463.4, 20727.8, 22658.8, 23077.0, 23120.9, 23758.9, 25142.4, 25258.0, 25330.8, 25635.4, 25924.4, 28168.5, 28938.3, 29472.0, 29995.1, 30065.0, 32052.1, 33836.8, 33911.8, 35036.5, 35276.2, 35981.9, 36029.0, 36503.6, 38298.6, 38397.6, 38667.9, 41453.4, 42014.5, 42557.1]"
5400,31490.83666666667,49039.338617884314,23191.768789296562,27305.849999999999,30784.099999999999,32837.709999999999,"[19239.2, 22516.9, 23924.4, 25299.2, 25930.6, 25978.2, 26008.7, 26424.1, 26665.7, 27580.2, 29114.7, 29146.2, 30356.1, 30621.6, 30762.7, 30805.5, 31038.5, 32267.5, 32303.9, 32446.2, 32544.7, 33521.4, 34169.1, 34886.7, 34960.2, 36594.7, 36948.4, 46253.3, 48000.5, 48416.0]"
5500,31878.263333333332,49642.661663803105,23477.093367085628,28431.040000000001,31633.049999999999,34645.75,"[18099.4, 22531.6, 23124.3, 25491.7, 25508.7, 25657.3, 27631.9, 28079.1, 28206.2, 28527.4, 29277.6, 29426.8, 29964.8, 30790.2, 31302.5, 31963.6, 32522.5, 32738.5, 33337.7, 33967.4, 34431.4, 35145.9, 35160.5, 36185.9, 36851.0, 38102.1, 41959.3, 42399.4, 43553.5, 44409.7]"
5600,30736.026666666665,47863.905155319422,22635.880764308691,27932.099999999999,31165.75,33358.949999999997,"[14712.3, 22934.9, 23843.6, 24712.4, 24892.2, 25619.7, 26145.4, 27703.2, 27888.7, 27950.7, 28805.6, 29136.1, 29585.6, 30086.4, 30619.6, 31711.9, 32373.2, 32517.4, 32563.6, 32941.1, 33039.3, 34104.8, 35451.0, 35551.6, 36117.4, 36526.2, 36910.9, 38254.6, 39018.5, 40362.9]"
5700,31052.033333333329,48356.008877307184,22868.607307168921,28459.440000000002,30941.950000000001,32619.519999999997,"[23009.9, 25652.1, 25907.1, 26355.6, 26623.7, 27094.8, 27877.6, 27958.5, 28397.0, 28486.2, 28605.8, 29028.6, 29376.9, 29593.1, 30538.2, 31345.7, 31561.1, 31899.9, 32133.0, 32250.4, 32557.3, 32764.7, 33149.4, 33523.0, 34357.4, 36385.4, 37261.7, 38603.8, 38853.2, 40409.9]"
5800,31611.799999999999,49227.70966456279,23280.853550312728,27925.479999999996,31157.550000000003,35559.059999999998,"[22992.4, 23142.5, 23284.2, 24826.3, 25298.9, 25454.5, 25506.5, 26979.6, 27174.8, 28247.2, 28297.1, 28303.6, 29001.1, 29686.6, 30744.9, 31570.2, 31792.0, 32084.5, 32321.4, 34637.1, 35495.4, 35707.6, 36542.9, 36657.5, 37172.5, 39668.7, 40289.1, 41486.0, 41500.7, 42488.2]"
5900,30579.973333333328,47620.889946267082,22520.953591563968,27322.449999999997,31181.700000000001,33610.699999999997,"[18170.7, 22073.5, 24301.5, 24651.4, 25317.5, 25959.3, 26238.9, 27197.8, 27308.8, 27328.3, 27513.3, 27812.6, 27952.2, 30055.7, 30412.2, 31951.2, 32074.9, 32133.9, 32205.9, 32870.9, 33588.2, 33663.2, 34639.0, 35149.3, 35189.9, 36248.7, 36820.8, 37215.1, 40159.3, 41195.2]"
6000,30140.453333333331,46936.444171215728,22197.264312483581,27542.540000000001,30820.199999999997,32460.66,"[18048.1, 20591.7, 22038.5, 22657.9, 22806.9, 24023.4, 24747.5, 25970.7, 26940.4, 27800.6, 27936.4, 28571.3, 28918.8, 30025.7, 30398.1, 31242.3, 31985.5, 31997.7, 32044.1, 32103.7, 32415.9, 32565.1, 33295.4, 33570.7, 34287.1, 36361.8, 38744.1, 39569.2, 39917.6, 42637.4]"
6100,28358.070000000003,44160.814525188325,20884.608742289809,25722.889999999999,27198.049999999999,29696.389999999996,"[18873.9, 21376.1, 21835.0, 23045.6, 23163.7, 23671.2, 24007.0, 25068.4, 25274.4, 25915.1, 25979.5, 25999.6, 26460.3, 27032.2, 27154.0, 27242.1, 27838.1, 28675.2, 28789.3, 29298.5, 29360.6, 30479.9, 30583.4, 31485.5, 31618.6, 33666.7, 34541.3, 36999.3, 39563.9, 45743.7]"
6200,29793.546666666669,46396.221195384933,21941.781128916249,25552.389999999999,29328.75,32958.07,"[21139.2, 21253.7, 22389.3, 23641.3, 23908.3, 24609.3, 24807.6, 25297.4, 25538.6, 25558.3, 26023.1, 26466.1, 27932.6, 29159.1, 29244.0, 29413.5, 31057.1, 31591.8, 31971.0, 32060.5, 32606.2, 33779.1, 34843.6, 35071.4, 35937.8, 36647.3, 36970.8, 37266.6, 37833.0, 39788.8]"
6300,28385.526666666665,44203.57162269696,20904.829502754143,25551.580000000002,27447.5,30588.57,"[16434.5, 20037.6, 23514.7, 23904.2, 23967.3, 25131.9, 25236.3, 25427.7, 25510.0, 25569.4, 25606.0, 26063.7, 26180.9, 27038.8, 27199.0, 27696.0, 28053.1, 28677.9, 29677.8, 29790.5, 30342.0, 31163.9, 31578.5, 31633.4, 33047.4, 34038.0, 34579.0, 37629.6, 38138.2, 38698.5]"
6400,29714.636666666665,46273.338013483524,21883.667002113747,25218.18,29597.650000000001,32463.239999999998,"[19924.7, 20490.5, 21240.2, 21581.1, 22476.9, 23239.0, 23240.4, 24580.6, 24875.6, 25365.0, 25365.8, 25935.5, 26126.0, 27944.9, 29361.3, 29834.0, 30006.6, 30169.1, 30563.0, 31174.9, 32052.6, 33421.4, 34935.8, 36698.7, 37225.6, 37931.9, 38441.3, 38737.5, 43680.7, 44818.5]"
6500,30794.316666666666,47954.677689510681,22678.809068089169,27795.079999999998,30196.849999999999,33872.119999999995,"[19101.6, 22142.2, 22212.1, 22508.2, 24837.2, 25341.4, 26227.5, 26280.4, 27162.7, 28066.1, 28202.3, 29079.3, 29489.4, 29620.8, 29660.3, 30733.4, 30978.4, 31123.8, 31649.6, 32392.2, 33625.7, 34447.1, 36132.1, 36515.4, 37343.0, 38722.4, 39559.3, 39785.9, 40191.5, 40698.2]"
6600,29511.046666666673,45956.295978211638,21733.730934749412,26530.290000000001,29165.25,33401.369999999995,"[19385.7, 20893.0, 21849.5, 23689.8, 24101.2, 24423.8, 25293.2, 25608.3, 25839.6, 26826.3, 27414.4, 27433.6, 27448.7, 27449.3, 28964.9, 29365.6, 31133.7, 32136.3, 32567.1, 32827.8, 33269.7, 33708.6, 33846.0, 34429.1, 34449.8, 34479.3, 34613.2, 35765.9, 36880.4, 39237.6]"
6700,29134.373333333337,45369.718640264531,21456.325766121197,25778.959999999999,28968.0,32142.700000000001,"[20946.7, 23173.5, 23577.4, 23642.2, 24184.4, 24564.5, 25008.1, 25298.5, 25756.0, 25788.8, 26040.9, 26102.0, 26330.8, 27746.9, 28549.9, 29386.1, 29934.8, 30638.6, 30726.5, 31421.9, 32040.7, 32380.7, 32839.0, 32946.2, 33534.8, 33816.0, 35591.6, 35649.3, 36172.9, 40241.5]"
6800,29432.466666666664,45833.926691254179,21675.859840032128,27095.669999999998,29309.050000000003,31466.590000000004,"[19721.1, 22284.3, 24107.9, 24379.1, 24841.7, 25420.4, 25545.5, 25871.6, 25880.4, 27616.5, 28340.2, 28764.5, 29213.7, 29221.4, 29248.4, 29369.7, 29831.9, 29933.2, 30194.1, 30595.1, 31398.7, 31625.0, 31640.7, 32563.2, 32717.3, 34284.2, 34722.0, 34770.2, 38753.8, 40118.2]"
6900,29517.046666666669,45965.639522647165,21738.149699935253,25781.879999999997,28334.150000000001,31160.970000000001,"[18861.9, 21159.0, 21653.3, 22001.2, 22197.5, 24019.6, 24507.8, 25330.0, 25668.9, 25830.3, 26513.5, 26563.9, 27224.5, 27287.4, 28148.0, 28520.3, 29150.5, 29248.0, 29796.5, 30571.1, 31160.4, 31162.3, 31648.4, 32750.4, 36360.7, 36417.8, 41539.1, 42032.0, 43226.5, 44960.6]"
7000,28618.460000000003,44566.308781116662,21076.375786746812,26919.900000000001,28064.699999999997,29955.499999999996,"[16737.6, 19942.6, 21670.8, 22324.8, 23440.6, 24811.9, 24844.3, 25587.2, 26793.2, 26974.2, 27249.8, 27693.4, 27803.1, 27820.1, 28020.1, 28109.3, 28748.6, 28974.2, 29067.4, 29548.5, 29808.8, 30297.8, 30443.2, 30700.1, 32948.1, 33217.4, 33726.8, 37864.6, 40585.3, 42800.0]"
7100,29004.380000000008,45167.285559210555,21360.590763500328,26668.369999999999,28292.099999999999,31593.239999999998,"[16648.2, 22673.2, 23441.4, 23719.1, 24704.4, 24814.1, 25019.3, 25158.9, 25313.8, 27248.9, 27498.4, 27620.4, 27835.8, 28185.5, 28218.3, 28365.9, 29089.9, 29131.8, 29627.1, 29692.3, 31572.6, 31641.4, 32513.9, 34419.6, 34642.1, 34745.6, 35495.0, 35870.0, 37297.3, 37927.2]"
7200,30834.763333333332,48017.663560722256,22708.596455180854,27910.029999999999,29003.849999999999,34125.129999999997,"[20979.3, 21382.1, 24617.0, 25407.6, 25514.7, 27123.8, 27235.6, 27338.9, 27825.4, 27946.3, 27969.5, 28581.6, 28613.4, 28852.8, 28879.5, 29128.2, 29699.0, 29961.6, 31576.5, 32692.6, 33976.0, 34473.1, 34953.3, 35963.0, 37650.6, 37694.5, 39220.1, 39287.7, 39316.8, 41182.4]"
7300,29427.646666666664,45826.420710557635,21672.31009866617,25821.07,27831.699999999997,33382.410000000003,"[19637.9, 20478.1, 23457.1, 24465.0, 24917.8, 24955.1, 25322.0, 25375.8, 25498.3, 25959.4, 26346.8, 26389.3, 26892.4, 27409.8, 27459.1, 28204.3, 28231.7, 28403.4, 32105.8, 33155.6, 33207.3, 33791.0, 34005.4, 34482.9, 35620.2, 36123.9, 36606.4, 36995.5, 37111.6, 40220.5]"
7400,28022.84,43638.775125000691,20637.724966748036,26364.119999999999,27980.599999999999,29856.949999999997,"[19337.8, 20847.5, 21072.8, 23577.7, 24216.9, 24811.0, 24821.7, 25861.6, 25996.2, 26521.8, 26549.8, 26898.9, 27213.9, 27495.1, 27911.2, 28050.0, 28441.2, 28657.4, 28834.3, 28997.0, 29341.4, 31059.9, 31264.9, 31382.7, 31494.1, 32146.8, 33057.2, 34160.2, 34541.4, 36122.8]"
7500,28939.870000000003,45066.82688395444,21313.081673143854,25222.309999999998,28335.700000000001,31989.0,"[20327.6, 21568.0, 21985.3, 22045.7, 22339.7, 22376.8, 23536.8, 24101.2, 25218.6, 25223.9, 25417.5, 26141.7, 26964.2, 27077.1, 27659.9, 29011.5, 29254.7, 29603.5, 30910.3, 31414.8, 31948.2, 32084.2, 32817.3, 33384.3, 34088.6, 36772.9, 37028.4, 38150.7, 39395.8, 40346.9]"
7600,28957.366666666665,45094.073697700071,21325.967283399685,25055.02,27661.599999999999,32664.919999999998,"[18353.2, 19590.4, 19736.2, 21314.5, 21710.8, 22026.8, 22308.8, 24261.0, 24698.3, 25207.9, 26240.7, 26346.1, 26882.4, 26982.1, 27158.3, 28164.9, 30024.4, 30461.7, 32008.2, 32302.8, 32568.8, 32889.2, 33628.7, 35076.2, 35246.2, 36056.4, 37657.1, 38083.4, 38757.2, 42978.3]"
7700,29624.293333333331,46132.6501885744,21817.132672762669,25354.959999999999,29436.700000000001,33662.389999999999,"[17217.5, 18309.6, 19343.2, 20809.0, 21503.9, 21933.2, 23386.6, 24664.3, 25290.7, 25382.5, 26238.8, 27207.0, 27820.5, 28607.3, 28787.7, 30085.7, 30536.2, 30926.1, 30997.5, 32028.6, 33581.3, 33851.6, 35501.8, 35722.6, 36667.5, 37031.8, 39216.1, 39784.2, 42205.6, 44090.4]"
7800,29604.130000000001,46101.250688412983,21802.283166868692,26111.360000000001,28943.900000000001,32472.68,"[18246.8, 19272.0, 20922.8, 21322.4, 21721.1, 23350.5, 24924.9, 25355.1, 26028.9, 26146.7, 27257.2, 27683.3, 27700.1, 28048.3, 28720.9, 29166.9, 29180.6, 29942.3, 30017.6, 30811.2, 32059.7, 33436.3, 34807.9, 36500.8, 37406.8, 38242.7, 38303.3, 40139.1, 40358.0, 41049.7]"
7900,30463.269999999997,47439.152816137823,22435.006153829749,28407.470000000001,30652.450000000001,32021.129999999997,"[20247.4, 20547.4, 20809.0, 25215.8, 25939.9, 26182.7, 27372.1, 28130.6, 28282.1, 28461.2, 29086.8, 29213.6, 29363.1, 29620.2, 30280.2, 31024.7, 31032.9, 31246.1, 31283.6, 31543.1, 31943.7, 32201.8, 32475.9, 33121.2, 34659.6, 35515.6, 37710.1, 38713.2, 40971.3, 41703.2]"
8000,28330.406666666666,44117.735594482474,20864.235779913517,25139.18,28278.099999999999,31004.789999999994,"[17680.3, 20178.0, 20656.3, 21228.5, 22589.4, 23262.2, 24183.1, 24901.1, 25122.8, 25146.2, 25177.6, 25378.4, 25737.5, 27382.1, 28123.2, 28433.0, 29113.1, 29192.1, 29530.7, 30544.4, 30699.3, 31717.6, 31907.6, 32709.1, 34165.4, 34334.3, 34362.2, 37491.9, 37952.3, 41012.5]"
8100,29096.903333333335,45311.368205264574,21428.730577535593,26645.510000000002,29221.800000000003,32462.18,"[15089.6, 16517.7, 19740.6, 21567.3, 22450.3, 23683.3, 23929.2, 26019.6, 26189.6, 26840.9, 27386.3, 27513.8, 28201.9, 28513.8, 29153.9, 29289.7, 29583.0, 30500.3, 30830.2, 32263.9, 32349.8, 32724.4, 32988.8, 33539.9, 33997.3, 35812.7, 37371.9, 37891.5, 37998.6, 42967.3]"
