agents,meanScore,clow,chigh,Q1,Q2,Q3,means
100,2073.7417233333335,3229.3496566327594,1527.2296219163879,310.26999999999998,557.28300000000002,1662.2289999999975,"[65.3667, 104.733, 131.8, 132.5, 182.433, 192.133, 254.1, 273.467, 290.6, 318.7, 339.6, 359.367, 486.433, 508.333, 538.433, 576.133, 606.0, 641.7, 814.7, 1075.43, 1398.1, 2278.53, 2515.8, 3205.6, 3799.63, 4714.8, 5490.83, 7964.2, 8355.4, 14597.4]"
200,7955.179900000001,12388.262814726329,5858.678664874873,3143.1589999999997,6903.6999999999998,9704.6309999999976,"[532.767, 659.7, 1392.73, 1687.83, 1938.57, 2667.57, 2779.53, 2782.13, 3029.5, 3191.87, 4836.6, 5305.27, 5726.83, 6305.5, 6530.53, 7276.87, 8017.93, 8061.07, 8590.37, 9338.3, 9465.03, 10263.7, 11845.3, 12304.3, 12722.9, 13925.3, 14878.0, 16109.4, 19203.5, 27286.5]"
300,19094.126666666667,29734.470161302201,14062.077028128346,15195.039999999997,19287.75,21980.299999999996,"[4663.37, 9356.23, 10247.9, 10524.6, 11483.4, 12201.9, 12553.0, 12602.1, 14494.2, 15495.4, 15924.3, 16126.5, 18316.4, 18598.8, 19271.8, 19303.7, 19321.6, 19542.0, 20201.3, 21146.6, 21628.1, 22802.1, 23108.6, 23312.0, 24909.9, 27330.2, 28105.6, 28639.3, 28757.2, 42855.7]"
400,25222.063333333335,39277.244918497163,18575.062562082701,21491.079999999998,25819.599999999999,27874.919999999998,"[16134.3, 16420.0, 16797.4, 17357.5, 18007.1, 19594.7, 20398.8, 20555.4, 20835.6, 21772.0, 23290.9, 23394.5, 23447.1, 24309.8, 25213.6, 26425.6, 27152.6, 27375.6, 27582.7, 27583.8, 27771.0, 28117.4, 29701.9, 29844.5, 30556.7, 31094.5, 31910.3, 33143.2, 34914.3, 35959.1]"
500,27932.173333333336,43497.583786863666,20570.952515050838,24011.360000000001,27901.400000000001,30017.82,"[14847.8, 18235.9, 18386.0, 19090.1, 19512.6, 20885.4, 21165.9, 22538.5, 23560.0, 24204.8, 24521.4, 25642.1, 26258.0, 27247.9, 27644.2, 28158.6, 28928.1, 28933.6, 28948.1, 29860.3, 29886.0, 30325.4, 30332.0, 31500.9, 33820.2, 36653.8, 38996.8, 40368.4, 42923.2, 44589.2]"
600,27347.246666666666,42586.70240327502,20140.176916561053,24423.610000000001,27517.950000000001,29365.25,"[17270.3, 19261.6, 19729.1, 20533.0, 20604.2, 22748.7, 23130.0, 23463.8, 24006.2, 24602.5, 25218.9, 25228.9, 26978.4, 27155.4, 27297.2, 27738.7, 27846.9, 27929.4, 28576.4, 28885.5, 29265.5, 29598.0, 30038.8, 30926.8, 31556.3, 33731.5, 34680.1, 35297.0, 38268.6, 38849.7]"
700,28111.240000000002,43776.436679684302,20702.828107152811,26331.18,27619.900000000001,30055.119999999999,"[14774.3, 17904.2, 22217.6, 23212.1, 23856.6, 24656.1, 25202.7, 25346.8, 25420.9, 26721.3, 26934.9, 27077.0, 27241.9, 27542.6, 27589.5, 27650.3, 28110.3, 28206.0, 28492.2, 29349.6, 29952.1, 30295.5, 30645.2, 30699.7, 31854.4, 34196.6, 34316.5, 35550.0, 37984.5, 40335.8]"
800,26270.673333333332,40910.20060692227,19347.322789004083,23361.269999999997,25354.200000000001,28671.0,"[16867.7, 19381.3, 19716.9, 20172.5, 20588.4, 21920.9, 22029.1, 22734.5, 22853.7, 23578.8, 24353.5, 24375.0, 24608.8, 24637.7, 24849.2, 25859.2, 26102.1, 26106.2, 26123.2, 26928.6, 28596.3, 28845.3, 29733.4, 30913.7, 31357.6, 32181.0, 33139.7, 34834.0, 35967.7, 38764.2]"
900,26752.306666666664,41660.22768219508,19702.026889950004,24257.419999999998,27154.0,28970.389999999999,"[13561.6, 15849.4, 20476.2, 21989.7, 22219.5, 22401.8, 22990.5, 23699.4, 23841.2, 24435.8, 25031.2, 25774.8, 26338.0, 26698.0, 26716.6, 27591.4, 27810.6, 27966.9, 28438.3, 28758.1, 28865.6, 29214.9, 29332.6, 30476.0, 31252.7, 31542.7, 31606.1, 34031.4, 34445.4, 39212.8]"
1000,28622.753333333338,44572.994606246102,21079.537658724243,26292.66,28320.400000000001,31493.760000000002,"[19272.7, 21019.8, 21542.2, 21992.8, 22155.7, 22933.8, 23049.8, 25179.5, 25592.8, 26592.6, 26701.6, 27404.6, 27466.2, 28201.8, 28263.2, 28377.6, 28743.6, 29016.8, 29147.2, 31360.3, 31425.0, 31654.2, 31697.6, 31699.1, 32480.4, 33396.5, 34970.4, 37647.9, 39564.2, 40132.7]"
1100,27958.950000000001,43539.281949336262,20590.672482127437,25478.09,27181.25,29954.099999999999,"[20210.4, 20790.3, 21972.2, 23100.8, 23141.6, 24059.4, 24208.3, 24845.3, 24945.6, 25706.3, 25727.1, 26076.3, 26581.8, 26589.2, 27060.9, 27301.6, 27664.9, 27739.2, 27911.0, 29502.9, 29901.6, 30076.6, 31134.6, 31491.0, 31880.4, 33335.9, 34602.8, 35780.7, 36783.3, 38646.5]"
1200,28204.383333333335,43921.484825330015,20771.424526923951,24150.68,27795.299999999999,31721.369999999995,"[16926.6, 20025.0, 21255.5, 21363.3, 23019.0, 23053.1, 23253.9, 23670.5, 23779.4, 24309.8, 25160.9, 25678.2, 25829.0, 26515.5, 27388.8, 28201.8, 28405.8, 29327.5, 29707.2, 31036.9, 31231.2, 32865.1, 33322.6, 33462.1, 33984.4, 34076.7, 35583.0, 36553.5, 36592.8, 40552.4]"
1300,27853.910000000007,43375.707631418096,20513.31463294059,24857.459999999999,28638.549999999999,29965.769999999997,"[20290.0, 20477.8, 20958.7, 21742.9, 22440.5, 22507.1, 23210.2, 23569.3, 24753.3, 24902.1, 25404.8, 26250.9, 27113.2, 28196.3, 28363.1, 28914.0, 28937.9, 29046.1, 29198.2, 29629.9, 29917.2, 30079.1, 30482.0, 30864.7, 31013.2, 33140.3, 34044.4, 34823.9, 37372.1, 37974.1]"
1400,28769.133333333339,44800.94594532514,21187.340800041562,25024.540000000001,27880.150000000001,31456.499999999993,"[20096.9, 20671.8, 20901.5, 22015.3, 22254.4, 22715.4, 23816.7, 24074.8, 24851.5, 25098.7, 26626.8, 26755.2, 26782.3, 27222.9, 27758.2, 28002.1, 28422.9, 28871.1, 30420.2, 30652.2, 30999.0, 32524.0, 33718.1, 34481.4, 34553.7, 34723.7, 37099.1, 37238.5, 37762.8, 41962.8]"
1500,29616.793333333335,46120.970758029995,21811.609216280372,25331.369999999999,28906.0,34579.509999999995,"[19124.3, 20242.5, 21217.1, 21740.2, 22632.4, 23040.2, 23889.1, 24171.0, 24934.4, 25501.5, 25680.7, 26332.4, 27450.0, 27920.1, 28452.1, 29359.9, 30104.6, 33067.3, 33093.4, 33209.4, 34491.7, 34784.4, 35324.9, 35416.9, 36471.8, 36826.6, 36915.8, 37781.7, 39634.3, 39693.1]"
1600,28914.903333333332,45027.947357386554,21294.694700231645,25928.650000000001,28203.099999999999,29681.699999999997,"[20404.5, 22821.7, 24024.8, 24531.1, 24685.2, 24979.7, 25251.5, 25482.3, 25926.2, 25929.7, 26690.6, 27606.9, 27762.7, 28072.4, 28174.5, 28231.7, 28451.8, 28802.2, 29324.1, 29384.4, 29552.7, 29982.7, 32749.6, 32774.4, 33334.8, 34896.2, 35089.6, 35964.8, 37431.5, 39132.8]"
1700,28478.906666666669,44348.988319262076,20973.600218263171,26258.5,27975.200000000001,29910.529999999999,"[17019.3, 17507.4, 20908.6, 22440.7, 22634.0, 24691.5, 25048.3, 25640.6, 25684.5, 26504.5, 26722.3, 27237.8, 27385.1, 27463.5, 27969.4, 27981.0, 28422.1, 28465.5, 28474.9, 29118.0, 29820.5, 30120.6, 30340.7, 33495.2, 34158.9, 34897.8, 35767.9, 38189.5, 39137.9, 41119.2]"
1800,29434.586666666666,45837.228076954743,21677.421137064463,26586.41,29263.849999999999,31751.119999999995,"[21408.1, 22318.0, 22471.1, 22584.7, 22591.7, 23982.5, 24922.3, 25785.3, 26204.0, 26750.3, 27115.4, 27310.5, 28464.6, 28550.0, 28604.3, 29923.4, 30018.1, 30173.8, 31035.4, 31529.0, 31733.6, 31792.0, 32769.0, 33086.4, 33862.7, 35297.8, 36355.2, 36478.5, 37880.8, 42039.1]"
1900,28582.646666666664,44510.53820255254,21050.000668326418,25454.979999999996,27996.349999999999,30255.219999999994,"[19353.5, 20936.2, 21120.9, 21323.9, 22081.4, 22102.1, 22730.7, 24285.8, 24619.6, 25813.0, 26034.6, 26449.3, 27135.8, 27627.8, 27837.8, 28154.9, 28326.7, 28679.8, 28760.6, 29031.7, 29303.2, 32476.6, 32816.5, 32967.2, 32972.7, 34077.2, 35867.5, 37610.9, 37780.1, 49201.4]"
2000,29511.429999999997,45956.892926883898,21734.013244747392,24388.59,28645.900000000001,31493.110000000001,"[19184.9, 19364.8, 21348.2, 22053.3, 22229.4, 22782.2, 23042.3, 23868.2, 23995.4, 24557.1, 24828.3, 25715.8, 26443.9, 27100.7, 28404.6, 28887.2, 29578.0, 29741.6, 30539.5, 30777.4, 31444.9, 31605.6, 31833.4, 33321.6, 36685.9, 37694.9, 41266.6, 41443.7, 43367.6, 52235.9]"
2100,28763.043333333339,44791.462247723066,21182.855753377928,25025.119999999999,29302.050000000003,31113.239999999998,"[17822.3, 19243.8, 22047.1, 22380.7, 23222.0, 23850.6, 24518.5, 24791.2, 24876.3, 25088.9, 25945.6, 25983.2, 26038.7, 27578.6, 29295.2, 29308.9, 29532.8, 29964.6, 29992.8, 30357.6, 30890.4, 31633.2, 31738.2, 33585.0, 34072.5, 35527.7, 35842.5, 36684.5, 38241.8, 42836.1]"
2200,28051.963333333337,43684.1276515192,20659.173161986218,25277.849999999999,27636.0,29512.599999999999,"[17083.2, 19690.6, 20660.6, 22737.0, 23150.8, 23524.3, 24092.3, 24394.9, 24786.1, 25488.6, 25513.1, 26357.2, 26552.3, 26900.5, 27156.5, 28115.5, 28218.0, 28703.5, 29177.1, 29350.0, 29494.3, 29555.3, 30776.8, 30971.0, 31504.0, 33207.4, 35872.1, 38341.6, 38593.8, 41590.5]"
2300,29311.136666666665,45644.984650193524,21586.505043365716,26411.729999999996,28764.599999999999,32648.480000000003,"[19968.3, 21197.2, 23280.5, 23541.7, 23894.6, 24737.1, 25117.3, 25232.2, 25783.2, 26681.1, 26856.9, 26927.5, 27760.1, 27950.8, 28717.4, 28811.8, 30692.2, 31522.9, 32079.2, 32194.4, 32540.3, 32900.9, 33019.6, 33029.3, 33429.0, 33540.7, 34938.1, 35401.6, 38065.0, 39523.2]"
2400,30397.223333333328,47336.301155334622,22386.36536861179,28342.75,29713.0,33311.040000000001,"[20760.3, 21967.9, 22413.7, 23258.2, 23271.4, 25517.6, 26569.5, 26736.5, 28207.3, 28400.8, 29040.9, 29070.6, 29116.4, 29223.0, 29633.3, 29792.7, 30311.5, 30762.1, 30771.0, 33076.2, 33303.9, 33327.7, 33617.4, 34078.4, 34299.7, 35392.4, 35735.2, 37264.9, 43306.8, 43689.4]"
2500,28552.366666666665,44463.384448301178,21027.700633355187,25347.689999999999,27281.699999999997,31725.110000000001,"[19934.6, 22041.5, 22516.4, 22909.6, 23137.0, 23874.0, 24697.6, 24799.8, 24936.3, 25524.0, 25582.3, 26197.9, 26303.6, 26529.9, 26662.6, 27900.8, 28221.1, 28969.5, 30087.4, 30256.5, 31637.6, 31929.3, 32332.1, 32634.5, 35381.7, 36002.3, 36048.0, 36286.4, 36417.7, 36819.0]"
2600,27068.226666666666,42152.19644187433,19934.689606201999,23621.18,25645.349999999999,30110.419999999998,"[20008.3, 20616.4, 20831.3, 20848.6, 21609.3, 22252.2, 23105.9, 23177.1, 23439.6, 23699.0, 24375.5, 24386.0, 24577.6, 24608.0, 25279.6, 26011.1, 26610.9, 26999.0, 28144.1, 29247.5, 29960.9, 30459.3, 31368.5, 31499.9, 32544.3, 33731.2, 33879.1, 34130.2, 35591.1, 39055.3]"
2700,27786.716666666671,43271.070315456098,20463.829372598229,24318.850000000002,27802.200000000001,29959.639999999999,"[20024.3, 20707.1, 21556.3, 21941.5, 22163.7, 22778.4, 23185.0, 23651.2, 24225.4, 24358.9, 24586.6, 24718.5, 25889.6, 27040.4, 27582.7, 28021.7, 28659.6, 28778.7, 28950.0, 29665.7, 29854.4, 30205.2, 31087.4, 31725.7, 32607.6, 32748.4, 32846.4, 36588.3, 38710.9, 38741.9]"
2800,29405.743333333332,45792.311582509894,21656.179150868291,26846.379999999997,29941.299999999999,31453.0,"[20202.5, 21159.2, 23573.8, 23606.4, 25111.5, 25545.2, 25583.8, 26158.4, 26299.4, 27080.8, 28205.5, 28451.0, 28612.9, 29782.3, 29855.8, 30026.8, 30327.1, 30861.1, 30947.7, 31303.5, 31327.9, 31744.9, 32243.3, 32346.7, 32546.0, 33852.8, 34421.8, 35569.6, 37021.5, 38403.1]"
2900,30483.140000000003,47470.095520793533,22449.639631203543,26845.799999999999,29725.200000000001,31972.300000000003,"[20795.8, 20937.1, 24744.6, 24838.7, 24996.7, 25826.2, 25908.3, 26504.7, 26786.3, 26871.3, 27434.5, 27996.6, 28623.0, 28887.0, 29577.4, 29873.0, 30440.7, 30625.3, 31176.6, 31548.4, 31936.0, 32057.0, 32496.7, 33624.6, 34617.4, 38020.6, 40614.7, 41723.8, 41961.0, 43050.2]"
3000,29133.23333333333,45367.943366821761,21455.486200735879,25214.079999999998,29021.550000000003,32533.259999999995,"[18536.3, 21004.7, 21711.7, 21914.0, 22122.9, 23903.0, 24151.5, 24958.8, 25092.0, 25266.4, 26845.6, 27556.7, 27557.0, 28071.0, 28576.2, 29466.9, 29588.8, 29963.3, 31116.0, 31175.6, 32284.5, 33113.7, 33172.5, 33186.0, 33637.6, 34826.7, 34833.4, 38517.3, 39396.2, 42450.7]"
3100,31875.126666666667,49637.777066406532,23474.78333484125,28110.619999999999,29728.550000000003,34281.329999999994,"[19820.2, 21075.2, 25546.4, 26122.0, 27036.0, 27084.5, 27786.1, 27798.7, 28089.2, 28119.8, 28603.8, 28663.8, 28787.9, 29504.4, 29661.7, 29795.4, 30676.1, 31976.0, 32039.2, 32615.6, 33854.1, 35278.2, 35463.4, 36941.2, 38375.3, 39575.0, 40405.5, 41260.4, 43386.4, 50912.3]"
3200,29401.94666666667,45786.399195225422,21653.383054453476,26591.23,28834.349999999999,31886.43,"[20972.1, 21726.3, 21914.6, 22470.3, 22921.7, 24199.0, 25065.5, 25856.8, 26353.3, 26693.2, 27230.9, 27625.8, 27923.3, 28345.3, 28479.8, 29188.9, 30441.3, 30483.2, 30543.4, 30696.4, 31852.8, 31964.9, 33233.3, 33291.9, 34248.4, 35324.9, 36438.2, 38126.7, 38772.8, 39673.4]"
3300,29269.363333333331,45579.932817490087,21555.740618194046,26900.620000000003,29769.049999999999,32167.869999999999,"[18485.0, 21796.6, 22964.0, 23732.7, 25197.2, 25253.6, 25795.7, 26124.1, 26738.5, 26970.1, 27258.9, 27785.7, 28548.2, 28907.1, 29671.0, 29867.1, 30192.3, 30290.6, 30711.2, 30845.2, 32125.3, 32267.2, 32925.8, 33235.9, 33553.1, 33676.4, 33769.2, 34589.5, 37368.0, 37435.7]"
3400,28652.630000000001,44619.520266677056,21101.540654480195,25166.779999999999,29304.25,30659.139999999999,"[17234.3, 20318.5, 21034.4, 21263.9, 22438.2, 24088.5, 24256.4, 24377.2, 24758.4, 25341.8, 27035.0, 27653.3, 27943.9, 28330.1, 29089.2, 29519.3, 29599.7, 29801.9, 29861.9, 30312.1, 30649.9, 30680.7, 32187.1, 32295.6, 32362.3, 32473.5, 34698.2, 37549.2, 37724.5, 44699.9]"
3500,29599.590000000004,46094.180739790092,21798.939634544735,25817.400000000001,30254.949999999997,32097.93,"[17748.1, 21214.5, 21880.5, 23814.7, 23847.7, 24095.2, 25240.8, 25245.2, 25701.9, 25866.9, 27880.9, 27953.3, 28575.4, 29178.8, 30186.8, 30323.1, 30746.5, 31454.3, 31620.4, 32022.9, 32034.3, 32246.4, 32611.3, 32921.8, 33552.0, 33603.2, 36118.1, 39054.2, 40191.0, 41057.5]"
3600,29077.290000000001,45280.825196676415,21414.286125116978,23745.68,30628.25,33488.599999999999,"[19705.4, 19875.0, 20981.7, 21453.8, 21672.5, 21731.6, 22595.0, 22811.7, 23708.3, 23761.7, 24644.6, 24956.5, 27752.8, 30113.1, 30576.0, 30680.5, 31183.8, 31473.9, 32597.4, 32669.6, 33220.1, 34115.1, 34154.7, 34254.8, 34364.3, 35740.7, 36573.9, 37169.0, 38083.8, 39697.4]"
3700,29314.78666666667,45650.668639725154,21589.19312552044,26093.489999999998,28792.150000000001,30077.040000000001,"[20430.8, 23506.9, 23765.4, 24892.7, 25316.6, 25429.6, 25526.5, 25824.8, 26033.5, 26119.2, 26120.7, 26314.9, 26943.8, 26949.5, 28541.9, 29042.4, 29170.0, 29355.1, 29359.1, 29657.4, 29913.9, 30457.7, 30923.2, 31565.6, 32104.3, 33644.2, 36736.4, 36932.6, 39234.0, 49630.9]"
3800,28526.869999999999,44423.679575308161,21008.923336184896,25529.029999999999,27151.650000000001,30155.239999999998,"[18852.2, 19414.5, 20722.9, 21367.4, 21965.9, 23571.3, 23705.3, 25419.6, 25440.9, 25566.8, 25644.6, 26712.3, 26867.5, 26943.6, 27102.2, 27201.1, 28186.0, 28446.7, 28492.2, 29329.5, 29958.8, 30613.6, 30992.6, 33058.1, 33853.2, 34245.0, 35777.2, 36114.2, 44826.2, 45414.7]"
3900,28940.809999999998,45068.290705916006,21313.773946356301,24898.150000000001,28180.150000000001,31146.219999999994,"[20099.9, 21807.7, 22183.7, 22301.9, 22330.9, 22379.0, 22531.0, 24103.0, 24690.6, 24987.1, 25886.6, 26030.7, 26341.3, 27440.4, 28167.3, 28193.0, 28699.4, 29448.5, 29638.0, 30459.1, 30941.8, 31623.2, 32295.0, 34390.0, 35320.2, 35657.4, 38567.8, 38605.0, 40339.5, 42765.3]"
4000,29635.583333333336,46150.231624687287,21825.447315920705,26717.119999999999,28654.049999999999,33860.149999999994,"[18073.4, 19824.1, 20537.4, 21231.8, 21382.6, 21656.4, 24890.5, 25143.8, 26443.0, 26834.6, 27269.8, 27340.1, 27471.6, 27571.4, 28632.1, 28676.0, 30897.3, 30901.5, 31409.3, 32017.7, 33407.3, 34916.8, 35008.3, 35233.4, 35745.8, 35773.0, 35981.4, 37077.9, 37514.0, 50205.2]"
4100,29244.006666666664,45540.445960533893,21537.066425544755,26150.539999999997,28119.849999999999,32988.869999999995,"[20348.2, 21720.6, 21933.3, 21982.2, 22150.0, 22946.4, 24706.7, 24790.5, 25710.1, 26339.3, 26557.6, 26726.1, 26988.9, 27812.7, 27969.0, 28270.7, 30126.5, 30276.3, 30638.3, 31635.5, 32840.4, 33335.3, 33640.0, 33779.2, 33855.0, 34471.5, 35458.1, 36007.2, 41240.6, 43064.0]"
4200,29103.57,45321.749921304065,21433.640316630976,25756.349999999999,28739.900000000001,31237.400000000001,"[19358.1, 21882.8, 22473.9, 22998.2, 23110.7, 23790.5, 24118.8, 24429.5, 24964.3, 26095.8, 26529.4, 27386.7, 27720.1, 28153.0, 28547.6, 28932.2, 29600.0, 30131.7, 30165.4, 30475.4, 31157.9, 31422.9, 33003.2, 34051.8, 34331.6, 34571.8, 35685.9, 37652.2, 40132.2, 40233.5]"
4300,29353.469999999998,45710.908547044273,21617.681886621394,25771.41,29679.0,31504.639999999992,"[16868.9, 17142.5, 19822.1, 22683.6, 23652.7, 24027.8, 24503.9, 25066.1, 25576.6, 25854.9, 26681.0, 27128.8, 27447.7, 28991.2, 29261.6, 30096.4, 30171.9, 30346.6, 30457.6, 30870.6, 31070.3, 32518.1, 33161.8, 33934.7, 34476.0, 34771.1, 40050.8, 40084.5, 41849.6, 42034.7]"
4400,27677.113333333335,43100.389712908895,20383.11080700059,23246.490000000002,27891.900000000001,31506.66,"[17734.7, 19779.4, 20314.2, 21428.1, 21443.2, 22357.2, 22404.5, 23174.3, 23190.7, 23270.4, 24735.9, 26285.7, 26940.3, 27161.7, 27676.4, 28107.4, 28931.1, 29016.1, 30224.6, 30307.9, 31404.9, 31744.1, 32193.9, 32342.6, 33771.9, 33864.1, 33938.0, 34244.0, 34433.1, 37893.0]"
4500,31734.383333333328,49418.603468238871,23371.131377929072,28597.010000000002,30832.099999999999,33860.149999999994,"[18869.5, 22916.7, 25853.0, 25985.7, 26190.9, 26854.4, 27166.7, 28366.9, 28478.5, 28647.8, 29358.0, 29563.6, 29798.5, 30071.7, 30785.3, 30878.9, 31245.1, 31510.1, 32382.8, 32719.7, 33469.1, 34772.6, 35885.2, 37405.8, 37727.2, 38980.6, 40153.0, 41263.1, 41317.9, 43413.2]"
4600,30738.57,47867.865779988482,22637.753829773577,28849.710000000003,30507.650000000001,32974.669999999998,"[18725.6, 22693.3, 24281.7, 26029.4, 27298.0, 28490.2, 28542.6, 28606.7, 28801.9, 28870.2, 29050.9, 29676.4, 29786.1, 30166.5, 30429.1, 30586.2, 30855.3, 30894.9, 30978.2, 31893.0, 32885.3, 33183.2, 34043.1, 34674.1, 34793.0, 35300.6, 35778.1, 36310.5, 36395.4, 42137.6]"
4700,27135.493333333339,42256.947956712778,19984.228873674416,24265.600000000002,27455.700000000001,29652.209999999999,"[16814.8, 18135.9, 19395.8, 20181.1, 20379.0, 21388.0, 22554.5, 23426.9, 24103.2, 24335.2, 25474.7, 26077.7, 26866.7, 26932.8, 27284.7, 27626.7, 27780.2, 28156.6, 28347.7, 28973.2, 29638.5, 29684.2, 30045.8, 30396.0, 30960.8, 31918.9, 32838.6, 33668.3, 39043.1, 41635.2]"
4800,30694.626666666667,47799.434698714198,22605.391284526362,27250.379999999997,30676.050000000003,34024.759999999995,"[22659.7, 23256.1, 23400.2, 23419.5, 24409.4, 24418.8, 24816.7, 25523.6, 25534.4, 27985.8, 28045.6, 28406.0, 28554.5, 29393.0, 30287.2, 31064.9, 32311.9, 32664.1, 32682.8, 32853.4, 33753.2, 34658.4, 34853.2, 35355.8, 36707.8, 37163.7, 37178.9, 37371.6, 40682.9, 41425.7]"
4900,28220.98,43947.330107410315,20783.647322401903,24943.830000000002,27083.450000000001,32605.099999999999,"[17372.3, 18918.3, 21737.8, 22450.6, 23564.0, 24110.7, 24325.7, 24379.7, 24767.5, 25019.4, 25176.2, 25235.5, 25281.5, 26538.4, 27028.0, 27138.9, 28447.1, 28498.6, 30563.2, 32242.8, 32483.6, 32888.6, 33112.7, 33819.7, 33845.8, 34486.0, 34651.5, 35509.2, 35618.0, 37418.1]"
5000,29764.613333333331,46351.164547773551,21920.472861242284,26923.720000000001,28832.549999999999,31390.439999999995,"[17814.7, 22001.4, 22749.0, 24214.3, 24619.2, 25530.9, 25585.1, 25625.8, 26604.8, 27060.4, 27076.7, 27379.7, 28242.4, 28609.8, 28698.1, 28967.0, 29579.3, 30038.6, 30641.0, 30875.1, 30954.0, 32408.8, 33018.0, 33685.9, 35032.6, 35287.2, 36313.0, 36812.9, 43725.7, 43787.0]"
5100,26676.539999999997,41542.239479406293,19646.227705130979,24351.18,26365.25,28623.370000000003,"[16009.0, 18399.9, 21172.4, 22676.1, 22972.4, 23155.6, 23877.9, 24027.0, 24308.9, 24369.3, 25403.0, 25578.5, 25614.5, 26255.8, 26283.3, 26447.2, 26771.2, 27291.8, 27839.2, 28540.2, 28604.5, 28667.4, 29972.5, 30228.0, 31758.7, 31962.3, 32043.8, 32194.5, 32852.6, 35018.7]"
5200,29127.296666666669,45358.698448688607,21451.114078071445,23836.880000000001,28087.449999999997,31682.169999999998,"[18015.6, 21417.2, 21821.0, 22273.5, 22851.7, 23414.1, 23489.1, 23499.8, 23646.9, 23918.3, 25790.3, 26049.7, 26199.6, 26473.1, 27659.6, 28515.3, 30024.0, 30427.1, 30690.6, 30972.5, 31539.4, 32015.3, 32978.7, 33616.6, 36388.0, 37552.5, 38661.2, 39061.4, 42064.3, 42792.5]"
5300,28610.993333333336,44554.681259152443,21070.876878959985,26160.799999999999,29506.0,31085.379999999997,"[19138.3, 20070.9, 22650.4, 24523.0, 24529.3, 24851.4, 25109.5, 25511.5, 25939.6, 26255.6, 26845.9, 27038.5, 28763.2, 29069.1, 29321.3, 29690.7, 29814.2, 30095.8, 30317.0, 30393.8, 30981.1, 31328.7, 31661.9, 31766.3, 31837.6, 32061.8, 32647.1, 32667.6, 32739.4, 40709.3]"
5400,28657.693333333333,44627.405180009053,21105.26960132314,25574.019999999997,28326.550000000003,29958.259999999995,"[18710.0, 19654.3, 21741.3, 23860.1, 24123.2, 24264.3, 24419.0, 24987.9, 25171.1, 25746.7, 26898.0, 26921.4, 27699.3, 27989.3, 28264.7, 28388.4, 28862.3, 28904.4, 28986.9, 29446.7, 29687.3, 30590.5, 30738.2, 31972.8, 33945.3, 35133.8, 35831.8, 36434.6, 39405.1, 40952.1]"
5500,29266.309999999994,45575.177991543998,21553.491957688355,25443.59,27802.450000000001,31865.719999999994,"[20397.6, 21852.7, 23309.7, 24516.1, 24537.5, 24607.8, 24800.2, 25231.8, 25333.2, 25490.9, 25515.8, 25935.5, 26333.9, 26578.1, 27645.4, 27959.5, 27995.4, 29089.6, 30544.1, 31130.6, 31449.5, 32836.9, 33217.7, 33403.1, 34004.7, 36572.5, 36846.1, 37894.1, 38890.0, 44069.3]"
5600,29091.866666666672,45303.524818796752,21425.021269649038,26578.810000000001,28908.349999999999,31162.040000000001,"[19483.3, 20968.4, 22545.9, 22786.8, 23280.6, 24018.0, 25552.7, 26035.5, 26220.9, 26732.2, 26796.5, 26888.5, 27307.4, 27965.0, 28609.7, 29207.0, 29376.5, 29720.0, 30375.7, 30600.5, 31111.1, 31280.9, 31967.9, 32103.8, 34079.0, 35621.6, 35889.8, 37148.8, 38475.0, 40607.0]"
5700,30807.580000000005,47975.332113571254,22688.576994019433,28145.209999999999,30026.349999999999,32481.769999999997,"[17572.1, 23548.2, 24889.4, 26137.8, 26807.5, 27343.9, 27390.7, 27595.9, 27811.8, 28288.1, 28901.3, 29175.4, 29457.0, 29555.4, 29789.2, 30263.5, 30798.6, 31156.5, 32075.7, 32081.5, 32221.1, 33090.0, 33983.0, 34486.7, 34516.7, 37245.4, 37908.8, 37916.1, 40846.6, 41373.5]"
5800,29192.536666666667,45460.293921851036,21499.160784858857,25303.419999999998,29631.200000000001,32318.110000000001,"[14947.4, 20465.1, 20666.3, 22994.1, 23391.6, 23415.8, 24494.7, 24865.3, 25237.2, 25331.8, 26786.1, 27003.5, 27764.9, 28801.6, 29470.9, 29791.5, 30359.5, 31255.2, 31982.7, 32170.3, 32248.0, 32481.7, 33896.6, 34500.9, 34622.5, 34889.8, 36022.6, 36150.6, 39876.0, 39891.9]"
5900,29199.373333333337,45470.940371649536,21504.195722301178,26486.220000000001,28036.450000000001,31912.040000000001,"[20775.0, 23269.9, 23827.9, 24031.8, 24726.4, 24733.9, 24822.5, 25122.7, 26203.7, 26607.3, 26864.0, 27123.3, 27156.2, 27260.3, 27908.2, 28164.7, 28758.4, 30197.6, 30742.2, 31273.9, 31870.7, 32008.5, 32114.3, 34795.4, 34814.1, 35072.4, 35078.2, 35100.8, 37257.6, 38299.3]"
6000,28182.586666666673,43887.54180473891,20755.372134951602,24852.670000000002,27090.5,30143.25,"[16978.9, 18746.8, 21266.7, 21400.8, 21832.1, 22714.9, 22916.6, 23663.8, 24799.4, 24875.5, 24893.5, 25583.9, 25792.3, 26482.8, 27078.3, 27102.7, 29092.4, 29306.8, 29871.9, 30052.2, 30117.0, 30204.5, 30765.9, 31103.6, 34904.6, 35170.8, 38063.7, 39065.2, 40501.3, 41128.7]"
6100,29195.099999999999,45464.285691668214,21501.048579541035,26720.709999999999,28223.050000000003,31458.900000000001,"[21696.9, 23243.0, 23852.2, 24125.8, 24217.4, 25891.8, 25915.6, 26092.7, 26596.6, 26773.9, 26914.1, 27215.7, 27224.0, 27517.7, 28153.9, 28292.2, 28653.2, 29794.0, 30158.4, 30226.6, 31428.0, 31531.0, 31752.5, 33213.4, 34498.3, 34589.4, 35399.7, 35634.5, 37168.2, 38082.3]"
6200,30781.42666666667,47934.604641548343,22669.31608754825,28173.849999999999,30663.299999999999,33074.0,"[17658.9, 23051.2, 23676.2, 23783.3, 26494.2, 26664.0, 27763.5, 27985.0, 28123.8, 28195.3, 28553.4, 29181.4, 29949.6, 30005.2, 30262.5, 31064.1, 31444.3, 31976.7, 32012.9, 32408.2, 32967.5, 33322.5, 33610.0, 34451.3, 34770.4, 35385.3, 37471.6, 37778.4, 40289.2, 43142.9]"
6300,30509.406666666666,47510.9994819891,22468.98400323934,27193.040000000001,29726.099999999999,33185.050000000003,"[21379.3, 22426.5, 22822.2, 23880.9, 24583.6, 25745.9, 26491.3, 26747.9, 27132.7, 27218.9, 27785.1, 27907.7, 28018.4, 28809.2, 29595.8, 29856.4, 30645.7, 31691.8, 31847.9, 32296.7, 32911.9, 33822.4, 34368.6, 34560.5, 36181.2, 36695.4, 37950.1, 38366.9, 41247.7, 42293.6]"
6400,28845.156666666662,44919.333844181419,21243.329009815749,24367.23,27879.75,32222.840000000004,"[19564.7, 19839.2, 21565.7, 22242.1, 23110.2, 23212.7, 23565.8, 23723.1, 23726.1, 24642.0, 26216.3, 26221.6, 26634.8, 27261.4, 27869.8, 27889.7, 27989.4, 28288.8, 30296.5, 30910.2, 32132.9, 32432.7, 32847.2, 33160.2, 33333.6, 34148.7, 34258.9, 41168.6, 43037.3, 44064.5]"
6500,29843.469999999998,46473.964675946634,21978.547710132021,27406.690000000002,29999.599999999999,32590.229999999996,"[17736.0, 20214.9, 22094.1, 22115.9, 23050.9, 24319.2, 25146.0, 25495.2, 26996.0, 27582.7, 27784.1, 27880.4, 29251.4, 29504.7, 29938.4, 30060.8, 30280.4, 30360.7, 30641.4, 31061.0, 32512.5, 32771.6, 33996.1, 35282.6, 35424.1, 36199.5, 36660.1, 37675.4, 41253.9, 42014.1]"
6600,28069.77,43711.857215060678,20672.287075109984,25078.409999999996,27781.950000000001,29994.009999999998,"[21108.4, 21825.9, 23364.6, 23610.3, 23655.7, 24207.6, 24504.5, 24773.7, 24790.5, 25201.8, 25334.5, 26593.7, 26908.2, 27224.6, 27536.4, 28027.5, 28041.5, 28494.9, 28499.0, 28709.6, 29822.2, 30394.9, 30918.2, 32340.4, 32607.8, 32899.2, 33248.9, 33688.6, 33763.7, 39996.3]"
6700,28622.346666666672,44572.361321567696,21079.238164639421,25303.169999999998,28331.75,31318.679999999997,"[19231.9, 19432.2, 20342.1, 20627.5, 21631.1, 21746.0, 22335.7, 25142.9, 25214.2, 25341.3, 26006.9, 27007.7, 28000.4, 28045.3, 28277.8, 28385.7, 29943.3, 30083.6, 30707.0, 30903.0, 31178.7, 31645.3, 32845.3, 33774.3, 35088.7, 35841.9, 36455.1, 36524.1, 36889.6, 40021.8]"
6800,30206.303333333341,47038.989571395774,22245.760260398227,26591.579999999998,28535.199999999997,32718.18,"[20728.3, 22328.6, 23097.2, 24686.8, 26155.3, 26231.9, 26259.8, 26305.8, 26415.6, 26667.0, 27035.8, 27342.8, 27394.5, 27560.5, 28244.1, 28826.3, 30417.5, 31162.6, 31531.3, 31887.4, 32692.8, 32777.4, 33202.0, 34857.8, 34900.1, 36684.5, 37249.7, 39921.4, 41730.2, 41894.1]"
6900,29216.090000000004,45496.972524618555,21516.506893082849,25954.599999999999,28890.049999999999,32176.669999999998,"[18112.7, 19052.2, 21957.5, 22064.8, 23300.8, 23476.6, 24892.9, 25217.8, 25865.0, 25993.0, 26136.3, 26440.0, 26575.3, 26624.5, 27447.5, 30332.6, 30397.6, 30736.9, 30897.7, 31057.4, 32167.1, 32199.0, 34227.0, 34490.6, 34664.3, 35090.0, 35473.8, 39988.0, 40743.5, 40860.3]"
7000,29427.260000000002,45825.818571027346,21672.02533379864,26960.279999999999,29389.099999999999,32205.709999999999,"[20230.1, 21650.0, 22051.9, 23054.1, 23396.8, 23436.1, 24071.8, 26590.7, 26937.6, 26970.0, 27618.9, 27904.3, 28141.4, 28252.1, 29253.7, 29524.5, 29620.0, 30883.5, 31197.2, 31934.0, 32044.4, 32582.1, 32656.7, 33069.1, 33709.4, 34326.0, 35962.5, 35962.6, 38902.7, 40883.6]"
7100,29172.099999999999,45428.46877133198,21484.109979661964,26299.699999999997,27987.5,30371.300000000003,"[19013.0, 20298.3, 20938.4, 22689.2, 23477.6, 23957.1, 25746.8, 25776.8, 26184.2, 26349.2, 26576.9, 26676.9, 26689.7, 27001.1, 27932.9, 28042.1, 28217.1, 28401.0, 29855.1, 30083.5, 30328.4, 30471.4, 30729.9, 33702.3, 34305.9, 36348.0, 38418.8, 38505.8, 40030.3, 48415.3]"
7200,29952.719999999998,46644.095047543735,22059.006059557603,25095.219999999998,28845.799999999999,33037.959999999992,"[21311.7, 22220.4, 22773.6, 24206.8, 24232.2, 24266.2, 24347.3, 24425.6, 24508.2, 25346.8, 26017.0, 26479.1, 27881.1, 28034.2, 28538.6, 29153.0, 29639.0, 31124.1, 31305.9, 32075.8, 32383.3, 34565.5, 34655.5, 34872.7, 37147.7, 37592.5, 38597.1, 38991.6, 39528.8, 42360.3]"
7300,29809.223333333328,46420.633800651776,21953.326380399038,26102.709999999999,29199.799999999999,32835.43,"[20171.6, 23172.2, 24306.9, 24426.1, 24668.3, 24971.8, 25439.6, 25651.8, 26045.1, 26127.4, 26407.5, 27553.6, 27584.0, 29002.8, 29110.5, 29289.1, 29320.3, 29873.6, 29946.0, 32099.0, 32788.3, 32945.4, 33100.6, 34484.7, 35147.6, 35371.5, 35865.4, 36300.8, 37747.3, 45357.9]"
7400,29828.013333333332,46449.894667309083,21967.164480039377,26909.060000000001,28609.700000000001,31742.969999999998,"[19548.9, 21150.8, 21989.5, 22113.4, 23021.1, 23672.8, 25982.3, 26027.3, 26681.7, 27006.5, 27489.4, 27981.9, 28211.1, 28461.3, 28602.0, 28617.4, 29856.9, 30305.9, 30746.3, 31027.9, 31227.9, 32944.8, 33250.3, 33655.2, 33980.8, 34568.2, 34885.8, 39398.4, 39701.3, 52733.3]"
7500,28281.466666666671,44041.523417036595,20828.193385214316,26456.510000000002,28879.400000000001,29693.189999999999,"[18744.8, 19643.6, 22103.6, 22720.5, 23824.8, 24672.9, 25038.8, 26070.8, 26107.7, 26606.0, 26908.5, 27635.2, 28343.0, 28636.5, 28859.5, 28899.3, 29032.0, 29324.6, 29393.4, 29400.1, 29463.3, 30229.6, 30379.6, 30632.8, 31097.0, 32141.3, 32317.0, 32694.2, 33535.7, 43987.9]"
7600,28952.336666666666,45086.240692948282,21322.262885252218,25132.709999999999,28710.450000000001,31791.769999999997,"[20360.2, 22233.0, 22294.2, 22576.4, 22684.2, 23107.3, 24453.3, 24754.3, 24891.7, 25236.0, 25531.9, 27344.8, 27610.6, 27625.2, 28329.2, 29091.7, 29597.4, 29624.4, 29849.9, 30276.6, 31762.1, 31861.0, 32194.9, 32755.4, 33565.9, 34134.4, 36303.4, 37740.8, 39601.9, 41178.0]"
7700,29827.560000000001,46449.188710618408,21966.830617780895,27285.34,28482.150000000001,30833.119999999999,"[20646.8, 23577.7, 24048.1, 25500.9, 25890.1, 26182.7, 26722.9, 26735.7, 27169.0, 27335.2, 27804.0, 28047.0, 28095.3, 28137.2, 28406.2, 28558.1, 29793.8, 29851.5, 30088.4, 30105.9, 30666.5, 31221.9, 31976.6, 33753.2, 34236.5, 34586.4, 35585.3, 38719.8, 39318.1, 42066.0]"
7800,28542.413333333338,44447.884546254238,21020.370392885787,24122.919999999998,26422.049999999999,32102.449999999993,"[20733.3, 21460.8, 21466.1, 22224.8, 22333.6, 22747.4, 23001.1, 23363.3, 23552.7, 24367.3, 24681.2, 25336.0, 25882.3, 26128.4, 26337.8, 26506.3, 26807.6, 30361.5, 30967.1, 31516.8, 31582.1, 33316.6, 33468.6, 33623.9, 34769.0, 36645.3, 37206.0, 37581.2, 38948.8, 39355.5]"
7900,29475.343333333331,45900.69669796215,21707.436827024085,27991.66,29394.200000000001,30807.699999999997,"[21651.4, 22210.4, 23090.5, 24066.7, 24741.3, 26174.0, 26270.7, 26393.7, 27352.7, 28265.5, 28633.2, 28729.1, 29105.1, 29185.4, 29278.0, 29510.4, 30154.3, 30180.0, 30208.8, 30511.7, 30598.9, 31294.9, 31497.6, 31994.2, 32421.1, 33746.3, 33775.7, 35625.9, 37787.5, 39805.3]"
8000,30785.840000000004,47941.477337566481,22672.566334829389,28899.870000000003,30944.200000000001,32552.950000000004,"[23281.3, 23329.6, 25401.9, 25416.4, 26083.4, 26875.8, 27288.3, 28110.2, 28357.3, 29132.4, 29232.3, 29796.5, 30210.6, 30454.0, 30911.9, 30976.5, 31215.7, 31284.8, 31517.3, 31821.3, 32539.9, 32583.4, 32643.5, 33661.7, 33702.7, 33970.8, 35046.3, 37671.9, 40089.6, 40967.9]"
8100,29927.076666666668,46604.161776797853,22040.120748127218,26944.100000000002,28788.75,31002.369999999995,"[20684.1, 22165.8, 22642.9, 23278.3, 24267.5, 24403.5, 24879.1, 25839.7, 26537.4, 27118.4, 27628.2, 27840.6, 28051.8, 28660.2, 28697.6, 28879.9, 29005.3, 29199.6, 29233.9, 30317.8, 30360.4, 32500.3, 34203.3, 35630.0, 35804.0, 35992.0, 37637.1, 38301.7, 43556.2, 44495.7]"
