generation,agents,minScore,maxScore,meanScore,standardDeviation,w0,w1,w2,w3,w4,w5,w6,w7,w8,w9,w10,w11,w12,w13,w14,w15,w16,w17,w18,w19,w20,w21
0,100,0,16,4.33333,3.65148,-3.72355,2.75604,-4.80829,0.922646,-1.56523,0.0445516,-5.31399,-0.866009,-2.67291,-0.315329,0.662137,-7.21691,-0.524464,-0.261929,3.52893,-2.34405,2.66791,-8.77378,-2.54864,1.58326,-0.718644,-7.44872
1,200,7,43,19.6333,7.30368,-6.89862,7.43891,-7.11923,-1.36445,-2.11952,-0.714301,-4.52136,0.73426,-6.71829,-0.0290404,-0.00160848,-7.57705,0.510513,-3.62336,3.52889,-3.10617,0.838538,-11.4632,-8.6445,-5.58379,-7.67518,-10.7274
2,300,18,88,43.0667,15.3149,-8.75865,5.87916,-9.48265,-2.20669,-9.79184,-2.34016,-7.33937,-1.0371,-9.90241,-1.923,-4.90675,-7.50223,1.14363,-3.29691,-6.35804,-8.75328,-10.3658,-10.3758,-8.74927,-11.997,-16.8058,-14.38
3,400,13,68,35.9333,12.8115,-6.40919,6.78124,-11.6763,-3.30685,-3.93672,-7.45895,-13.1062,-2.37496,-2.93121,-0.101577,-9.50597,-7.16806,-3.88479,-9.53327,-8.5033,-7.44859,-15.0185,-8.70363,-9.0472,-14.852,-24.0532,-14.3652
4,500,13,105,51.4,24.2254,-4.95538,4.73499,-13.5696,-4.99955,-7.84364,-6.89294,-13.1114,-1.61485,-5.02223,-6.00226,-10.4775,-7.68293,-2.5232,-12.4409,-7.47554,-8.6991,-11.1307,-9.84947,-9.60786,-19.1867,-24.7391,-17.3419
5,600,15,99,44.8,20.906,-3.6024,4.13186,-14.7651,-5.37114,-11.1722,-5.85964,-13.7689,-3.69429,-8.90616,-1.77685,-12.2742,-8.99495,-3.57014,-17.0907,-8.24966,-11.5154,-9.42783,-12.493,-10.0581,-17.9014,-28.2197,-18.0902
6,700,29,106,52.0667,17.5812,-2.50803,6.08981,-14.0839,-5.86297,-11.2306,-6.45558,-13.0591,-3.51454,-8.72264,-3.31832,-12.476,-8.26157,-4.12659,-15.986,-9.64743,-9.75296,-9.90491,-10.8109,-8.45114,-22.7884,-26.798,-20.2316
7,800,21,176,67.3,36.1941,-1.13987,5.50012,-15.1487,-6.23746,-10.828,-7.05038,-13.4299,-4.74993,-9.31265,-4.16918,-13.3322,-7.49294,-3.18977,-12.3546,-10.5725,-9.51172,-11.8835,-9.44608,-8.80082,-21.9272,-23.3907,-21.4078
8,900,25,135,67.5,27.4034,-2.26333,4.94986,-15.0214,-4.77004,-12.9924,-6.11257,-13.9848,-2.72068,-9.0716,-5.13363,-12.1381,-7.71671,-1.17384,-10.9674,-11.6095,-9.39382,-11.6306,-10.0349,-8.55407,-20.8041,-24.1176,-21.2723
9,1000,26,125,67.6,26.786,-3.71782,4.54223,-15.4682,-6.33167,-15.2649,-5.80692,-14.5174,-4.05577,-11.7655,-8.38959,-9.98151,-6.32901,-4.68716,-12.0299,-11.3962,-7.02589,-10.2936,-9.17442,-9.32978,-20.5613,-24.2013,-24.1373
10,1100,28,187,77.2,34.3405,-6.75235,5.08523,-16.1125,-6.96007,-14.5549,-6.77067,-12.48,-4.202,-10.9041,-9.47582,-12.771,-6.83606,-9.4543,-12.0825,-11.2644,-5.41679,-10.665,-10.4097,-9.86638,-17.5345,-22.5782,-26.8961
11,1200,30,197,89.9667,48.0585,-5.70183,3.68433,-15.3919,-7.70079,-14.9782,-9.02405,-11.4218,-6.15294,-11.0076,-7.40141,-12.1349,-5.25728,-7.16708,-9.62615,-10.293,-5.09934,-10.54,-9.63172,-10.6371,-16.2577,-21.8931,-29.1139
12,1300,25,294,96.0667,57.7712,-6.67002,3.48807,-16.7853,-9.01175,-14.5029,-9.34059,-11.524,-5.08966,-12.7341,-9.44447,-11.8501,-5.08131,-5.94023,-11.1499,-10.4743,-3.48842,-8.48709,-13.4081,-11.1891,-16.7258,-20.5982,-28.9022
13,1400,2,232,88.2,50.5606,-4.81565,1.92674,-19.3585,-9.0999,-15.2379,-10.2424,-11.2981,-9.11777,-12.649,-11.1653,-12.4577,-6.93924,-8.44357,-7.95056,-12.336,-4.60793,-9.26637,-12.3036,-12.2718,-14.8537,-21.8278,-30.5685
14,1500,29,222,90.3,48.911,-7.34205,1.87548,-19.0258,-9.18959,-15.0226,-9.59229,-11.2758,-13.3918,-11.1549,-10.8612,-10.2625,-10.6271,-8.50695,-6.70765,-12.6205,-5.37063,-10.7636,-8.06429,-12.5646,-16.1714,-21.5021,-31.5261
15,1600,51,216,114.033,46.8972,-8.01838,1.35175,-19.8259,-9.31784,-15.7711,-11.8699,-10.944,-12.063,-11.1751,-9.1181,-8.80787,-10.2005,-9.76825,-7.21942,-11.8626,-6.82244,-11.593,-7.23597,-13.086,-15.8694,-21.8768,-34.0273
16,1700,13,170,85.9,39.0644,-8.77622,1.18163,-20,-8.82231,-16.2171,-10.4525,-10.6093,-12.2561,-10.1164,-9.66295,-8.96418,-11.1843,-10.2947,-8.19879,-12.3638,-6.59069,-12.7885,-10.0932,-14.0088,-14.7836,-22.1966,-34.728
17,1800,36,236,104,52.9658,-8.92524,0.367841,-18.6979,-9.74494,-16.3629,-10.6637,-10.9121,-11.1902,-11.8238,-10.5098,-7.4234,-11.1928,-10.287,-6.98519,-12.061,-5.50377,-12.2677,-7.8435,-15.7554,-14.5495,-23.0453,-36.671
18,1900,31,263,104.8,56.031,-8.07542,1.44527,-17.7995,-11.132,-16.6772,-10.4528,-10.2205,-9.9398,-14.1031,-8.82783,-7.04699,-10.6722,-10.8132,-6.097,-12.6337,-3.88394,-13.1915,-6.25196,-15.3966,-17.479,-23.1152,-37.1954
19,2000,19,311,109.767,63.0761,-7.57,0.513072,-17.8991,-11.1315,-13.825,-9.49671,-10.6886,-9.67797,-13.283,-9.95248,-5.47365,-8.83009,-11.3405,-5.76439,-12.0998,-4.04937,-12.7433,-6.58939,-13.4802,-14.1627,-21.52,-38.233
20,2100,21,388,134.367,78.5004,-5.84685,0.2069,-17.8204,-8.50633,-13.9727,-7.75365,-9.61903,-11.0874,-13.9752,-10.4084,-6.14943,-7.34712,-10.3303,-4.37622,-11.6391,-3.73294,-14.8181,-5.44196,-12.8045,-13.1932,-22.1364,-39.3906
21,2200,13,350,128.633,75.3417,-5.21938,-2.15826,-18.6345,-8.61457,-13.8806,-7.29163,-10.7094,-10.1584,-14.576,-11.571,-6.20133,-7.3817,-9.42967,-4.01424,-10.2476,-5.53215,-13.8144,-6.23014,-12.6612,-10.9532,-19.873,-40.9126
22,2300,11,398,156.867,90.3338,-6.44327,-1.97922,-18.4101,-9.28786,-14.2628,-8.52813,-10.1118,-12.373,-13.5542,-12.1963,-5.27668,-8.32527,-6.28004,-4.11807,-10.6265,-5.00008,-14.5184,-8.52137,-11.7896,-11.3795,-19.058,-41.7496
23,2400,36,469,144.833,93.9909,-4.29205,-2.524,-17.1251,-9.94281,-13.8133,-9.55176,-10.2218,-13.0624,-15.2606,-11.967,-4.98694,-7.91653,-7.09048,-2.92202,-9.45705,-7.20872,-14.6892,-8.35579,-10.542,-13.9984,-18.308,-41.8598
24,2500,48,679,165.867,119.845,-4.32057,-0.307937,-17.86,-10.055,-14.4194,-9.10424,-9.25663,-14.5811,-12.881,-11.9331,-5.48733,-8.88174,-4.35423,-3.96344,-7.9857,-5.92464,-14.266,-7.96246,-10.6951,-15.3528,-19.5118,-41.9106
25,2600,54,617,175.233,129.005,-4.81098,-0.217188,-16.0519,-9.98407,-11.4858,-9.17258,-9.81299,-13.5803,-11.7037,-10.7905,-4.25837,-9.25873,-5.30299,-4.72293,-7.62201,-5.8498,-14.6321,-7.71454,-9.82446,-13.6134,-17.3973,-42.157
26,2700,76,1086,264.667,211.318,-4.24175,-0.670917,-15.4386,-8.67706,-10.583,-11.1978,-9.53728,-13.4211,-8.71648,-11.4535,-3.06868,-9.7719,-3.81888,-4.66841,-6.69626,-6.7455,-14.0817,-7.06677,-9.65602,-13.8013,-16.8168,-44.2004
27,2800,54,869,279.467,200.647,-4.39667,-1.81269,-16.3335,-8.73341,-9.2786,-11.2344,-9.61791,-13.6455,-6.66129,-11.5393,-2.77323,-9.52311,-3.95461,-5.5639,-7.98522,-5.39211,-12.7333,-8.49525,-8.10065,-15.3054,-15.8978,-43.8929
28,2900,28,764,227.367,193.999,-7.01077,-1.7479,-17.1453,-9.00434,-9.90278,-11.346,-8.20303,-12.4767,-7.86355,-14.673,-2.60623,-11.179,-6.05256,-5.99545,-6.88716,-8.74187,-12.2692,-9.70172,-9.09944,-15.5248,-12.4296,-46.0139
29,3000,53,831,243.533,173.373,-7.59791,-0.972337,-16.2869,-7.90917,-9.66513,-13.3347,-7.09878,-11.5665,-7.84214,-13.723,-1.80521,-13.2959,-7.24174,-6.15184,-6.836,-9.89181,-13.2984,-10.0426,-9.00409,-14.0918,-14.0843,-46.928
30,3100,43,800,222.9,166.121,-7.82253,-0.948093,-15.754,-9.09245,-10.2153,-14.5167,-6.98808,-10.1754,-8.92957,-15.3214,-1.54762,-10.6644,-7.10981,-5.08716,-7.91449,-8.91347,-13.1007,-9.1221,-8.09921,-13.7969,-14.8568,-45.2581
31,3200,53,554,223.633,145.884,-7.72904,0.102058,-16.3122,-9.06355,-8.40277,-13.742,-8.45415,-10.77,-8.20607,-14.1975,-3.21798,-11.6183,-7.46914,-4.97661,-7.33534,-10.4574,-13.0242,-9.88797,-9.23319,-12.3061,-15.1322,-46.7311
32,3300,47,594,209.167,152.361,-9.41754,0.95826,-15.7007,-8.76592,-8.34385,-13.5439,-8.17475,-10.2222,-8.09393,-14.1833,-2.385,-12.6857,-7.57941,-4.36431,-7.02194,-10.2453,-13.63,-10.1627,-9.74631,-12.6095,-13.9407,-45.726
33,3400,73,731,262.233,159.289,-8.53545,1.79711,-15.4448,-8.24256,-10.5463,-13.6872,-8.38142,-9.87547,-7.84125,-13.4609,-0.694248,-14.1122,-7.60563,-4.87341,-7.17773,-9.49254,-11.8865,-10.5164,-9.93935,-12.4489,-13.9147,-46.8062
34,3500,46,921,268.1,218.33,-10.0367,2.46276,-15.6604,-8.11544,-10.7576,-13.2256,-8.36101,-10.6983,-8.70312,-13.7219,-0.825296,-12.3161,-7.9541,-5.13174,-9.663,-9.49561,-12.2289,-11.991,-7.76979,-9.66392,-13.309,-46.9454
35,3600,9,787,271.767,178.283,-8.90185,2.7569,-15.8471,-7.79877,-12.7606,-13.0254,-9.56488,-10.1393,-7.76185,-13.3197,0.253526,-11.8423,-7.13776,-5.25823,-9.64415,-9.67808,-11.4097,-12.2807,-8.58795,-9.52631,-12.9958,-47.3609
36,3700,16,1588,333.967,366.289,-6.84683,1.56162,-15.1123,-7.66981,-12.2124,-14.0865,-10.1214,-9.93172,-7.25784,-13.7133,0.670776,-13.1281,-6.12281,-5.22622,-11.4738,-8.86943,-10.5761,-11.7854,-8.15453,-8.90497,-13.6812,-47.4288
37,3800,55,1039,321.167,237.305,-7.25703,1.27633,-15.6893,-7.46779,-12.8409,-13.8114,-9.63006,-10.6224,-7.58765,-13.3899,-0.368086,-14.1208,-6.0464,-5.93487,-10.7564,-7.06311,-10.5746,-11.3523,-7.22606,-10.111,-12.922,-47.7762
38,3900,51,860,289.967,178.739,-8.27876,1.52516,-16.3626,-7.50565,-11.588,-15.014,-10.0495,-10.424,-6.61608,-13.9679,-1.03651,-13.9698,-7.20193,-5.71731,-11.0211,-11.3076,-11.263,-9.00051,-7.64904,-11.5244,-13.1048,-48.248
39,4000,46,978,307.133,216.156,-7.90417,1.73853,-16.4451,-7.17569,-10.2149,-14.6656,-10.2637,-10.9931,-6.54326,-15.5372,-1.19761,-13.6411,-7.13938,-5.22754,-9.51302,-12.3581,-9.62176,-7.99262,-7.62358,-11.8148,-12.824,-49.917
40,4100,92,941,283,175.705,-7.64495,2.21255,-16.8685,-6.57495,-9.73473,-14.2408,-10.8006,-11.3841,-7.38903,-14.0013,-1.32715,-12.6618,-6.96544,-5.59777,-9.6433,-11.433,-8.6616,-8.04675,-7.80928,-12.0512,-13.3919,-51.4251
41,4200,28,809,249.233,188.424,-8.08279,2.00615,-17.1902,-5.79748,-9.31266,-12.4272,-9.06688,-11.8301,-7.84206,-14.961,-0.154667,-13.3973,-7.03098,-5.55702,-10.665,-11.5287,-8.83522,-8.2188,-8.17135,-11.6656,-13.379,-52.327
42,4300,54,690,301.167,155.431,-7.22501,1.60336,-17.7916,-5.4495,-9.15855,-12.1255,-8.44933,-12.0383,-8.19908,-14.4123,-0.0441307,-13.3907,-7.09737,-4.82866,-11.0012,-9.67147,-8.56473,-8.3393,-7.03895,-10.3348,-12.3046,-53.2307
43,4400,24,1292,267.067,243.936,-7.48915,1.60695,-18.3027,-4.78816,-9.40204,-12.1068,-8.11365,-12.1274,-8.29967,-14.9411,-0.553898,-13.06,-6.64281,-5.16153,-11.6502,-10.1542,-8.5465,-8.14974,-5.92862,-10.5567,-11.7894,-53.5053
44,4500,48,706,261.567,178.184,-9.16692,2.80634,-18.7399,-4.88108,-9.93008,-12.5193,-6.94901,-12.1567,-8.19925,-14.5556,-0.455898,-13.1232,-6.41363,-5.00003,-10.24,-10.7753,-9.63909,-9.11655,-6.58153,-10.3075,-10.5516,-53.2336
45,4600,7,2120,333.467,393.23,-8.52996,2.89424,-19.3851,-5.17048,-9.66863,-12.1005,-6.89672,-12.6296,-8.79529,-14.2554,0.231967,-13.6884,-6.23357,-4.12382,-8.55142,-11.4724,-9.07966,-9.51039,-6.97629,-9.63973,-10.1363,-53.6484
46,4700,54,655,252.633,163.955,-11.4798,2.33066,-19.3662,-5.56211,-9.55202,-12.3142,-6.98116,-12.7337,-9.33583,-14.2949,0.513283,-13.8612,-5.0937,-4.27141,-7.36461,-12.1892,-10.1894,-10.1778,-6.83121,-9.48284,-9.32306,-53.2303
47,4800,32,574,188.4,132.472,-10.3156,2.32106,-19.8893,-5.52844,-9.21489,-12.729,-7.04865,-11.6603,-9.36138,-14.3672,1.47273,-13.8419,-5.18844,-4.58817,-7.65004,-11.6374,-10.4556,-9.49022,-5.23475,-9.65643,-9.69533,-53.3945
48,4900,86,1454,328.967,256.217,-9.59663,2.71635,-19.6023,-6.0793,-9.2246,-12.5812,-7.49069,-11.6995,-9.5635,-14.8313,1.46003,-13.7029,-4.69451,-4.6335,-8.60919,-11.6683,-9.89005,-10.8771,-5.5541,-9.90168,-9.11869,-53.0436
49,5000,36,641,206.367,126.789,-8.79995,3.04258,-20.0833,-6.62431,-9.4527,-12.4384,-7.35423,-11.7311,-9.73406,-15.0012,0.56757,-14.0051,-5.47073,-4.58468,-8.5674,-10.7211,-10.6875,-11.5921,-5.43442,-10.0327,-9.274,-54.1016
50,5100,32,975,309.867,224.769,-10.3885,3.27027,-21.5998,-6.65339,-9.439,-12.4534,-7.38595,-11.4602,-9.42946,-14.8655,0.0102216,-13.8296,-5.86284,-4.79863,-7.80364,-10.3939,-10.6319,-12.0636,-6.15057,-10.1813,-9.37075,-53.8713
51,5200,50,814,276.333,205.164,-9.74513,2.77207,-21.5811,-6.99725,-8.97274,-12.5469,-7.44583,-11.5204,-9.42808,-15.199,-0.0840478,-13.6963,-6.09332,-4.47203,-9.89625,-9.6918,-10.5101,-12.136,-6.14572,-10.3966,-9.53744,-54.3888
52,5300,18,720,252.233,184.425,-10.0088,3.09011,-21.0252,-7.10948,-9.105,-12.7633,-7.4012,-11.0107,-9.72999,-14.7792,0.0410831,-13.7587,-6.66044,-4.81652,-10.2407,-9.8052,-10.7369,-12.4121,-6.14064,-9.72028,-9.35823,-54.6844
53,5400,4,1157,376.367,269.685,-11.055,3.09652,-19.9824,-7.40871,-9.09679,-12.2436,-7.46643,-10.831,-9.42347,-15.0347,0.365528,-13.6135,-6.24542,-4.89227,-10.4028,-9.84962,-10.9925,-12.5003,-6.08719,-10.3131,-9.36555,-54.7619
54,5500,38,677,253.7,158.322,-11.0273,2.80394,-19.2453,-7.62533,-9.19912,-12.4083,-7.34558,-11.0297,-9.24344,-15.0896,0.490757,-13.7054,-6.34175,-4.86231,-10.7308,-9.75197,-10.9031,-12.3635,-5.82089,-10.1453,-9.38419,-54.9116
55,5600,27,1101,394.3,276.102,-11.2641,2.49811,-19.4007,-7.36769,-9.15435,-12.4948,-6.93562,-11.0716,-9.15501,-15.0623,0.724434,-13.6529,-6.29932,-4.90152,-10.5785,-9.80758,-10.4297,-12.2338,-6.21221,-10.7438,-9.30242,-54.5049
56,5700,98,621,316.233,143.699,-11.1798,2.54344,-20.2244,-7.84537,-9.14317,-12.4697,-7.01238,-11.2447,-9.22137,-14.888,1.03247,-13.7876,-6.32791,-4.9384,-11.0604,-9.7873,-10.297,-12.2235,-6.40897,-10.8791,-9.28616,-54.3171
57,5800,28,768,272.633,206.825,-11.3131,2.56083,-20.5905,-8.2815,-9.03688,-12.5891,-7.10584,-11.162,-9.03968,-14.8638,0.696912,-13.974,-6.11246,-4.97734,-10.5944,-9.5779,-10.2824,-12.155,-6.57023,-10.9561,-9.36792,-54.3388
58,5900,59,748,306.2,220.12,-11.2179,2.21359,-19.4019,-8.06468,-9.07659,-12.621,-6.77147,-11.206,-8.99846,-14.8441,0.493738,-14.2251,-6.41672,-4.94586,-10.6559,-9.59569,-10.291,-12.1696,-6.65165,-11.1539,-9.448,-54.5153
59,6000,50,761,320.767,200.809,-11.3332,2.50336,-18.8431,-7.87406,-9.11896,-12.6841,-7.04395,-10.9233,-8.99806,-14.8702,0.415027,-13.9302,-6.38663,-4.9636,-10.6646,-9.53933,-10.2921,-12.1767,-6.70929,-11.0195,-9.4621,-54.5847
60,6100,45,938,357.733,214.108,-11.5217,2.46613,-19.4221,-7.90497,-9.12305,-12.5285,-7.07274,-10.8592,-8.99418,-14.8899,0.4659,-14.2147,-6.44847,-4.86442,-10.5098,-9.5837,-10.3473,-12.1548,-6.63944,-11.0541,-9.46199,-54.5928
61,6200,23,1126,320.433,235.15,-11.4263,2.41975,-18.697,-8.04466,-9.06444,-12.4719,-7.19268,-10.9348,-8.95133,-14.9214,0.76236,-14.3793,-6.50615,-4.88401,-10.6259,-9.65037,-10.4171,-12.2405,-6.64812,-11.078,-9.44024,-54.585
62,6300,53,1048,333.267,264.04,-10.9045,2.46612,-18.7825,-8.15669,-9.11121,-12.5374,-7.0546,-10.5701,-8.94328,-14.9676,0.847317,-14.3425,-6.30207,-4.87288,-10.7215,-9.64495,-10.3246,-12.2128,-6.73067,-11.099,-9.46421,-54.5163
63,6400,41,1535,326.733,307.022,-10.8078,2.5057,-18.7896,-8.19106,-9.10034,-12.5519,-7.07689,-10.6641,-8.91469,-14.9658,0.765132,-14.2037,-6.52145,-4.85832,-10.9206,-9.58705,-10.4369,-12.1703,-6.71394,-11.2147,-9.48552,-54.7048
64,6500,29,786,317.6,209.392,-10.7182,2.53628,-18.1061,-8.13734,-9.11163,-12.6305,-6.94361,-10.5091,-8.93999,-14.9574,0.874174,-14.4667,-6.48951,-4.86555,-11.0757,-9.66587,-10.3321,-12.1501,-6.7247,-11.161,-9.52454,-54.5793
65,6600,37,1101,264.867,212.224,-11.0102,2.56936,-18.1489,-8.17086,-9.12477,-12.6632,-6.91322,-10.5975,-8.92949,-15.0003,0.898939,-14.5753,-6.43726,-4.83624,-11.2299,-9.60722,-10.4188,-12.1099,-6.79156,-11.1061,-9.52817,-54.5224
66,6700,16,683,274.433,170.429,-11.072,2.38271,-18.1258,-8.17569,-9.12296,-12.5995,-6.92926,-10.7089,-8.9068,-15.0317,1.00889,-14.5836,-6.46028,-4.82033,-11.1594,-9.52485,-10.4399,-12.1029,-6.7851,-11.1386,-9.57226,-54.6302
67,6800,37,1577,321.667,291.355,-11.1172,2.43957,-18.1129,-8.16999,-9.12131,-12.6165,-6.92369,-10.5576,-8.8773,-15.012,1.01172,-14.794,-6.50397,-4.81926,-11.1729,-9.50851,-10.4255,-12.2413,-6.76442,-11.0534,-9.33469,-54.6473
68,6900,63,1228,397.667,272.251,-11.0434,2.47863,-18.1953,-8.1635,-9.11813,-12.597,-6.89612,-10.4673,-8.88216,-15.0069,1.01048,-15.3358,-6.50657,-4.82466,-11.1524,-9.51035,-10.4546,-12.3447,-6.7678,-11.0134,-9.0798,-54.7307
69,7000,42,868,338.3,246.524,-11.0885,2.49683,-18.2355,-8.12489,-9.12015,-12.555,-6.87882,-10.4403,-8.90956,-15.0416,1.04538,-15.394,-6.58434,-4.81999,-11.3157,-9.52933,-10.4977,-12.3369,-6.79397,-11.1227,-8.93707,-54.7734
70,7100,51,940,375.133,258.197,-11.0795,2.5596,-18.2621,-8.0959,-9.11858,-12.6199,-6.84386,-10.7506,-8.90952,-15.033,1.04229,-15.0013,-6.5688,-4.82398,-11.3387,-9.46278,-10.4906,-12.4302,-6.73784,-11.1125,-8.6969,-54.8296
71,7200,21,864,301.867,203.542,-11.2485,2.54082,-18.1855,-8.09582,-9.11724,-12.5989,-6.86119,-10.6082,-8.88868,-15.0212,1.08621,-15.3228,-6.55055,-4.82796,-11.2941,-9.5309,-10.5146,-12.4531,-6.72345,-11.0527,-8.70923,-54.8362
72,7300,6,925,250.567,195.11,-11.273,2.48338,-18.1772,-8.10773,-9.11785,-12.6553,-6.87626,-10.4298,-8.8842,-15.0309,1.10441,-15.181,-6.56132,-4.82443,-11.297,-9.54562,-10.4964,-12.4971,-6.73214,-11.0855,-8.66207,-54.8671
73,7400,23,698,303.7,180.122,-11.147,2.47402,-18.2173,-8.10341,-9.11714,-12.6521,-6.94015,-10.4541,-8.86039,-15.0256,1.09486,-15.2255,-6.5457,-4.82773,-11.214,-9.56549,-10.4879,-12.5721,-6.72588,-11.1006,-8.67809,-54.9484
74,7500,41,921,289,209.066,-11.2261,2.34093,-18.1699,-8.0882,-9.11498,-12.6812,-6.94375,-10.4736,-8.86715,-15.0248,1.09869,-15.223,-6.53753,-4.83756,-11.2824,-9.5695,-10.487,-12.5546,-6.71838,-11.1013,-8.56236,-54.9387
75,7600,22,640,306.867,174.351,-11.2718,2.28346,-18.1153,-8.09534,-9.11954,-12.6626,-6.92321,-10.5352,-8.85293,-15.0199,1.07831,-15.2184,-6.52382,-4.83781,-11.3422,-9.5734,-10.4995,-12.5771,-6.73506,-11.111,-8.5622,-54.9614
76,7700,71,1084,290.7,221.692,-11.3549,2.38916,-18.082,-8.10591,-9.11892,-12.7236,-6.91704,-10.4296,-8.86142,-15.0246,1.08319,-15.0218,-6.51332,-4.84815,-11.2826,-9.55512,-10.4957,-12.5934,-6.73682,-11.1046,-8.56469,-54.9396
77,7800,7,996,291.667,250.543,-11.2913,2.34146,-18.0383,-8.09829,-9.115,-12.7262,-6.90384,-10.4315,-8.87971,-15.0445,1.05219,-15.0098,-6.51575,-4.84783,-11.2359,-9.55369,-10.5039,-12.5921,-6.7346,-11.097,-8.58932,-54.9467
78,7900,27,736,284.233,169.23,-11.3084,2.19385,-18.0264,-8.0936,-9.11587,-12.8701,-6.90491,-10.3753,-8.88404,-15.0374,1.03499,-15.0064,-6.50895,-4.84445,-11.3104,-9.5565,-10.5056,-12.6115,-6.74098,-11.097,-8.56461,-54.9531
79,8000,57,1027,342.133,251.01,-11.2586,2.02639,-18.0365,-8.10277,-9.11444,-12.983,-6.89517,-10.3791,-8.88277,-15.0328,1.04558,-14.9702,-6.50954,-4.84675,-11.1832,-9.55305,-10.5145,-12.6461,-6.72166,-11.0924,-8.58393,-54.952
80,8100,35,695,241.567,154.14,-11.3072,2.34129,-18.0153,-8.1017,-9.11542,-12.9918,-6.88993,-10.3995,-8.88051,-15.0336,1.06302,-14.9921,-6.49072,-4.84762,-11.1278,-9.54855,-10.5042,-12.6264,-6.72514,-11.0997,-8.59434,-54.9377
