generation,agents,minScore,maxScore,meanScore,standardDeviation,w0,w1,w2,w3,w4,w5
0,100,106,1255,486.433,320.143,-11.0198,2.09956,-1.08942,-9.78819,-2.60163,-9.91446
1,200,695,32013,11845.3,9378.57,-10.9933,4.53839,-4.26645,-15.4862,-4.07655,-6.09375
2,300,3772,57717,23312,16888.2,-10.2297,5.5886,-5.36162,-17.4957,-5.85856,-6.27124
3,400,538,137873,35959.1,30974.8,-9.21906,5.51386,-4.85865,-18.5173,-7.16162,-6.68183
4,500,32,96108,28928.1,23533.2,-8.69173,5.51952,-4.53707,-19.5523,-8.84284,-6.76904
5,600,5351,96737,27155.4,24422.8,-8.90206,5.54496,-4.94084,-19.7427,-10.1467,-6.90894
6,700,150,89056,30699.7,23552.8,-9.53524,5.38261,-5.19411,-19.5613,-10.6495,-6.80812
7,800,776,115662,38764.2,30062.1,-9.15518,5.56085,-5.38836,-19.8052,-12.5626,-6.39915
8,900,920,128459,34445.4,31966.5,-9.36081,5.64154,-5.76275,-19.8083,-12.9763,-6.95208
9,1000,547,108407,31699.1,25892.2,-9.77106,5.16983,-5.77413,-19.9372,-13.8323,-6.7876
10,1100,746,142344,35780.7,36409.1,-9.22088,5.12866,-6.10228,-19.9066,-13.9253,-7.01115
11,1200,676,127253,23670.5,26775.6,-9.63681,5.0811,-6.06729,-19.8832,-13.9029,-7.03763
12,1300,531,139296,34044.4,34621.5,-9.52883,4.8365,-6.28288,-19.8733,-13.8363,-6.84955
13,1400,732,69891,24851.5,22626.4,-10.0782,4.85451,-6.16942,-19.793,-13.5119,-7.07026
14,1500,142,205841,36915.8,40972.6,-10.1209,4.87873,-6.13792,-19.7237,-13.327,-6.98923
15,1600,1056,155528,29324.1,30585.5,-10.1106,4.9349,-6.17621,-19.609,-13.4003,-6.94068
16,1700,2414,82843,25684.5,21439.6,-10.0634,4.91372,-6.14876,-19.5434,-13.3406,-6.87487
17,1800,102,103624,22591.7,21002.9,-10.1281,4.872,-6.13605,-19.205,-13.1809,-6.85164
18,1900,308,143058,35867.5,31065.4,-10.0674,4.85608,-6.13247,-19.2395,-13.1893,-6.86427
19,2000,296,110053,27100.7,24473.6,-9.87579,4.85137,-6.13276,-19.4009,-13.2439,-6.8661
20,2100,843,96467,35527.7,29488.9,-10.0684,4.84256,-6.09076,-19.5094,-13.2661,-6.90023
21,2200,77,127013,26552.3,29040.6,-10.0061,4.82861,-6.10396,-20.0544,-13.2445,-6.89925
22,2300,578,213084,38065,51053,-10.0481,4.82542,-6.10871,-20.0219,-13.2687,-6.90745
23,2400,310,99064,29792.7,27875.2,-10.0321,4.8621,-6.10984,-19.923,-13.2581,-6.91318
24,2500,933,126983,36417.7,32438.5,-9.95831,4.90859,-6.11011,-20.0786,-13.2328,-6.9113
25,2600,122,182960,32544.3,36570.7,-9.89845,4.90655,-6.08594,-20.0751,-13.2167,-6.9146
26,2700,68,187231,24586.6,34248.8,-9.87081,4.90543,-6.08861,-20.1579,-13.1761,-6.91613
27,2800,671,100782,26158.4,20054.6,-9.85313,4.90182,-6.10319,-20.0761,-13.1945,-6.90696
28,2900,1431,150173,30625.3,32327.3,-9.84722,4.89826,-6.08842,-20.0478,-13.1871,-6.91216
29,3000,428,167143,33637.6,35233.8,-9.84,4.8886,-6.10711,-20.2025,-13.2183,-6.90214
30,3100,4607,233674,50912.3,54163.1,-9.82315,4.87934,-6.09643,-20.1588,-13.1847,-6.89982
31,3200,482,141160,35324.9,32435,-9.82438,4.90099,-6.07972,-20.1443,-13.1888,-6.8969
32,3300,2074,137139,37368,33911.8,-9.81669,4.90229,-6.08314,-20.1389,-13.205,-6.90451
33,3400,471,139195,28330.1,30771.1,-9.81654,4.89066,-6.0797,-19.9515,-13.2161,-6.90615
34,3500,1067,107892,32022.9,28230.2,-9.81794,4.8885,-6.07729,-20.0748,-13.2265,-6.91021
35,3600,553,186244,35740.7,38777.4,-9.8161,4.86644,-6.07647,-19.9728,-13.2151,-6.91179
36,3700,1462,73124,26314.9,22391.9,-9.81236,4.86755,-6.0798,-20.033,-13.2173,-6.91376
37,3800,303,159270,35777.2,39880.3,-9.80609,4.8706,-6.07592,-20.106,-13.2324,-6.91602
38,3900,631,116317,26030.7,26230.5,-9.80938,4.86233,-6.08063,-20.1059,-13.228,-6.91709
39,4000,2390,133864,26834.6,28542.8,-9.80918,4.87469,-6.07489,-20.1659,-13.2169,-6.91894
40,4100,1532,175119,30276.3,32387.2,-9.80905,4.84987,-6.07789,-20.1355,-13.205,-6.91999
41,4200,1948,220266,40132.2,44588.4,-9.81334,4.84739,-6.07864,-20.0763,-13.2078,-6.91907
42,4300,77,161352,40084.5,39732.5,-9.80336,4.86643,-6.07634,-20.0783,-13.2156,-6.91945
43,4400,2130,146783,30307.9,30191.2,-9.79434,4.87026,-6.07541,-20.0445,-13.2178,-6.91877
44,4500,1446,158791,43413.2,42946.2,-9.79176,4.88579,-6.0731,-20.1775,-13.2177,-6.91751
45,4600,1417,96354,29050.9,24166.6,-9.79053,4.89924,-6.07407,-19.9327,-13.2194,-6.91827
46,4700,1532,79569,20181.1,19140.1,-9.79462,4.88701,-6.07569,-20.0438,-13.2194,-6.9173
47,4800,622,119567,36707.8,31673.9,-9.80043,4.88878,-6.07643,-20.0906,-13.2183,-6.91668
48,4900,70,178668,35618,42379.7,-9.80116,4.86992,-6.07646,-20.0132,-13.2168,-6.91686
49,5000,220,135710,43787,37339.5,-9.80212,4.87941,-6.07793,-19.9894,-13.2158,-6.91755
50,5100,632,101847,31758.7,24917.9,-9.80349,4.91403,-6.07899,-19.9329,-13.2153,-6.91729
51,5200,210,97104,25790.3,26815.8,-9.792,4.91357,-6.07973,-19.9291,-13.2157,-6.9174
52,5300,719,229845,40709.3,49922.5,-9.79057,4.90435,-6.07934,-19.9483,-13.2131,-6.91784
53,5400,3448,72076,29446.7,23691.2,-9.79889,4.90362,-6.08023,-20.0452,-13.2112,-6.91813
54,5500,3897,124343,36846.1,30593,-9.80557,4.89221,-6.08147,-20.0547,-13.212,-6.91752
55,5600,795,105770,26220.9,29180.4,-9.80272,4.88526,-6.08293,-20.0805,-13.2113,-6.91762
56,5700,339,153077,29555.4,35872.2,-9.79307,4.86245,-6.08172,-20.0721,-13.2102,-6.91771
57,5800,990,114818,33896.6,32078.6,-9.80732,4.86678,-6.08165,-20.1091,-13.2103,-6.91777
58,5900,160,118393,31273.9,30776.6,-9.81736,4.87903,-6.08058,-20.11,-13.211,-6.91778
59,6000,206,97663,21400.8,19546.8,-9.80089,4.88469,-6.08034,-20.1098,-13.2117,-6.91819
60,6100,252,120246,27517.7,31406,-9.79022,4.87518,-6.08072,-20.124,-13.2117,-6.91825
61,6200,510,122983,29949.6,26446.6,-9.80424,4.86599,-6.08086,-20.1211,-13.2115,-6.91825
62,6300,135,85686,22426.5,24430.3,-9.80223,4.87651,-6.08068,-20.1166,-13.2121,-6.91837
63,6400,447,76703,24642,23610.3,-9.80291,4.86249,-6.08087,-20.1304,-13.2122,-6.91848
64,6500,483,89565,17736,20018.8,-9.80244,4.86276,-6.08068,-20.1426,-13.2118,-6.91845
65,6600,1916,159955,32899.2,34570.9,-9.80391,4.8611,-6.08071,-20.1289,-13.2117,-6.9186
66,6700,322,61508,21631.1,16013.4,-9.79975,4.86403,-6.08069,-20.1332,-13.212,-6.91885
67,6800,1712,417827,39921.4,76231.3,-9.80245,4.86441,-6.08071,-20.1361,-13.2123,-6.91894
68,6900,1071,184688,35473.8,39835.9,-9.80086,4.86904,-6.08074,-20.1235,-13.2129,-6.91901
69,7000,1484,102962,31197.2,24074.3,-9.80433,4.86887,-6.08072,-20.1275,-13.2128,-6.91909
70,7100,460,114211,30471.4,28079.8,-9.80502,4.87188,-6.08075,-20.1222,-13.2131,-6.91919
71,7200,4789,235386,38597.1,47200.3,-9.80561,4.86905,-6.08077,-20.1232,-13.2133,-6.91923
72,7300,4014,146556,32945.4,29484.8,-9.80509,4.86884,-6.08076,-20.1093,-13.213,-6.91925
73,7400,289,122866,28617.4,28977,-9.80423,4.86991,-6.08074,-20.1076,-13.213,-6.91928
74,7500,587,115790,29324.6,26679.6,-9.80452,4.87003,-6.08073,-20.1011,-13.2132,-6.91934
75,7600,2223,146502,31762.1,34900.2,-9.80505,4.86991,-6.08076,-20.0937,-13.2123,-6.91936
76,7700,1189,258235,42066,48079.1,-9.8048,4.87047,-6.08075,-20.0916,-13.2121,-6.91931
77,7800,1415,134952,37206,28905,-9.80514,4.87021,-6.08076,-20.0925,-13.2119,-6.91928
78,7900,1584,124374,26393.7,28576.4,-9.80508,4.87068,-6.08076,-20.095,-13.2118,-6.91931
79,8000,1291,84273,28110.2,19816.7,-9.80513,4.871,-6.08075,-20.0952,-13.2118,-6.91924
80,8100,362,138833,28697.6,34240.7,-9.80539,4.87111,-6.08076,-20.0936,-13.2119,-6.91922
