generation,agents,minScore,maxScore,meanScore,standardDeviation,w0,w1,w2,w3,w4,w5
0,100,204,4780,1057.47,999.451,-5.76331,2.32206,-7.51883,-9.17964,-7.62763,-5.8283
1,200,481,64147,12169,12981.2,-9.20638,5.1559,-5.68817,-11.5081,-11.7031,-5.80221
2,300,107,53386,10612.8,11243.8,-11.8336,4.92187,-3.78744,-15.7626,-13.0022,-5.64992
3,400,481,53546,13044.2,14679,-11.4106,4.98046,-4.27872,-19.6463,-14.3432,-7.37919
4,500,2270,91831,24218.9,27459.8,-11.3583,5.31367,-5.76649,-19.9378,-14.2325,-7.43988
5,600,404,92224,25207.1,21375.8,-9.84543,5.85042,-5.612,-19.0909,-14.4486,-7.41108
6,700,323,131790,40825.7,37136,-7.65327,7.87456,-6.28336,-18.33,-14.4591,-7.43756
7,800,816,121314,27305.5,26489,-7.69391,9.11107,-6.60251,-19.8346,-16.3114,-7.92486
8,900,529,109506,34659.8,31120.3,-7.91313,9.32044,-7.69752,-20.0377,-15.9922,-7.33842
9,1000,604,130379,24552.2,26684.9,-9.00866,8.468,-7.20914,-19.0033,-15.9777,-7.34311
10,1100,1135,101571,28165.9,26696,-9.44821,10.0458,-6.62325,-19.3416,-18.121,-7.44226
11,1200,486,141058,36343.7,30207.8,-11.1209,10.176,-6.80936,-19.3432,-19.5433,-8.92002
12,1300,316,116410,32285.4,32938,-10.9152,9.15879,-7.71086,-21.0603,-20.8032,-8.44538
13,1400,2610,72015,25604.8,20829.6,-10.7186,11.846,-8.01943,-21.7108,-22.5891,-8.28853
14,1500,683,129154,32547.8,28110.3,-11.7901,8.33292,-8.46032,-24.7646,-23.2154,-9.04899
15,1600,2514,104753,28845.7,29154.7,-13.8821,10.5243,-9.5368,-25.9578,-23.9465,-9.62341
16,1700,175,127812,24764.6,30369.7,-14.297,10.4362,-10.6667,-26.4254,-25.3752,-11.0327
17,1800,226,168781,34357.3,38425.7,-15.0051,8.83024,-10.849,-27.7228,-27.4723,-11.2317
18,1900,605,203784,47395.7,43244.6,-14.1103,9.15377,-10.7373,-29.2283,-29.1632,-10.3863
19,2000,383,85826,24989.2,23346.4,-15.4903,8.61271,-11.3081,-29.0872,-26.8686,-10.6003
20,2100,617,92190,30656.9,26763.4,-14.6153,7.43041,-11.1709,-29.2227,-26.5357,-11.3551
21,2200,1208,134991,31852.4,28629.9,-17.79,8.47307,-10.1722,-30.7841,-26.0867,-12.5339
22,2300,991,104162,25367.2,25054.7,-18.5859,6.97128,-9.51734,-31.8198,-28.5592,-12.7562
23,2400,906,101696,33027.5,23274.6,-16.9373,6.4274,-10.3889,-31.8268,-28.5212,-12.5762
24,2500,141,117135,22676.4,25765.1,-17.6481,5.32111,-11.1518,-31.926,-29.5943,-12.1628
25,2600,99,134592,31569.2,31901.3,-16.7567,4.32754,-11.8447,-32.1592,-31.1075,-12.1266
26,2700,1216,188783,42775.9,45128.7,-18.3432,5.47824,-10.9075,-32.4315,-30.1735,-13.1887
27,2800,942,103261,24103.8,25240.8,-19.7351,5.75676,-11.1499,-30.5713,-31.536,-12.8581
28,2900,79,79232,23470.4,16835.3,-18.7617,5.95702,-10.5516,-30.833,-32.3541,-14.2893
29,3000,1797,171653,35335.6,36993.7,-18.5236,5.46617,-9.64709,-30.8124,-31.7137,-13.7656
30,3100,1921,150429,31396.6,33131.5,-17.8524,4.67626,-9.54006,-30.6348,-30.524,-14.4253
31,3200,1464,98457,22491.9,21710.9,-18.4792,4.77264,-9.26081,-30.6655,-30.9517,-14.6213
32,3300,500,88810,23703.1,25019.7,-19.9174,4.30183,-9.87283,-30.4648,-30.9592,-14.984
33,3400,996,80495,28714.8,23746.4,-21.0686,4.20738,-9.10798,-28.7964,-31.0345,-14.1386
34,3500,214,68535,19173.6,17480.4,-20.1035,3.98175,-8.48462,-29.5721,-31.3823,-14.9432
35,3600,479,89865,27053,21343,-20.7384,4.43095,-8.48655,-29.6047,-30.9675,-14.4224
36,3700,319,69958,22337.3,18036.5,-20.7708,3.30567,-9.34264,-29.4867,-30.969,-14.8634
37,3800,153,105211,25679.5,23630.3,-19.8795,3.76646,-9.43534,-29.7744,-30.9222,-15.212
38,3900,513,115064,27819.6,27741,-17.9956,3.23782,-10.1233,-29.6897,-31.8859,-15.2005
39,4000,1822,87705,31831.2,24273,-17.8659,3.29762,-10.5201,-30.0967,-31.3168,-14.38
40,4100,2363,78954,24973,19335.9,-18.3004,3.98293,-10.8391,-30.2347,-31.3198,-14.0958
41,4200,1928,126020,26253.9,27621.5,-18.2915,3.37866,-9.9718,-30.5659,-30.9137,-14.2627
42,4300,721,149227,32142.5,33959.5,-18.3064,2.91843,-10.7838,-30.9484,-30.901,-14.4721
43,4400,2787,127553,28356.8,27501.9,-18.9065,2.92729,-10.658,-30.5287,-31.3447,-13.9641
44,4500,525,103086,30462.2,26699.5,-18.4759,3.26693,-10.9469,-29.9951,-32.1867,-14.3639
45,4600,941,64738,24664.8,19966.2,-18.6255,3.28435,-11.0167,-30.824,-32.9447,-14.8572
46,4700,494,73023,23136.8,21670,-18.765,3.19544,-11.6297,-31.4235,-34.1789,-14.87
47,4800,423,80068,22869.1,21643.8,-18.8572,2.60827,-10.8048,-31.6483,-34.2331,-15.5459
48,4900,1073,56456,19136.4,17974.7,-18.9042,2.64956,-11.4342,-31.5829,-34.053,-14.4933
49,5000,424,106775,29905.7,28335.4,-18.9456,2.79851,-11.1307,-31.8252,-33.798,-14.3976
50,5100,388,77968,27981.7,24346.5,-18.68,2.37552,-11.0859,-32.0998,-33.3931,-14.7424
51,5200,832,133337,30528.4,31877.3,-18.8818,2.00566,-10.6949,-32.246,-32.921,-14.1686
52,5300,1924,113779,25258,26582.1,-19.369,2.02251,-10.6796,-32.3003,-32.7727,-13.9704
53,5400,383,97177,26665.7,25771.1,-18.9629,1.68816,-10.5259,-32.3142,-32.9896,-13.5708
54,5500,3043,263265,42399.4,54395.1,-18.0673,1.85392,-10.6359,-32.4523,-32.868,-13.7069
55,5600,691,69115,14712.3,16364.2,-17.6683,1.88827,-10.5337,-32.7061,-32.7907,-13.5628
56,5700,592,98895,29028.6,23694.9,-17.5378,2.00503,-10.4853,-32.7442,-32.9593,-14.2407
57,5800,233,119448,26979.6,27769.3,-17.632,2.07159,-10.6218,-32.7321,-32.9608,-14.371
58,5900,2135,91428,18170.7,18885.8,-17.7275,2.24685,-10.5962,-32.7028,-32.7993,-14.5211
59,6000,325,91179,20591.7,20128.8,-17.396,2.52995,-10.668,-32.7338,-32.7703,-14.3553
60,6100,1062,97062,31485.5,24547.6,-16.3681,2.40784,-10.5483,-32.7082,-32.7119,-13.8092
61,6200,860,148595,29244,34724.8,-15.4869,2.29518,-10.4852,-32.6927,-32.7546,-13.5403
62,6300,1742,87116,23967.3,20407.9,-15.419,2.38103,-10.497,-32.7563,-32.781,-13.9346
63,6400,226,138085,25935.5,26473.5,-15.8742,2.31618,-10.4989,-32.7721,-32.7876,-13.9953
64,6500,1372,90687,22212.1,23246.1,-16.5164,2.13071,-10.5117,-32.6924,-32.7709,-14.1945
65,6600,1455,104487,19385.7,22759.3,-16.8543,2.10358,-10.5247,-32.7571,-32.7705,-14.1164
66,6700,381,58590,20946.7,17263,-17.4754,2.10579,-10.558,-32.7892,-32.7559,-14.1231
67,6800,758,137051,31640.7,32453,-17.8052,2.25871,-10.6051,-32.7781,-32.8541,-14.3365
68,6900,178,79322,24507.8,20911.2,-17.5693,2.36512,-10.6311,-32.7648,-32.977,-14.2085
69,7000,237,48930,16737.6,13990.5,-17.3325,2.38264,-10.6583,-32.7537,-32.9406,-14.0167
70,7100,1153,81800,23441.4,19578.1,-17.5064,2.37017,-10.6773,-32.7818,-32.8933,-14.135
71,7200,169,65345,20979.3,17436.4,-17.5932,2.41233,-10.6861,-32.7382,-32.9354,-14.3726
72,7300,201,81826,26346.8,23658.3,-17.6184,2.38742,-10.6797,-32.7247,-32.9228,-14.375
73,7400,222,88068,31494.1,27751.3,-17.5593,2.2845,-10.6613,-32.7101,-32.898,-14.0945
74,7500,215,74936,25417.5,20504.5,-17.5809,2.38113,-10.6506,-32.705,-32.9123,-14.2825
75,7600,213,127870,22308.8,26166.8,-17.5468,2.42382,-10.65,-32.7317,-32.8768,-14.4132
76,7700,1510,103127,19343.2,21911.7,-17.5641,2.42891,-10.6473,-32.7416,-32.8628,-14.4755
77,7800,317,127761,24924.9,28228.3,-17.5628,2.35149,-10.6282,-32.7244,-32.8389,-14.6127
78,7900,2139,146133,29086.8,32288,-17.549,2.37367,-10.6184,-32.6948,-32.8322,-14.5454
79,8000,1095,58131,17680.3,14638.3,-17.5713,2.39734,-10.6142,-32.7087,-32.8274,-14.7458
80,8100,366,97003,29583,26784.4,-17.5791,2.37849,-10.6096,-32.7362,-32.8361,-14.8335
