generation,agents,minScore,maxScore,meanScore,standardDeviation,w0,w1,w2,w3,w4,w5,w6,w7,w8,w9,w10,w11,w12,w13,w14,w15,w16,w17,w18,w19,w20,w21,s0,s1,s2,s3,s4,s5,s6,s7,s8,s9,s10,s11,s12,s13,s14,s15,s16,s17,s18,s19,s20,s21,s22,s23,s24,s25,s26,s27,s28,s29
0,100,0,4,0.666667,1.02833,-0.769455,0.913462,-0.946366,-0.969059,-0.668661,-2.23636,-3.22582,-5.05901,-0.339808,-4.45778,-2.18144,-2.05551,0.823277,-2.83914,-1.66134,-2.9761,0.55013,5.04174,2.13527,-0.706198,-4.25092,-1.47406,0,0,0,0,0,0,0,0,0,0,0,0,0,0,0,0,0,0,0,1,1,1,1,2,2,2,2,2,2,4
1,200,0,23,10.8,5.62874,1.83712,0.965823,-5.66234,-2.36286,-1.05343,-6.56076,-5.9254,-3.59512,-0.938653,-3.64435,-3.38366,-6.55503,1.90108,0.765634,0.933723,-3.60736,-3.09852,2.08444,-0.873794,-3.84987,-6.5065,-3.68373,0,4,4,4,4,5,6,6,6,7,8,8,8,9,9,12,13,13,14,14,15,15,15,16,16,16,18,18,18,23
2,300,17,87,45.9667,20.3918,2.34625,-3.45816,-3.25021,-6.47327,-1.46201,-6.96253,-9.73025,-3.2021,-1.45291,-4.46436,-5.78498,-9.0441,-0.168375,-3.90403,-0.524554,-7.48003,-7.73931,-1.4645,-2.78534,-5.33991,-10.3859,-6.24093,17,18,20,21,21,21,23,28,31,34,35,37,41,42,48,48,50,50,50,56,56,58,61,63,65,66,69,79,84,87
3,400,7,74,37.8333,16.3287,-0.531441,-6.36898,-3.12629,-3.58802,-2.76322,-6.18264,-10.2003,-1.9763,-1.56778,-4.95448,-6.24419,-14.9511,-0.707327,-8.98841,-1.69922,-9.57162,-10.5863,-0.263059,-3.93036,-4.83605,-14.8849,-8.18237,7,15,18,19,21,23,23,27,30,30,30,30,32,33,36,37,39,39,40,42,43,48,48,52,54,54,58,63,70,74
4,500,13,84,42.7333,16.5632,-1.17323,-9.76032,-7.53654,-8.08809,-4.90055,-5.84494,-9.54649,-4.66357,-1.85474,-8.57208,-6.02568,-13.9195,-1.0303,-10.3391,-4.33895,-11.5646,-10.3725,-2.30111,-3.35478,-4.21712,-15.4566,-10.0047,13,18,22,24,26,27,27,27,28,35,37,37,40,41,42,44,45,47,48,48,50,53,53,54,56,58,58,70,70,84
5,600,20,169,57.8,29.5954,0.695169,-7.90661,-6.88619,-7.35174,-7.84883,-3.97684,-7.97974,-8.06603,-1.77462,-10.0151,-5.5131,-13.4264,-1.32016,-12.3299,-8.2395,-11.7748,-10.7217,-5.18586,-5.74189,-5.0117,-18.0098,-13.305,20,22,28,29,32,32,37,37,45,47,49,49,50,51,51,54,57,58,60,60,63,64,64,66,68,76,89,99,108,169
6,700,28,200,79.1333,40.9926,-0.408895,-6.72778,-9.19337,-11.0966,-8.65821,-2.39205,-10.0893,-11.4842,-2.49758,-10.1623,-4.67946,-12.8981,-3.40833,-12.3091,-7.11467,-11.3397,-12.0684,-5.71067,-5.28347,-4.28296,-18.0316,-17.6207,28,28,32,40,45,46,47,49,53,54,61,62,63,67,69,73,74,76,80,86,89,89,92,96,104,119,141,152,159,200
7,800,31,259,98.7,54.0945,0.272342,-6.85301,-9.1695,-11.5529,-9.28163,-3.7893,-9.95956,-10.0373,-3.76146,-11.2289,-3.94977,-12.5837,-4.57282,-13.3796,-8.28497,-11.4701,-13.3752,-7.29317,-6.49494,-6.9898,-17.7579,-19.2988,31,37,52,52,57,57,58,69,70,73,78,79,80,81,82,83,87,91,94,94,97,106,110,122,132,134,152,209,235,259
8,900,49,208,95.8333,40.8108,-0.82218,-5.54691,-10.8157,-12.9909,-10.2282,-6.88338,-9.32245,-9.26419,-5.92636,-11.9025,-3.66883,-13.2662,-5.99966,-12.7011,-7.61439,-12.3969,-14.5846,-8.99152,-4.66793,-6.54636,-17.5623,-20.482,49,49,50,57,58,59,60,64,73,76,76,76,81,82,82,84,90,91,91,97,98,106,115,131,140,142,145,164,181,208
9,1000,36,390,154.133,91.7954,-1.50345,-6.06917,-10.8533,-13.445,-11.3269,-6.26037,-11.7634,-10.066,-6.09666,-11.9233,-2.9777,-12.5406,-6.20377,-10.6157,-7.06995,-11.9187,-16.4322,-9.21097,-5.75075,-8.08172,-17.3828,-23.4367,36,39,61,63,75,80,91,93,95,97,97,106,114,117,125,148,148,154,158,165,168,184,192,198,205,250,269,344,362,390
10,1100,44,360,167.533,77.3838,0.326433,-7.16831,-8.49472,-13.0603,-12.8163,-6.14162,-11.3597,-10.8811,-8.11676,-12.5529,-2.3545,-12.6388,-6.40961,-9.65922,-7.22227,-14.0528,-17.7126,-10.2134,-6.74494,-6.6558,-17.4295,-24.7833,44,46,76,83,86,92,101,104,109,113,144,157,158,164,166,168,168,169,179,191,194,195,201,207,231,239,276,281,324,360
11,1200,46,418,184.833,99.0107,-0.472332,-7.15809,-9.82603,-12.467,-14.0005,-6.0345,-12.0683,-11.7403,-8.17044,-12.8436,-0.836636,-12.4936,-6.94361,-10.5012,-7.62475,-11.2748,-17.4648,-10.4441,-9.31029,-8.82205,-16.5707,-28.5655,46,48,93,96,101,102,106,107,109,115,125,130,139,144,153,154,181,194,199,217,222,227,228,263,272,273,311,356,416,418
12,1300,73,674,247.6,151.114,0.712764,-7.36872,-11.4075,-11.2934,-12.9312,-5.79921,-13.4451,-11.7882,-8.35507,-12.5608,-0.678868,-13.0698,-6.36822,-12.7661,-7.06427,-12.8201,-17.6113,-11.724,-8.82643,-8.63726,-16.3041,-30.8485,73,87,90,102,118,118,118,122,129,138,167,172,176,184,193,209,222,230,262,271,291,319,327,357,409,417,430,458,565,674
13,1400,82,538,246.6,131.865,2.10881,-6.34948,-11.5442,-13.3683,-11.2313,-6.48821,-13.2904,-11.5531,-10.067,-12.7427,-0.170279,-12.6526,-6.04513,-13.7803,-7.19778,-12.4601,-19.609,-11.8616,-10.7645,-8.7858,-15.6406,-33.4873,82,92,97,107,137,139,140,150,156,174,174,188,189,196,200,208,215,242,256,264,269,291,296,333,350,394,487,506,528,538
14,1500,79,2625,538.767,503.427,1.44786,-4.66523,-11.48,-14.372,-11.5542,-7.42982,-14.6971,-11.4905,-11.1803,-13.9281,-0.888422,-12.782,-4.56818,-13.4082,-7.98319,-11.834,-15.2645,-12.4518,-10.292,-7.82473,-13.5033,-34.5944,79,104,117,123,139,151,210,211,249,281,284,290,328,339,414,502,506,514,522,547,553,600,646,703,839,882,1047,1103,1255,2625
15,1600,44,1237,449.2,269.437,2.71896,-3.32887,-12.4643,-12.4047,-10.16,-7.76169,-12.912,-10.8411,-10.0845,-14.7827,0.885746,-12.078,-5.0938,-12.1243,-9.24004,-12.0455,-13.3794,-12.0416,-11.32,-6.45161,-12.7751,-36.0866,44,60,85,109,142,173,247,267,277,307,315,353,380,408,427,458,486,506,517,535,573,588,598,623,651,705,738,793,874,1237
16,1700,118,2957,684.233,632.275,4.23376,-4.4621,-13.7638,-13.7806,-11.8413,-7.17774,-14.1402,-11.7469,-10.2842,-14.9966,-0.980453,-11.0346,-5.51928,-12.6386,-9.13364,-11.0836,-12.2272,-11.8017,-11.3157,-7.90813,-12.146,-36.5672,118,140,150,150,187,193,251,306,312,315,353,442,445,521,538,549,583,647,656,678,714,715,746,776,804,899,1598,1806,1978,2957
17,1800,163,4631,879.5,898.426,3.73472,-3.70926,-14.2442,-13.233,-10.5336,-6.86848,-14.935,-11.2551,-8.54131,-15.7335,-0.949043,-10.2554,-5.88251,-11.4081,-9.4498,-10.958,-11.2779,-11.7584,-10.6819,-8.44377,-10.5561,-38.475,163,193,233,252,259,299,314,336,345,383,440,440,479,606,629,636,650,730,735,787,798,924,1158,1211,1434,1504,1614,1652,2550,4631
18,1900,152,2558,1010.83,748.995,3.04828,-4.29068,-14.149,-13.0821,-9.55588,-6.86944,-14.7214,-11.3392,-7.84314,-14.5217,-0.641394,-9.49724,-5.17955,-11.1482,-9.2487,-10.2105,-12.0844,-10.4255,-10.6839,-8.31109,-11.3603,-40.3391,152,155,164,193,215,232,262,284,340,429,448,531,651,800,815,902,1207,1213,1278,1290,1307,1444,1460,1505,1851,1870,2121,2158,2490,2558
19,2000,59,3213,1002.9,843.211,0.696721,-3.70935,-13.5579,-12.7127,-8.60255,-6.44858,-14.4112,-10.4694,-8.54455,-15.8357,-1.32497,-9.27558,-4.7875,-10.3581,-7.65763,-10.0483,-12.7024,-11.0568,-11.3265,-10.0561,-12.0887,-40.5358,59,142,165,185,210,260,379,458,573,607,630,635,657,659,683,738,795,866,909,1002,1004,1009,1321,1497,1754,1985,2010,2594,3088,3213
20,2100,179,4587,1169.07,1127.84,-0.871293,-3.8504,-13.7137,-13.4293,-8.67503,-6.06143,-13.9443,-10.3162,-9.58158,-15.9193,-1.2272,-10.6137,-6.51161,-10.0393,-8.28336,-10.5278,-12.063,-11.2866,-10.8072,-11.2626,-11.8121,-42.9991,179,209,263,320,329,363,376,399,455,519,558,588,623,735,857,889,898,1039,1059,1186,1233,1240,1262,1461,1817,1865,1911,3833,4019,4587
21,2200,85,4104,922.267,858.03,2.03364,-4.66646,-13.4821,-13.0437,-7.34652,-7.54637,-12.5428,-9.95014,-8.65837,-16.5429,-1.64528,-10.2841,-7.07396,-11.0183,-8.80849,-10.5781,-11.2167,-12.2383,-8.84469,-12.2327,-11.9901,-44.1858,85,170,205,208,343,426,441,464,467,505,530,554,569,587,645,690,710,749,766,968,1041,1085,1107,1163,1181,1267,1626,1820,3192,4104
22,2300,90,5376,1524.67,1447.11,0.107589,-4.03335,-13.6767,-11.3977,-9.31048,-8.44255,-11.9353,-11.0772,-7.57241,-16.1966,-0.519074,-9.93443,-6.33875,-12.0077,-8.78916,-9.74604,-11.5342,-12.2596,-9.08277,-11.8555,-12.4946,-46.3378,90,211,303,333,420,431,558,559,660,692,722,742,801,933,1048,1108,1180,1193,1329,1359,1460,1691,1789,2071,2479,2504,3939,4736,5023,5376
23,2400,211,5770,1387.2,1294.62,-2.02633,-3.2154,-12.7874,-12.3331,-9.52063,-9.31601,-11.8334,-10.9355,-7.77335,-16.3397,-1.84677,-10.7305,-7.07236,-12.1779,-8.86902,-11.326,-13.8343,-11.3647,-9.28145,-12.6176,-12.4185,-46.0399,211,248,285,371,383,542,591,671,737,756,771,805,846,857,912,956,1011,1252,1303,1446,1458,1622,1826,1945,1994,2002,2113,2594,5338,5770
24,2500,129,8557,1348.37,1575.58,-10.9195,-2.02202,-13.09,-11.7093,-11.1033,-9.38324,-11.2799,-12.6432,-7.59404,-17.0696,-1.74414,-8.73812,-7.29671,-12.2325,-7.53219,-11.3478,-13.6854,-11.3191,-9.42819,-11.7564,-13.6683,-46.727,129,153,178,312,321,418,449,482,494,569,601,659,676,706,852,1023,1052,1073,1262,1327,1414,1508,1919,2051,2074,2120,2513,2738,2821,8557
25,2600,97,3226,1363.67,974.329,-11.0274,-1.69845,-12.6797,-10.6611,-12.437,-9.7068,-12.7624,-11.926,-7.66139,-15.2247,-0.810648,-8.42674,-7.49589,-11.3517,-8.025,-11.8217,-13.1988,-12.1107,-9.03926,-12.9297,-13.6795,-47.9647,97,107,128,266,313,383,491,492,567,618,626,638,676,901,1293,1447,1559,1709,1734,1825,1919,2093,2201,2288,2340,2445,2757,2876,2895,3226
26,2700,132,7899,1660.33,1621.65,-11.8027,-0.612111,-11.5608,-11.9337,-11.3376,-10.6602,-11.3623,-11.4492,-6.52956,-13.498,-1.77952,-10.1796,-7.24887,-10.605,-9.41307,-11.6995,-13.3724,-12.1168,-9.96767,-12.6683,-13.7649,-49.4929,132,263,270,332,338,454,488,797,803,814,832,850,955,983,1042,1126,1247,1503,1691,1834,1861,2206,2215,2234,2261,2505,2961,4410,4504,7899
27,2800,156,4292,1591.4,1204.31,-8.75908,-0.224785,-11.6158,-12.6368,-10.6787,-11.6608,-11.678,-11.3152,-7.71108,-14.0271,-1.2447,-9.90969,-7.47767,-11.1421,-8.22667,-12.1054,-13.2865,-10.759,-9.97082,-11.1297,-13.5274,-49.5402,156,188,210,244,333,342,402,449,707,823,877,988,1177,1229,1234,1336,1460,1844,1883,1917,2086,2169,2379,2560,2569,3008,3292,3325,4263,4292
28,2900,390,5587,1802.27,1553.45,-8.85398,-1.17449,-11.7109,-13.6254,-11.0423,-9.94911,-11.7118,-11.1744,-6.85551,-14.288,-1.84006,-9.04262,-8.16066,-11.4383,-9.32552,-11.302,-12.7282,-11.3333,-8.34026,-11.9324,-13.2594,-47.9214,390,446,513,594,622,639,644,655,705,720,749,824,866,926,929,1023,1155,1238,1279,1319,2478,3084,3109,3135,3191,3553,4045,4226,5424,5587
29,3000,148,5913,1678.97,1495.02,-7.94355,-0.887796,-12.9857,-12.1461,-11.9378,-8.76284,-10.7982,-11.9257,-6.77602,-13.4944,-2.12652,-9.02474,-7.80252,-11.5382,-9.45716,-10.8398,-12.567,-10.4756,-8.63097,-11.6949,-13.0112,-49.6801,148,158,258,283,294,400,411,458,471,575,623,744,809,885,1121,1152,1471,1783,1902,1931,2138,2509,2610,2950,3074,3403,3538,3654,4703,5913
30,3100,67,7653,3060.4,2168.69,-9.25952,-1.96497,-12.028,-12.4595,-12.1334,-9.46166,-9.82906,-11.102,-6.57918,-13.4701,-2.12504,-9.0153,-8.14836,-11.3715,-10.6407,-11.8654,-13.3428,-10.6866,-9.4957,-12.7611,-11.3519,-51.9669,67,138,367,636,842,987,1130,1155,1336,1982,1982,2002,2227,2427,2474,2496,2584,2858,3342,3597,4388,4396,4944,5031,5862,5904,5976,6477,6552,7653
31,3200,100,7459,1499.53,1468.67,-10.1932,0.826914,-12.9109,-12.5532,-10.8518,-9.04268,-9.32694,-10.2293,-6.06729,-14.2611,-2.72759,-9.22301,-8.80632,-10.9761,-10.8197,-13.055,-13.6785,-12.4444,-9.14853,-12.9637,-11.5987,-52.648,100,128,155,245,264,384,492,535,683,741,886,953,1231,1256,1284,1355,1367,1388,1446,1456,1609,1619,1649,1679,2017,2206,2992,3422,3985,7459
32,3300,61,8273,2221.43,1981.79,-9.91412,0.754737,-12.1722,-11.2548,-10.3889,-9.16172,-7.7245,-10.8283,-7.39429,-13.1917,-2.5034,-10.2111,-8.1134,-10.4458,-10.7115,-12.4561,-12.6831,-11.3651,-8.04098,-13.7046,-12.0241,-55.2267,61,102,279,313,525,547,873,884,913,926,1004,1075,1111,1339,1373,1701,1917,1942,2129,2287,2504,3270,3416,3512,4184,4257,4492,5418,6016,8273
33,3400,179,12688,3387,3070.24,-9.39997,0.554674,-12.5803,-10.9813,-10.9962,-8.0551,-7.03504,-9.24154,-6.85805,-12.413,-1.67656,-11.1545,-8.01328,-11.0919,-11.9034,-11.9622,-11.6513,-11.3787,-7.51277,-14.7246,-10.3949,-57.7869,179,203,302,498,561,694,786,1081,1220,1506,1892,2035,2118,2191,2209,2484,3203,3617,3723,3942,4305,4403,4595,4650,4926,6131,6977,7397,11094,12688
34,3500,66,10854,2898.6,2662.39,-10.3946,1.48784,-13.3364,-11.4306,-10.9154,-6.88308,-6.59013,-9.2463,-6.39839,-12.4166,-1.31924,-11.897,-8.50217,-11.7573,-12.175,-12.4568,-12.4041,-12.5501,-7.35449,-15.391,-12.2533,-58.1293,66,90,157,244,277,523,577,642,647,686,1042,1604,1708,1901,1937,2309,2504,3096,3098,3911,3977,4362,4821,5002,5322,5532,5733,7018,7318,10854
35,3600,70,15634,3838.23,3696.47,-9.44503,1.53387,-12.8477,-11.3843,-9.89763,-6.95687,-7.09206,-10.1001,-6.17664,-11.3618,-1.67448,-12.1981,-9.36145,-11.5009,-12.9273,-15.582,-11.4084,-12.7404,-7.12267,-15.7541,-10.6998,-57.6294,70,447,519,689,888,933,1305,1501,1512,1724,1785,1807,1863,2036,2434,2905,3086,3143,3401,3720,3755,4964,5343,5891,6513,7558,7616,9491,12614,15634
36,3700,229,14298,3489.2,3432.96,-8.69258,2.2256,-12.5261,-10.3622,-9.58012,-7.49333,-6.09386,-10.3096,-6.93622,-11.9305,-2.36562,-13.2941,-10.1828,-9.8677,-13.9262,-14.0546,-12.6857,-12.8042,-7.57678,-16.4352,-10.9432,-59.1398,229,239,272,289,407,812,1079,1154,1456,1464,1545,1730,1754,2069,2126,2875,3092,3211,3286,3857,3984,4224,4512,4798,5731,5792,7903,8265,12223,14298
37,3800,86,15018,3811.47,3774.51,-9.88447,0.833859,-12.4854,-10.6606,-10.3731,-6.5041,-5.26635,-9.70619,-5.5622,-11.0231,-1.48581,-13.6554,-9.81554,-9.28874,-12.5652,-12.8967,-11.2022,-11.5528,-7.52517,-17.0967,-9.93352,-60.7673,86,370,659,675,728,961,1040,1093,1212,1291,1795,2185,2254,2399,2594,2660,2856,2989,3026,3212,4416,4528,5459,5722,6499,6908,7956,9823,13930,15018
38,3900,101,11775,3702.43,3259.46,-10.8422,2.05197,-11.8088,-10.7783,-9.49863,-6.91743,-3.68779,-10.4877,-4.74234,-9.55248,-0.985862,-13.6381,-8.44323,-9.17549,-11.693,-11.1344,-12.3524,-11.942,-9.18934,-17.4686,-10.57,-62.2763,101,141,307,346,354,362,673,719,1565,1604,1700,1883,2243,2257,2262,3013,3385,4267,4385,4604,4965,5041,5461,5874,6468,7397,8143,9381,10397,11775
39,4000,487,11890,3529.93,2717.28,-10.5118,1.76436,-11.5658,-9.94142,-9.7625,-7.21505,-6.81485,-10.2627,-4.68425,-11.5732,0.397742,-14.7505,-9.47806,-11.1735,-10.4907,-13.1456,-11.8467,-13.4441,-8.39533,-18.9078,-10.137,-63.1536,487,548,737,739,876,966,1005,1464,1468,1599,2372,2619,2685,2862,3008,3283,3393,3697,3750,3899,3906,4448,4899,5044,5342,5460,6335,7188,9929,11890
40,4100,83,16622,5356,4275.52,-8.8162,2.48108,-13.1257,-9.6339,-9.29893,-8.35679,-6.51095,-11.1487,-4.61383,-12.5087,0.771312,-15.5684,-10.2959,-12.4705,-12.4255,-13.3869,-13.6282,-10.7884,-9.95402,-19.1828,-8.21569,-64.1976,83,515,555,983,993,1715,1817,1937,2077,2484,2620,2942,3617,3710,3755,4778,5397,5727,6253,6320,6561,6619,7942,8019,9214,9226,12173,12862,13164,16622
41,4200,668,31193,9381,8741.73,-7.56298,2.27212,-12.2658,-8.19687,-8.26174,-7.62742,-6.25223,-9.78279,-3.52974,-14.0837,1.72058,-15.6323,-11.1462,-11.9276,-12.2525,-13.9707,-13.5505,-12.73,-11.5173,-17.9115,-7.77944,-65.7343,668,996,1186,1469,1481,1527,1736,2111,2686,3321,3499,4968,5071,7017,7054,7447,7644,7846,8069,9332,10161,10336,11290,17249,19068,21898,24874,24878,25355,31193
42,4300,334,28068,8266.93,6220.99,-8.584,2.97307,-12.9236,-7.47576,-8.42667,-7.92868,-4.73138,-9.91577,-4.65594,-14.9128,2.84539,-15.2803,-11.7821,-11.6496,-12.5724,-13.9796,-13.3843,-12.6029,-11.0666,-18.9645,-7.79488,-66.4016,334,1116,1357,1754,1829,2890,3454,3581,3771,3973,4218,6058,6300,6394,7116,7138,7647,9549,9641,9966,10154,11455,11531,12110,12937,13464,13873,15125,21205,28068
43,4400,248,42446,12175.9,11184.2,-8.8862,3.48997,-13.0138,-7.4947,-8.1904,-8.67971,-5.25219,-9.12174,-3.31234,-14.1883,3.05695,-15.7225,-11.6504,-11.9911,-11.6795,-13.0926,-14.1175,-12.9839,-11.7563,-18.5894,-6.10137,-67.2635,248,690,717,1234,1596,2519,2657,2902,4185,4800,5159,6073,6977,8225,9430,10985,11921,12205,12366,12379,14325,14336,18447,21364,22071,22724,24615,26357,41325,42446
44,4500,471,39210,10903.6,10055.3,-9.61171,4.17028,-12.7239,-7.44232,-7.22991,-7.80681,-4.71351,-8.14985,-3.3054,-15.7339,3.84607,-16.8868,-11.829,-12.3543,-12.9046,-14.0498,-14.9115,-13.0542,-11.8492,-18.4088,-7.19542,-68.2966,471,543,626,673,2138,2421,3327,3590,3590,4371,4477,4673,5453,6065,6111,6834,8548,8937,11427,11677,15614,17232,17367,19004,20588,20887,25029,25811,30415,39210
45,4600,387,34590,9916.57,9151.41,-11.0316,4.2215,-13.0217,-7.42195,-6.69872,-6.6688,-3.73875,-8.14018,-1.7169,-16.1228,5.60586,-15.8822,-12.1174,-12.1912,-14.0492,-14.9956,-15.9499,-14.9989,-12.3294,-18.3281,-6.33218,-69.2137,387,515,801,875,975,1549,2856,4278,4529,4647,4781,5482,5790,5796,6385,6841,7539,8209,10850,12278,13796,13907,14348,14816,16029,16872,17107,26825,33844,34590
46,4700,841,90948,21453.9,19670.6,-11.7939,4.51611,-10.6707,-6.68344,-5.94133,-6.08766,-5.32423,-7.18258,-1.85552,-15.8285,5.63318,-16.2681,-12.1755,-12.9576,-14.1925,-15.0011,-15.7465,-14.9395,-12.4533,-19.1532,-6.74737,-70.438,841,964,1696,2991,3554,7946,8319,8357,8496,10939,11007,12729,13335,13547,16895,18020,18732,20498,21479,21568,22574,28065,29847,31502,32295,37401,39655,44598,64818,90948
47,4800,646,58374,18995.7,16203.4,-13.6123,4.44713,-9.6496,-6.58265,-5.90578,-4.88246,-4.73313,-7.09901,-2.80976,-15.236,6.28395,-14.6486,-11.8311,-13.4778,-15.6548,-15.4621,-15.1255,-15.0046,-13.2377,-18.4708,-6.22368,-72.0765,646,2450,2813,3618,7137,7231,7977,8029,8565,9227,10362,11511,12707,12867,12919,12998,16559,16746,17106,17248,17538,21521,24571,24607,27221,42635,45870,53127,55692,58374
48,4900,268,106022,24173.2,26704,-13.3584,3.8062,-9.68536,-5.3548,-6.10972,-4.86763,-4.58503,-6.59413,-2.15101,-16.4523,6.12994,-16.0394,-10.7372,-13.2555,-15.0973,-15.2581,-15.8713,-14.8706,-12.2395,-19.8013,-6.43316,-74.3583,268,717,993,1262,1781,1873,4260,6254,7355,9235,10469,11198,11229,12164,12179,12844,14030,16235,22206,25207,25978,27171,33652,41949,47145,50475,54141,74237,82667,106022
49,5000,407,125576,27137.2,26703.7,-12.1438,3.98035,-9.72778,-4.90589,-6.2984,-6.04935,-3.27411,-8.26437,-1.77539,-15.4227,6.92743,-16.0458,-9.69761,-15.1591,-14.135,-14.9693,-15.712,-14.9672,-12.1071,-20.114,-7.45297,-76.1204,407,2660,2873,2942,3784,4902,5563,7446,8553,12469,13532,15820,18638,20587,20710,22377,23981,26680,27062,28631,30682,33696,35876,36078,38956,49524,51415,61548,81147,125576
50,5100,819,81260,21065.1,22287.4,-9.94629,4.4373,-9.72703,-5.16975,-6.96526,-4.69795,-3.36611,-9.01136,-0.979717,-15.7886,7.91745,-15.6493,-9.27309,-14.6386,-14.9783,-15.0505,-14.8271,-15.681,-11.2955,-20.4266,-7.2258,-76.8133,819,2532,2553,2790,2875,2921,4914,5140,5468,6907,7537,8052,8053,8514,10906,15256,15281,15384,19538,19599,19674,23613,25270,37036,42448,48699,56440,63716,68757,81260
51,5200,656,106376,39129.1,29992.8,-10.9927,5.33091,-9.06397,-5.15494,-5.79174,-4.58472,-3.61312,-7.85367,0.333249,-13.5971,7.59972,-15.2922,-9.65555,-14.0548,-13.6656,-15.8371,-15.2177,-15.6558,-11.1452,-19.9488,-7.73567,-77.4049,656,1589,4225,6294,14576,15312,15989,18616,19456,20935,21515,21529,22865,23901,27127,32146,34455,35788,41670,44514,46438,54475,63579,63768,64535,73698,84235,88572,105038,106376
52,5300,2077,183519,49779.3,43465.8,-10.2643,6.43918,-9.34207,-4.33811,-6.12361,-3.99211,-2.49398,-7.64306,0.0427701,-14.1029,9.25181,-15.7732,-11.1402,-15.2107,-12.1307,-17.3441,-14.4237,-15.8437,-11.0476,-20.3895,-8.86034,-79.046,2077,2427,4173,4782,10708,18903,21463,21728,23511,25235,25417,26560,28348,32088,32272,33420,42350,50525,50791,52244,52561,60919,61076,78857,81365,101746,112791,120415,131107,183519
53,5400,2723,270119,61853.4,61821.4,-8.66602,7.30276,-8.11149,-3.27522,-6.67934,-2.57609,-2.89191,-7.19869,-0.486523,-13.7573,9.70206,-18.273,-10.9415,-15.4371,-13.1547,-15.8603,-14.3436,-15.6396,-11.0525,-20.1754,-8.1104,-79.2711,2723,7915,9310,9901,10744,12993,13232,14828,14910,16408,28850,31240,34403,35185,38344,42682,50684,55027,63615,63857,79679,86010,89940,92865,97480,98590,133445,152732,197890,270119
54,5500,2278,184425,58117.2,49735,-8.10209,7.60766,-8.415,-3.882,-6.06151,-1.49741,-2.6167,-5.65284,-1.12076,-14.0651,10.2798,-18.3528,-10.7498,-18.1498,-12.3537,-13.8248,-13.5422,-16.1471,-11.1413,-20.1072,-6.5089,-79.1064,2278,5527,9121,10488,10817,14339,15227,16347,19084,23444,30795,33181,39782,41822,48903,51140,57975,60446,62033,66805,69143,69472,79328,80102,87676,101864,106661,171630,173660,184425
55,5600,513,415594,83748.1,92618.4,-4.25276,7.69024,-8.35415,-1.55766,-6.53828,-2.15911,-1.56664,-5.59944,-0.370543,-13.0623,10.0567,-16.1892,-12.0356,-19.6756,-12.7729,-13.7247,-13.3289,-15.8167,-11.5752,-20.8201,-7.27792,-81.0155,513,2709,2758,4362,4550,6540,11391,13205,15888,22992,24921,29630,43581,44001,50490,58703,72996,75333,93987,94730,100059,107970,123434,131752,135680,175104,199169,206437,243965,415594
56,5700,1290,320090,78722.5,71625.3,-5.19565,8.9108,-6.50726,-2.38281,-5.48694,-2.74683,-1.37449,-4.11402,-1.52642,-11.8735,10.4029,-16.9584,-11.7119,-19.181,-15.0142,-12.9878,-14.4998,-15.3489,-11.9724,-20.429,-7.4347,-81.9897,1290,7581,8285,13649,14681,15898,22183,22558,33258,36403,43772,47106,48776,54730,56042,61598,61748,74915,77075,78127,94561,100308,111334,115467,116735,165212,171335,182779,204179,320090
57,5800,365,363411,70390.6,79120.4,-5.09372,8.0144,-7.14824,-2.81692,-3.81031,-1.85655,-1.31643,-4.11095,-2.18572,-11.6022,11.639,-17.437,-11.8557,-18.3744,-14.4671,-14.0133,-14.6595,-16.4983,-11.6424,-20.8317,-7.63583,-83.6449,365,1626,4060,5446,9551,12028,13099,13585,17359,17660,23380,23473,27645,36077,37763,50064,50665,68693,78660,84405,88811,91371,97194,104305,118722,125831,137403,196355,212710,363411
58,5900,800,354539,86434.9,95724.5,-4.84432,7.19854,-6.92956,-2.07832,-5.80816,-0.641342,-0.451748,-4.70475,-0.153218,-11.8073,10.8598,-17.059,-12.0363,-18.265,-14.9743,-15.2118,-14.3274,-16.6342,-12.0832,-20.0101,-7.41943,-83.8668,800,2008,2806,3874,8528,9782,12064,16154,22113,23317,26427,27044,36430,43207,46218,61678,71652,80137,89566,98349,104761,114396,119262,122718,153483,158128,160990,288224,334391,354539
59,6000,5087,358798,88822,90155.7,-4.81939,7.90699,-8.05099,-1.88305,-5.7907,-1.13939,-0.284378,-5.32624,0.809051,-11.4498,10.2694,-17.8116,-11.8036,-18.4916,-15.9426,-14.6025,-14.492,-15.9348,-11.7459,-20.2377,-7.84064,-83.7449,5087,7346,10753,13399,14438,17740,18879,19910,20722,25295,28237,31441,38454,40539,57695,59664,68414,70214,92758,101963,110865,118338,129876,154365,162196,183582,193038,201099,309555,358798
60,6100,1126,366494,69044.7,76694.8,-4.77752,8.39213,-7.92949,-2.01859,-4.4592,-3.17909,0.0790203,-5.05927,0.696643,-11.2644,9.43137,-18.7688,-11.1376,-18.6137,-15.1263,-14.9638,-15.0032,-16.7369,-12.8831,-18.4982,-7.06144,-83.7726,1126,1791,11562,13779,14319,16148,17455,18593,19178,20580,23810,24871,32313,40238,43028,45535,50319,51537,51699,73387,76085,90159,97531,103678,119006,131561,145287,166240,204031,366494
61,6200,2911,245097,67056.3,59212,-3.59816,8.10027,-7.96873,-3.04068,-4.89825,-0.529726,-0.807337,-4.69626,1.42568,-11.4339,8.63965,-18.5302,-10.5004,-17.7914,-15.1532,-15.07,-14.8797,-16.9167,-12.4155,-19.3028,-7.61917,-82.012,2911,7650,8927,11295,12208,16639,23365,23526,27862,30240,30587,31185,32386,32428,32876,49477,61959,68997,73575,80860,82536,87646,110167,117535,118477,118947,127413,155539,189378,245097
62,6300,2749,370794,83980,96942.4,-2.16659,8.44947,-8.10651,-0.983216,-5.09779,-2.32322,-1.66076,-5.68699,1.2698,-10.8714,9.01225,-19.4348,-11.5721,-18.4407,-15.4435,-15.2417,-14.6108,-18.4057,-13.2325,-19.2362,-8.54335,-82.7772,2749,7551,10695,12158,13750,13942,14673,18990,20562,21082,22364,28340,28485,29736,42314,44030,44216,47145,70773,72993,102469,108313,117900,157894,158245,170227,172804,267528,326678,370794
63,6400,1286,215772,70072.6,65509.2,-2.19084,8.17596,-7.51422,-1.28732,-2.95241,-2.49468,-1.06174,-5.35638,1.34892,-11.9988,10.2722,-18.2143,-11.0065,-19.0214,-15.9158,-14.2045,-15.2087,-17.7892,-13.8032,-19.966,-9.28259,-83.3066,1286,1678,2441,2699,5822,8787,9380,11465,15043,16054,17826,20416,28836,38629,58217,64897,71696,76257,77447,89107,98480,103658,105850,131247,140559,140727,173651,177281,196971,215772
64,6500,1277,223065,75126.1,68006.9,-1.17263,9.06311,-7.71278,-0.0922609,-3.39748,-2.51273,-1.11922,-4.61153,0.598201,-12.1173,10.695,-17.8353,-10.7842,-18.6754,-15.055,-15.0742,-14.8757,-19.0876,-13.1516,-20.7755,-9.69645,-85.3718,1277,2380,6032,7683,7857,8486,10306,10515,17866,22850,24743,28807,40880,45564,54937,55736,73661,84504,95694,100419,110496,111382,113544,117932,138559,150557,182799,187542,217709,223065
65,6600,7652,480897,97974.9,107190,-1.86621,8.7265,-7.76965,-0.633892,-4.0474,-4.33359,-1.47371,-4.91316,0.357129,-12.2402,11.7648,-18.5038,-12.2782,-17.7151,-15.8518,-15.4873,-15.9597,-18.6856,-12.8925,-21.8876,-10.0752,-85.8193,7652,8540,9409,9987,13872,15139,15349,16381,17353,32823,33237,36759,57137,64447,68863,69127,75284,88852,93625,95123,100963,113949,119242,124762,176092,210192,221328,259379,303484,480897
66,6700,4180,332102,68389.3,70021.2,-1.14988,9.12763,-7.59868,-1.2446,-2.95576,-2.98025,-2.28778,-4.30718,0.801037,-12.5206,11.7199,-18.8911,-13.8228,-17.3532,-17.4628,-15.4998,-16.0398,-18.4284,-12.3894,-21.7718,-9.93972,-86.121,4180,4910,6200,8774,9165,16143,16195,16835,19835,25145,27868,32746,36237,36623,46942,53212,57612,61514,61715,69063,77640,89009,111154,111605,121460,122758,131429,168328,175279,332102
67,6800,5772,359077,83373,67296.3,0.198569,9.88888,-8.42058,-1.42781,-1.64303,-3.35057,-2.84474,-4.88184,1.42944,-11.9946,11.6417,-20.5316,-14.8246,-16.9762,-16.3851,-16.9664,-15.5214,-17.4615,-12.7001,-21.6088,-9.68832,-85.7842,5772,11545,11863,13296,21411,30748,32902,41525,42223,43116,45804,52239,62465,76868,80367,88469,91303,94420,97012,98049,100866,103409,106402,111049,119739,128250,135364,142144,153492,359077
68,6900,1968,340039,111832,93986.7,-0.117202,11.0302,-9.3462,-1.68115,-2.00666,-3.69966,-2.20429,-5.02693,1.16336,-11.8676,11.716,-21.7773,-14.1182,-16.3129,-15.9237,-17.1297,-15.7567,-15.6957,-12.2208,-20.6654,-9.28622,-87.7891,1968,7125,10833,18352,20342,22913,23679,26711,29100,48153,54811,56245,56961,62018,73755,107879,122217,129523,131565,139949,146186,153426,177429,178743,188704,207204,259582,272926,286619,340039
69,7000,697,753942,93361,153713,-0.143221,10.9304,-11.1865,-0.643594,-1.68175,-3.64141,-2.66787,-2.98713,0.292441,-11.4663,12.5678,-21.2546,-13.8336,-15.2285,-14.9686,-18.0724,-16.1312,-16.9546,-13.7454,-20.6836,-9.74091,-90.3119,697,709,1573,2709,8269,9094,10087,11371,11534,26329,34912,35219,35345,36031,40684,41454,45617,48934,51508,72111,77730,80626,81648,116834,145884,163675,177693,256927,421684,753942
70,7100,1912,241573,84525,72691.7,-0.508163,12.2778,-11.7317,-1.91107,-2.10474,-2.15699,-2.17335,-3.94357,0.0171982,-11.2661,12.6456,-21.0396,-14.959,-15.7949,-15.4023,-17.7462,-16.5047,-16.5257,-14.7007,-22.362,-10.2149,-88.408,1912,2412,4588,9053,13597,13711,15554,29104,31649,32706,39036,47992,48164,49959,53805,57445,80936,88372,101039,110909,116396,118697,122784,130846,143389,184842,197482,219406,228393,241573
71,7200,2545,514803,98170.9,108855,0.307131,12.4596,-12.2505,-1.33454,-1.29376,-2.91724,-1.93801,-4.65529,-0.303404,-12.1691,12.664,-19.4969,-14.5244,-15.5993,-15.8265,-19.5831,-16.3552,-16.7241,-15.2973,-22.7447,-9.66142,-89.6362,2545,4066,4262,4822,5317,6045,10393,14730,16243,16373,29562,42473,61805,66351,75506,80347,84954,95268,96206,115266,116732,122634,136861,147856,177596,180609,217457,241033,257012,514803
72,7300,6324,287565,87708.7,67895.1,0.67357,12.2599,-12.5352,-1.69301,-1.08057,-2.6551,-1.97656,-4.76067,-0.00998858,-11.3469,13.3193,-17.8574,-14.3259,-16.2807,-15.8843,-20.4161,-15.984,-16.7461,-14.397,-22.0134,-9.80708,-90.721,6324,8591,13742,14161,17123,19781,25673,33737,40087,47628,51665,52171,54666,81641,87977,87980,90612,92355,92527,94215,99053,99743,126860,136184,144835,151330,165529,176346,231160,287565
73,7400,774,308085,84208.2,75794.9,0.941241,11.5354,-13.1386,-3.18312,-1.60119,-2.69954,-1.89948,-4.59902,-0.331966,-12.34,12.726,-18.4917,-14.805,-15.4104,-17.7352,-19.6571,-16.286,-17.9977,-13.861,-22.1549,-9.38839,-90.6233,774,7775,10043,10300,18851,20657,20838,23285,25410,35577,36416,42314,45395,50135,64548,65944,75492,81708,97298,100067,100313,101818,115239,131972,158047,170723,175548,175987,255688,308085
74,7500,1102,411330,74292.5,90721.6,-0.287042,11.6742,-12.4435,-3.59047,-3.01175,-3.90214,-1.7455,-5.11742,-0.193694,-13.4171,12.8802,-17.3675,-14.1281,-15.3709,-17.9137,-19.9174,-17.1766,-19.4768,-13.4583,-20.9536,-10.7767,-89.4983,1102,5577,8462,10520,11889,12603,14174,15555,16556,18594,25858,26676,29070,35533,36344,39298,42601,46425,49065,61437,65419,66100,95963,140820,154582,186582,192397,193076,215166,411330
75,7600,2894,168897,53448.6,52084.9,-0.0773185,12.6267,-12.6172,-2.75742,-3.6973,-3.85243,-1.42949,-4.3513,0.489498,-13.2211,12.1063,-17.6401,-15.0707,-13.811,-17.616,-18.7778,-16.7985,-19.9182,-12.7968,-21.0929,-10.1116,-89.6491,2894,3489,8202,9012,9507,10295,10627,14493,14592,18557,19255,22944,24644,29550,29732,33737,35488,38245,39060,41254,69077,79561,85177,97319,108947,121602,148287,150318,158697,168897
76,7700,2517,294987,78336.8,66285.4,0.426374,12.8073,-12.093,-2.3422,-3.87852,-3.70427,0.0285516,-5.50396,-0.319438,-12.9282,13.7554,-18.6193,-16.1105,-14.3697,-18.6774,-18.4717,-16.7522,-20.5693,-11.6203,-22.9055,-10.3904,-90.587,2517,2752,9632,11691,17631,26498,28802,34494,36671,37228,38548,54367,55125,57227,58335,61057,61191,63896,85452,87420,94897,98679,104257,116146,119002,155057,163430,176225,196891,294987
77,7800,649,271080,72549.2,74657.5,1.23139,13.068,-11.8255,-3.73471,-3.25701,-3.93657,-0.0723656,-5.14628,-0.77988,-12.5139,13.4151,-19.3704,-16.4619,-15.0434,-19.5407,-19.0527,-16.3532,-19.2974,-10.9208,-23.8772,-10.7835,-92.2099,649,1809,2035,3650,4071,10857,14678,21128,23285,25811,30004,30469,31918,36581,39331,45941,46653,55141,59053,85255,94594,114074,116237,122203,124454,157883,164787,175691,267153,271080
78,7900,3880,266246,52718.2,57951.7,2.44008,13.3765,-11.6346,-2.82965,-4.65581,-4.34557,1.10497,-6.43782,-1.43835,-12.9307,13.4716,-19.2523,-16.9537,-15.3886,-18.896,-19.3841,-16.9842,-19.3717,-11.6716,-23.2546,-11.7928,-96.4849,3880,5261,6147,8166,11562,13565,13683,14255,14432,17629,18627,20573,22157,24681,25850,31655,31951,32465,39281,44956,52634,70203,91199,97497,98326,107494,131122,132611,133438,266246
79,8000,179,357933,78182.8,82274.8,2.57947,14.0118,-11.3967,-1.87133,-5.8458,-6.03493,1.13223,-6.43771,-1.91671,-13.7373,12.7901,-20.852,-16.4181,-15.2514,-18.1059,-18.9501,-18.3275,-19.8874,-12.2149,-23.4752,-11.4309,-99.226,179,547,951,6726,9146,10856,12707,18515,25273,26822,32325,33071,36096,42023,45589,47880,54474,71756,72622,86752,89548,112059,129926,137236,140253,154209,158174,194028,237809,357933
80,8100,730,278214,56642.8,57630.8,1.59421,12.6537,-10.6992,-2.44373,-6.50706,-6.05775,2.47592,-6.51996,-1.47886,-13.8104,12.2928,-20.9288,-16.884,-15.213,-17.3742,-20.0926,-18.5301,-20.7951,-13.2162,-24.3669,-12.5151,-99.4719,730,2047,2697,8970,10430,14218,16507,17693,22744,23276,23483,27860,32741,33119,34559,37938,42458,43983,56687,61414,65795,84942,86663,88147,94784,101428,109290,136083,140384,278214
