generation,agents,minScore,maxScore,meanScore,standardDeviation,w0,w1,w2,w3,w4,w5,w6,w7,w8,w9,w10,w11,w12,w13,w14,w15,w16,w17,w18,w19,w20,w21,s0,s1,s2,s3,s4,s5,s6,s7,s8,s9,s10,s11,s12,s13,s14,s15,s16,s17,s18,s19,s20,s21,s22,s23,s24,s25,s26,s27,s28,s29
0,100,0,8,4.1,2.53731,0.323436,0.837964,-5.75582,0.55816,-4.02291,-1.09528,1.53875,-1.2811,-3.40832,-0.686188,2.61073,-1.41284,1.41792,-3.65871,-3.80972,1.00883,-1.43416,-1.46214,-2.19008,-0.369016,-1.7093,-1.60763,0,0,0,1,1,1,2,2,3,3,3,3,3,3,3,4,5,6,6,6,6,6,6,6,7,7,7,7,8,8
1,200,0,11,4.7,3.12001,-0.514533,4.67603,-5.37958,-6.53135,-4.19719,-1.48709,0.472416,2.82709,-4.44343,-4.12001,4.39436,-1.27307,2.5287,-3.59129,-3.84696,-2.07881,-3.47279,-2.72586,-1.61795,-0.0490625,-0.161083,-3.34674,0,1,1,1,2,2,2,2,2,3,3,3,3,3,4,4,4,5,5,6,6,7,7,8,9,9,9,9,10,11
2,300,2,22,9.1,5.95587,-2.79324,2.81954,-6.90712,-9.22352,-6.56846,-4.01897,-2.41762,2.23359,-3.63318,-5.82154,4.64917,-2.74729,4.91728,-5.10549,-7.68336,-3.49268,-4.30682,-6.40023,-3.11405,-2.5989,2.36015,-9.26084,2,2,3,3,3,3,4,5,5,5,5,5,6,7,7,8,9,10,10,10,10,11,14,14,15,15,19,20,21,22
3,400,6,48,23.1333,11.407,-2.28997,1.5643,-8.36154,-12.6839,-8.23697,-3.24513,-3.20941,1.22437,-3.43425,-4.15455,7.26815,-5.42995,-0.391449,-6.0544,-9.15052,-3.35495,-3.74211,-6.23358,-8.06287,-4.62975,2.39389,-14.9186,6,8,11,12,12,13,13,13,14,14,16,17,19,19,22,23,24,25,27,27,27,28,29,32,33,34,35,45,48,48
4,500,14,79,41.8,19.916,-0.28255,0.603486,-9.411,-8.97949,-11.962,-3.83632,-3.74314,-0.596164,-5.20722,-6.05459,5.84731,-6.41884,2.054,-6.94867,-8.73228,-3.66793,-4.61651,-7.08526,-11.6246,-4.17982,-0.00571686,-16.7906,14,15,17,18,23,25,26,27,27,29,30,30,31,32,32,41,43,45,45,46,48,55,60,61,62,67,74,76,76,79
5,600,18,146,63.7667,29.5094,-0.00189584,0.0213995,-12.4797,-9.41766,-12.8779,-8.01285,-3.24032,-3.14348,-5.21713,-8.02121,2.64688,-8.20396,0.844307,-8.22589,-10.1216,-4.37467,-7.42641,-12.4948,-11.2412,-7.44936,-3.03309,-19.5929,18,20,31,32,34,42,43,43,47,47,51,54,55,55,57,59,59,62,67,67,70,75,79,87,92,93,97,111,120,146
6,700,31,172,87.5,35.1713,0.119855,-0.626394,-12.9009,-8.77501,-12.4046,-7.25365,-2.05738,-2.37388,-7.51053,-7.49277,3.42148,-11.4787,-0.00712906,-11.4387,-10.6615,-5.25168,-7.66799,-13.4954,-13.1786,-9.92863,-6.00266,-25.6378,31,34,45,53,53,53,60,60,64,68,70,75,77,82,83,84,87,93,93,94,100,103,103,113,118,127,130,131,169,172
7,800,37,456,144.5,97.8062,-2.27012,-1.54817,-10.9217,-7.95038,-11.4748,-8.78139,-4.12304,-3.62191,-7.00547,-8.35351,0.837414,-15.9973,-2.6296,-11.8074,-10.1216,-6.20078,-8.70223,-13.5238,-14.586,-9.13111,-7.153,-27.8915,37,50,55,65,74,75,79,79,82,83,91,97,99,100,105,105,106,111,111,124,161,173,209,216,246,261,272,300,313,456
8,900,75,296,144.833,49.6381,-3.07433,-2.7618,-11.9911,-5.67087,-11.6998,-7.908,-6.06285,-4.87015,-8.27329,-9.36918,-2.17431,-16.6179,-4.52433,-11.5634,-10.2108,-7.3027,-10.2717,-15.3167,-14.4552,-9.7869,-8.88265,-25.9421,75,76,86,87,90,110,110,112,113,121,123,125,126,126,133,141,144,145,152,152,158,169,177,179,180,192,193,225,229,296
9,1000,44,406,141.5,91.8202,-3.01349,-2.42537,-10.8898,-5.89869,-10.101,-9.96406,-7.35376,-5.3834,-8.08248,-11.4421,-0.777679,-16.3907,-3.85984,-14.2785,-12.1527,-7.55578,-9.77132,-14.452,-16.2742,-12.3765,-10.1161,-27.304,44,44,46,63,66,72,73,75,77,79,94,96,97,101,106,107,118,127,136,151,151,161,187,191,234,251,275,276,341,406
10,1100,47,383,193.167,93.6608,-2.92859,-3.03143,-13.1828,-7.05867,-10.8603,-13.0117,-8.09498,-6.48196,-11.0991,-13.0681,0.0436441,-15.8325,-3.85186,-13.6076,-12.8096,-8.07215,-10.3815,-16.5849,-16.59,-10.6889,-10.8184,-28.3765,47,62,86,94,95,110,111,115,117,128,138,138,158,159,165,195,201,202,224,228,241,244,252,262,302,305,325,333,375,383
11,1200,31,812,221.8,175.501,-0.779827,-3.41869,-14.0367,-8.04759,-13.09,-12.0383,-9.11812,-7.03505,-13.6841,-13.202,-0.235046,-15.5813,-5.16569,-11.3563,-12.3575,-8.80214,-10.704,-15.9055,-15.6748,-6.73503,-12.1982,-29.7706,31,75,82,86,89,90,96,98,99,105,106,108,121,135,141,143,181,214,235,235,255,257,318,323,332,434,437,453,563,812
12,1300,57,1033,260.9,219.271,0.470895,-4.07373,-14.7565,-7.33582,-10.6275,-11.7897,-9.51082,-7.46533,-15.4234,-14.1368,-1.51806,-15.8867,-5.54599,-13.6251,-12.6924,-8.70035,-11.3817,-16.1496,-14.0031,-6.82546,-13.046,-31.623,57,69,76,93,98,132,151,152,153,155,171,172,182,182,184,198,202,204,214,218,229,265,292,321,335,393,471,575,850,1033
13,1400,75,1070,324.167,224.225,0.439814,-4.69363,-14.1146,-9.74976,-10.5497,-9.98573,-9.84867,-7.97436,-15.6147,-14.0926,-0.843552,-15.8327,-5.7491,-12.4266,-12.9095,-9.87827,-12.7886,-16.8706,-13.8656,-4.57349,-14.0434,-34.3608,75,113,124,148,165,168,172,183,190,191,198,218,220,236,241,250,268,278,284,284,320,342,417,461,491,517,646,668,787,1070
14,1500,111,1471,380.367,328.73,2.20843,-5.47647,-13.2109,-10.2886,-10.6313,-12.313,-10.5105,-8.70707,-15.3912,-14.1974,-1.66188,-14.6107,-5.95035,-11.1273,-12.8151,-10.4792,-10.6366,-17.6335,-14.6466,-6.16014,-13.6327,-36.9944,111,123,125,131,159,179,197,208,218,232,235,252,255,257,261,270,323,323,335,340,391,402,420,430,431,444,631,830,1427,1471
15,1600,54,1387,458.2,348.643,1.4746,-6.39024,-13.6973,-11.5318,-10.4678,-12.3935,-11.1229,-7.74523,-16.3726,-14.401,0.17172,-14.058,-6.46919,-11.605,-13.1184,-10.3284,-9.53292,-17.6386,-15.9178,-8.25192,-13.5316,-37.8636,54,82,98,98,133,148,205,216,218,221,264,265,271,305,343,352,369,379,426,526,571,577,718,727,819,889,919,1029,1137,1387
16,1700,100,1569,695.167,381.685,-0.84951,-6.48775,-13.6591,-9.98608,-11.5117,-13.2035,-11.2868,-6.84832,-18.6872,-13.2813,-1.24716,-15.4099,-6.57217,-9.95828,-12.5452,-10.2385,-10.6606,-15.4376,-16.1115,-8.20495,-12.2646,-40.0917,100,221,230,300,330,365,379,401,428,432,481,484,508,521,619,665,716,734,763,768,823,917,1020,1033,1066,1075,1151,1207,1549,1569
17,1800,97,2854,842.633,684.897,-0.510991,-5.39186,-12.9528,-10.9059,-12.5472,-13.1051,-10.2628,-6.86126,-19.9659,-13.3772,-0.0218931,-14.1529,-7.048,-10.3334,-12.3561,-10.4794,-10.3444,-14.765,-14.7251,-8.00461,-12.404,-41.5203,97,125,171,217,261,278,288,289,323,368,485,524,628,648,656,745,752,795,839,861,887,995,1043,1052,1290,1631,1775,2104,2298,2854
18,1900,64,4256,803.867,876.4,1.29568,-4.43587,-13.2181,-10.9671,-12.0483,-13.4552,-11.0921,-6.67563,-19.2326,-13.1131,-0.321824,-13.1646,-6.78415,-10.1141,-11.9706,-10.2597,-8.96174,-14.898,-16.3477,-8.15255,-13.3118,-43.4396,64,105,121,137,159,183,197,233,241,285,289,403,444,513,515,553,563,579,721,796,822,982,1050,1202,1238,1280,1964,2106,2115,4256
19,2000,131,3194,833.967,713.204,1.21805,-5.06938,-14.1379,-10.5393,-11.9559,-12.2053,-10.3246,-7.50204,-20.2599,-13.1008,1.13032,-13.7806,-6.83487,-9.98,-11.3862,-9.79404,-9.61211,-14.9408,-14.9251,-7.32167,-12.2473,-44.8942,131,199,224,252,279,296,316,327,339,347,447,453,457,480,598,633,713,801,833,894,905,980,1032,1251,1277,1329,1537,2003,2492,3194
20,2100,80,2314,749.233,529.259,-0.585572,-3.70887,-16.2401,-10.1753,-12.0052,-11.9271,-10.1787,-5.81258,-18.9923,-12.3437,0.854026,-14.5461,-7.92849,-12.0157,-10.6699,-9.40429,-10.4258,-14.8583,-15.6057,-9.01615,-14.1286,-47.3079,80,154,265,269,290,302,307,435,466,500,506,535,535,539,549,579,592,643,729,799,891,975,998,1035,1040,1176,1274,1654,2046,2314
21,2200,125,2974,974.167,806.915,-0.0737743,-2.34732,-15.6243,-10.4073,-12.6493,-12.2108,-10.847,-6.43939,-20.8185,-12.6497,-0.139759,-12.0749,-7.28082,-11.7957,-11.7027,-8.17221,-9.31178,-14.4706,-16.0655,-9.79531,-15.524,-48.9881,125,267,270,282,299,315,334,425,464,465,502,509,513,563,670,707,745,797,804,816,905,918,1512,1915,1962,2054,2057,2286,2770,2974
22,2300,262,4730,1082.63,898.595,2.10448,-1.75862,-15.7702,-11.842,-12.6999,-12.5521,-11.6364,-6.91032,-20.5257,-12.5985,-0.68943,-11.7394,-8.41613,-12.5883,-10.801,-8.75427,-7.52847,-15.2693,-16.2906,-11.3073,-16.2473,-50.2216,262,273,323,340,359,361,413,446,484,565,617,658,767,799,829,923,934,1018,1059,1090,1119,1435,1563,1601,1609,1686,1705,2127,2384,4730
23,2400,122,4880,1159.73,1053.93,0.423169,-1.83893,-15.9058,-12.6631,-11.5344,-12.7121,-11.9676,-7.115,-20.0932,-12.5978,-1.22606,-11.471,-9.97742,-12.9561,-10.6069,-9.71561,-8.38813,-14.4519,-15.2109,-10.2675,-16.3527,-50.7192,122,174,213,231,243,250,259,399,418,542,545,635,644,952,978,1011,1030,1090,1091,1265,1331,1402,1616,1648,1662,1965,2261,2558,3377,4880
24,2500,58,4495,1025.73,1021.04,1.68748,-0.733812,-15.289,-12.4149,-10.5191,-12.2545,-10.8403,-5.31898,-20.3593,-12.1991,0.880713,-12.2597,-10.7877,-12.5937,-9.92678,-10.1448,-8.50104,-14.5047,-15.0866,-10.6924,-16.9069,-51.6525,58,112,130,131,138,160,217,289,291,353,392,425,445,560,656,704,753,850,986,1137,1303,1493,1718,1726,1797,2029,2230,2309,2885,4495
25,2600,86,2712,748.033,581.062,1.27245,-0.55923,-16.0853,-13.086,-10.1355,-12.2326,-11.0871,-6.45554,-19.7347,-13.0609,-0.412265,-12.4081,-11.4391,-13.2818,-8.85567,-10.5001,-8.71755,-15.4391,-12.6934,-10.5097,-18.1874,-51.5014,86,114,157,224,261,311,316,379,385,408,424,450,473,528,570,596,636,743,760,776,793,870,1010,1033,1327,1362,1365,1504,1868,2712
26,2700,149,4089,1268.33,912.772,-0.257845,-1.01834,-17.2935,-13.4431,-9.83876,-13.9439,-12.0031,-7.20669,-19.8995,-12.9414,-0.407621,-13.0184,-10.049,-11.8864,-8.8713,-10.8703,-8.48048,-15.7943,-11.6793,-9.32235,-19.0972,-52.77,149,278,284,446,468,470,487,538,546,717,751,820,892,905,928,963,1050,1325,1440,1449,1535,1679,1713,1978,2105,2332,2356,2476,2881,4089
27,2800,154,3705,1430.17,989.99,0.79291,-0.105858,-18.8192,-12.8563,-10.4004,-13.6929,-10.913,-6.25742,-20.0787,-16.1082,-1.64146,-11.5108,-9.59084,-12.2657,-8.50862,-11.6103,-11.779,-17.7458,-13.0822,-10.1394,-17.8102,-54.4782,154,199,226,285,307,378,405,569,613,626,823,887,1058,1120,1338,1467,1577,1682,1790,1824,1906,2066,2197,2205,2371,2466,2609,2621,3431,3705
28,2900,98,5105,883.667,1039.61,0.332545,0.279319,-18.8426,-12.7598,-10.4805,-14.2791,-9.86709,-6.73467,-20.554,-15.7368,-2.94667,-12.581,-9.47876,-14.0387,-8.28841,-12.2393,-12.3162,-16.9006,-13.3535,-11.6937,-17.863,-54.5719,98,174,207,218,220,239,261,268,275,289,289,353,375,394,462,463,497,569,569,639,681,1186,1241,1340,1574,1977,2040,2135,2372,5105
29,3000,48,4101,1211.6,1152.83,-0.797484,-0.720555,-19.7402,-13.1072,-12.2043,-14.959,-11.3585,-6.71231,-22.0723,-15.5874,-1.16532,-13.1887,-8.18186,-14.5293,-8.00043,-12.9891,-12.1927,-15.845,-14.8984,-12.4567,-16.9189,-55.1815,48,152,163,177,182,276,318,405,481,492,541,556,575,734,803,933,967,982,1039,1097,1238,1339,1434,1702,2612,2840,3270,3273,3618,4101
30,3100,166,6939,1589.07,1505.03,0.147644,-1.72946,-19.9219,-13.9486,-11.8175,-14.5047,-13.1636,-5.98605,-21.6001,-15.3197,-0.881408,-13.2697,-7.91037,-12.6598,-7.55556,-13.1494,-12.0738,-15.7763,-14.4452,-12.0452,-16.5648,-55.566,166,225,384,399,505,517,540,557,571,656,882,893,940,1018,1038,1169,1204,1208,1276,1327,1541,1629,2091,2367,2826,3343,3407,3487,4567,6939
31,3200,134,3460,1387.73,1004.8,-0.0217292,-2.32132,-19.0874,-15.1885,-13.4006,-15.1587,-12.1018,-6.32686,-21.8872,-15.5782,-1.28569,-12.9939,-9.57004,-13.9946,-8.09705,-14.7121,-12.0612,-14.4,-15.4404,-11.6762,-15.639,-57.6909,134,240,252,285,405,407,414,431,505,656,693,760,867,902,1023,1218,1274,1286,1779,1851,2030,2072,2409,2562,2591,2644,2811,2811,2860,3460
32,3300,163,6521,1624.93,1394.5,-0.296255,-1.48049,-17.5338,-15.6053,-13.8353,-16.0108,-12.3536,-7.35798,-21.9305,-16.6263,-1.92203,-14.4626,-10.1807,-13.8385,-8.60626,-14.1993,-12.0064,-14.0775,-13.9901,-12.7985,-14.5326,-58.1823,163,175,275,368,409,475,512,586,744,752,894,905,1089,1147,1248,1334,1367,1452,1501,1540,1689,2079,2372,2643,2778,3362,3443,3462,3463,6521
33,3400,110,7494,2057.9,1859.28,-1.00314,-2.40376,-17.0842,-13.8654,-14.7806,-15.4548,-13.4657,-7.31173,-21.4836,-15.5029,-1.93622,-14.7046,-8.85963,-15.4644,-9.00317,-14.4504,-11.6325,-14.8434,-13.0654,-12.142,-15.0269,-59.5372,110,113,138,149,250,285,395,562,684,813,936,971,1010,1251,1356,1682,1737,2050,2307,2467,2678,2722,3493,3565,4107,4328,4330,4546,5208,7494
34,3500,172,5548,1708.03,1371.89,-0.839457,-2.45416,-16.7614,-13.4274,-14.8392,-15.5665,-14.1921,-9.54634,-21.5015,-14.9681,-1.81538,-15.025,-9.13361,-15.7108,-10.1534,-13.3128,-10.9763,-16.6647,-14.3065,-12.1726,-14.9816,-60.9692,172,380,433,572,716,732,814,814,830,888,943,998,1140,1194,1274,1342,1398,1403,1456,1707,1821,1981,1991,2472,2587,2749,2949,4688,5249,5548
35,3600,88,7558,2222.2,2102.2,-2.18126,-2.55103,-16.4534,-13.7961,-15.16,-14.5926,-14.5652,-10.2198,-21.3046,-14.0374,-1.95167,-15.5062,-8.64889,-13.7631,-11.101,-12.8492,-10.9171,-16.0221,-14.4291,-12.7339,-16.1976,-61.1255,88,280,303,387,391,402,478,608,1142,1146,1196,1220,1245,1319,1397,1400,1482,1495,1527,1660,1802,3464,3468,4052,4238,4306,6103,6204,6305,7558
36,3700,85,7433,2318.73,1792.91,-2.42956,-2.32325,-16.2199,-14.1136,-14.6664,-15.2409,-14.0051,-10.9215,-19.9196,-14.122,-0.828891,-15.0974,-8.82206,-13.4942,-11.1626,-13.7103,-10.9975,-15.2023,-13.6665,-14.0054,-15.1891,-63.46,85,142,272,406,486,525,573,745,947,1089,1182,1434,1967,2083,2242,2272,2273,2300,2351,2758,2989,3003,3362,3613,4170,4178,4434,4508,5740,7433
37,3800,85,11313,2608,2661.08,-1.38163,-2.76699,-16.3032,-13.7802,-14.9716,-15.0294,-15.0332,-10.9348,-21.4326,-14.0448,-3.56893,-16.5304,-8.96049,-13.4712,-11.7901,-13.3981,-10.7691,-15.0234,-14.0363,-12.7543,-14.9613,-65.4169,85,155,159,534,535,608,646,687,795,837,1050,1051,1275,1278,1850,1953,2041,2059,2077,2201,2662,3075,3667,4575,4799,5882,6168,6795,7428,11313
38,3900,112,9156,2657.63,2325.24,-2.76413,-2.88521,-16.3046,-14.3657,-14.3721,-15.4441,-14.7029,-13.1237,-20.5768,-12.3667,-2.78093,-15.9087,-9.78588,-13.5582,-12.3921,-13.2973,-10.4107,-14.8961,-13.9375,-13.5985,-14.5034,-67.154,112,151,158,217,268,322,355,829,877,891,950,1208,1993,2184,2268,2397,2541,2636,2867,3121,3523,3709,3944,4318,4536,5344,5904,5916,7034,9156
39,4000,83,8136,2311.57,1870.32,-2.16641,-2.53915,-17.6585,-13.0823,-14.2797,-14.8051,-13.4601,-13.6508,-19.7563,-13.3393,-2.56627,-15.7897,-10.1248,-13.1665,-12.4808,-14.4234,-10.4472,-14.4559,-13.2131,-13.7802,-14.6432,-67.5558,83,205,331,376,388,652,874,1076,1382,1421,1424,1446,1533,1621,1821,1866,1876,1961,2293,2547,3136,3233,3533,3553,3831,3955,3999,4010,6785,8136
40,4100,156,10737,3338.23,2657.06,-2.45124,-2.01967,-17.5381,-12.6858,-14.282,-15.7285,-13.1721,-14.0606,-19.2273,-13.0536,-2.06516,-16.848,-9.57621,-13.588,-11.2868,-13.3148,-9.6699,-14.5696,-13.4487,-14.6378,-13.9165,-67.4959,156,338,602,653,989,994,1070,1094,1261,1334,1788,1900,2339,2400,2474,2664,2937,3041,3822,3861,3951,4665,5063,5660,5843,5852,6866,7109,8684,10737
41,4200,245,10773,3343.03,2722.8,-3.43182,-2.60633,-18.1902,-12.0186,-13.325,-16.6606,-12.7716,-13.186,-17.4588,-13.3306,-3.19458,-16.5,-10.1981,-15.6651,-13.1103,-14.3409,-10.0644,-13.5443,-12.072,-15.1347,-12.3593,-67.3373,245,315,504,672,772,816,1161,1230,1826,1860,1890,1902,1958,2142,2201,2368,2406,2905,3096,3320,4424,4823,5404,5456,6011,6774,7036,7693,8308,10773
42,4300,126,14964,2613.33,3108.59,-4.16168,-2.51695,-18.2096,-12.3948,-14.2262,-16.3272,-13.0108,-13.9889,-16.2539,-15.1882,-2.31007,-16.6943,-10.2519,-16.0018,-13.0003,-14.6034,-10.0778,-14.2347,-13.3228,-16.1015,-12.3488,-68.5415,126,187,248,303,564,636,771,794,810,932,967,1041,1277,1301,1334,1398,1564,2032,2243,2301,2565,3050,3525,3648,3999,4822,5643,6986,8369,14964
43,4400,40,14459,3686.33,3191.88,-4.58942,-2.49415,-18.5567,-13.064,-14.9177,-16.2661,-12.0667,-13.1839,-16.7207,-16.5844,-1.82102,-17.0082,-12.2124,-16.0058,-12.5744,-14.1358,-11.1392,-14.5954,-12.9978,-16.1585,-10.5561,-69.3157,40,190,311,552,952,1228,1466,1498,1597,1735,1750,2451,2458,2719,2751,2825,2872,2995,3503,3541,4652,5286,5380,6102,6171,6263,7317,8060,9466,14459
44,4500,429,18357,4384.8,3969.61,-5.75483,-2.64097,-20.4782,-13.1977,-12.3867,-15.7574,-12.9986,-13.5341,-16.4687,-18.8121,-1.18909,-15.7116,-11.3167,-15.041,-13.1664,-14.0909,-11.7144,-14.4167,-13.2812,-15.8863,-10.5851,-69.3957,429,664,683,788,814,953,1213,1281,1446,1665,2381,2768,2959,3146,3338,3409,3798,3998,4041,4130,5440,5933,6020,6653,7369,8077,8588,9257,11946,18357
45,4600,323,14463,3064.3,3291.86,-5.85167,-2.58715,-21.5592,-13.1709,-12.1576,-15.3141,-11.1591,-13.2633,-15.1721,-19.3803,-0.175909,-15.9437,-11.212,-14.3372,-13.4462,-14.5993,-11.9626,-14.8683,-12.5993,-16.9951,-9.83107,-69.3151,323,329,476,482,483,534,693,706,728,864,970,1072,1080,1404,1605,1997,2348,2556,2765,3199,3508,3867,4513,4589,5007,7172,7318,7974,8904,14463
46,4700,75,13679,4533.77,3927.21,-6.16529,-2.53774,-20.7454,-12.2578,-13.2716,-16.6047,-12.1023,-14.4125,-16.0818,-20.5001,-0.449845,-15.0158,-11.3518,-12.7913,-15.717,-16.7713,-10.1979,-16.4183,-13.8849,-16.7375,-10.6506,-71.5411,75,92,261,279,349,554,1168,1919,1953,2259,2407,2445,2464,2523,3165,3707,3873,3911,4157,5291,5713,7170,7609,8369,8453,8519,9463,11514,12672,13679
47,4800,12,19279,4138.83,4219.79,-5.98036,-2.58846,-21.0545,-12.2174,-14.2131,-16.1234,-10.8652,-14.1342,-15.8559,-20.396,0.335685,-15.5606,-10.3719,-12.914,-16.5934,-16.7657,-9.37344,-16.2316,-14.3964,-17.6598,-9.60321,-74.3204,12,138,408,624,685,695,848,936,1390,1615,1709,1785,2082,2267,2838,2901,2911,3050,3633,5300,5790,6013,6442,6899,7281,7585,7967,8990,12092,19279
48,4900,42,8110,2520.77,1961.91,-4.0732,-4.23917,-20.6515,-12.9946,-13.4445,-14.9555,-11.3548,-15.2873,-16.7239,-20.9214,0.13515,-16.0739,-11.5585,-14.6518,-17.9951,-15.809,-12.5567,-17.6622,-14.0879,-16.092,-8.94755,-76.0903,42,366,529,538,829,900,920,988,1081,1353,1416,1560,1857,1885,1969,1971,2016,2080,2426,2695,3047,3159,3461,4059,4262,5081,5147,5890,5986,8110
49,5000,173,13302,4312.67,3717.15,-4.09562,-3.69009,-20.1142,-13.3599,-14.9488,-15.3113,-11.6767,-14.5474,-16.8756,-21.0456,-0.0239386,-16.3156,-11.8787,-16.9513,-19.2234,-15.21,-12.359,-19.2642,-14.2869,-17.5068,-7.96429,-76.1954,173,244,355,381,898,957,967,1258,1298,1576,2330,2334,2425,2492,3063,3304,3461,4233,5531,5558,5803,6003,6128,6551,6581,10271,10441,10668,10794,13302
50,5100,70,19212,3800.33,4371.57,-4.93739,-3.15149,-21.3907,-12.3216,-16.821,-14.8272,-11.4761,-14.7589,-14.6032,-20.5358,-1.45742,-17.2773,-11.4663,-15.8624,-19.6579,-14.1451,-13.018,-19.0141,-16.8684,-17.558,-9.59268,-78.6685,70,132,191,357,361,564,862,865,892,1455,1497,1521,1632,1656,1949,2306,2425,3669,3699,4030,4119,4291,4763,6032,6279,6961,8116,10277,13827,19212
51,5200,337,19094,4146.87,4126.23,-6.11551,-1.40012,-20.8182,-11.8772,-17.4641,-14.4104,-10.9801,-13.0688,-13.0133,-20.2571,-2.24184,-17.2353,-12.1511,-16.1133,-18.196,-15.7495,-14.6824,-18.1876,-14.886,-17.7378,-8.42545,-77.5484,337,501,642,678,873,881,988,1527,1689,1707,1730,2006,2119,2410,2487,2583,3309,3381,3416,3450,4213,5097,6463,6951,8364,8762,8945,9427,10376,19094
52,5300,196,15334,5854.13,4107.57,-5.66485,-1.22276,-21.2678,-11.5086,-16.9433,-14.2932,-9.5644,-12.7141,-12.3364,-20.3562,-2.28938,-17.2238,-13.2897,-16.7892,-18.2105,-16.4277,-13.975,-17.5742,-14.6253,-19.0617,-8.24025,-78.981,196,1286,1436,1677,2111,2140,2344,2827,2879,3065,3376,3443,3665,3914,3970,4585,4932,5772,6791,6866,6963,7352,9585,10297,10611,11151,11650,12692,12714,15334
53,5400,95,26557,5417.23,5547.41,-4.56249,-0.875755,-21.5662,-13.1054,-16.1533,-14.0643,-10.4477,-13.62,-12.0388,-22.495,-1.86989,-17.85,-12.9552,-16.0554,-18.6278,-17.5426,-15.0454,-17.3748,-12.914,-19.6856,-7.93042,-79.6809,95,600,792,1086,1188,1197,1631,1759,1979,1983,2513,2787,2957,3058,3186,3612,4074,6007,6394,6523,6693,6841,7560,7599,8406,8709,8782,9688,18261,26557
54,5500,176,15248,4557,3911.22,-6.55942,-0.57337,-21.7566,-11.2593,-15.7495,-13.9657,-11.7489,-12.9408,-11.665,-22.8682,-2.0868,-20.3036,-12.0849,-17.6309,-18.3188,-17.9692,-16.6954,-16.8974,-13.0009,-19.4423,-8.2017,-78.3949,176,241,414,582,1010,1253,1493,1763,2093,2252,2532,2581,2991,3152,3178,3307,3309,3600,3795,5341,5712,5723,6185,7659,8294,9042,9846,11896,12042,15248
55,5600,39,13760,3213.3,3154.42,-8.41121,-1.20346,-21.5799,-11.5499,-15.2682,-14.9993,-12.7661,-12.3675,-13.6983,-22.5486,-3.0384,-21.59,-12.0445,-18.041,-18.3674,-19.5516,-17.1579,-17.1639,-13.5518,-19.8372,-8.29176,-78.3164,39,279,531,550,575,619,664,681,706,778,940,957,1705,2017,2138,2195,2315,3498,3500,3725,4202,4820,5168,5219,5439,6345,6817,7378,8839,13760
56,5700,210,16674,3923.47,4107.07,-9.73491,0.227803,-21.6508,-12.5063,-16.6005,-15.166,-13.1005,-12.8686,-11.7303,-20.9565,-2.75487,-21.7684,-12.5589,-18.7931,-19.5548,-18.2324,-16.5815,-17.7355,-14.7751,-21.6004,-7.98361,-79.7175,210,212,332,365,381,711,763,831,1292,1479,1538,1707,2198,2397,2892,2967,3016,3080,3784,4224,4241,4305,5278,5935,6082,6897,9118,10350,14445,16674
57,5800,319,11299,3965.87,2873.49,-7.56091,-0.042521,-20.985,-12.0736,-15.7443,-14.2705,-14.8024,-12.3043,-13.5904,-21.0416,-1.70999,-20.9286,-13.4024,-17.4375,-18.8,-18.2173,-15.9691,-19.1714,-15.5372,-20.676,-8.09231,-82.1274,319,371,522,596,656,1378,1517,1717,1950,1956,1974,2130,2403,3296,4046,4418,4418,4457,4630,4741,4916,4986,5125,5813,6722,6928,8043,8279,9370,11299
58,5900,371,19813,5046.23,4767.02,-10.2487,-2.91532,-21.0581,-11.562,-15.1577,-14.0636,-15.492,-11.9132,-13.7451,-20.8104,-1.6508,-20.9772,-13.6654,-16.8154,-18.259,-17.3608,-16.4048,-18.9294,-15.5309,-21.8742,-6.59564,-81.6849,371,484,607,1212,1351,1637,1646,1742,1935,1986,2537,2650,3252,3729,3904,3984,4017,4169,4475,5033,5229,5515,6144,6344,6457,8389,13172,13613,15990,19813
59,6000,200,14820,3791.63,4107.52,-14.1812,-3.19372,-20.0438,-11.4127,-13.6837,-14.078,-15.6367,-10.7525,-13.5631,-20.5511,-2.38972,-20.7344,-13.6032,-16.7585,-19.4092,-16.8644,-16.9971,-17.747,-14.5871,-21.9825,-6.97043,-83.1677,200,211,227,286,527,582,624,685,706,1022,1114,1204,1835,1852,2380,2430,2525,2829,3311,3401,5224,5352,5596,5956,6589,8125,8200,11552,14384,14820
60,6100,75,13621,4161.37,3806.03,-12.5539,-2.63851,-20.9071,-10.912,-13.3221,-13.6186,-15.6352,-9.51085,-12.1132,-20.9353,-2.81119,-19.5003,-13.154,-16.8486,-18.81,-15.2838,-16.6406,-17.9869,-15.4378,-22.3507,-8.71375,-87.7538,75,261,317,448,957,1012,1116,1285,1769,1818,1903,2087,2377,2604,2617,2728,2808,3893,4396,4479,4501,5031,5945,7061,7315,8631,9417,11507,12862,13621
61,6200,163,24584,6828.67,6493.92,-9.62687,-2.44587,-20.5201,-11.3054,-15.4539,-12.657,-15.7185,-10.5556,-11.8813,-21.3277,-0.902627,-20.9906,-12.8633,-17.7758,-19.9524,-16.7068,-16.5886,-18.0396,-15.2713,-23.4469,-8.4455,-87.3492,163,575,1404,1847,1936,1999,2516,2731,2836,3219,3224,3638,3661,3725,4274,4307,4560,4859,5155,5569,7058,8839,9097,9261,12741,13290,15873,18119,23800,24584
62,6300,980,12069,4390.4,3080.82,-9.81388,-3.25463,-19.8377,-11.2409,-15.4026,-13.3563,-15.7893,-10.4815,-13.1129,-20.983,-0.919094,-19.7592,-13.1709,-17.7563,-19.5268,-19.3577,-17.5811,-18.5532,-14.8253,-22.6535,-7.42241,-86.6319,980,1288,1301,1502,1763,1768,1812,1832,1852,1926,2132,2143,2438,2824,3438,3733,4118,4588,4634,4819,4932,5232,6441,7470,8014,8716,9099,9134,9714,12069
63,6400,75,18875,4839,4661.34,-9.27032,-3.51306,-21.0151,-11.0505,-14.7777,-13.4521,-16.1355,-10.603,-12.8091,-20.4443,-1.56027,-19.8143,-12.1003,-18.5596,-20.0618,-19.9225,-16.3151,-17.3631,-12.7637,-22.752,-8.00536,-87.7202,75,359,584,1031,1227,1410,1784,1794,1849,1874,1936,2103,2161,2330,2451,2511,2667,2974,3164,4323,7077,7295,8789,8873,9766,10507,11419,11672,12290,18875
64,6500,195,22270,4543.77,4913.05,-14.0885,-3.86201,-20.561,-10.1698,-16.0308,-13.1267,-15.808,-10.6552,-12.2631,-20.9594,-2.00077,-19.7841,-11.6397,-20.9103,-19.8959,-19.5594,-16.1146,-16.2865,-12.7207,-21.3988,-8.99623,-89.7409,195,215,578,852,1356,1363,1656,1910,2017,2046,2153,2173,2289,2385,3230,3383,3392,3543,3652,4056,4059,4233,5438,5474,7194,7218,8247,14768,14968,22270
65,6600,307,15601,4216.9,3704.81,-15.205,-2.46815,-19.8777,-10.4878,-14.1816,-12.9366,-15.8145,-10.8604,-12.5021,-21.5004,-1.62397,-19.2528,-11.8305,-21.0017,-18.6842,-19.5671,-15.3573,-16.7695,-13.3095,-21.5593,-10.1198,-90.9985,307,530,656,869,912,998,1247,1365,1372,1799,1809,2110,2384,3045,3330,3333,3691,3698,4071,4225,5172,5523,5561,6051,8202,8455,9116,9881,11194,15601
66,6700,300,27669,5998.03,5883.82,-15.1603,-2.37461,-16.7089,-10.1321,-14.57,-13.6573,-14.9694,-11.6163,-11.933,-21.9552,-1.41519,-20.5251,-12.8596,-20.1693,-18.3345,-19.9501,-15.0146,-17.0715,-13.0077,-21.4436,-8.95111,-89.9573,300,405,665,752,819,1014,1032,1358,1693,2649,2715,3008,3016,3158,3303,3426,3855,6579,7119,8331,9336,9464,9599,10192,10417,10669,11441,11818,14139,27669
67,6800,274,21059,6336.53,5557.54,-17.4773,-1.22299,-17.4629,-10.129,-15.135,-13.9631,-14.3999,-11.223,-12.9945,-21.6597,-1.51889,-20.9685,-12.9923,-20.4777,-18.6666,-20.6806,-15.4092,-17.3268,-12.9814,-20.1352,-9.45054,-91.7693,274,511,544,574,691,1127,1482,1776,1803,2013,2379,2917,2961,3801,4173,4574,5972,6670,7161,8575,9622,9722,10605,10910,11443,12623,13411,15222,15501,21059
68,6900,270,14851,4466.1,3906.86,-15.4606,-2.82897,-18.156,-10.4956,-14.1511,-14.0376,-14.8084,-11.2372,-13.4262,-22.1552,-0.870529,-21.9601,-14.7709,-20.0416,-19.3454,-19.6132,-14.0043,-18.1926,-12.7247,-20.0319,-8.4776,-92.1256,270,270,462,906,1082,1557,1599,1619,1820,1841,1878,1972,2227,2526,2654,3191,3524,4523,5145,5285,5963,6064,6248,6876,7245,8065,8811,11921,13588,14851
69,7000,128,24141,5697.77,5744.08,-15.2314,-2.01101,-17.9577,-9.09827,-14.4235,-12.8251,-14.2451,-10.8935,-14.1102,-21.623,-0.0446704,-22.6125,-13.8191,-18.5547,-19.0179,-18.9318,-15.0035,-17.3184,-12.6638,-19.7489,-9.51522,-91.5559,128,350,516,836,996,1181,1388,1542,2281,2281,2402,2458,2781,2795,3155,3336,4241,4677,5480,5576,7236,8634,8940,9312,9546,9882,11254,14882,18706,24141
70,7100,203,19091,5459.47,5301.32,-14.1365,-1.19013,-17.0167,-9.74912,-14.6437,-13.3959,-15.0158,-10.4923,-14.031,-21.5108,0.399471,-21.6936,-13.5263,-17.1961,-18.2714,-17.8416,-15.2677,-16.2006,-13.9688,-20.0142,-9.32954,-90.6982,203,351,374,412,677,1265,1727,1816,2190,2408,2651,2706,2710,3545,3571,3586,4151,4221,4240,4587,5731,6803,8662,8682,9430,11495,12988,14453,19058,19091
71,7200,61,14357,4931.97,3221.51,-10.278,-1.18303,-18.7387,-12.0189,-13.6984,-13.9431,-15.3784,-10.744,-14.6979,-21.2131,0.531085,-21.7555,-14.3761,-18.9485,-19.9196,-17.3635,-16.4452,-16.1615,-14.4562,-20.0973,-10.4619,-91.8568,61,643,1065,1252,1344,1881,2091,2420,2969,3064,3160,3880,3916,4074,4253,4275,4384,5587,6077,6586,6660,6761,7249,7346,7591,8007,8374,8425,10207,14357
72,7300,80,44766,7171,8819.51,-6.40657,0.327808,-17.7633,-11.5487,-13.8338,-14.8445,-13.6414,-8.37858,-13.0117,-21.5448,0.684136,-21.9132,-13.7826,-19.3002,-20.2901,-19.9874,-16.2552,-18.2608,-14.4017,-21.7568,-11.3494,-91.9902,80,150,274,627,980,1225,1226,1413,1536,1640,1646,1765,2752,3208,4182,4546,6098,6732,6761,8006,8154,9785,12821,13476,13496,13653,13860,14211,16061,44766
73,7400,441,20611,5425.3,5223.8,-11.88,-0.236933,-17.7199,-11.2546,-13.4855,-13.7055,-11.5218,-8.2966,-11.4326,-22.7596,1.57213,-22.1461,-13.6147,-18.9846,-18.0214,-20.8902,-15.4709,-19.3668,-14.3235,-21.5262,-12.0316,-93.0689,441,942,1034,1152,1153,1186,1327,1567,1942,2049,2451,2655,2960,3051,3324,3373,4201,4838,5396,5897,6340,6753,7074,8234,8359,9918,10475,14667,19389,20611
74,7500,257,25364,7143.67,6362.93,-12.3221,0.472446,-18.6223,-12.1988,-14.9746,-14.761,-12.3399,-9.91396,-11.4772,-21.2755,2.73948,-21.8003,-14.0432,-18.4957,-18.2332,-20.5092,-15.8074,-19.2088,-12.8914,-24.0289,-10.8109,-93.0241,257,287,305,396,474,1376,1515,2064,2397,2744,2872,3094,3700,4164,4500,5904,6889,7748,8287,9247,10752,10782,11351,12084,13139,13654,14509,15832,18623,25364
75,7600,316,19808,6366.37,5261.78,-15.6955,0.631197,-18.1327,-12.3851,-13.8918,-12.5307,-10.7103,-9.7471,-11.8544,-21.1564,4.10418,-21.0835,-14.833,-18.3438,-16.5034,-20.6514,-15.1229,-18.945,-13.5088,-23.8235,-10.8576,-94.6143,316,818,953,1518,1553,1655,1796,1926,2579,3450,3661,3705,4298,4467,4958,5214,5449,5775,6055,6484,6497,8395,8978,10096,10600,11558,13625,17011,17793,19808
76,7700,305,25113,7397.47,6199.66,-16.0621,1.05808,-17.5392,-12.5194,-14.561,-11.2,-9.47036,-9.50498,-10.8013,-21.3508,4.55462,-21.8986,-14.9215,-19.2546,-18.977,-22.0045,-15.6673,-20.0577,-14.0533,-23.7384,-9.74614,-94.1034,305,458,631,1371,1772,1862,2089,2364,2479,2664,3929,4104,4767,5599,5661,6202,7072,8533,8545,8974,9362,9994,10140,10980,11186,11491,16085,17698,20494,25113
77,7800,89,19797,4788.93,4645.5,-15.4985,1.44544,-17.0913,-12.7496,-13.6097,-11.2503,-10.5039,-9.49366,-11.3158,-21.8423,4.06759,-22.3535,-14.0736,-20.7708,-18.2268,-22.3282,-16.5169,-20.4161,-14.726,-23.8162,-8.48675,-94.8058,89,129,236,354,610,885,1015,1769,1783,2085,2101,2252,2420,2734,3910,4353,4547,4689,4888,5256,5258,5351,6635,6937,7495,9095,9275,13626,14094,19797
78,7900,324,39141,9808.7,8283.26,-15.1518,1.34526,-16.2173,-12.134,-12.8431,-12.7284,-10.0747,-8.07105,-10.6857,-21.9721,4.59418,-22.1902,-12.3632,-20.741,-17.7287,-21.7997,-16.7886,-20.3426,-16.7162,-23.5877,-9.97282,-95.8763,324,562,721,2014,3444,3576,4333,4761,5570,5753,5923,6107,6494,7096,7280,7830,8428,8830,8990,9023,11352,11449,12881,13307,14091,19367,19780,22602,23232,39141
79,8000,347,30160,10240.1,9165.63,-15.9241,2.99442,-16.6942,-12.0978,-12.8163,-12.3051,-9.0989,-9.06136,-9.24756,-22.0993,6.54262,-23.5974,-12.16,-19.7861,-18.4399,-20.8206,-16.785,-19.0406,-16.1195,-23.7557,-9.9506,-98.953,347,674,807,810,1274,1654,2013,2123,2594,2778,3424,3748,5203,6279,7434,8642,11103,11458,12806,14243,14706,15443,15758,15793,15852,18845,21848,29515,29869,30160
80,8100,91,58470,12243.2,14254,-14.0043,3.48992,-17.4476,-12.6624,-12.4921,-12.0406,-10.2232,-8.65709,-7.50167,-22.8875,5.22855,-25.127,-12.591,-19.4506,-19.3206,-23.7648,-17.6416,-18.3933,-17.7381,-25.0856,-8.92951,-100.966,91,832,1160,1192,1238,1314,2125,3417,3483,3681,4663,5427,5691,6151,6415,6692,6795,7423,7519,10041,10782,14031,16128,20282,22940,30927,31496,33958,42933,58470
