agents,meanScore,clow,chigh,Q1,Q2,Q3,means
100,3.6033309999999998,5.6113138857426259,2.6537122626456555,0.65666679999999999,2.3666700000000001,4.5700009999999995,"[0.333333, 0.366667, 0.633333, 0.666667, 1.76667, 2.96667, 4.1, 5.66667, 6.4, 13.1333]"
200,7.4933360000000011,11.66905298107088,5.5185487071057713,4.0433309999999993,5.3333349999999999,7.6933299999999996,"[2.06667, 2.73333, 2.9, 4.53333, 4.7, 5.96667, 7.63333, 7.83333, 10.8, 25.7667]"
300,28.936669999999999,45.061843660255484,21.31072499837807,14.566699999999999,22.833300000000001,32.576689999999999,"[9.1, 10.4, 12.4667, 15.4667, 18.1333, 27.5333, 30.1667, 38.2, 45.9667, 81.9333]"
400,38.113299999999995,59.352218689172432,28.068953859607301,21.163319999999999,31.033349999999999,38.713319999999996,"[10.9, 12.1, 16.5667, 23.1333, 29.6667, 32.4, 37.8333, 40.7667, 57.0333, 120.733]"
500,57.493290000000002,89.531851643389871,42.341558045276116,36.019989999999993,45.016649999999998,59.283300000000004,"[15.9667, 16.8, 22.5333, 41.8, 42.7333, 47.3, 58.8333, 60.3333, 78.4, 190.233]"
600,69.606719999999996,108.39558022202203,51.262625172803325,44.396689999999992,60.783349999999999,80.286689999999993,"[22.6667, 29.3667, 30.0, 50.5667, 57.8, 63.7667, 75.2667, 92.0, 93.8667, 180.767]"
700,93.173259999999999,145.0947491690072,68.618459589938283,71.906679999999994,79.083300000000008,85.189999999999998,"[45.5333, 66.3667, 71.5333, 72.0667, 79.0333, 79.1333, 84.2, 87.5, 138.733, 207.633]"
800,151.28989999999999,235.59731721637931,111.41909051498041,101.45309999999999,109.383,171.88999999999999,"[78.3333, 86.1667, 98.7, 102.633, 108.133, 110.633, 144.5, 235.8, 273.4, 274.6]"
900,189.44005999999999,295.00693641353405,139.5151903220461,100.16,115.98349999999999,158.95310000000001,"[94.1333, 95.8333, 99.6, 100.4, 112.867, 119.1, 144.833, 191.9, 420.467, 515.267]"
1000,185.50997000000001,288.88677465508937,136.62083284384022,125.9131,141.08350000000002,174.97309999999999,"[92.7667, 104.233, 119.1, 128.833, 140.667, 141.5, 154.133, 223.6, 273.667, 476.6]"
1100,265.25,413.06252692112702,195.34624425753839,159.19299999999998,181.33350000000002,204.68700000000001,"[106.633, 113.333, 139.733, 167.533, 169.5, 193.167, 195.567, 225.967, 372.067, 969.0]"
1200,316.46289999999999,492.81419472493087,233.06254085522693,180.46299999999999,184.81650000000002,252.51009999999997,"[109.9, 161.0, 175.633, 182.533, 184.8, 184.833, 221.8, 324.167, 611.433, 1008.53]"
1300,368.04989999999998,573.14843252429057,271.05434746225285,211.7731,254.25,315.16689999999994,"[142.433, 156.233, 170.8, 229.333, 247.6, 260.9, 272.767, 414.1, 571.833, 1214.5]"
1400,467.42340000000002,727.89855135179914,344.23904116150453,213.4169,244.6335,410.85679999999991,"[136.6, 185.233, 204.9, 217.067, 242.667, 246.6, 324.167, 613.133, 750.667, 1753.2]"
1500,679.66719999999998,1058.4167807630802,500.54829355339189,269.89010000000002,326.767,590.76690000000008,"[213.767, 232.667, 267.067, 271.1, 273.167, 380.367, 538.767, 712.1, 1093.47, 2814.2]"
1600,780.31999999999994,1215.159098989986,574.6751416363519,254.02679999999998,389.38350000000003,614.40009999999984,"[204.233, 214.333, 227.333, 265.467, 329.567, 449.2, 458.2, 978.867, 1430.13, 3245.87]"
1700,1033.6799999999998,1609.7058353546861,761.26486621727508,326.20319999999998,536.34999999999991,764.65689999999995,"[255.033, 266.4, 312.367, 332.133, 388.467, 684.233, 695.167, 926.8, 1150.67, 5325.53]"
1800,1142.1896000000002,1778.6832135684499,841.17794001892582,407.87990000000002,732.88300000000004,1089.8989999999999,"[336.6, 383.067, 385.433, 417.5, 623.133, 842.633, 879.5, 1580.83, 1998.1, 3975.1]"
1900,1320.0221999999999,2055.6143469330264,972.14469031695819,421.63299999999998,683.84999999999991,1339.6900000000001,"[296.533, 322.033, 369.133, 444.133, 563.833, 803.867, 1010.83, 2107.03, 2446.2, 4836.63]"
2000,2109.2393999999999,3284.6286765149921,1553.372271555226,483.57010000000002,695.51700000000005,1532.0489999999998,"[336.133, 477.2, 482.567, 484.0, 557.067, 833.967, 1002.9, 2766.73, 3341.73, 10810.1]"
2100,2608.1502,4061.5612147100578,1920.8005505355236,583.09990000000005,722.81649999999991,1672.5389999999998,"[369.833, 475.133, 563.033, 591.7, 696.4, 749.233, 1169.07, 2847.3, 5738.9, 12880.9]"
2200,3401.5764000000004,5297.1300407135541,2505.1278955516609,631.30679999999995,836.58349999999996,1414.3368999999998,"[396.733, 485.067, 540.633, 670.167, 750.9, 922.267, 974.167, 2441.4, 6389.23, 20445.2]"
2300,4292.0900000000001,6683.8889393888785,3160.9563110851573,786.47320000000002,963.28150000000005,2412.8289999999993,"[546.5, 611.267, 724.967, 812.833, 843.933, 1082.63, 1524.67, 4485.2, 16013.4, 16275.5]"
2400,4752.1733000000004,7400.3570656554612,3499.789655856559,753.37990000000002,1068.6315,2711.1209999999992,"[633.367, 694.1, 701.533, 775.6, 977.533, 1159.73, 1387.2, 5800.27, 16586.1, 18806.3]"
2500,4788.076,7456.2668111230987,3526.2305893295284,1032.8,1225.3,2116.1799999999998,"[905.967, 927.033, 1025.73, 1035.83, 1102.23, 1348.37, 1445.2, 3681.8, 16771.1, 19637.5]"
2600,4299.4269000000004,6695.3143812503959,3166.3596508004944,1022.1488999999999,1529.45,3234.9799999999996,"[748.033, 837.033, 841.033, 1099.77, 1363.67, 1695.23, 2066.9, 5960.5, 11413.8, 16968.3]"
2700,5366.1437000000005,8356.4670180730864,3951.9548272997208,1454.2779999999998,1630.05,3773.8089999999993,"[921.867, 953.9, 1268.33, 1533.97, 1599.77, 1660.33, 2877.67, 5864.8, 17545.4, 19435.4]"
2800,5559.9767000000002,8658.3148928353967,4094.7052460110167,1518.8319999999999,2143.415,4334.3919999999998,"[827.767, 1330.17, 1430.17, 1556.83, 1591.4, 2695.43, 4195.93, 4657.47, 14420.2, 22894.4]"
2900,8288.0367000000006,12906.606531638221,6103.8146714934674,1509.4379999999999,1790.1700000000001,5212.7399999999998,"[883.667, 1105.5, 1490.93, 1517.37, 1778.07, 1802.27, 3750.33, 8625.03, 14499.1, 47428.1]"
3000,8021.4139999999998,12491.406357475986,5907.4574874074951,1554.4399999999998,1944.6000000000001,4324.6700000000001,"[688.8, 1211.6, 1263.87, 1678.97, 1785.13, 2104.07, 3442.4, 6383.3, 21710.2, 39945.8]"
3100,10683.453,16636.886305082353,7867.945030167506,2378.2910000000002,3063.1999999999998,6974.0209999999988,"[756.9, 1589.07, 2033.1, 2526.23, 3060.4, 3066.0, 4819.73, 12000.7, 26395.7, 50586.7]"
3200,12201.6023,19001.035545804469,8986.0025757931853,2012.8399999999997,2969.1350000000002,8261.8009999999977,"[979.233, 1387.73, 1499.53, 2232.83, 2471.0, 3467.27, 3954.83, 18311.4, 38702.0, 49010.2]"
3300,14024.8223,21840.258393431752,10328.732752815726,2451.4079999999994,3042.0799999999999,14564.029999999999,"[749.833, 1624.93, 2221.43, 2549.97, 2753.53, 3330.63, 11905.7, 20766.8, 44664.3, 49681.1]"
3400,12161.8663,18939.1563655227,8956.7385668890638,3344.3699999999999,4048.8150000000001,12772.009999999995,"[842.833, 2057.9, 3244.9, 3387.0, 3474.0, 4623.63, 7646.9, 24730.6, 33553.0, 38057.9]"
3500,13482.048999999999,20995.020652269377,9929.001459174744,3466.3209999999999,4819.415,18046.979999999996,"[913.6, 1708.03, 2898.6, 3709.63, 4804.6, 4834.23, 12756.3, 30391.9, 33993.2, 38810.4]"
3600,15982.15,24888.32145007536,11770.228002490545,4357.3989999999994,6740.3500000000004,19575.82,"[1622.17, 2222.2, 3838.23, 4579.9, 6167.8, 7312.9, 14227.6, 32055.0, 38740.2, 49055.5]"
3700,17018.920000000002,26502.839210814353,12533.768532778531,5852.378999999999,10947.764999999999,26889.190000000002,"[1739.07, 2318.73, 3489.2, 6865.17, 7319.53, 14576.0, 24466.9, 32541.2, 33890.6, 42982.8]"
3800,22420.91,34915.128145037379,16512.122757158471,5917.0419999999995,10699.799999999999,28819.299999999996,"[1348.5, 2608.0, 3811.47, 6819.43, 8986.0, 12413.6, 26476.3, 34286.3, 48174.4, 79285.1]"
3900,21386.026000000002,33303.547371765962,15749.971192060571,4536.9699999999993,16264.400000000001,30763.450000000001,"[1637.27, 2657.63, 3702.43, 4894.63, 13941.1, 18587.7, 26787.4, 40040.9, 43108.2, 58503.0]"
4000,24851.223000000002,38699.751062998796,18301.953169675991,5312.8789999999999,14374.85,42710.819999999992,"[2041.33, 2311.57, 3529.93, 6077.0, 10615.2, 18134.5, 40282.2, 48377.6, 50705.3, 66437.6]"
4100,25553.606,39793.542191543347,18819.230760930815,5410.1099999999997,17677.349999999999,24821.900000000001,"[1878.23, 3338.23, 5356.0, 5433.3, 15750.5, 19604.2, 22101.5, 31169.5, 63463.0, 87441.6]"
4200,26631.453000000001,41472.02741474544,19613.022894141952,9256.4189999999999,19283.950000000001,44164.669999999998,"[2092.27, 3343.03, 8965.73, 9381.0, 12666.7, 25901.2, 43921.1, 44733.0, 46310.3, 69000.2]"
4300,29814.328999999998,46428.584637880631,21957.08650408524,7803.7599999999993,22440.950000000001,35415.879999999997,"[1929.6, 2613.33, 6723.03, 8266.93, 17064.5, 27817.4, 32832.7, 41443.3, 55183.5, 104269.0]"
4400,39341.012999999999,61264.083850770621,28973.116436708737,13789.189999999999,27078.549999999999,48013.509999999995,"[2193.4, 3686.33, 12175.9, 14480.6, 24101.8, 30055.3, 45172.9, 54641.6, 83656.3, 123246.0]"
4500,35516.235999999997,55307.921541515927,26156.317861505664,10352.329,28324.400000000001,48108.580000000002,"[2130.03, 4384.8, 9066.03, 10903.6, 22347.3, 34301.5, 46197.1, 52568.7, 86414.0, 86849.3]"
4600,40240.754000000001,62665.212186433353,29635.740471221539,8427.4599999999991,28635.949999999997,39127.549999999996,"[1993.2, 3064.3, 4952.87, 9916.57, 24867.8, 32404.1, 35207.6, 48274.1, 108742.0, 132985.0]"
4700,47916.303999999996,74618.01926846712,35288.482658256216,17567.939999999999,33937.300000000003,56282.479999999996,"[2132.07, 4533.77, 8500.7, 21453.9, 29653.7, 38220.9, 54736.7, 59889.3, 124362.0, 135680.0]"
4800,34939.199000000001,54409.326399774225,25731.352693748315,15245.498999999998,37277.699999999997,50340.770000000004,"[2071.13, 4138.83, 6495.03, 18995.7, 29011.5, 45543.9, 49481.6, 52345.5, 63551.3, 77757.5]"
4900,42667.32,66444.000060894774,31422.811364880494,18544.488999999994,32557.599999999999,56562.909999999989,"[2379.1, 2520.77, 5410.83, 24173.2, 25366.7, 39748.5, 42280.3, 89889.0, 91415.8, 103489.0]"
5000,42618.936999999998,66368.655275823985,31387.17917888271,20508.810999999998,34927.25,61350.490000000005,"[2222.63, 4312.67, 8199.57, 25784.2, 27137.2, 42717.3, 54445.3, 77462.6, 91542.9, 92365.0]"
5100,41534.470000000001,64679.861008594693,30588.511674749858,17401.509999999998,36176.199999999997,56822.209999999999,"[2767.37, 3800.33, 10392.9, 20405.2, 21065.1, 51287.3, 56736.5, 57022.2, 81108.8, 110759.0]"
5200,45594.281000000003,71002.031754993135,33578.403592734561,25546.640999999992,37135.649999999994,56915.609999999986,"[2683.17, 4146.87, 8753.97, 32743.5, 35142.2, 39129.1, 46367.7, 81527.4, 81670.9, 123778.0]"
5300,49372.473000000005,76885.649227992893,36360.894138573873,18536.089,46554.550000000003,68675.369999999995,"[2376.67, 5854.13, 9569.53, 22378.9, 43329.8, 49779.3, 65944.2, 75048.1, 81304.1, 138140.0]"
5400,61048.472999999998,95068.186699552083,44959.81119022709,26714.759999999995,54918.350000000006,79435.589999999997,"[2503.3, 5417.23, 11670.5, 33162.3, 47983.3, 61853.4, 68258.7, 105515.0, 118084.0, 156037.0]"
5500,50286.307000000001,78308.723992277315,37033.897116047359,38279.279999999984,51651.75,62870.339999999997,"[3008.87, 4557.0, 17194.3, 47315.7, 47616.3, 55687.2, 58117.2, 73961.0, 93733.5, 101672.0]"
5600,46847.966999999997,72954.343563195347,34501.694267864645,42247.169999999998,54910.800000000003,58697.419999999998,"[2149.77, 3213.3, 18479.3, 52433.4, 54814.7, 55006.9, 56885.9, 62924.3, 78824.0, 83748.1]"
5700,60283.677000000003,93877.202464531671,44396.568867048256,46006.669999999998,66061.299999999988,82559.76999999999,"[2695.1, 3923.47, 25689.8, 54713.9, 56475.2, 75647.4, 78722.5, 91513.4, 104367.0, 109089.0]"
5800,59264.806999999993,92290.559611358694,43646.210986231359,51457.689999999988,66895.0,74805.729999999996,"[3538.8, 3965.87, 34387.0, 58773.7, 63399.4, 70390.6, 73661.8, 77474.9, 100934.0, 106122.0]"
5900,62877.632999999994,97916.659656170566,46306.915944783621,36277.229999999996,72457.649999999994,86045.209999999992,"[2968.0, 5046.23, 33271.5, 37565.4, 70307.4, 74607.9, 85878.2, 86434.9, 96337.8, 136359.0]"
6000,59985.816000000006,93413.356216345986,44177.205897544794,40057.669999999991,71020.149999999994,84830.039999999994,"[3791.63, 4899.63, 20386.9, 48488.0, 63767.9, 78272.4, 83119.2, 88822.0, 93729.5, 114581.0]"
6100,63385.690000000002,98707.835182051684,46681.080042121044,29030.959999999999,68472.449999999997,79044.740000000005,"[4161.37, 4706.63, 27680.1, 29609.9, 67900.2, 69044.7, 75916.1, 86344.9, 123796.0, 144697.0]"
6200,54188.474000000002,84385.402452176393,39907.690397539183,49734.349999999991,67257.399999999994,72221.049999999988,"[3117.57, 6828.67, 25556.0, 60096.5, 67056.3, 67458.5, 70002.4, 77397.9, 81720.3, 82650.6]"
6300,56674.807000000008,88257.262930017634,41738.777347675205,45321.940000000002,62410.650000000001,71338.220000000001,"[4390.4, 5596.37, 37687.6, 48593.8, 60319.5, 64501.8, 67415.6, 80491.0, 83980.0, 113772.0]"
6400,59958.820000000007,93371.316495415682,44157.324400051948,45615.749999999993,66167.399999999994,76992.850000000006,"[4087.6, 4839.0, 29679.9, 52445.4, 63466.1, 68868.7, 70072.6, 93140.1, 95567.8, 117421.0]"
6500,64269.090000000004,100083.51637444424,47331.669569650214,51348.059999999998,69122.800000000003,83842.869999999995,"[4543.77, 4840.83, 35609.4, 58093.2, 64316.8, 73928.8, 75126.1, 104182.0, 110090.0, 111960.0]"
6600,61783.290000000001,96212.485914800345,45500.975153154868,46798.319999999992,65412.800000000003,82720.479999999996,"[4216.9, 4669.5, 34060.7, 52257.3, 62241.9, 68583.7, 80853.7, 87076.3, 97974.9, 125898.0]"
6700,60085.956000000006,93569.299972975132,44250.955088496536,49744.839999999989,65705.899999999994,70184.950000000012,"[5014.83, 5998.03, 28590.0, 58811.2, 63022.5, 68389.3, 68479.6, 74164.1, 105302.0, 123088.0]"
6800,62919.099999999999,97981.234449021984,46337.454767443858,56758.289999999994,76544.399999999994,81785.190000000002,"[5310.17, 6336.53, 27611.9, 69249.6, 75343.7, 77745.1, 81104.7, 83373.0, 96732.3, 106384.0]"
6900,63714.032999999996,99219.149750484721,46922.89181169033,50868.860000000001,67821.450000000012,75899.649999999994,"[4466.1, 4531.83, 49142.1, 51608.9, 65247.3, 70395.6, 75013.0, 77968.5, 111832.0, 126935.0]"
7000,59783.304000000004,93097.992904557657,44028.063734992167,55451.279999999999,68509.049999999988,72182.139999999999,"[4762.37, 5697.77, 47586.5, 58821.9, 66561.2, 70456.9, 71923.3, 72786.1, 93361.0, 105876.0]"
7100,58641.257000000005,91319.53175589531,43186.990814292491,50211.620000000003,62740.75,84827.970000000001,"[5459.47, 7674.2, 46367.5, 51859.1, 56800.4, 68681.1, 84525.0, 85534.9, 86480.1, 93030.8]"
7200,67048.116999999998,104411.17675145474,49378.314196003812,60653.190000000002,64039.5,89703.279999999999,"[4931.97, 7383.6, 54127.3, 63450.0, 63665.7, 64413.3, 88498.9, 92513.5, 98170.9, 133326.0]"
7300,73362.377000000008,114244.10489937934,54028.519573065474,68356.809999999998,78870.450000000012,88376.619999999995,"[7171.0, 7836.77, 61781.5, 71174.8, 78082.3, 79658.6, 87708.7, 89935.1, 115517.0, 134758.0]"
7400,69135.759999999995,107662.17427412845,50915.781564149111,48525.609999999993,70613.600000000006,88335.209999999992,"[5425.3, 9994.3, 44454.2, 50270.5, 61834.4, 79392.8, 84208.2, 97964.9, 109731.0, 148082.0]"
7500,66194.726999999999,103082.22885381395,48749.825859012519,60501.899999999994,70760.300000000003,86306.119999999995,"[7143.67, 14789.6, 48819.6, 65508.6, 67228.1, 74292.5, 83482.4, 92894.8, 101732.0, 106056.0]"
7600,77662.467000000004,120940.45189801561,57195.367571065093,57218.169999999998,84438.449999999997,105958.89999999999,"[6366.37, 14790.1, 53448.6, 58833.7, 68594.9, 100282.0, 103543.0, 111596.0, 112452.0, 146718.0]"
7700,71197.096999999994,110872.20658348195,52433.875592797929,72187.190000000002,81423.600000000006,90862.470000000001,"[7397.47, 14596.6, 71649.1, 72417.8, 78336.8, 84510.4, 90256.8, 92275.7, 95488.3, 105042.0]"
7800,74177.002999999997,115512.68727093692,54628.459741112747,76447.710000000006,85467.850000000006,97680.410000000003,"[4788.93, 11352.4, 72549.2, 78118.5, 84556.8, 86378.9, 97613.3, 97837.0, 100120.0, 108455.0]"
7900,70470.940000000002,109741.393217369,51899.089380955069,62839.499999999993,73348.5,96400.449999999997,"[9808.7, 16666.8, 52718.2, 67177.2, 69702.8, 76994.2, 93044.5, 104231.0, 106302.0, 108064.0]"
8000,79292.819999999992,123479.33118153468,58396.058750571239,72168.199999999983,78057.950000000012,92288.470000000001,"[10240.1, 22050.5, 69127.4, 73471.4, 77933.1, 78182.8, 89836.0, 98010.9, 106890.0, 167186.0]"
8100,70011.069999999992,109025.25725410708,51560.413123286016,58008.009999999995,69588.149999999994,80432.660000000003,"[12243.2, 23176.5, 56642.8, 58593.1, 66357.3, 72819.0, 74000.3, 95441.5, 108297.0, 132540.0]"
