agents,meanScore,clow,chigh,Q1,Q2,Q3,means
500,10.090002666666667,15.712731378451434,7.4308920847573239,4.9700009999999999,6.9333349999999996,11.579999999999995,"[1.46667, 1.93333, 2.33333, 2.7, 3.0, 3.26667, 3.43333, 3.76667, 4.66667, 5.1, 5.2, 5.3, 5.36667, 5.46667, 6.4, 7.46667, 7.46667, 8.83333, 9.6, 10.9, 11.1, 12.7, 12.8, 13.4, 13.4667, 14.6667, 14.8333, 26.1667, 32.5333, 47.3667]"
1000,22.521110333333336,35.071165856196693,16.585916381249032,12.063319999999999,16.066649999999999,21.416689999999996,"[4.8, 5.63333, 6.46667, 6.86667, 9.06667, 9.36667, 10.0, 10.8333, 11.6667, 12.2333, 13.0667, 13.2, 13.8333, 14.8667, 15.7, 16.4333, 17.3333, 18.3333, 20.0667, 20.2, 20.8667, 22.7, 28.0667, 28.9, 33.4333, 35.8, 40.5, 68.1667, 69.6333, 77.6]"
1500,47.38330766666666,73.788006781053866,34.895951717936875,30.923310000000001,43.416649999999997,56.949989999999993,"[6.23333, 13.1667, 17.4667, 21.7, 23.0333, 23.4333, 27.7, 28.1333, 30.2, 31.2333, 32.3333, 34.2, 35.0667, 35.6, 42.3, 44.5333, 46.1, 46.4, 54.8667, 56.1, 56.1, 58.9333, 59.4667, 62.9, 67.3333, 79.7, 83.0333, 99.0667, 100.433, 104.733]"
2000,71.776689999999988,111.77478207515318,52.86072315452445,65.039989999999989,75.0,86.543319999999994,"[26.0667, 28.2333, 34.5667, 40.5333, 40.6333, 45.1667, 47.6667, 61.7333, 64.4333, 65.3, 67.1667, 68.6, 69.8333, 71.7667, 74.8667, 75.1333, 75.2667, 76.9333, 77.4667, 81.2333, 86.2333, 87.2667, 92.5667, 92.8667, 93.4667, 93.9333, 96.2333, 101.4, 104.967, 111.767]"
2500,90.021129999999999,140.18607138207454,66.297039205728993,76.183300000000003,86.150000000000006,104.81699999999998,"[46.8, 51.4, 56.5667, 58.5667, 59.8, 73.5333, 74.5667, 75.4, 75.8333, 76.3333, 77.6, 80.4, 81.2333, 82.6, 85.9, 86.4, 91.5333, 95.4, 97.4333, 103.6, 104.067, 106.567, 107.1, 108.733, 117.733, 118.667, 120.8, 121.233, 124.767, 140.067]"
3000,89.483306666666678,139.34854201316293,65.900953368817653,78.276700000000005,87.650000000000006,96.69668999999999,"[54.8, 59.2667, 65.7667, 66.3, 69.8, 72.4333, 72.5667, 74.1667, 75.9667, 79.2667, 80.8, 81.7, 82.2667, 86.6333, 87.5333, 87.7667, 92.1333, 92.2, 93.4, 94.1667, 95.0667, 100.5, 100.833, 101.133, 103.7, 110.033, 114.2, 114.467, 123.7, 151.933]"
3500,92.433346666666665,143.94251365093257,68.073542376959054,85.596679999999992,92.666650000000004,96.436689999999984,"[67.4, 72.2667, 72.7, 73.5333, 75.8, 76.7, 78.4, 80.8, 84.0333, 86.2667, 87.3, 89.1333, 90.4667, 90.9667, 92.3, 93.0333, 93.2, 94.5, 95.1, 95.6667, 96.3667, 96.6, 96.8333, 98.3667, 101.033, 101.467, 103.767, 123.067, 130.9, 135.033]"
4000,89.615549999999999,139.5544789233802,65.998345408383187,80.2333,89.416699999999992,102.58999999999999,"[58.9, 63.4667, 65.3, 65.6667, 69.2, 69.4333, 72.6, 72.9, 78.8333, 80.8333, 80.8667, 81.0, 81.8, 85.8667, 86.0667, 92.7667, 93.3, 94.3, 94.9667, 96.0667, 102.5, 102.8, 108.767, 109.133, 110.867, 111.033, 111.7, 113.833, 115.2, 118.5]"
4500,95.605546666666669,148.88244559400212,70.409743530714991,85.6233,93.083349999999996,99.516689999999983,"[62.4, 65.6667, 69.9667, 72.0333, 72.9333, 73.6, 80.5333, 81.0667, 84.4333, 86.1333, 87.7, 90.5, 91.4667, 91.5, 91.7, 94.4667, 95.2667, 96.1333, 97.3, 98.3667, 98.6667, 101.5, 102.2, 104.333, 112.0, 124.167, 129.333, 131.067, 133.5, 148.233]"
5000,91.715500000000006,142.82464161294862,67.544876400385533,78.546700000000001,87.349999999999994,99.223209999999995,"[66.5, 67.7667, 68.5333, 68.9333, 71.0667, 71.9, 73.8, 74.8667, 77.5667, 78.9667, 79.7333, 81.3, 84.4667, 84.8333, 85.3667, 89.3333, 92.1667, 96.9333, 97.0, 98.1333, 98.5333, 100.833, 101.8, 103.6, 105.833, 109.233, 115.6, 120.733, 139.933, 146.2]"
5500,94.56331333333334,147.25942001696879,69.642179469238343,84.189989999999995,91.966650000000001,101.3699,"[53.5, 68.1667, 72.1333, 76.3333, 79.1333, 79.9667, 82.1, 83.7333, 83.9333, 84.3, 85.4667, 85.7333, 86.6333, 90.0, 91.8, 92.1333, 93.9333, 94.7333, 95.7, 99.8333, 101.3, 101.533, 104.867, 106.7, 107.933, 108.133, 115.7, 120.9, 128.8, 161.767]"
6000,97.342223333333337,151.58689819486278,71.688737929670822,83.483319999999992,97.400000000000006,109.0701,"[65.7667, 67.6, 69.3333, 75.6333, 76.3667, 80.7333, 81.0667, 82.6667, 83.3667, 83.5333, 85.3667, 88.4333, 92.5333, 94.0667, 94.7, 100.1, 100.233, 102.2, 103.267, 103.6, 108.9, 109.467, 111.7, 113.4, 115.7, 120.933, 121.733, 125.667, 127.6, 134.6]"
6500,105.63000000000001,164.49309978766689,77.792361096790884,98.303309999999996,105.7165,113.3699,"[66.7, 75.7, 87.9333, 88.3, 90.0667, 91.3333, 92.8667, 94.2667, 94.5, 99.9333, 101.0, 101.433, 101.867, 103.167, 103.533, 107.9, 108.2, 109.1, 109.467, 111.667, 113.3, 113.533, 114.133, 115.233, 116.1, 118.433, 121.867, 136.867, 137.8, 142.7]"
7000,104.98329333333332,163.48601104154031,77.316086946104178,89.413309999999996,100.15015,108.97309999999999,"[79.7, 79.8, 80.8, 81.0667, 82.9, 84.7333, 86.1333, 86.9333, 88.9, 89.6333, 94.1333, 96.2333, 96.9, 97.0, 99.9333, 100.367, 104.633, 106.5, 106.633, 108.733, 108.833, 109.3, 112.667, 116.567, 120.0, 123.9, 124.367, 125.233, 170.333, 186.633]"
7500,108.56117999999999,169.05770155076081,79.951060453031431,97.779989999999998,104.81700000000001,114.06699999999998,"[67.2667, 74.6667, 81.6667, 85.3, 90.1, 93.0667, 96.7333, 97.4, 97.7333, 97.8, 100.367, 101.067, 102.333, 102.333, 104.467, 105.167, 107.6, 111.533, 112.067, 112.467, 113.467, 115.467, 119.7, 120.267, 121.3, 121.967, 130.533, 141.833, 158.5, 172.667]"
8000,113.36222666666667,176.5341670286104,83.486843430744969,100.66691,115.45,129.78300000000002,"[65.7667, 73.7333, 84.7, 93.5667, 94.2667, 96.0, 97.0, 98.2667, 99.2667, 101.267, 102.067, 104.9, 109.667, 112.7, 115.433, 115.467, 116.667, 116.833, 118.833, 129.167, 129.633, 130.133, 130.233, 131.533, 133.8, 134.833, 137.3, 138.5, 139.767, 149.567]"
8500,112.47783666666668,175.15694415138597,82.835524806960123,100.53691000000001,113.30000000000001,127.08000000000001,"[76.9333, 81.9667, 83.8667, 85.0667, 85.4667, 86.4333, 89.0, 96.8, 99.0667, 101.167, 104.367, 104.467, 108.467, 110.2, 112.867, 113.733, 115.7, 117.4, 119.733, 124.067, 126.9, 127.5, 128.7, 128.833, 129.567, 132.967, 135.1, 140.3, 141.733, 165.967]"
9000,119.01667666666667,185.33960116753278,87.65112456492794,101.34690000000001,114.19999999999999,128.16319999999999,"[68.2333, 79.6, 86.7333, 93.1667, 95.6333, 96.1667, 100.1, 100.367, 101.3, 101.367, 101.5, 102.7, 109.267, 112.733, 113.6, 114.8, 116.867, 120.133, 123.2, 125.9, 126.833, 131.267, 135.3, 141.033, 142.067, 155.033, 162.533, 168.367, 168.933, 175.767]"
9500,120.45106333333334,187.57331042715691,88.707494209212271,109.03309999999999,119.75,133.18680000000001,"[84.7, 90.0333, 93.5333, 96.4333, 99.3, 103.767, 104.833, 107.7, 108.8, 109.133, 110.0, 114.133, 115.933, 116.1, 117.4, 122.1, 122.833, 128.467, 130.0, 131.633, 133.167, 133.233, 135.167, 135.833, 136.0, 136.567, 137.933, 145.9, 155.9, 157.0]"
10000,128.2577,199.73025319167513,94.456776596079479,119.06,127.06700000000001,135.75300000000001,"[81.2, 96.4333, 96.8, 99.3667, 101.6, 105.433, 105.567, 112.5, 118.5, 119.3, 120.667, 122.233, 122.4, 123.2, 124.867, 129.267, 130.433, 130.6, 131.067, 134.4, 135.633, 136.033, 140.833, 144.433, 146.133, 149.333, 159.333, 167.533, 179.133, 183.5]"
10500,133.87115666666668,208.47185015867075,98.590867744564974,121.23699999999999,138.767,147.53990000000002,"[90.3667, 92.0, 100.333, 103.767, 113.067, 113.8, 114.2, 115.233, 115.567, 123.667, 126.433, 128.5, 130.9, 134.667, 137.267, 140.267, 140.333, 146.267, 147.167, 147.5, 147.5, 147.633, 148.067, 149.7, 151.767, 152.3, 159.033, 162.2, 165.2, 171.433]"
11000,132.50114333333332,206.33838674912383,97.581906540985599,122.48699999999999,131.73349999999999,146.98680000000002,"[83.4333, 87.7, 90.5, 104.9, 111.033, 112.533, 118.367, 118.367, 120.667, 123.267, 123.5, 125.067, 128.9, 130.367, 131.2, 132.267, 134.0, 135.267, 135.3, 135.567, 146.967, 147.033, 151.833, 152.233, 152.4, 157.7, 160.267, 165.133, 166.833, 192.433]"
11500,143.72220000000002,223.81246034557438,105.84577563216132,122.8231,135.21700000000001,158.81299999999999,"[100.733, 101.1, 102.1, 112.267, 115.5, 118.5, 119.033, 120.2, 122.8, 122.833, 123.6, 132.3, 132.467, 133.933, 133.967, 136.467, 138.267, 146.867, 150.2, 152.8, 158.333, 159.933, 162.033, 177.4, 180.967, 182.833, 183.033, 184.7, 188.5, 218.0]"
12000,145.16337666666666,226.05674338298473,106.90714584571428,126.767,139.48349999999999,161.37319999999997,"[89.0333, 100.6, 105.033, 111.833, 112.8, 113.867, 116.233, 118.433, 126.767, 126.767, 130.333, 130.867, 133.567, 135.667, 139.0, 139.967, 141.7, 146.267, 148.367, 157.5, 159.233, 166.367, 168.433, 169.033, 174.8, 178.2, 185.133, 186.667, 201.967, 240.467]"
12500,154.20116666666667,240.13090879366328,113.56312448054308,134.57990000000001,146.0,170.75009999999997,"[113.267, 117.267, 117.767, 119.333, 122.2, 122.633, 125.233, 127.4, 130.333, 136.4, 136.8, 137.467, 142.533, 145.433, 145.9, 146.1, 156.067, 156.933, 163.967, 164.3, 168.6, 175.767, 177.167, 178.467, 179.467, 184.267, 191.2, 193.867, 210.533, 239.367]"
13000,167.26103333333333,260.46848288069941,123.18120517361585,155.07309999999998,164.15000000000001,180.66679999999999,"[108.433, 118.033, 119.233, 121.633, 125.033, 129.833, 150.767, 153.3, 154.0, 155.533, 155.867, 157.133, 159.133, 159.633, 163.133, 165.167, 167.767, 168.733, 177.467, 180.067, 180.167, 181.833, 187.233, 190.3, 198.033, 207.9, 212.767, 222.367, 223.4, 223.933]"
13500,165.02666666666667,256.98899884148483,121.53568156710287,152.3768,156.35000000000002,173.91299999999998,"[126.067, 131.133, 135.767, 138.3, 138.533, 139.333, 139.4, 145.7, 151.933, 152.567, 152.7, 154.1, 154.433, 154.733, 155.9, 156.8, 166.633, 169.5, 169.8, 172.267, 172.833, 176.433, 179.367, 184.667, 189.5, 193.267, 202.567, 210.5, 217.067, 219.0]"
14000,174.44996666666665,271.66350255472082,128.4755732297308,155.38679999999999,180.19999999999999,195.66299999999998,"[120.033, 128.633, 131.733, 133.333, 134.733, 140.8, 144.867, 150.6, 151.933, 156.867, 160.633, 163.667, 170.1, 177.467, 179.3, 181.1, 181.367, 185.667, 185.7, 189.233, 195.033, 197.133, 198.833, 199.267, 201.067, 205.067, 211.0, 213.533, 218.533, 226.267]"
14500,175.66893333333334,273.56174742396104,129.37329447462605,157.8869,172.19999999999999,182.11699999999996,"[124.967, 134.467, 139.367, 141.033, 142.467, 147.733, 150.467, 150.967, 153.5, 159.767, 162.567, 166.733, 168.933, 170.167, 170.967, 173.433, 176.5, 176.533, 177.233, 180.9, 181.367, 183.867, 184.767, 196.233, 201.067, 211.5, 215.933, 234.267, 243.333, 249.033]"
15000,187.67439999999999,292.2573493021917,138.21485083237309,167.447,187.16649999999998,203.36679999999998,"[111.167, 117.867, 121.533, 152.267, 157.733, 158.3, 159.7, 161.3, 162.267, 169.667, 170.767, 174.6, 178.267, 182.5, 183.833, 190.5, 191.733, 195.467, 199.333, 201.533, 202.867, 204.533, 204.833, 212.533, 226.233, 227.333, 228.9, 235.333, 273.533, 273.8]"
15500,198.10669999999999,308.5031257380042,145.89783150708718,175.34700000000001,197.417,220.76690000000002,"[105.4, 114.1, 118.3, 132.033, 147.067, 149.267, 166.9, 169.367, 173.667, 176.067, 178.533, 190.033, 191.933, 192.2, 193.667, 201.167, 209.7, 209.967, 211.2, 218.7, 220.667, 221.0, 221.633, 232.2, 232.867, 258.633, 258.667, 260.233, 263.233, 324.8]"
16000,200.94553333333334,312.92391997051919,147.98852115737853,173.8931,184.7835,221.98679999999996,"[109.133, 135.133, 137.633, 142.233, 153.033, 158.933, 163.567, 170.9, 173.8, 173.933, 178.1, 178.367, 182.467, 182.5, 182.767, 186.8, 188.367, 189.2, 203.167, 215.0, 217.167, 233.233, 243.833, 244.1, 252.9, 254.633, 258.767, 269.233, 300.967, 348.5]"
16500,200.32446666666667,311.95675930428047,147.53112986325266,178.75700000000001,202.30000000000001,226.81319999999997,"[121.333, 133.133, 151.167, 153.7, 160.467, 165.867, 167.4, 169.267, 174.767, 180.467, 183.033, 183.867, 187.667, 192.533, 202.233, 202.367, 209.333, 212.0, 217.233, 217.667, 225.033, 230.967, 231.867, 233.233, 237.833, 244.533, 246.667, 249.9, 250.167, 274.033]"
17000,217.72666666666666,339.05646413363706,160.34716911610292,193.05690000000001,208.88350000000003,232.68680000000001,"[154.133, 156.5, 160.367, 165.2, 184.0, 185.533, 189.733, 192.3, 192.8, 193.167, 199.233, 199.933, 199.967, 203.233, 208.467, 209.3, 210.467, 213.9, 223.767, 224.967, 232.067, 234.133, 243.233, 257.033, 260.367, 266.6, 275.033, 297.4, 298.1, 300.867]"
17500,232.04326666666665,361.35109551127709,170.89078472604629,201.3631,232.93349999999998,251.99989999999997,"[158.2, 169.233, 171.333, 173.033, 173.133, 183.0, 185.267, 189.167, 191.4, 205.633, 209.7, 216.2, 219.233, 227.933, 231.2, 234.667, 235.567, 235.733, 245.7, 248.233, 248.3, 260.633, 262.533, 276.6, 277.8, 286.767, 288.4, 307.933, 315.567, 333.2]"
18000,241.99553333333333,376.84933648366632,178.22023963719738,212.33699999999999,243.19999999999999,263.47300000000001,"[160.8, 173.5, 177.2, 196.4, 196.733, 200.1, 200.967, 206.533, 208.067, 214.167, 225.1, 229.033, 230.4, 240.333, 242.267, 244.133, 255.2, 258.467, 259.5, 260.067, 263.233, 264.033, 269.433, 272.667, 284.167, 287.367, 302.133, 305.833, 306.1, 325.933]"
18500,272.77000000000004,424.77310261366944,200.88442995713004,227.86990000000003,273.63350000000003,308.19999999999999,"[167.867, 173.967, 187.633, 205.5, 209.033, 212.033, 215.167, 221.267, 226.633, 228.4, 238.733, 258.367, 262.667, 262.867, 271.4, 275.867, 277.033, 282.567, 286.6, 297.533, 305.8, 313.8, 320.667, 320.833, 329.267, 334.633, 343.633, 367.0, 388.933, 397.4]"
19000,301.4622,469.45424355589881,222.01511236801088,274.65690000000001,302.017,339.86989999999997,"[179.3, 195.567, 201.867, 209.367, 217.0, 227.8, 237.633, 272.367, 273.7, 275.067, 275.9, 276.033, 280.6, 284.933, 296.267, 307.767, 318.967, 324.033, 328.233, 338.233, 338.9, 342.133, 343.367, 352.1, 352.433, 371.133, 373.233, 386.533, 421.033, 442.367]"
19500,324.11786666666666,504.73494825869273,238.70012422280459,282.91699999999997,325.5,357.81689999999992,"[203.6, 221.6, 226.767, 232.9, 237.0, 246.367, 258.0, 266.867, 269.267, 288.767, 290.167, 290.667, 309.333, 320.5, 324.5, 326.5, 326.7, 342.567, 349.7, 351.267, 355.167, 364.0, 368.7, 371.267, 399.033, 414.9, 432.933, 433.567, 449.2, 451.733]"
20000,385.49553333333336,600.31577423364456,283.90237366530954,323.26689999999996,368.233,441.06989999999996,"[223.7, 236.533, 257.5, 264.633, 273.967, 282.3, 297.467, 299.533, 306.0, 330.667, 340.333, 349.833, 351.967, 358.967, 362.433, 374.033, 376.4, 381.967, 421.067, 431.033, 438.9, 446.133, 458.033, 490.833, 495.567, 510.467, 533.4, 536.9, 559.267, 575.033]"
20500,436.99446666666671,680.51286956412275,321.82932261888556,339.88690000000003,440.60000000000002,505.29309999999998,"[256.167, 264.033, 287.3, 293.333, 307.533, 313.667, 318.567, 328.067, 334.1, 342.367, 347.633, 349.3, 376.133, 421.367, 438.067, 443.133, 453.267, 468.8, 469.4, 479.667, 503.833, 508.7, 533.267, 541.1, 547.4, 552.667, 560.033, 577.233, 626.5, 867.2]"
21000,493.69,768.80240873022115,363.58336409992125,379.98309999999998,456.85000000000002,540.94679999999994,"[264.533, 297.367, 363.1, 363.6, 367.167, 370.3, 371.067, 372.1, 374.5, 382.333, 384.367, 385.267, 394.667, 399.0, 453.667, 460.033, 493.333, 497.767, 510.5, 521.767, 530.367, 565.633, 594.9, 606.033, 618.733, 694.433, 739.333, 774.8, 793.6, 866.433]"
21500,568.50900000000001,885.31485058398857,418.68462950653679,492.61009999999999,571.68349999999998,642.72990000000004,"[297.433, 301.067, 350.6, 366.433, 395.367, 395.8, 413.667, 422.7, 424.967, 521.6, 543.733, 544.567, 549.567, 553.067, 564.567, 578.8, 591.667, 600.5, 630.0, 635.167, 642.6, 643.033, 662.9, 675.767, 678.567, 739.2, 767.9, 800.767, 805.867, 957.4]"
22000,621.56566666666674,967.93773768425365,457.75878809713993,534.0231,623.29999999999995,751.65319999999997,"[311.233, 348.9, 383.267, 396.8, 402.2, 403.167, 449.933, 510.967, 522.1, 539.133, 545.333, 545.867, 556.767, 579.267, 584.933, 661.667, 679.767, 699.267, 735.267, 749.2, 749.933, 755.667, 759.367, 767.467, 793.567, 803.467, 805.833, 815.267, 869.7, 921.667]"
22500,756.1153333333333,1177.466202565417,556.84935190274598,631.53689999999995,750.20000000000005,835.92319999999984,"[371.833, 384.5, 445.733, 507.867, 523.567, 533.867, 581.567, 621.233, 628.2, 632.967, 637.967, 647.4, 702.367, 716.367, 746.033, 754.367, 779.967, 793.167, 796.4, 807.267, 823.733, 864.367, 912.4, 936.2, 952.667, 987.967, 1015.33, 1028.53, 1235.9, 1313.73]"
23000,828.72340000000008,1290.5356521118488,610.32235143576884,696.82680000000005,801.33299999999997,943.92679999999996,"[427.433, 454.5, 504.167, 536.067, 569.067, 661.333, 680.133, 682.033, 684.133, 702.267, 715.6, 740.333, 750.767, 785.467, 793.833, 808.833, 837.033, 847.6, 913.733, 936.267, 942.167, 948.033, 968.9, 980.733, 1046.17, 1070.73, 1156.87, 1163.43, 1254.47, 1299.6]"
23500,961.52646666666669,1497.3442112078271,708.12661269577575,861.87989999999991,933.4665,1067.9200000000001,"[517.633, 526.933, 625.7, 696.2, 699.933, 712.0, 713.3, 796.3, 842.233, 870.3, 877.1, 884.833, 892.733, 903.7, 924.9, 942.033, 963.033, 1000.1, 1018.43, 1061.13, 1063.9, 1077.3, 1080.27, 1140.87, 1272.83, 1276.93, 1277.97, 1302.1, 1306.9, 1578.2]"
24000,1042.8544666666667,1623.9928415167485,768.02150186816812,871.13300000000004,959.11699999999996,1201.9099999999999,"[553.067, 560.767, 677.833, 723.9, 762.733, 775.067, 850.867, 851.233, 860.633, 875.633, 884.3, 902.267, 921.1, 938.9, 949.267, 968.967, 1037.57, 1078.33, 1128.83, 1181.77, 1182.17, 1247.97, 1265.7, 1305.13, 1335.5, 1365.2, 1365.67, 1421.93, 1613.0, 1700.33]"
24500,1185.2537,1845.7451022228665,872.89296432554613,924.43310000000008,1188.385,1293.3679999999999,"[487.567, 591.767, 736.067, 832.633, 867.1, 888.067, 894.667, 911.5, 924.2, 924.533, 996.0, 1024.0, 1104.77, 1130.27, 1133.47, 1243.3, 1260.97, 1265.23, 1277.93, 1278.0, 1291.07, 1298.73, 1400.63, 1450.4, 1476.2, 1645.37, 1674.0, 1758.1, 1769.7, 2021.37]"
25000,1338.2871333333335,2084.0575496350534,985.59609890614206,1130.5889999999999,1400.6999999999998,1549.951,"[600.6, 688.767, 733.367, 1010.8, 1026.33, 1072.3, 1086.83, 1104.03, 1107.23, 1140.6, 1142.2, 1163.7, 1230.2, 1283.7, 1393.33, 1408.07, 1411.43, 1451.77, 1483.93, 1524.4, 1530.13, 1596.2, 1630.27, 1652.5, 1685.83, 1709.2, 1742.37, 1782.4, 1799.0, 1957.13]"
25500,1408.4920999999999,2193.3847539093103,1037.2993093361476,1221.1599999999999,1350.9849999999999,1558.4989999999998,"[739.8, 789.3, 911.133, 1023.33, 1031.7, 1058.6, 1063.67, 1104.13, 1140.17, 1255.87, 1272.73, 1314.57, 1335.33, 1347.87, 1349.87, 1352.1, 1402.03, 1402.63, 1478.57, 1493.93, 1552.1, 1573.43, 1603.37, 1625.23, 1639.07, 1753.5, 1809.9, 1840.97, 1987.33, 3002.53]"
26000,1554.6176666666665,2420.9398747957007,1144.9150704608899,1342.6900000000001,1516.6999999999998,1785.0419999999997,"[806.2, 845.767, 917.0, 994.733, 1049.73, 1212.67, 1257.43, 1265.53, 1289.07, 1365.67, 1398.8, 1403.23, 1445.27, 1462.1, 1515.33, 1518.07, 1660.77, 1707.23, 1709.63, 1733.73, 1773.33, 1812.37, 1882.13, 1904.07, 1909.67, 1941.5, 2074.13, 2099.47, 2340.9, 2343.0]"
26500,1646.2410000000002,2563.6209891844037,1212.3920697182818,1561.7620000000002,1723.2849999999999,1792.6320000000001,"[988.8, 1074.17, 1108.3, 1115.37, 1181.93, 1273.57, 1342.3, 1540.27, 1552.97, 1565.53, 1567.17, 1589.47, 1661.17, 1685.0, 1719.37, 1727.2, 1732.7, 1737.67, 1756.7, 1768.0, 1792.53, 1792.87, 1808.07, 1848.67, 1973.57, 2038.3, 2039.2, 2099.93, 2135.9, 2170.53]"
27000,1900.9213333333332,2960.2238244107243,1399.9541681270457,1647.819,1833.3150000000001,2064.4819999999995,"[1321.9, 1329.23, 1334.8, 1404.37, 1413.23, 1483.27, 1529.0, 1620.23, 1642.73, 1650.0, 1797.97, 1807.53, 1808.17, 1810.63, 1832.13, 1834.5, 1837.57, 1888.23, 1914.73, 2041.93, 2050.43, 2097.27, 2104.53, 2184.73, 2284.6, 2348.53, 2378.97, 2467.43, 2771.3, 3037.7]"
27500,1869.8656666666668,2911.8621574981757,1377.0828850120699,1634.3690000000001,1875.6849999999999,2128.1719999999996,"[1209.1, 1224.47, 1321.9, 1370.8, 1378.93, 1530.57, 1573.9, 1625.4, 1629.63, 1636.4, 1729.27, 1765.67, 1765.67, 1773.03, 1866.0, 1885.37, 1897.3, 1989.2, 2021.97, 2065.87, 2116.73, 2154.87, 2173.57, 2193.2, 2217.03, 2233.7, 2234.53, 2351.53, 2415.43, 2744.93]"
28000,1973.6866666666667,3073.5381786385274,1453.5429884053285,1678.0799999999999,1920.115,2146.4879999999998,"[1186.83, 1349.6, 1469.93, 1567.2, 1587.0, 1613.93, 1632.67, 1648.93, 1668.07, 1682.37, 1754.07, 1784.67, 1822.17, 1844.57, 1919.23, 1921.0, 1939.43, 1955.7, 2009.87, 2137.17, 2144.37, 2151.43, 2169.23, 2183.0, 2537.93, 2600.2, 2669.77, 2686.6, 2707.13, 2866.53]"
28500,2090.3976666666667,3255.2872477412288,1539.4960723395097,1909.5119999999999,2119.0799999999999,2263.5609999999997,"[1208.57, 1244.4, 1558.5, 1629.43, 1667.23, 1720.63, 1770.7, 1876.73, 1889.17, 1918.23, 1958.57, 1974.77, 1979.57, 2028.03, 2116.73, 2121.43, 2121.6, 2138.63, 2176.37, 2223.37, 2254.0, 2285.87, 2346.7, 2355.53, 2507.1, 2562.1, 2649.17, 2741.83, 2805.1, 2881.87]"
29000,2050.6843333333331,3193.4433652939988,1510.2487565483148,1683.711,2077.6000000000004,2285.9779999999996,"[1147.87, 1215.03, 1429.03, 1474.73, 1527.9, 1532.73, 1597.87, 1602.33, 1641.27, 1701.9, 1717.1, 1897.97, 1902.33, 1962.73, 2073.13, 2082.07, 2130.5, 2154.97, 2159.53, 2225.27, 2281.97, 2295.33, 2500.67, 2580.1, 2665.63, 2736.8, 2770.0, 2783.47, 2792.7, 2937.6]"
29500,2141.6996666666664,3335.1776671799007,1577.277987600208,1903.402,2135.8000000000002,2270.4589999999998,"[1417.33, 1536.33, 1576.87, 1587.33, 1737.97, 1757.4, 1785.4, 1848.23, 1853.17, 1924.93, 2031.0, 2031.27, 2041.03, 2095.1, 2132.53, 2139.07, 2154.2, 2196.27, 2200.0, 2219.73, 2240.9, 2339.43, 2386.3, 2448.07, 2498.73, 2524.73, 2597.47, 2787.9, 2856.63, 3305.67]"
30000,2336.1716666666666,3638.0206294245959,1720.4990048037971,2184.8609999999999,2356.0999999999999,2534.3609999999999,"[1371.2, 1591.6, 1661.53, 1753.57, 1878.8, 1908.47, 1980.43, 2057.8, 2086.7, 2226.93, 2270.23, 2278.0, 2279.87, 2296.07, 2347.73, 2364.47, 2413.3, 2413.43, 2415.8, 2437.17, 2502.0, 2609.87, 2674.07, 2718.27, 2762.57, 2774.63, 2818.27, 2847.47, 3037.63, 3307.27]"
30500,2538.4586666666664,3953.0335582965799,1869.4754636619482,2153.529,2479.9650000000001,2803.6109999999999,"[1398.1, 1697.1, 1810.73, 1875.37, 1911.63, 2046.87, 2104.53, 2132.73, 2152.43, 2154.0, 2410.93, 2411.27, 2413.27, 2428.27, 2462.8, 2497.13, 2625.47, 2673.4, 2711.07, 2770.83, 2802.03, 2807.3, 2817.6, 2843.1, 3003.83, 3040.9, 3049.07, 3094.8, 3459.53, 4547.67]"
31000,2348.760666666667,3657.6249429077634,1729.7703106245633,1999.3710000000001,2365.3199999999997,2605.1479999999997,"[1572.73, 1640.63, 1653.97, 1658.27, 1852.03, 1907.5, 1981.9, 1993.63, 1996.27, 2000.7, 2067.9, 2108.6, 2136.97, 2301.23, 2313.27, 2417.37, 2423.63, 2423.97, 2510.7, 2567.5, 2581.37, 2660.63, 2834.13, 2843.3, 2879.6, 2901.53, 2920.63, 2997.33, 3053.23, 3262.3]"
31500,2515.5846666666671,3917.4128523934946,1852.6296578517811,2160.799,2478.9849999999997,2646.1889999999999,"[1482.33, 1577.2, 1963.93, 2003.17, 2059.83, 2111.4, 2136.73, 2152.63, 2156.13, 2162.8, 2177.8, 2223.03, 2242.83, 2345.53, 2375.2, 2582.77, 2593.67, 2601.83, 2624.3, 2628.6, 2631.9, 2679.53, 2711.53, 2778.7, 2833.9, 2934.3, 3174.87, 3202.3, 3705.77, 4613.03]"
32000,2620.8989999999999,4081.4143779266901,1930.1895428024056,2344.23,2539.9350000000004,2800.6799999999998,"[1728.7, 1883.8, 2085.3, 2137.67, 2140.07, 2166.33, 2296.43, 2313.13, 2320.57, 2354.37, 2404.83, 2422.0, 2472.17, 2532.27, 2532.8, 2547.07, 2558.5, 2581.5, 2590.9, 2596.43, 2795.73, 2812.23, 2854.0, 2878.37, 2882.87, 2917.5, 3232.63, 3573.5, 3665.03, 4350.27]"
32500,2632.902,4100.1061385699868,1939.0292825566873,2409.0709999999999,2612.5150000000003,2819.2779999999998,"[1665.43, 1838.23, 1866.17, 2061.6, 2139.87, 2152.8, 2174.97, 2249.43, 2400.3, 2412.83, 2495.13, 2506.4, 2581.43, 2585.0, 2595.9, 2629.13, 2684.33, 2693.87, 2722.93, 2802.0, 2814.97, 2829.33, 2911.8, 3051.67, 3114.27, 3216.27, 3247.0, 3341.07, 3523.1, 3679.83]"
33000,2711.8070000000002,4222.9815341843569,1997.1397270548628,2421.6099999999997,2669.8499999999999,2941.7599999999998,"[1853.63, 1879.67, 1993.93, 2144.87, 2192.5, 2298.9, 2328.57, 2384.1, 2417.97, 2423.17, 2489.5, 2509.3, 2519.17, 2550.8, 2665.5, 2674.2, 2711.77, 2878.63, 2911.03, 2916.1, 2925.5, 2979.7, 3018.47, 3020.67, 3146.1, 3157.43, 3318.5, 3508.4, 3593.93, 3942.2]"
33500,2692.9813333333336,4193.6651253462487,1983.2753603103665,2526.6509999999998,2680.8000000000002,2865.9019999999996,"[1804.33, 1950.4, 2067.93, 2074.43, 2144.2, 2254.87, 2401.93, 2438.27, 2522.5, 2528.43, 2544.73, 2553.2, 2584.2, 2653.5, 2678.3, 2683.3, 2718.57, 2720.8, 2761.9, 2805.27, 2817.53, 2978.77, 3029.23, 3084.57, 3124.77, 3133.17, 3220.1, 3304.87, 3510.87, 3694.5]"
34000,2811.9923333333336,4378.995886482574,2070.9223042324547,2543.2109999999998,2696.23,3008.4389999999999,"[1899.77, 2071.27, 2215.0, 2226.13, 2261.53, 2342.9, 2361.53, 2412.7, 2489.57, 2566.2, 2579.5, 2652.7, 2670.6, 2674.43, 2687.33, 2705.13, 2760.93, 2793.83, 2867.5, 2914.43, 2970.27, 3097.5, 3166.63, 3176.8, 3205.67, 3269.63, 3548.4, 3648.03, 3917.93, 4205.93]"
34500,2805.2603333333332,4368.5124296258982,2065.9644496939372,2547.7509999999997,2778.6700000000001,2958.8889999999997,"[1754.0, 1952.87, 2035.07, 2073.97, 2093.67, 2237.1, 2341.43, 2480.27, 2530.37, 2555.2, 2591.8, 2658.6, 2719.83, 2732.03, 2759.57, 2797.77, 2820.4, 2821.23, 2852.63, 2862.47, 2915.8, 3059.43, 3098.57, 3342.2, 3374.37, 3452.67, 3518.0, 3797.83, 3870.53, 4058.13]"
35000,2623.2676666666666,4085.1030016355207,1931.9339731029952,2242.181,2750.3150000000001,2925.0280000000002,"[1489.93, 1705.67, 1968.3, 1973.13, 1981.47, 2127.47, 2131.07, 2228.47, 2238.87, 2243.6, 2451.57, 2508.7, 2560.9, 2676.37, 2709.8, 2790.83, 2832.47, 2850.1, 2865.27, 2909.8, 2922.07, 2931.93, 3025.6, 3048.3, 3094.0, 3154.87, 3200.3, 3216.93, 3425.77, 3434.47]"
35500,2890.8806666666665,4501.8453278068446,2129.0204743828917,2628.8199999999997,2937.0500000000002,3070.3099999999999,"[2027.87, 2154.7, 2198.27, 2401.33, 2406.03, 2498.9, 2553.7, 2571.93, 2621.4, 2632.0, 2694.8, 2712.43, 2836.93, 2876.53, 2885.37, 2988.73, 2989.47, 3006.0, 3009.9, 3052.73, 3068.9, 3073.6, 3101.13, 3147.27, 3205.6, 3381.07, 3392.6, 3470.9, 3845.3, 3921.03]"
36000,2886.1319999999996,4494.4504314719161,2125.5232672252505,2593.0990000000002,2910.7849999999999,3139.9789999999998,"[1888.63, 1891.9, 1919.73, 2139.73, 2374.6, 2415.27, 2419.7, 2523.67, 2579.33, 2599.0, 2749.1, 2755.97, 2764.2, 2817.93, 2897.37, 2924.2, 2961.4, 2969.07, 3060.53, 3061.7, 3134.27, 3153.3, 3181.13, 3237.47, 3354.7, 3422.07, 3434.63, 3611.1, 3611.73, 4730.53]"
36500,2778.3953333333334,4326.6767094157722,2046.179428574319,2463.6289999999999,2787.0150000000003,2907.71,"[2122.83, 2184.07, 2290.67, 2357.6, 2405.9, 2416.47, 2425.67, 2444.7, 2461.83, 2464.4, 2541.17, 2578.6, 2669.9, 2774.73, 2786.63, 2787.4, 2837.53, 2848.07, 2867.5, 2891.6, 2907.53, 2908.13, 2917.07, 3083.63, 3127.83, 3205.67, 3323.93, 3374.83, 3557.4, 3788.57]"
37000,3079.3409999999999,4795.3265776129319,2267.8141343572197,2884.7889999999998,3046.8499999999999,3338.502,"[2228.17, 2419.3, 2427.2, 2467.93, 2470.0, 2492.03, 2508.43, 2651.37, 2882.5, 2885.77, 2887.63, 2888.33, 2890.67, 2924.9, 2954.77, 3138.93, 3143.1, 3163.23, 3208.03, 3262.8, 3324.33, 3371.57, 3387.73, 3404.37, 3418.5, 3494.77, 3710.8, 3942.57, 4038.6, 4391.9]"
37500,3078.9110000000001,4794.6569569283847,2267.4974561855679,2745.3599999999997,3123.25,3447.431,"[1992.53, 2293.6, 2331.63, 2414.03, 2419.07, 2487.9, 2524.7, 2619.87, 2685.93, 2770.83, 2981.23, 2998.8, 3035.0, 3087.47, 3096.83, 3149.67, 3160.17, 3173.17, 3195.47, 3373.4, 3433.13, 3480.8, 3551.37, 3554.53, 3612.07, 3626.6, 3737.03, 3833.6, 3851.73, 3895.17]"
38000,2740.4753333333333,4267.6255085831644,2018.2528325997826,2551.4000000000001,2623.7349999999997,2829.549,"[1887.23, 2060.4, 2167.5, 2211.57, 2234.33, 2401.07, 2412.73, 2442.1, 2534.67, 2558.57, 2559.4, 2562.4, 2568.8, 2596.13, 2613.87, 2633.6, 2647.0, 2653.23, 2698.5, 2770.53, 2802.0, 2893.83, 2936.77, 3072.87, 3371.2, 3433.63, 3503.6, 3629.1, 3654.13, 3703.5]"
38500,2957.1789999999996,4605.0888983905415,2177.8466022516986,2591.4389999999999,2958.0500000000002,3189.9109999999996,"[1870.77, 2234.2, 2256.3, 2269.27, 2359.17, 2435.47, 2489.03, 2497.33, 2550.23, 2609.1, 2629.4, 2758.8, 2914.67, 2932.57, 2935.17, 2980.93, 2986.7, 3011.7, 3029.53, 3076.9, 3163.43, 3251.7, 3360.57, 3418.33, 3427.4, 3471.13, 3614.2, 3653.7, 4183.1, 4344.57]"
39000,2811.02,4377.4817131982145,2070.206218785393,2273.5010000000002,2695.4300000000003,2974.3989999999999,"[2026.2, 2068.5, 2079.5, 2135.37, 2178.73, 2250.83, 2258.6, 2261.67, 2266.97, 2276.3, 2421.53, 2452.33, 2486.0, 2520.5, 2690.23, 2700.63, 2728.07, 2850.1, 2876.4, 2933.57, 2956.6, 3015.93, 3122.37, 3526.0, 3535.1, 3560.3, 3839.67, 3940.93, 4155.77, 4215.9]"
39500,2921.6586666666667,4549.7745962463487,2151.6872668645451,2541.0119999999997,2795.7849999999999,3161.652,"[1774.47, 1828.47, 2203.9, 2207.43, 2242.67, 2281.43, 2303.13, 2440.1, 2536.77, 2542.83, 2621.47, 2637.8, 2688.97, 2764.47, 2770.6, 2820.97, 2852.27, 2901.13, 2964.1, 3044.17, 3160.53, 3164.27, 3358.2, 3373.37, 3375.07, 3490.23, 4027.77, 4253.73, 4444.97, 4574.47]"
40000,2989.2450000000003,4655.0239143688759,2201.4619563265801,2744.982,2905.2849999999999,3175.5779999999995,"[1888.5, 2373.8, 2378.07, 2458.43, 2570.77, 2602.77, 2671.73, 2689.97, 2735.77, 2748.93, 2768.1, 2787.77, 2835.5, 2871.1, 2903.07, 2907.5, 2964.43, 2974.27, 3019.6, 3140.8, 3158.07, 3216.43, 3244.1, 3335.1, 3364.7, 3441.83, 3804.07, 3849.6, 3866.7, 4105.87]"
40500,3076.9183333333335,4791.5538620041816,2266.0299351699578,2851.319,3101.4650000000001,3401.6610000000001,"[1588.27, 1981.9, 2138.1, 2539.07, 2545.47, 2628.13, 2705.6, 2770.63, 2839.3, 2856.47, 2935.67, 2963.47, 2978.27, 3046.17, 3097.93, 3105.0, 3152.57, 3183.3, 3250.7, 3308.47, 3356.13, 3507.9, 3530.1, 3532.0, 3575.9, 3641.33, 3661.5, 3892.9, 3923.83, 4071.47]"
41000,3142.9086666666667,4894.317797306855,2314.6292330925576,2884.931,3070.8999999999996,3253.9709999999995,"[2037.37, 2410.77, 2475.03, 2500.7, 2511.43, 2582.2, 2622.13, 2754.13, 2782.57, 2928.8, 2951.27, 2971.83, 3018.57, 3028.63, 3048.83, 3092.97, 3152.93, 3163.23, 3190.5, 3211.8, 3250.23, 3262.7, 3597.53, 3632.9, 3788.17, 3845.27, 3875.17, 4036.37, 4171.5, 4391.73]"
41500,3168.203,4933.7075852180787,2333.2575196813041,2937.4110000000001,3091.1849999999999,3383.04,"[2351.3, 2423.47, 2542.43, 2547.3, 2561.3, 2658.67, 2798.53, 2891.97, 2896.3, 2955.03, 2964.77, 2980.77, 3029.8, 3030.9, 3085.97, 3096.4, 3098.73, 3110.43, 3210.8, 3239.97, 3350.4, 3459.2, 3462.27, 3464.6, 3639.37, 3681.3, 3780.17, 4001.97, 4313.67, 4418.3]"
42000,2962.0463333333332,4612.668589270972,2181.4312027652377,2727.328,2872.915,3233.4409999999998,"[1957.33, 2112.93, 2223.2, 2288.67, 2392.77, 2466.57, 2507.7, 2609.5, 2639.73, 2764.87, 2772.87, 2776.87, 2789.03, 2807.9, 2847.23, 2898.6, 3000.47, 3090.37, 3142.97, 3177.47, 3230.0, 3241.47, 3378.17, 3383.6, 3418.23, 3515.4, 3634.67, 3728.97, 3845.3, 4218.53]"
42500,2975.6960000000004,4633.9246337760233,2191.4836480760796,2718.5699999999997,3007.835,3251.6880000000001,"[2070.67, 2188.73, 2250.8, 2344.53, 2392.1, 2529.17, 2591.0, 2700.63, 2707.37, 2723.37, 2810.57, 2817.8, 2844.3, 2871.87, 2995.0, 3020.67, 3048.1, 3134.6, 3149.43, 3188.1, 3247.77, 3260.83, 3303.4, 3349.8, 3371.63, 3388.77, 3395.57, 3754.17, 3782.9, 4037.23]"
43000,2988.2333333333331,4653.4484889598825,2200.7169034188551,2671.489,2962.915,3216.5909999999999,"[1910.77, 2086.97, 2268.2, 2350.37, 2365.17, 2449.63, 2500.03, 2587.6, 2668.5, 2672.77, 2752.47, 2904.47, 2906.17, 2931.07, 2939.43, 2986.4, 3090.27, 3109.93, 3200.37, 3202.83, 3213.0, 3224.97, 3419.23, 3497.47, 3525.37, 3603.9, 3700.87, 3792.47, 3822.5, 3963.8]"
43500,2974.761,4632.4685981014836,2190.7950571679512,2642.6980000000003,2885.2150000000001,3239.4779999999996,"[1890.1, 2165.83, 2258.67, 2275.13, 2296.47, 2496.27, 2538.4, 2582.57, 2606.83, 2658.07, 2661.1, 2667.5, 2775.0, 2785.57, 2873.1, 2897.33, 2943.37, 2991.23, 3080.73, 3120.73, 3236.37, 3246.73, 3254.13, 3324.93, 3479.3, 3505.1, 3860.9, 3957.2, 4291.8, 4522.37]"
44000,3113.1996666666669,4848.0532370342835,2292.749717274849,2663.4989999999998,3112.0650000000001,3514.6019999999999,"[1365.9, 2343.5, 2359.27, 2383.93, 2433.83, 2434.37, 2437.63, 2585.77, 2630.2, 2677.77, 2718.7, 2756.33, 2867.8, 3071.27, 3099.8, 3124.33, 3188.27, 3260.53, 3309.8, 3347.53, 3492.93, 3565.17, 3632.47, 3710.1, 3724.27, 3860.13, 3935.03, 3985.93, 4372.13, 4721.3]"
44500,3105.7310000000002,4836.4226005552455,2287.2493365662922,2698.011,3149.8649999999998,3491.2800000000002,"[2124.33, 2263.8, 2381.0, 2447.0, 2502.7, 2550.03, 2574.73, 2645.33, 2653.4, 2717.13, 2872.23, 2949.3, 3018.8, 3054.9, 3101.33, 3198.4, 3254.8, 3274.5, 3309.7, 3379.5, 3481.8, 3513.4, 3571.4, 3592.33, 3621.83, 3626.17, 3755.33, 3852.43, 3893.7, 3990.63]"
45000,3108.5919999999996,4840.8779139935905,2289.3563510990753,2872.6010000000001,3006.3499999999999,3374.049,"[2084.83, 2466.93, 2507.93, 2616.13, 2636.23, 2738.73, 2750.6, 2814.7, 2840.17, 2886.5, 2910.53, 2929.67, 2962.27, 2965.1, 2975.1, 3037.6, 3067.8, 3120.23, 3249.97, 3367.57, 3371.7, 3379.53, 3391.3, 3423.0, 3458.43, 3566.23, 3584.17, 3633.17, 3763.57, 4758.07]"
45500,3231.2889999999998,5031.9487259281486,2379.7178897670005,2778.1999999999998,3044.835,3370.6999999999998,"[2349.07, 2409.17, 2428.67, 2450.07, 2525.67, 2545.07, 2679.6, 2753.53, 2774.0, 2780.0, 2839.3, 2877.7, 2921.37, 2947.13, 2970.9, 3118.77, 3118.83, 3148.53, 3257.2, 3337.93, 3343.13, 3435.03, 3545.93, 3719.67, 3754.03, 3821.9, 4030.87, 4778.3, 5138.53, 5138.77]"
46000,3126.5819999999999,4868.8929747261491,2302.6052820479654,2859.0819999999999,3127.3999999999996,3357.9799999999996,"[2023.8, 2295.37, 2433.37, 2510.33, 2569.77, 2597.23, 2712.1, 2792.23, 2858.27, 2859.43, 2886.57, 2901.43, 2922.13, 2952.73, 3097.83, 3156.97, 3211.83, 3214.47, 3250.9, 3326.9, 3329.0, 3425.6, 3439.77, 3440.5, 3483.67, 3635.07, 3763.23, 4103.23, 4154.03, 4449.7]"
46500,3217.9473333333331,5011.1723167041227,2369.8922744023657,2851.9000000000001,3199.1499999999996,3594.6909999999998,"[2026.07, 2549.7, 2576.97, 2582.1, 2606.2, 2669.0, 2685.1, 2761.73, 2810.6, 2869.6, 2957.83, 2974.77, 3000.2, 3034.63, 3177.1, 3221.2, 3245.5, 3466.63, 3499.63, 3562.73, 3579.4, 3630.37, 3655.33, 3693.03, 3708.87, 3757.27, 3807.27, 3969.93, 4090.33, 4369.33]"
47000,3226.9056666666665,5025.1227476321856,2376.4897363117866,2858.9009999999998,3058.165,3552.3689999999997,"[2154.43, 2392.07, 2547.0, 2608.93, 2640.47, 2650.63, 2658.23, 2703.77, 2755.0, 2903.43, 2929.97, 3000.57, 3036.17, 3053.03, 3056.5, 3059.83, 3118.5, 3138.47, 3177.87, 3511.57, 3548.7, 3560.93, 3590.6, 3794.97, 3803.33, 3847.47, 3912.5, 3997.13, 4644.3, 5010.8]"
47500,3221.987333333333,5017.4636366240529,2372.867576294168,2872.1889999999999,3170.0149999999999,3444.2519999999995,"[1973.53, 2073.17, 2453.07, 2524.93, 2587.77, 2606.47, 2784.1, 2838.4, 2841.2, 2885.47, 2923.87, 2956.6, 2966.7, 3057.1, 3128.1, 3211.93, 3219.57, 3259.77, 3331.33, 3403.6, 3437.73, 3459.47, 3531.47, 3628.4, 3677.6, 3840.67, 4127.43, 4301.67, 4577.7, 5050.8]"
48000,3180.7293333333337,4953.2143105704745,2342.4826739545733,2926.6909999999998,3125.3800000000001,3227.7290000000003,"[2258.93, 2500.83, 2628.1, 2639.77, 2757.9, 2817.47, 2857.97, 2915.73, 2921.0, 2929.13, 2966.47, 3019.03, 3036.0, 3037.4, 3124.93, 3125.83, 3169.3, 3176.93, 3190.9, 3195.07, 3227.3, 3228.73, 3252.9, 3324.5, 3369.5, 3390.43, 3571.6, 4446.9, 4496.4, 4844.93]"
48500,2942.2303333333334,4581.8099765151992,2166.8374942781224,2503.8580000000002,2773.3000000000002,3177.038,"[2152.47, 2293.43, 2364.3, 2368.27, 2375.47, 2382.07, 2413.5, 2432.3, 2489.13, 2510.17, 2521.87, 2605.17, 2610.2, 2675.2, 2703.87, 2842.73, 3017.93, 3019.6, 3039.87, 3137.83, 3172.07, 3188.63, 3299.6, 3438.97, 3455.33, 3485.73, 3512.0, 3917.9, 4219.27, 4622.03]"
49000,3029.924,4718.3715883844252,2231.4204478257407,2667.3409999999999,2917.3699999999999,3279.5500000000002,"[2244.7, 2422.2, 2471.37, 2520.67, 2552.3, 2565.73, 2590.83, 2650.93, 2655.0, 2672.63, 2732.77, 2802.9, 2829.97, 2846.07, 2847.27, 2987.47, 3037.3, 3094.63, 3213.33, 3267.3, 3274.3, 3291.8, 3379.17, 3414.07, 3567.57, 3589.5, 3639.1, 3724.67, 3988.6, 4023.57]"
49500,3075.8850000000002,4789.9446960180612,2265.268925610173,2674.48,3033.4499999999998,3492.0799999999999,"[2095.7, 2220.97, 2269.8, 2341.0, 2398.87, 2431.77, 2436.97, 2484.1, 2540.5, 2731.9, 2765.67, 2832.97, 2981.27, 2994.53, 3009.0, 3057.9, 3101.23, 3270.8, 3295.43, 3328.57, 3470.9, 3541.5, 3562.57, 3644.03, 3667.4, 3701.27, 3786.23, 3902.4, 4062.03, 4349.27]"
50000,3063.5913333333333,4770.8002925554429,2256.2151212313324,2784.9380000000001,2963.25,3275.8009999999999,"[2042.2, 2247.97, 2409.63, 2472.07, 2540.1, 2558.03, 2731.87, 2749.37, 2774.13, 2789.57, 2830.7, 2902.17, 2918.27, 2945.2, 2962.03, 2964.47, 2983.6, 3012.3, 3116.4, 3144.4, 3253.13, 3328.7, 3460.63, 3490.03, 3520.3, 3616.1, 3713.07, 3904.3, 3970.3, 4556.7]"
50500,3110.112333333333,4843.2454643363953,2290.476017099777,2845.8710000000001,3111.0500000000002,3291.7599999999998,"[2171.97, 2204.23, 2289.73, 2362.1, 2397.57, 2563.17, 2579.3, 2649.7, 2832.2, 2851.73, 2868.83, 2930.8, 2994.6, 3075.4, 3103.0, 3119.1, 3130.0, 3204.97, 3252.17, 3257.9, 3267.73, 3347.83, 3362.67, 3476.87, 3547.6, 3759.8, 3763.3, 3908.2, 4261.17, 4769.73]"
51000,3002.2803333333336,4675.3232837408868,2211.061969179782,2748.6509999999998,3040.5,3312.7999999999997,"[2229.07, 2245.87, 2332.73, 2337.13, 2366.77, 2465.03, 2472.37, 2513.13, 2612.9, 2806.83, 2828.4, 2864.23, 3005.87, 3028.77, 3037.77, 3043.23, 3044.9, 3051.57, 3160.17, 3258.83, 3295.7, 3352.7, 3411.8, 3424.77, 3493.13, 3520.9, 3550.27, 3599.2, 3848.0, 3866.37]"
51500,3027.9623333333334,4715.3167684398059,2229.9757570969241,2796.1089999999995,3109.7350000000001,3436.9790000000003,"[2046.7, 2226.73, 2246.33, 2272.0, 2339.23, 2615.93, 2636.27, 2663.83, 2738.1, 2820.97, 2825.9, 2862.17, 2988.5, 3029.83, 3072.3, 3147.17, 3151.0, 3166.53, 3190.7, 3268.57, 3426.17, 3462.2, 3464.3, 3468.87, 3476.9, 3521.77, 3522.3, 3527.47, 3667.73, 3992.4]"
52000,3201.4230000000002,4985.4396762428478,2357.7227495935958,2910.7089999999998,3168.6499999999996,3508.29,"[2177.0, 2282.87, 2403.57, 2403.73, 2409.4, 2545.03, 2693.87, 2788.27, 2904.43, 2913.4, 2926.97, 2957.77, 2994.7, 3108.7, 3138.1, 3199.2, 3199.8, 3270.6, 3380.23, 3463.7, 3490.23, 3550.43, 3696.97, 3739.27, 3808.47, 3859.5, 4031.97, 4053.47, 4085.37, 4565.67]"
52500,3030.6960000000004,4719.5737911017977,2231.9889956129864,2769.7689999999998,3001.75,3364.4700000000003,"[1907.37, 2198.63, 2270.43, 2294.0, 2372.27, 2528.07, 2576.5, 2614.63, 2679.7, 2808.37, 2852.4, 2857.0, 2884.13, 2914.7, 2949.43, 3054.07, 3188.4, 3231.93, 3253.33, 3297.67, 3337.53, 3427.33, 3494.1, 3514.4, 3525.93, 3545.1, 3625.6, 3719.6, 3777.93, 4220.33]"
53000,3130.864,4875.5611509383125,2305.7588074689297,2889.6900000000001,3166.4850000000001,3337.6279999999997,"[1752.47, 2319.5, 2409.47, 2512.63, 2643.47, 2712.87, 2842.77, 2851.07, 2886.4, 2891.1, 2909.17, 3053.07, 3111.73, 3146.13, 3159.3, 3173.67, 3188.87, 3195.3, 3246.47, 3293.5, 3309.77, 3402.63, 3521.33, 3529.8, 3617.2, 3628.4, 3633.7, 3703.4, 4037.23, 4243.5]"
53500,3068.7633333333333,4778.8544278588779,2260.0240968215307,2768.9599999999996,2962.4850000000001,3372.9210000000003,"[2236.83, 2276.5, 2393.57, 2605.73, 2658.2, 2663.93, 2674.97, 2711.4, 2725.77, 2787.47, 2861.07, 2880.2, 2888.23, 2927.17, 2938.4, 2986.57, 3025.17, 3042.07, 3147.97, 3282.83, 3369.93, 3379.9, 3390.1, 3400.6, 3513.63, 3583.63, 3635.4, 3830.3, 3854.23, 4391.13]"
54000,3449.6600000000003,5372.0085829170021,2540.5395851666726,3028.4189999999999,3324.2200000000003,3639.018,"[1924.93, 2650.67, 2780.77, 2783.93, 2913.3, 2917.27, 2941.67, 2942.67, 3009.33, 3036.6, 3061.97, 3149.2, 3151.57, 3154.33, 3227.87, 3420.57, 3459.57, 3510.57, 3626.0, 3630.6, 3637.47, 3642.63, 3654.7, 3655.8, 4029.43, 4033.77, 4276.87, 4849.97, 5146.0, 5269.77]"
54500,3188.9716666666664,4966.0497451958945,2348.5528298851495,2937.9090000000001,3036.585,3414.7879999999996,"[2225.87, 2533.1, 2560.87, 2692.0, 2705.1, 2709.77, 2812.37, 2896.13, 2907.2, 2951.07, 2955.2, 3004.93, 3009.93, 3020.93, 3021.97, 3051.2, 3127.87, 3184.63, 3231.67, 3232.73, 3360.47, 3541.53, 3552.67, 3559.27, 3721.73, 3816.97, 3841.1, 3978.87, 4136.73, 4325.27]"
55000,3110.4766666666669,4843.8128251179542,2290.7443343413406,2896.1190000000001,3134.25,3410.8690000000001,"[1913.7, 2228.87, 2355.27, 2464.27, 2555.87, 2557.87, 2787.37, 2806.77, 2863.1, 2910.27, 2966.63, 2990.87, 3046.6, 3070.97, 3117.17, 3151.33, 3213.97, 3281.07, 3311.37, 3392.13, 3398.5, 3439.73, 3532.37, 3578.37, 3591.33, 3645.73, 3663.3, 3701.17, 3746.03, 4032.3]"
55500,3142.0626666666667,4893.0003575414439,2314.0061872013539,2819.5289999999995,3160.0500000000002,3508.8000000000002,"[2208.93, 2274.57, 2473.53, 2518.4, 2604.27, 2648.8, 2656.23, 2668.6, 2742.9, 2852.37, 2911.5, 2938.43, 2994.73, 3031.1, 3150.4, 3169.7, 3222.83, 3254.33, 3300.67, 3340.83, 3500.43, 3528.33, 3588.1, 3607.83, 3712.0, 3758.6, 3767.4, 3794.77, 3866.3, 4175.0]"
56000,3057.6313333333333,4761.5190384161406,2251.8258144800602,2757.2400000000002,2974.5,3258.8109999999997,"[2070.97, 2418.17, 2604.6, 2649.27, 2661.67, 2677.9, 2681.4, 2696.03, 2722.73, 2772.03, 2791.7, 2819.9, 2868.77, 2942.4, 2945.9, 3003.1, 3024.0, 3044.73, 3075.47, 3091.63, 3244.33, 3292.6, 3294.8, 3331.67, 3487.23, 3489.4, 3733.37, 3830.03, 4058.37, 4404.77]"
56500,3311.0313333333334,5156.1280650770777,2438.444997495556,3081.3400000000001,3277.4000000000001,3397.6399999999999,"[2425.43, 2480.9, 2613.0, 2667.17, 2744.67, 2751.0, 2783.8, 2881.6, 3079.8, 3082.0, 3141.93, 3232.1, 3269.7, 3274.07, 3275.57, 3279.23, 3288.4, 3306.1, 3333.67, 3374.97, 3386.57, 3423.47, 3475.53, 3562.4, 3920.33, 3929.1, 4085.33, 4198.87, 4484.43, 4579.8]"
57000,3305.4456666666665,5147.429744293393,2434.3313725944899,3026.71,3161.8499999999999,3443.7099999999996,"[2213.03, 2584.5, 2702.53, 2716.87, 2732.87, 2873.93, 2887.53, 3009.8, 3015.23, 3031.63, 3037.33, 3062.37, 3078.33, 3133.13, 3157.73, 3165.97, 3188.03, 3232.1, 3266.83, 3384.8, 3405.43, 3533.03, 3606.17, 3649.6, 3871.57, 4079.23, 4207.83, 4320.47, 4438.33, 4577.17]"
57500,3047.6536666666666,4745.9812431056416,2244.4776534629564,2749.009,2983.6800000000003,3236.1279999999997,"[2214.17, 2402.9, 2470.73, 2480.0, 2522.13, 2644.23, 2654.37, 2667.67, 2691.63, 2773.6, 2830.8, 2900.83, 2952.13, 2968.1, 2980.33, 2987.03, 2993.73, 3041.3, 3063.93, 3176.13, 3198.37, 3324.23, 3330.37, 3344.97, 3416.4, 3423.23, 3546.07, 3880.1, 4157.0, 4393.13]"
58000,3144.9296666666664,4897.4650145242249,2316.1176204993226,2783.009,3086.2150000000001,3545.9790000000003,"[2372.97, 2469.7, 2490.03, 2510.5, 2545.0, 2552.0, 2555.83, 2690.0, 2750.9, 2796.77, 2800.63, 2880.0, 3012.03, 3057.27, 3072.13, 3100.3, 3357.53, 3370.7, 3426.0, 3430.63, 3544.17, 3550.2, 3573.57, 3634.77, 3646.33, 3654.23, 3780.23, 3789.33, 3799.27, 4134.87]"
58500,3187.5999999999999,4963.9137071207706,2347.5426510662746,2804.2999999999997,3294.8649999999998,3542.6199999999999,"[1937.23, 2122.3, 2265.9, 2305.73, 2352.67, 2627.47, 2718.0, 2738.67, 2788.2, 2811.2, 2841.63, 2881.37, 3154.3, 3287.73, 3294.13, 3295.6, 3305.4, 3307.63, 3349.53, 3437.9, 3523.0, 3588.4, 3592.73, 3651.0, 3799.57, 3805.6, 3846.57, 4074.87, 4296.57, 4627.1]"
59000,3196.415,4977.6409311539837,2354.0345535851443,2757.7080000000001,3107.2349999999997,3509.7779999999993,"[2180.63, 2461.47, 2526.83, 2529.7, 2534.07, 2535.0, 2591.77, 2609.57, 2735.63, 2767.17, 2962.9, 2977.2, 3030.03, 3043.7, 3079.1, 3135.37, 3190.97, 3279.1, 3282.13, 3466.27, 3483.27, 3571.63, 3627.77, 3670.83, 3729.5, 3821.97, 3854.9, 4040.57, 4440.6, 4732.8]"
59500,3007.4286666666667,4683.3405639523808,2214.853515196191,2757.5880000000002,2964.0150000000003,3246.9790000000003,"[2327.63, 2416.63, 2456.8, 2473.33, 2478.97, 2530.57, 2537.5, 2650.77, 2750.63, 2760.57, 2905.17, 2905.83, 2912.93, 2938.1, 2959.13, 2968.9, 3018.5, 3042.67, 3130.9, 3209.77, 3238.27, 3267.3, 3325.2, 3343.57, 3402.63, 3468.33, 3468.8, 3686.03, 3812.83, 3834.6]"
60000,3161.0100000000002,4922.5062326972729,2327.9601566843412,2928.9589999999998,3156.8499999999999,3340.7999999999993,"[2488.63, 2668.93, 2677.77, 2726.87, 2747.17, 2754.27, 2762.4, 2890.67, 2918.9, 2933.27, 2970.3, 3005.73, 3088.93, 3114.43, 3153.0, 3160.7, 3175.77, 3179.1, 3190.73, 3281.83, 3334.2, 3356.2, 3436.73, 3552.23, 3562.17, 3598.4, 3667.0, 3674.5, 3688.6, 4070.87]"
60500,3140.0626666666667,4889.8858427295972,2312.5332654727385,2635.6700000000001,3056.0999999999999,3312.9309999999996,"[2149.63, 2209.97, 2237.0, 2321.7, 2405.13, 2425.0, 2515.63, 2518.83, 2579.53, 2659.73, 2778.13, 2895.47, 2938.63, 2962.23, 2995.47, 3116.73, 3166.27, 3179.8, 3233.43, 3287.6, 3292.6, 3360.37, 3504.0, 3752.13, 3870.27, 4177.13, 4207.1, 4443.67, 4500.0, 4518.7]"
61000,3160.5889999999999,4921.8506273293788,2327.6501066604674,2934.6790000000001,3117.1999999999998,3475.6489999999999,"[2009.03, 2337.6, 2416.77, 2477.2, 2727.1, 2775.4, 2831.4, 2838.17, 2922.8, 2939.77, 2993.1, 3009.8, 3039.0, 3047.6, 3086.9, 3147.5, 3239.73, 3254.47, 3263.9, 3279.63, 3474.17, 3479.1, 3500.2, 3560.53, 3579.47, 3602.3, 3719.47, 3827.23, 4088.3, 4350.03]"
61500,3307.8836666666666,5151.2263378490334,2436.1268641816714,3015.02,3314.1849999999999,3489.6999999999998,"[2222.87, 2402.4, 2601.57, 2626.9, 2789.63, 2801.47, 2853.3, 2867.83, 2999.2, 3021.8, 3081.83, 3085.77, 3093.63, 3199.83, 3255.37, 3373.0, 3380.7, 3387.2, 3414.87, 3460.97, 3478.93, 3514.83, 3559.17, 3771.0, 3933.6, 3963.1, 4063.8, 4235.77, 4279.87, 4516.3]"
62000,2997.9716666666664,4668.6135806645643,2207.8888048024355,2700.5410000000002,2946.085,3210.8189999999995,"[2187.33, 2424.03, 2568.57, 2597.27, 2633.5, 2644.87, 2652.13, 2695.23, 2696.6, 2702.23, 2704.87, 2780.27, 2876.63, 2911.97, 2935.7, 2956.47, 2972.87, 3007.1, 3010.7, 3057.3, 3186.87, 3266.7, 3272.17, 3272.73, 3456.67, 3510.23, 3572.87, 3712.67, 3752.23, 3920.37]"
62500,3130.1786666666667,4874.4939105294525,2305.2540862899245,2801.422,3180.415,3469.9390000000003,"[2199.3, 2207.07, 2382.6, 2392.13, 2441.9, 2503.03, 2570.77, 2634.27, 2708.07, 2841.43, 2927.63, 2962.7, 3011.5, 3023.03, 3166.2, 3194.63, 3252.83, 3375.63, 3390.7, 3466.67, 3468.37, 3473.6, 3488.3, 3535.23, 3551.47, 3699.93, 3811.57, 3954.5, 4113.8, 4156.5]"
63000,3073.6413333333335,4786.4507294849709,2263.6165529176224,2807.8499999999999,3022.6000000000004,3365.1889999999999,"[2184.7, 2274.1, 2311.83, 2345.73, 2587.73, 2628.0, 2694.5, 2694.7, 2712.3, 2848.8, 2869.07, 2924.1, 2940.0, 2958.9, 3020.8, 3024.4, 3166.7, 3177.53, 3185.47, 3278.93, 3344.27, 3414.0, 3416.0, 3435.53, 3484.63, 3538.93, 3655.7, 3732.23, 4016.93, 4342.73]"
63500,3239.4076666666665,5044.5915797210364,2385.6969700373575,3065.1509999999998,3263.3000000000002,3569.4200000000001,"[2265.27, 2403.13, 2408.2, 2638.63, 2698.43, 2716.37, 2736.83, 2772.13, 3018.37, 3085.2, 3152.4, 3172.73, 3209.63, 3224.77, 3262.07, 3264.53, 3335.27, 3426.13, 3458.47, 3469.17, 3560.6, 3590.0, 3608.13, 3654.63, 3717.17, 3765.97, 3808.33, 3847.57, 3900.67, 4011.43]"
64000,3046.6753333333331,4744.4577262768462,2243.7571492507086,2703.4410000000003,2901.6700000000001,3393.4909999999995,"[1940.2, 1948.53, 2115.17, 2307.77, 2411.07, 2449.07, 2635.13, 2646.53, 2665.27, 2719.8, 2723.8, 2732.03, 2757.0, 2795.63, 2803.97, 2999.37, 3008.37, 3022.4, 3103.2, 3332.43, 3348.23, 3499.1, 3510.77, 3566.83, 3758.7, 3903.23, 4010.83, 4174.77, 4240.33, 4270.73]"
64500,3121.8013333333338,4861.4482461542329,2299.0845081426673,2762.2109999999998,3118.5349999999999,3448.5809999999997,"[2228.0, 2396.07, 2501.83, 2506.83, 2513.63, 2589.5, 2607.23, 2615.73, 2731.6, 2775.33, 2956.13, 2964.6, 3028.6, 3081.77, 3082.3, 3154.77, 3178.9, 3228.07, 3297.6, 3429.63, 3442.2, 3463.47, 3493.53, 3525.67, 3545.57, 3614.07, 3639.9, 3856.27, 4019.97, 4185.27]"
65000,3190.7689999999998,4968.8486558401401,2349.8764955452643,2870.6480000000001,3122.3199999999997,3360.5789999999997,"[2376.1, 2535.37, 2598.27, 2639.7, 2648.2, 2675.7, 2704.83, 2814.47, 2843.53, 2882.27, 2957.6, 3006.6, 3045.77, 3084.13, 3121.77, 3122.87, 3178.33, 3192.67, 3318.43, 3322.5, 3351.9, 3380.83, 3386.53, 3459.13, 3627.4, 3642.1, 3701.53, 4165.37, 4449.27, 4489.9]"
65500,3083.6113333333333,4801.9765858220262,2270.9590677347669,2823.288,3195.7150000000001,3395.5999999999999,"[1786.17, 1791.1, 2388.03, 2451.43, 2547.5, 2640.0, 2681.27, 2703.67, 2750.53, 2854.47, 2931.03, 3072.97, 3100.53, 3178.47, 3181.3, 3210.13, 3237.23, 3271.2, 3289.8, 3349.07, 3391.4, 3405.4, 3532.77, 3568.67, 3592.17, 3594.33, 3628.33, 3683.73, 3717.17, 3978.47]"
66000,3002.5646666666667,4675.7660639299702,2211.2713695521998,2753.4299999999998,2910.5299999999997,3158.6600000000003,"[1974.57, 2176.93, 2347.03, 2424.63, 2431.8, 2595.2, 2636.4, 2723.47, 2749.93, 2754.93, 2765.2, 2809.27, 2861.43, 2895.63, 2907.13, 2913.93, 3054.07, 3107.77, 3120.3, 3141.47, 3156.77, 3163.07, 3192.33, 3273.67, 3470.6, 3515.77, 3534.97, 3799.4, 4287.2, 4292.07]"
66500,3175.5663333333337,4945.1741905836925,2338.6803265121544,2794.2109999999998,3128.25,3591.8999999999996,"[2066.23, 2357.07, 2385.0, 2433.0, 2547.93, 2565.33, 2663.7, 2756.63, 2788.87, 2796.5, 2845.23, 2889.13, 2944.1, 2960.97, 3093.33, 3163.17, 3286.87, 3331.5, 3335.6, 3411.5, 3585.9, 3605.9, 3682.93, 3718.93, 3824.5, 3856.3, 3978.8, 4025.1, 4107.17, 4259.8]"
67000,3018.7213333333334,4700.9261527516701,2223.1701222498596,2837.5479999999998,3060.9200000000001,3250.5909999999999,"[1684.53, 2161.07, 2328.9, 2355.9, 2424.7, 2459.57, 2583.23, 2688.63, 2816.73, 2846.47, 2863.5, 2923.03, 2999.53, 3039.83, 3057.27, 3064.57, 3080.67, 3106.6, 3191.6, 3211.4, 3242.53, 3269.4, 3281.2, 3332.47, 3423.7, 3438.87, 3701.17, 3755.77, 4050.9, 4177.9]"
67500,2966.349666666667,4619.3699869744623,2184.6004393513072,2706.8099999999999,2976.415,3314.7619999999997,"[2175.37, 2333.97, 2361.77, 2395.07, 2458.57, 2490.5, 2518.23, 2620.9, 2654.8, 2729.1, 2768.8, 2784.6, 2888.17, 2894.97, 2920.73, 3032.1, 3063.6, 3104.0, 3171.8, 3215.53, 3309.83, 3326.27, 3364.1, 3377.43, 3423.07, 3425.37, 3433.33, 3466.77, 3537.97, 3743.77]"
68000,3114.6473333333333,4850.3076266722574,2293.8158671194115,2839.5810000000001,2992.0649999999996,3333.692,"[2090.73, 2504.9, 2551.7, 2553.53, 2568.63, 2727.73, 2785.13, 2804.27, 2817.3, 2849.13, 2867.0, 2916.37, 2929.27, 2939.37, 2971.2, 3012.93, 3116.1, 3135.4, 3172.17, 3198.33, 3329.03, 3344.57, 3400.97, 3440.43, 3456.67, 3618.8, 3844.33, 4079.23, 4121.6, 4292.6]"
68500,3053.7693333333332,4755.5049103144656,2248.9816026221051,2785.4609999999998,2910.2849999999999,3431.0500000000002,"[1882.0, 2220.83, 2224.5, 2412.43, 2415.1, 2440.1, 2463.03, 2630.03, 2749.6, 2800.83, 2841.93, 2848.5, 2853.47, 2879.47, 2886.97, 2933.6, 2955.93, 2999.6, 3141.77, 3294.57, 3428.2, 3437.7, 3610.03, 3654.53, 3683.17, 3827.33, 3898.53, 4046.33, 4053.0, 4100.0]"
69000,3269.8183333333336,5091.9488156067655,2408.0932358948553,2978.1790000000001,3202.4650000000001,3495.2219999999998,"[2156.57, 2556.8, 2614.17, 2631.8, 2681.2, 2709.37, 2732.97, 2741.37, 2850.8, 3032.77, 3080.17, 3088.63, 3142.8, 3160.67, 3201.23, 3203.7, 3262.27, 3301.13, 3364.03, 3427.73, 3476.73, 3538.37, 3625.43, 3757.8, 3973.77, 3988.67, 4020.97, 4121.3, 4185.23, 4466.1]"
69500,3008.922,4685.6660683452264,2215.9532967535565,2693.9899999999998,2933.8500000000004,3442.5789999999997,"[1699.77, 1974.53, 2195.33, 2350.03, 2391.6, 2592.07, 2628.23, 2669.2, 2685.73, 2697.53, 2764.6, 2816.4, 2819.33, 2826.03, 2874.67, 2993.03, 3029.03, 3136.5, 3324.37, 3324.53, 3432.4, 3466.33, 3487.17, 3491.13, 3531.17, 3556.57, 3723.77, 3849.07, 3911.67, 4025.87]"
70000,3170.0606666666667,4936.6004503924814,2334.6256184802323,2870.3710000000001,3188.3299999999999,3532.8319999999999,"[1522.63, 2258.8, 2381.3, 2427.17, 2464.9, 2494.27, 2810.57, 2826.13, 2858.1, 2875.63, 3019.43, 3053.77, 3083.27, 3118.2, 3162.23, 3214.43, 3258.73, 3306.67, 3327.93, 3349.33, 3528.23, 3543.57, 3676.93, 3708.43, 3737.33, 3793.07, 3879.47, 3879.67, 4117.93, 4423.7]"
70500,3181.5156666666667,4954.4388339773313,2343.0617776808735,2889.8110000000001,3210.5650000000001,3441.4710000000005,"[2083.13, 2108.23, 2384.5, 2462.47, 2613.07, 2685.53, 2747.13, 2829.33, 2874.6, 2896.33, 3047.8, 3096.03, 3169.03, 3174.93, 3205.03, 3216.1, 3270.83, 3284.13, 3305.17, 3370.4, 3427.8, 3473.37, 3515.93, 3609.5, 3749.1, 3795.9, 3884.3, 3969.87, 4055.3, 4140.63]"
71000,3181.913,4955.0575842532853,2343.3543981309585,2977.0789999999997,3197.8500000000004,3390.8099999999995,"[2154.53, 2218.6, 2418.1, 2510.67, 2537.6, 2738.3, 2753.9, 2777.03, 2972.83, 2978.9, 3006.1, 3056.43, 3060.53, 3064.67, 3178.63, 3217.07, 3222.57, 3248.6, 3289.13, 3326.9, 3377.13, 3422.73, 3527.8, 3625.87, 3647.0, 3697.77, 3786.4, 3936.23, 4159.1, 4546.27]"
71500,3087.4233333333332,4807.9128510534047,2273.766456549507,2824.3099999999999,3000.1300000000001,3230.9299999999994,"[2272.07, 2386.23, 2498.27, 2522.33, 2607.7, 2718.2, 2775.53, 2782.13, 2814.3, 2828.6, 2831.8, 2877.8, 2936.33, 2964.87, 2976.13, 3024.13, 3069.53, 3107.5, 3116.63, 3118.13, 3152.03, 3415.03, 3448.0, 3512.37, 3528.03, 3569.13, 3781.27, 3816.03, 4013.3, 4159.3]"
72000,3159.3613333333333,4919.9388343207065,2326.7459782060523,2768.75,3096.0799999999999,3562.4700000000003,"[1923.37, 2126.83, 2173.27, 2495.13, 2585.87, 2620.0, 2630.57, 2671.73, 2683.07, 2805.47, 2829.87, 2857.5, 2920.03, 3079.7, 3093.43, 3098.73, 3170.33, 3302.9, 3365.57, 3467.77, 3547.17, 3598.17, 3640.47, 3665.3, 3744.03, 3885.8, 3989.23, 4044.1, 4055.23, 4710.2]"
72500,3137.0286666666666,4885.1611237600264,2310.2988432104303,2756.6010000000001,3114.2350000000001,3395.2579999999998,"[2076.33, 2262.13, 2454.9, 2573.17, 2573.77, 2614.4, 2616.03, 2642.0, 2652.7, 2801.13, 2848.73, 3019.33, 3035.87, 3038.2, 3097.07, 3131.4, 3155.7, 3191.1, 3259.67, 3293.4, 3389.87, 3407.83, 3469.9, 3589.47, 3671.1, 3701.63, 3722.4, 3895.27, 3923.33, 5003.03]"
73000,3258.6703333333335,5074.5885100455343,2399.8831701795566,2894.2689999999998,3247.1350000000002,3507.8089999999993,"[2237.77, 2284.57, 2404.8, 2463.53, 2592.57, 2594.87, 2651.93, 2839.77, 2855.93, 2910.7, 3035.7, 3061.17, 3080.07, 3080.73, 3177.47, 3316.8, 3416.67, 3416.83, 3451.07, 3481.93, 3494.87, 3538.0, 3705.7, 3730.53, 3818.87, 4008.7, 4041.63, 4223.1, 4356.5, 4487.33]"
73500,3364.8483333333334,5239.9349868916461,2478.0791118299876,2948.4379999999996,3396.2200000000003,3640.2109999999998,"[2486.73, 2530.87, 2668.33, 2702.07, 2708.97, 2718.13, 2751.57, 2766.87, 2936.93, 2953.37, 3051.43, 3203.13, 3236.53, 3302.03, 3376.77, 3415.67, 3417.67, 3464.47, 3495.87, 3544.57, 3617.33, 3693.6, 3698.57, 3867.43, 4012.17, 4051.17, 4119.9, 4210.8, 4252.8, 4689.7]"
74000,3253.9563333333335,5067.2475986340123,2396.4114936652113,3049.8199999999997,3263.5500000000002,3416.8400000000001,"[2567.37, 2606.47, 2619.07, 2651.97, 2719.73, 2887.57, 2925.97, 2960.23, 3024.9, 3060.5, 3073.73, 3076.47, 3190.83, 3230.43, 3258.5, 3268.6, 3273.07, 3289.67, 3294.23, 3380.1, 3407.6, 3438.4, 3444.87, 3491.97, 3535.3, 3761.37, 3796.33, 3817.77, 4120.8, 4444.87]"
74500,3273.0946666666664,5097.0509099543715,2410.5061271732811,2891.6620000000003,3308.3000000000002,3570.1709999999994,"[1897.3, 2317.37, 2432.3, 2748.67, 2770.63, 2824.33, 2839.3, 2849.27, 2871.67, 2900.23, 3003.8, 3162.43, 3166.47, 3235.6, 3280.37, 3336.23, 3350.93, 3392.63, 3404.13, 3434.13, 3479.13, 3782.6, 3809.33, 3824.33, 3857.7, 3929.33, 4037.43, 4079.73, 4080.67, 4094.8]"
75000,3262.223,5080.1209265229772,2402.4995701434859,2954.6609999999996,3159.6999999999998,3427.6289999999999,"[2242.6, 2321.3, 2416.6, 2419.27, 2536.67, 2642.23, 2692.3, 2723.8, 2862.1, 2994.33, 3022.33, 3030.5, 3107.8, 3126.37, 3158.77, 3160.63, 3195.4, 3271.03, 3336.63, 3390.8, 3419.37, 3446.9, 3516.83, 3689.8, 3813.37, 3836.43, 3851.57, 4604.23, 4880.63, 5156.1]"
75500,3195.1603333333333,4975.6870921953514,2353.1105406873935,2889.5389999999998,3067.2199999999998,3424.7709999999997,"[2309.6, 2442.63, 2463.83, 2475.13, 2622.87, 2626.27, 2674.93, 2698.87, 2879.9, 2893.67, 2919.17, 2939.37, 2958.9, 2983.33, 3063.97, 3070.47, 3119.87, 3247.77, 3284.9, 3381.37, 3383.23, 3521.7, 3720.57, 3747.73, 3905.63, 3975.17, 4037.47, 4150.93, 4177.33, 4178.23]"
76000,3096.7163333333333,4822.3844441266492,2280.6103873615157,2667.8679999999999,2864.6500000000001,3437.9399999999996,"[2262.9, 2264.07, 2334.5, 2470.07, 2505.23, 2527.83, 2587.7, 2627.23, 2667.63, 2667.97, 2684.47, 2711.23, 2814.27, 2850.63, 2857.8, 2871.5, 3029.07, 3065.07, 3387.5, 3408.23, 3416.13, 3488.83, 3498.83, 3815.43, 3822.07, 3959.7, 3967.43, 4085.07, 4106.6, 4146.5]"
76500,3442.2003333333332,5360.391961754618,2535.0458326058942,3024.701,3284.0500000000002,3570.652,"[2603.43, 2650.73, 2660.03, 2672.53, 2933.47, 2946.0, 2959.93, 2962.33, 3000.6, 3035.03, 3113.27, 3190.03, 3208.8, 3227.27, 3246.9, 3321.2, 3345.7, 3449.03, 3471.13, 3534.87, 3556.63, 3603.37, 3793.73, 3846.83, 3932.27, 4040.0, 4218.57, 4317.33, 4927.7, 5497.3]"
77000,3129.1303333333335,4872.861385682244,2304.4820298171758,2789.848,3090.9849999999997,3383.9400000000001,"[1936.77, 2180.83, 2310.37, 2588.7, 2660.13, 2680.63, 2693.93, 2721.63, 2731.23, 2814.97, 2823.03, 2876.0, 2968.5, 3018.1, 3070.97, 3111.0, 3138.73, 3204.47, 3295.47, 3365.13, 3382.8, 3386.6, 3420.7, 3503.17, 3565.37, 3578.47, 3792.9, 4278.27, 4281.47, 4493.57]"
77500,3077.1146666666668,4791.8596035415449,2266.1745269863168,2906.0209999999997,3054.6700000000001,3238.982,"[2288.63, 2305.4, 2352.37, 2363.47, 2459.2, 2614.47, 2667.83, 2677.23, 2881.57, 2916.5, 2966.9, 2978.13, 2979.0, 3036.97, 3052.17, 3057.17, 3061.73, 3155.87, 3157.4, 3222.73, 3234.83, 3248.67, 3425.37, 3433.6, 3583.23, 3661.3, 3786.2, 3824.7, 3889.5, 4031.3]"
78000,3180.1619999999998,4952.3308265355136,2342.0648551575559,2733.9200000000001,3165.5999999999999,3433.3590000000004,"[2015.23, 2164.57, 2395.67, 2405.7, 2538.73, 2557.67, 2589.53, 2665.2, 2726.43, 2737.13, 2773.4, 2842.47, 3004.17, 3094.8, 3107.5, 3223.7, 3291.8, 3294.4, 3388.67, 3394.8, 3412.8, 3481.33, 3538.1, 3714.73, 3763.0, 4001.77, 4139.17, 4188.33, 4207.73, 4746.33]"
78500,3171.9683333333332,4939.5711784371815,2336.0305403223761,2871.498,3046.8850000000002,3296.7579999999994,"[2401.23, 2437.6, 2443.57, 2674.2, 2705.2, 2718.6, 2784.93, 2832.67, 2867.83, 2873.07, 2903.17, 2936.23, 2971.37, 3031.4, 3033.17, 3060.6, 3140.67, 3184.93, 3195.27, 3224.9, 3246.97, 3412.93, 3413.7, 3533.07, 3666.5, 3669.5, 3763.37, 4102.77, 4184.3, 4745.33]"
79000,3118.6823333333332,4856.5911603051572,2296.7874867068917,2872.3310000000001,3035.3199999999997,3368.5509999999999,"[1836.57, 2069.27, 2297.73, 2477.73, 2713.77, 2747.57, 2768.27, 2789.7, 2850.4, 2881.73, 2910.63, 2920.47, 2944.17, 2987.9, 3006.17, 3064.47, 3089.5, 3271.5, 3279.63, 3314.93, 3355.03, 3400.1, 3483.5, 3659.03, 3706.73, 3812.57, 3869.3, 3911.17, 4063.53, 4077.4]"
79500,3065.1426666666666,4773.2161178778324,2257.3576175188282,2773.848,3032.8299999999999,3347.3580000000002,"[1800.93, 2539.4, 2571.57, 2580.57, 2621.53, 2700.5, 2716.33, 2739.8, 2741.83, 2787.57, 2923.07, 2935.07, 2953.87, 3008.3, 3028.43, 3037.23, 3069.03, 3078.37, 3240.93, 3269.53, 3327.57, 3393.53, 3406.53, 3455.0, 3458.57, 3482.2, 3603.93, 3753.13, 3848.53, 3881.43]"
