agents,meanScore,clow,chigh,Q1,Q2,Q3,means
22,1.28000004,1.9932895418719836,0.94266993577190905,0.24999989999999994,0.41666700000000001,1.1899989999999998,"[0.0666667, 0.0666667, 0.133333, 0.3, 0.366667, 0.466667, 1.0, 1.63333, 2.26667, 6.5]"
44,2.2800000000000002,3.5505468855048807,1.6791307706208767,0.59999999999999998,1.1333299999999999,2.2766699999999993,"[0.2, 0.3, 0.6, 0.6, 1.03333, 1.23333, 1.46667, 4.16667, 6.26667, 6.93333]"
66,3.3799976999999997,5.2635264503283583,2.4892360274990302,1.51667,2.0333299999999999,2.8666699999999996,"[0.2, 0.766667, 1.16667, 1.66667, 1.83333, 2.23333, 2.56667, 3.56667, 3.86667, 15.9333]"
88,4.6300043000000004,7.2101084856312294,3.4098169685249879,1.2600009999999999,3.5,5.7466689999999989,"[0.533333, 1.16667, 1.16667, 1.3, 2.36667, 4.63333, 5.16667, 7.1, 8.6, 14.2667]"
110,7.1266660000000002,11.09805340804102,5.2485106019901755,3.1666679999999996,6.0500000000000007,9.3933210000000003,"[1.3, 1.43333, 2.23333, 3.56667, 4.4, 7.7, 9.03333, 10.2333, 11.8, 19.5667]"
132,10.4466667,16.268149085786206,7.693561187013354,4.9899999999999993,9.0666650000000004,11.586679999999999,"[0.866667, 2.86667, 3.1, 5.8, 8.3, 9.83333, 11.2667, 12.3333, 21.6667, 28.4333]"
154,12.809990299999999,19.948452264479265,9.4340565281074351,9.0033109999999983,11.35,15.236679999999996,"[0.733333, 3.8, 4.96667, 10.7333, 11.0, 11.7, 12.9667, 20.5333, 23.9333, 27.7333]"
176,17.990004000000003,28.015066961587873,13.248933894733623,10.233310999999999,13.949999999999999,24.966700000000003,"[2.36667, 4.8, 4.86667, 12.5333, 12.8333, 15.0667, 24.3667, 26.3667, 33.6, 43.1]"
198,25.186677,39.222139288845348,18.549001912451363,10.843310999999998,19.416699999999999,30.939999999999998,"[2.7, 4.6, 5.26667, 13.2333, 17.6667, 21.1667, 29.2, 35.0, 57.1667, 65.8667]"
220,37.846676000000002,58.937016490575573,27.872595718122209,22.766688999999992,39.183350000000004,47.116699999999994,"[4.9, 5.13333, 5.73333, 30.0667, 35.6, 42.7667, 44.5667, 53.0667, 53.2333, 103.4]"
242,51.993296999999998,80.966946811614136,38.291028446811445,31.763308999999992,59.150000000000006,63.806690000000003,"[3.16667, 6.86667, 8.73333, 41.6333, 57.6, 60.7, 62.5667, 66.7, 66.8333, 145.133]"
264,62.153353000000003,96.788769262208518,45.773512069983056,41.39669099999999,61.2333,74.313299999999998,"[3.63333, 7.83333, 8.56667, 55.4667, 60.2333, 62.2333, 73.8333, 75.4333, 82.5333, 191.767]"
286,70.249995999999996,109.39732653707468,51.736372771751526,39.553299999999986,76.816649999999996,82.906689999999998,"[7.23333, 8.43333, 11.8333, 51.4333, 75.3333, 78.3, 82.5667, 83.7, 86.4667, 217.2]"
308,66.273300000000006,103.20458723996957,48.807691798503747,47.970009999999988,76.31665000000001,80.936679999999996,"[11.9667, 13.1333, 15.4667, 61.9, 75.5, 77.1333, 78.9667, 85.5333, 106.9, 136.233]"
330,78.280029999999996,121.90215645338974,57.650178551809354,58.756679999999989,78.433350000000004,93.609999999999999,"[18.2333, 20.4333, 27.2333, 72.2667, 73.4, 83.4667, 91.0, 99.7, 104.967, 192.1]"
352,88.129999999999995,137.24109518401102,64.904295971411329,72.943319999999986,98.849999999999994,101.9432,"[18.4333, 20.3667, 28.8667, 91.8333, 98.2, 99.5, 101.933, 101.967, 102.1, 218.1]"
374,86.763369999999995,135.11290049535418,63.897826460422912,57.686699999999988,90.916650000000004,109.1968,"[18.8333, 19.6667, 31.3667, 68.9667, 88.6333, 93.2, 105.667, 117.433, 118.467, 205.4]"
396,100.44004,156.41099614122174,73.970158669470024,57.533309999999993,95.083349999999996,114.06689999999999,"[18.9667, 28.0667, 36.3, 66.6333, 87.2667, 102.9, 110.067, 123.4, 209.867, 220.933]"
418,109.07339999999999,169.85535993922281,80.328290436946972,70.770009999999985,102.55015,136.26689999999999,"[29.3333, 38.7667, 53.6667, 78.1, 83.5333, 121.567, 125.067, 162.4, 186.667, 211.633]"
440,112.12330999999999,174.604854874122,82.574429791606761,74.526700000000005,102.19985,142.31009999999998,"[35.2667, 45.6333, 67.6667, 77.4667, 81.0667, 123.333, 135.9, 157.267, 178.3, 219.333]"
462,145.10327000000001,225.96314183117272,106.86287963803032,80.423310000000001,99.733350000000002,167.70299999999997,"[30.7, 37.0667, 79.0, 81.0333, 82.9667, 116.5, 136.233, 241.133, 263.733, 382.667]"
484,148.31999999999999,230.972418446528,109.23187539407387,92.419999999999987,108.84999999999999,149.5068,"[35.7333, 75.0667, 78.7, 98.3, 105.067, 112.633, 139.767, 172.233, 313.8, 351.9]"
506,168.75334000000001,262.79238848927463,124.28023063116088,74.826700000000002,128.167,202.14989999999997,"[37.8333, 67.7667, 72.1667, 75.9667, 114.267, 142.067, 149.4, 325.233, 344.9, 357.933]"
528,209.85996,326.80597691674507,154.55364752511682,83.579989999999995,127.18315,209.68699999999995,"[33.9333, 61.2667, 68.1333, 90.2, 96.0333, 158.333, 171.767, 298.167, 510.333, 610.433]"
550,216.25335999999999,336.7621464157744,159.26213641497972,71.843310000000002,147.6165,302.71010000000001,"[47.1333, 58.5, 60.9, 76.5333, 117.0, 178.233, 298.7, 312.067, 354.9, 658.567]"
572,242.43666999999999,377.53629982485717,178.5451195280084,78.340000000000003,141.94999999999999,301.09690000000001,"[44.9667, 68.4, 73.3, 80.5, 133.2, 150.7, 239.167, 445.6, 584.233, 604.3]"
594,243.23665999999997,378.78209017702164,179.13428085484566,93.823300000000003,206.01650000000001,370.48689999999999,"[53.8, 69.8, 87.0333, 96.7333, 155.133, 256.9, 345.067, 429.8, 438.733, 499.367]"
616,244.09326999999999,380.1160524435096,179.76514059582004,94.826690000000013,195.76650000000001,387.36010000000005,"[38.2333, 82.0667, 84.0, 99.4667, 164.333, 227.2, 382.6, 398.467, 406.733, 557.833]"
638,302.93655999999999,471.75020158489571,223.10092080791111,113.95308999999999,243.51650000000001,431.89319999999998,"[52.9333, 70.5, 95.3333, 121.933, 210.6, 276.433, 407.733, 488.267, 599.133, 706.5]"
660,296.9067,462.36015744321577,218.66016490065851,122.02690000000001,244.95000000000002,420.01999999999998,"[60.4, 93.9, 96.5, 132.967, 220.067, 269.833, 367.4, 542.8, 544.6, 640.6]"
682,283.65007000000003,441.71617219813214,208.89717571305511,97.239999999999995,258.38350000000003,433.9701,"[56.8667, 83.6, 88.0, 101.2, 247.667, 269.1, 432.0, 438.567, 516.733, 602.767]"
704,353.31669999999997,550.20504771134301,260.20392225623903,103.39320000000001,322.7165,503.01679999999999,"[53.7333, 81.8667, 100.267, 104.733, 257.7, 387.733, 487.967, 538.133, 566.567, 954.467]"
726,419.92313999999999,653.92841968352184,309.25695862707812,104.73690999999999,304.43349999999998,416.41699999999997,"[59.9, 63.3667, 95.5667, 108.667, 261.067, 347.8, 414.467, 420.967, 732.2, 1695.23]"
748,375.88326999999998,585.34700597012727,276.82331790289254,116.74690000000001,286.30000000000001,450.47299999999996,"[51.3667, 64.7, 108.3, 120.367, 253.767, 318.833, 428.633, 501.433, 650.533, 1260.9]"
770,372.18663000000004,579.59038595309539,274.10088721345926,144.70690000000002,300.16649999999998,436.40989999999999,"[69.5333, 92.8, 126.6, 152.467, 250.533, 349.8, 408.5, 501.533, 579.9, 1190.2]"
792,512.64360999999997,798.31805827170103,377.54195610226668,115.78310999999999,389.79999999999995,709.74990000000003,"[64.9667, 78.3667, 89.0667, 127.233, 231.3, 548.3, 692.7, 749.533, 890.7, 1654.27]"
814,432.14007000000004,672.95332440366712,318.25424945406121,174.4169,301.98349999999999,634.3732,"[73.5, 86.1667, 163.8, 178.967, 286.2, 317.767, 632.833, 637.967, 944.933, 999.267]"
836,508.72606999999999,792.21744009370082,374.65684120790786,199.56699999999998,372.54999999999995,526.48320000000001,"[81.6667, 85.9, 159.667, 216.667, 307.9, 437.2, 474.333, 648.167, 1320.83, 1354.93]"
858,552.58293000000003,860.5138601292374,406.95570222931661,220.59679999999997,287.86649999999997,548.07319999999993,"[72.4, 72.6333, 147.633, 251.867, 268.0, 307.733, 471.233, 727.367, 939.833, 2267.13]"
880,875.46367000000009,1363.3222837241985,644.74473107793028,235.50299999999996,363.21699999999998,586.13689999999997,"[65.4667, 87.4, 174.533, 261.633, 290.067, 436.367, 573.467, 615.7, 956.033, 5293.97]"
902,964.34352999999987,1501.7311039466149,710.20126959305094,215.29309999999998,449.08299999999997,701.83989999999994,"[71.1, 86.0333, 204.0, 220.133, 283.433, 614.733, 678.4, 756.533, 1030.67, 5698.4]"
924,874.49930000000006,1361.8205113996482,644.03451031421798,194.65309999999999,416.267,821.72299999999996,"[71.0, 77.9, 141.5, 217.433, 363.867, 468.667, 820.733, 824.033, 1502.83, 4257.03]"
946,1423.5265999999999,2216.7973403786627,1048.3716302005773,199.49299999999999,405.5335,773.52680000000009,"[63.7, 128.933, 170.233, 212.033, 378.1, 432.967, 754.667, 817.533, 1264.1, 10013.0]"
968,1230.9492299999999,1916.9048047329518,906.54593384433099,233.86989999999997,406.233,802.68589999999995,"[61.5333, 127.833, 158.433, 266.2, 300.433, 512.033, 705.467, 1029.53, 1514.9, 7633.13]"
990,1118.93363,1742.4676820540219,824.05082825241868,262.363,430.63350000000003,916.85410000000002,"[76.9333, 146.567, 256.133, 265.033, 344.867, 516.4, 826.033, 1128.77, 1564.2, 6064.4]"
1012,1221.8733299999999,1902.7712922425335,899.86188868596332,241.81,501.31650000000002,827.03009999999995,"[88.1333, 124.0, 224.8, 249.1, 280.133, 722.5, 779.7, 937.467, 1602.43, 7210.47]"
1034,1988.184,3096.1142583379979,1464.2197070421478,282.47000000000003,639.08349999999996,1135.519,"[71.8, 155.933, 277.5, 284.6, 285.9, 992.267, 1011.97, 1423.8, 1601.37, 13776.7]"
1056,3548.8966,5526.5455132056395,2613.6234573736001,256.93310000000002,687.26649999999995,1406.538,"[58.1, 158.0, 252.5, 258.833, 284.733, 1089.8, 1373.67, 1483.23, 1989.1, 28541.0]"
1078,2754.5973999999997,4289.6172014867716,2028.6531820229222,363.39679999999998,681.16700000000003,1487.5189999999998,"[56.7, 156.0, 356.933, 366.167, 389.067, 973.267, 1108.07, 2372.9, 4542.07, 17224.8]"
1100,3195.3193300000003,4975.9346909320357,2353.2276355099489,312.80000000000001,530.7165,1818.1289999999999,"[63.4333, 200.167, 310.0, 314.0, 370.333, 691.1, 1576.2, 2382.63, 5453.93, 20591.4]"
1122,3117.4965999999999,4854.7446682903746,2295.9142405113871,415.34309999999999,687.45000000000005,2548.6809999999996,"[76.2, 231.633, 412.1, 416.733, 428.233, 946.667, 1602.7, 4755.97, 5623.83, 16680.9]"
1144,2543.9843700000001,3961.6385007353492,1873.5449279147217,425.72009999999995,685.41650000000004,2108.7699999999995,"[80.1667, 253.467, 348.767, 458.7, 462.0, 908.833, 1214.17, 4196.17, 4651.87, 12865.7]"
1166,2747.6063000000004,4278.730259236223,2023.5045104744634,464.37689999999998,781.61649999999997,2470.5010000000002,"[83.6, 275.633, 432.9, 477.867, 616.933, 946.3, 2443.33, 2533.9, 5781.0, 13884.6]"
1188,3454.3096299999997,5379.2492536693044,2543.9638556951818,560.9668999999999,981.50150000000008,4005.6009999999992,"[84.0333, 339.733, 394.6, 632.267, 656.333, 1306.67, 3027.13, 6288.7, 7375.53, 14438.1]"
1210,2451.3263299999999,3817.3460817270206,1805.3059076912914,511.577,939.11650000000009,2995.1289999999995,"[81.4333, 271.933, 429.467, 546.767, 896.6, 981.633, 2157.7, 4949.13, 6375.87, 7822.73]"
1232,3585.3807000000002,5583.3606481290826,2640.492569193078,612.99009999999998,745.54999999999995,4819.5199999999995,"[110.667, 285.133, 602.467, 617.5, 745.367, 745.733, 3962.57, 6819.07, 8963.9, 13001.4]"
1254,4471.2126000000007,6962.8289348070966,3292.8730958981464,751.16300000000001,872.54999999999995,4717.3699999999999,"[162.8, 229.0, 658.833, 790.733, 846.733, 898.367, 4136.93, 6071.73, 8288.6, 22628.4]"
1276,3540.471,5513.4246852062925,2607.4183327152919,888.04680000000008,985.9665,7018.2000000000007,"[161.5, 305.067, 855.333, 902.067, 984.1, 987.833, 6858.27, 7391.37, 7411.4, 9547.77]"
1298,4489.5030999999999,6991.3119513901329,3306.3433333367607,887.92319999999995,1036.2485000000001,6359.6299999999992,"[198.467, 382.967, 797.367, 926.733, 979.767, 1092.73, 5181.5, 9108.6, 10095.6, 16131.3]"
1320,4822.4967999999999,7509.8688568408998,3551.5801614476804,846.98689999999988,988.49850000000004,6744.4089999999987,"[185.067, 306.067, 565.4, 967.667, 971.267, 1005.73, 4669.57, 11585.7, 13043.1, 14925.4]"
1342,3715.1697999999997,5785.475685312188,2736.0771619567577,681.91699999999992,1336.25,4022.8989999999994,"[188.867, 309.167, 448.467, 781.967, 1287.43, 1385.07, 3851.2, 4423.53, 11032.3, 13443.7]"
1364,3963.3396000000002,6171.939944288667,2918.8445073597532,591.173,1141.2335,5433.6809999999996,"[179.8, 462.433, 521.733, 620.933, 833.767, 1448.7, 5050.53, 6327.7, 9787.1, 14400.7]"
1386,4585.9036999999998,7141.4324996755731,3377.3386025325131,734.57989999999995,1675.885,4754.7319999999991,"[187.567, 368.967, 551.133, 813.2, 1422.6, 1929.17, 4170.23, 6118.57, 12440.6, 17857.0]"
1408,3384.6006000000002,5270.6943504420833,2492.6258832113513,878.9129999999999,1343.335,3137.6099999999997,"[207.0, 572.7, 674.933, 966.333, 1144.7, 1541.97, 2707.77, 4140.57, 5885.73, 16004.3]"
1430,4125.357,6424.2427403270858,3038.1639817965906,812.49689999999998,1537.3,4179.1889999999994,"[166.8, 599.633, 786.9, 823.467, 1462.07, 1612.53, 3087.87, 6725.6, 10148.7, 15840.0]"
1452,5779.8856999999998,9000.7698117145592,4256.6596182199937,1050.5889999999999,2392.665,5654.2609999999986,"[132.167, 576.7, 1031.43, 1058.8, 1554.13, 3231.2, 3595.43, 10458.2, 17904.8, 18256.0]"
1474,4679.9964,7287.9590535938823,3446.63419369953,845.15700000000004,2714.6500000000001,6636.3709999999992,"[136.367, 740.233, 797.067, 865.767, 1578.23, 3851.07, 4660.13, 11247.6, 11295.3, 11628.2]"
1496,4487.2700999999997,6987.8345956027079,3304.6988162267621,662.53700000000003,3093.48,4905.1899999999996,"[174.467, 593.8, 619.067, 681.167, 2662.63, 3524.33, 3831.37, 7410.77, 11590.2, 13784.9]"
1518,4876.6279999999997,7594.1650689324097,3591.4456717856774,745.84989999999993,2769.52,5358.9099999999999,"[164.6, 644.667, 688.333, 770.5, 2011.87, 3527.17, 4234.27, 7983.07, 8765.9, 19975.9]"
1540,5557.3137000000006,8654.1679163634235,4092.7440507293663,883.05690000000004,3047.0999999999999,6743.1610000000001,"[216.033, 548.767, 727.4, 949.767, 1462.2, 4632.0, 6403.3, 7536.17, 15224.7, 17872.8]"
1562,4383.7303000000002,6826.5964752449017,3228.4458056285471,877.82679999999993,3954.8500000000004,7280.8889999999992,"[205.5, 711.233, 776.933, 921.067, 1369.73, 6539.97, 6813.87, 8370.6, 8855.83, 9272.57]"
1584,4730.4336999999996,7366.502912553653,3483.7792912508612,1236.1289999999999,2976.8999999999996,7656.75,"[244.8, 697.567, 1035.53, 1322.1, 1786.1, 4167.7, 7638.87, 7698.47, 9789.9, 12923.3]"
1606,6893.8362999999999,10735.477633397144,5077.0406398917421,855.91989999999987,4603.3150000000005,11085.1,"[189.967, 550.633, 677.233, 932.5, 1073.83, 8132.8, 11073.1, 11113.1, 17249.4, 17945.8]"
1628,6582.2669999999998,10250.284033513839,4847.5820439220906,1031.3499999999999,3058.8000000000002,8807.0889999999999,"[141.433, 726.367, 879.8, 1096.3, 1760.33, 4357.27, 5983.27, 15396.0, 17529.8, 17952.1]"
1650,8401.2864000000009,13082.965465681804,6187.2186434380228,947.00319999999999,6298.5650000000005,13711.349999999999,"[139.667, 572.367, 939.467, 950.233, 1047.43, 11549.7, 13404.9, 14426.4, 18737.1, 22245.6]"
1672,9706.9200000000001,15116.173058703964,7148.7666929628067,1067.1010999999999,6943.7849999999999,15892.57,"[219.933, 586.8, 694.167, 1226.93, 1392.57, 12495.0, 14087.2, 20105.1, 20399.9, 25861.6]"
1694,7906.2803000000004,12312.113550479646,5822.6660231945853,1190.8590999999999,4561.3999999999996,15658.279999999999,"[132.533, 593.133, 666.067, 1415.77, 1582.43, 7540.37, 15285.8, 16527.4, 17083.1, 18236.2]"
1716,9269.3767000000007,14434.80551436689,6826.5331760728941,1003.7809999999999,6498.2349999999997,16550.799999999999,"[170.267, 877.6, 985.7, 1011.53, 1154.57, 11841.9, 16150.3, 17485.3, 20142.2, 22874.4]"
1738,9645.7165999999997,15020.86361078628,7103.6927841002544,1297.8710000000001,6218.3649999999998,15707.349999999999,"[153.933, 867.533, 1252.07, 1317.5, 1684.13, 10752.6, 13911.7, 19897.2, 22313.6, 24306.9]"
1760,8104.7142999999996,12621.126366566607,5968.8048983425597,1424.1200000000001,4493.0500000000002,11106.218999999999,"[148.833, 852.6, 1389.47, 1438.97, 1480.3, 7505.8, 9561.27, 14711.1, 20826.3, 23132.5]"
1782,8845.3529999999992,13774.491467254933,6514.25631548407,2033.48,6792.5,13457.73,"[134.8, 1488.97, 1870.73, 2103.23, 2885.1, 10699.9, 12457.2, 15792.3, 20406.7, 20614.6]"
1804,9862.1363000000001,15357.884791398959,7263.0774234154032,1655.1479999999999,5508.3149999999996,15418.360000000001,"[153.433, 1211.3, 1560.83, 1695.57, 3849.93, 7166.7, 15059.2, 16256.4, 23026.4, 28641.6]"
1826,10766.458999999999,16766.148013318416,7929.0757006702061,1938.8800000000001,9055.1149999999998,17463.16,"[181.933, 922.167, 1824.43, 1987.93, 3697.53, 14412.7, 16954.3, 18650.5, 21256.2, 27776.9]"
1848,13997.8367,21798.23486797847,10308.858914515873,1770.8689999999997,9463.9349999999995,15940.16,"[166.7, 638.367, 1031.13, 2087.9, 5976.47, 12951.4, 15284.9, 17469.1, 37438.3, 46934.1]"
1870,14069.457,21909.766110567911,10361.604462555826,1728.2699999999998,9570.4850000000006,20104.309999999998,"[182.1, 580.2, 1233.3, 1940.4, 3481.57, 15659.4, 17717.9, 25672.6, 28087.6, 46139.5]"
1892,12770.6957,19887.260457616478,9405.1175930288209,1844.6689999999999,7437.5300000000007,21885.329999999998,"[208.9, 969.367, 1453.53, 2012.3, 5579.03, 9296.03, 21045.3, 23845.4, 31477.6, 31819.5]"
1914,14168.359700000001,22063.783072608716,10434.442430480163,2050.4099999999999,12292.035,20934.259999999998,"[241.2, 876.667, 1621.03, 2234.43, 4125.57, 20458.5, 20882.3, 21055.5, 33502.0, 36686.4]"
1936,18428.027699999999,28697.182612382745,13571.521207422744,2357.8189999999995,9950.3850000000002,28364.900000000001,"[299.267, 1186.87, 1547.1, 2705.27, 3217.57, 16683.2, 27950.6, 29331.6, 47489.0, 53869.8]"
1958,17670.286700000001,27517.184828361103,13013.474615641591,3643.2190000000001,7564.3999999999996,31290.989999999998,"[287.867, 1249.03, 3102.0, 3875.17, 3911.8, 11217.0, 30450.0, 33253.3, 39643.0, 49713.7]"
1980,15017.853700000001,23386.663895396028,11060.061515944115,3556.741,5377.5500000000002,23734.549999999996,"[229.367, 1138.5, 3158.77, 3727.3, 5059.77, 5695.33, 18228.5, 36582.0, 37842.5, 38516.5]"
2002,16742.0717,26071.715145322101,12329.880594478494,4447.2599999999993,5886.5300000000007,18236.720000000001,"[362.967, 1416.43, 3452.63, 4873.53, 5847.93, 5925.13, 17285.0, 20457.4, 40163.1, 67636.6]"
2024,16411.91,25557.568392844911,12086.729423535293,5125.1279999999988,9923.3850000000002,22634.649999999998,"[282.0, 1347.33, 2527.33, 6238.47, 7417.77, 12429.0, 19812.1, 29220.6, 34009.3, 50835.2]"
2046,14034.217000000001,21854.888359583176,10335.651581697635,3287.9589999999994,7297.8000000000002,23778.119999999999,"[254.7, 1520.4, 1883.5, 3889.87, 5074.17, 9521.43, 23120.1, 25313.5, 27580.7, 42183.8]"
2068,14496.156299999999,22574.246755595152,10675.851797833189,4347.8909999999996,10101.514999999999,20804.73,"[257.133, 1061.87, 2847.0, 4991.13, 5412.73, 14790.3, 19069.2, 24854.3, 34126.3, 37551.6]"
2090,14591.2533,22722.337263126235,10745.887016646233,4850.9219999999996,9292.3149999999987,21730.259999999998,"[197.033, 1251.37, 3446.47, 5452.83, 7129.73, 11454.9, 21188.1, 22995.3, 30744.5, 42052.3]"
2112,16463.762999999999,25638.316861114246,12124.917128732224,4117.2819999999992,9537.0,17733.779999999999,"[254.5, 1041.83, 3824.57, 4242.73, 5082.3, 13991.7, 15629.4, 22644.0, 44588.2, 53338.4]"
2134,15124.4673,23552.688713568165,11138.57825994704,4680.5200000000004,11913.084999999999,23354.450000000001,"[246.533, 1096.07, 4188.7, 4891.3, 5383.57, 18442.6, 23271.8, 23547.3, 34007.8, 36169.0]"
2156,17154.026699999999,26713.235119979192,12633.269329834249,7816.8389999999999,15798.200000000001,23149.720000000001,"[274.467, 1119.37, 6279.73, 8475.6, 10165.1, 21431.3, 21571.9, 26831.3, 30856.2, 44535.3]"
2178,16227.663,25270.648387575784,11951.03871866925,7343.732,15104.800000000001,21966.919999999998,"[295.6, 1032.83, 7179.47, 7414.13, 10375.7, 19833.9, 20308.7, 25836.1, 30523.2, 39477.0]"
2200,20794.6626,32382.642337524045,15314.455191376806,8414.4999999999982,13826.5,29928.019999999997,"[294.933, 879.933, 6218.53, 9355.63, 12664.8, 14988.2, 28112.3, 34164.7, 45730.6, 55537.0]"
2222,19531.900000000001,30416.195926751221,14384.479955565746,9562.2799999999988,16151.5,28336.509999999998,"[302.1, 1275.8, 6657.0, 10807.4, 12901.2, 19401.8, 24341.2, 37658.9, 40588.0, 41385.6]"
2244,19820.5867,30865.755428317745,14597.086412161798,13179.969999999998,18868.450000000001,25378.099999999999,"[383.267, 1177.8, 5946.1, 16280.2, 17608.9, 20128.0, 21642.5, 34094.5, 37236.0, 43708.6]"
2266,17717.792999999998,27591.164365864108,13048.461146399635,5895.0599999999995,14332.0,25326.110000000001,"[342.2, 1526.13, 5249.1, 6171.9, 13728.5, 14935.5, 25223.9, 25564.6, 35997.5, 48438.6]"
2288,20316.849999999999,31638.565127530626,14962.564911003841,6773.9999999999991,20373.200000000001,25970.540000000001,"[330.9, 708.3, 6032.0, 7092.0, 16492.4, 24254.0, 24984.2, 28272.0, 45161.6, 49841.1]"
2310,19460.853299999999,30305.557927009813,14332.156841477557,7720.378999999999,17707.400000000001,28419.849999999999,"[311.833, 1440.67, 5319.33, 8749.4, 14455.2, 20959.6, 24649.9, 37216.4, 38726.5, 42779.7]"
2332,21915.012999999999,34127.316295153054,16139.549415287951,10848.718999999999,19408.800000000003,26130.399999999998,"[348.1, 906.5, 6149.43, 12862.7, 17895.9, 20921.7, 23926.3, 31273.3, 51358.0, 53508.2]"
2354,28624.983,44576.466771175503,21081.17972096469,14784.238999999998,22739.200000000001,38212.440000000002,"[399.6, 1010.7, 7002.43, 18119.3, 21215.0, 24263.4, 35345.1, 44902.9, 45935.7, 88055.7]"
2376,26650.43,41501.579488537645,19626.998711963915,10721.129999999999,23457.75,36502.870000000003,"[394.867, 804.433, 8140.3, 11827.2, 15402.4, 31513.1, 36001.9, 37671.8, 47499.7, 77248.6]"
2398,28536.359999999997,44438.45794809037,21015.912349787173,14811.509999999997,26818.549999999999,31173.799999999999,"[680.833, 864.667, 6659.8, 18305.1, 25902.1, 27735.0, 29094.2, 36026.2, 45366.7, 94729.0]"
2420,25258.963,39334.707197689924,18602.237722488688,11877.038999999997,25741.049999999999,33246.610000000001,"[462.133, 791.267, 6460.53, 14198.4, 23800.8, 27681.3, 32602.3, 34750.0, 38434.9, 73408.0]"
2442,30764.096299999997,47907.6167997093,22656.552950734145,22670.938999999995,34178.050000000003,37199.919999999998,"[842.6, 880.733, 9860.33, 28161.2, 31928.4, 36427.7, 36778.0, 38184.4, 39178.5, 85399.1]"
2464,27605.893300000003,42989.48178855046,20330.660039695918,13331.09,27540.200000000001,43029.25,"[733.733, 1169.6, 13245.9, 13367.6, 18981.4, 36099.0, 41883.1, 45703.6, 46509.8, 58365.2]"
2486,25238.5533,39302.924041212245,18587.206777186431,17573.739999999998,22781.849999999999,31546.200000000004,"[849.433, 928.8, 14239.5, 19002.7, 21648.0, 23915.7, 29754.9, 35725.9, 52311.9, 54008.7]"
2508,29535.963400000001,45995.097745726373,21752.081133715794,16027.739999999998,26321.0,32022.449999999997,"[863.867, 868.967, 9438.5, 18851.7, 24653.7, 27988.3, 30829.5, 34806.0, 57349.5, 89709.6]"
2530,26551.183000000001,41347.026362771983,19553.907180563998,14221.149999999998,25682.400000000001,37865.119999999995,"[1077.7, 1688.03, 9672.2, 16170.7, 21686.1, 29678.7, 37631.6, 38410.0, 49617.1, 59879.7]"
2552,29454.920000000002,45868.892310875184,21692.395841305384,13209.319999999998,17863.349999999999,45450.489999999998,"[1138.17, 1344.43, 8262.0, 15329.6, 17113.3, 18613.4, 44477.5, 47720.8, 52928.8, 87621.2]"
2574,33713.593000000001,52500.742379530326,24828.741839687977,14319.519999999999,28348.199999999997,50698.349999999999,"[1371.7, 1887.53, 12659.4, 15031.0, 28009.6, 28686.8, 48842.1, 55029.6, 62052.5, 83565.7]"
2596,35418.169699999999,55155.207069569442,26084.095869448236,26288.949999999997,34107.0,41960.309999999998,"[577.667, 2707.33, 16428.4, 30514.9, 33215.1, 34998.9, 37407.3, 52584.0, 72204.1, 73544.0]"
2618,34064.449999999997,53047.117041200312,25087.134289156274,18736.189999999999,33113.550000000003,43948.819999999992,"[1026.7, 5253.6, 12710.1, 21318.8, 30949.7, 35277.4, 37543.7, 58894.1, 67123.2, 70547.2]"
2640,37611.017,58570.034767553123,27699.04208730039,26468.279999999999,40571.75,50664.229999999996,"[810.5, 4159.37, 22106.3, 28337.7, 38952.9, 42190.6, 50419.7, 51234.8, 53666.3, 84232.0]"
2662,32084.57,49963.934248361104,23629.030153131338,26972.859999999997,37597.75,43715.739999999998,"[1020.8, 7188.2, 18064.1, 30790.9, 35842.8, 39352.7, 43338.1, 44596.9, 45957.7, 54693.5]"
2684,32028.689699999999,49876.91423734089,23587.876499095582,15812.789999999999,36960.050000000003,45455.43,"[676.267, 7754.03, 11528.3, 17649.0, 34340.9, 39579.2, 44617.8, 47409.9, 47535.4, 69196.1]"
2706,28434.299999999999,44279.52425724185,20940.749153975961,21976.519999999997,31930.450000000001,37757.330000000002,"[625.6, 4398.8, 16972.5, 24121.1, 30864.1, 32996.8, 36984.5, 39560.6, 44660.1, 53158.9]"
2728,31413.103000000003,48918.287289778084,23134.520985957446,18246.439999999999,37200.900000000001,41628.110000000001,"[1083.9, 8651.13, 15345.5, 19489.7, 35387.8, 39014.0, 40980.2, 43139.9, 46131.3, 64907.6]"
2750,31550.446000000004,49132.165693679788,23235.668730444017,14806.989999999998,30571.650000000001,45997.209999999992,"[1079.93, 8954.93, 12336.2, 15865.9, 28057.7, 33085.6, 42581.5, 53967.2, 54576.0, 64999.5]"
2772,31922.290300000001,49711.222983705113,23509.517505009793,22691.889999999999,37727.949999999997,44134.32,"[723.733, 7295.27, 21324.3, 23278.0, 35209.5, 40246.4, 44076.9, 44268.3, 46767.9, 56032.6]"
2794,32238.877,50204.229966896899,23742.671219720029,19333.189999999995,34133.149999999994,47007.799999999996,"[1929.8, 5486.37, 14531.4, 21391.1, 28454.1, 39812.2, 45068.6, 51532.6, 55568.8, 58613.8]"
2816,44488.777000000002,69280.477463715419,32764.243161399263,22804.149999999998,50171.400000000001,58862.110000000001,"[659.6, 5572.67, 12685.3, 27140.8, 44667.3, 55675.5, 57666.7, 61651.4, 80322.2, 98846.3]"
2838,39077.936300000001,60854.405711369793,28779.370742847601,25091.929999999997,43527.800000000003,51324.050000000003,"[766.733, 6686.03, 21218.9, 26751.8, 43494.0, 43561.6, 46382.0, 62855.5, 67645.7, 71417.1]"
2860,42203.276700000002,65721.365195300736,31081.06163508644,32829.419999999991,46835.050000000003,53603.559999999998,"[522.267, 10395.0, 21435.1, 37712.7, 43743.8, 49926.3, 52528.6, 56111.8, 57591.8, 92065.4]"
2882,37337.059699999998,58143.41273322139,27497.283257359064,28961.479999999996,36973.099999999999,45402.900000000001,"[677.367, 9873.43, 22258.0, 31834.4, 32819.6, 41126.6, 44267.1, 48053.1, 64899.3, 77561.7]"
2904,47413.166299999997,73834.50435894297,34917.941432848587,33859.919999999998,43208.400000000001,51005.75,"[519.133, 7751.23, 23213.2, 38422.8, 41037.8, 45379.0, 46145.0, 62347.5, 68778.0, 140538.0]"
2926,42176.650000000001,65679.900569530437,31061.452112590785,37390.589999999997,40596.349999999999,46597.360000000001,"[535.9, 7950.2, 32665.8, 39415.5, 40361.7, 40831.0, 44637.7, 51169.9, 56673.8, 107525.0]"
2948,37510.176299999999,58412.999840659642,27624.776858221026,22333.300000000003,29601.949999999997,41411.529999999999,"[680.833, 9997.93, 22002.9, 22474.9, 28339.8, 30864.1, 35561.8, 55060.9, 58308.6, 111810.0]"
2970,41792.246700000003,65081.285683744136,30778.354126030172,24239.73,28898.150000000001,47866.18,"[491.767, 8102.2, 19995.7, 26058.6, 28572.5, 29223.8, 46453.3, 51162.9, 68855.7, 139006.0]"
2992,39467.990000000005,61461.819724402536,29066.630027875904,19852.159999999996,24475.099999999999,44490.659999999996,"[592.0, 10386.8, 15540.3, 21700.1, 23621.8, 25328.4, 40988.1, 52663.3, 93242.1, 110617.0]"
3014,43171.233,67228.722312085752,31793.923568396236,26775.739999999998,43878.650000000001,53207.5,"[686.4, 6534.13, 22917.9, 28429.1, 36295.9, 51461.4, 52185.4, 55592.4, 64337.7, 113272.0]"
3036,33830.556300000004,52682.884344676539,24914.880732698228,25387.589999999997,30762.800000000003,36789.309999999998,"[458.933, 9200.93, 24015.8, 25975.5, 30315.9, 31209.7, 35443.9, 39928.6, 55353.7, 86402.6]"
3058,43161.653299999998,67213.804253314229,31786.868494254424,19760.419999999998,39620.699999999997,54846.589999999997,"[454.933, 11099.3, 15618.8, 21535.4, 33114.4, 46127.0, 50313.2, 65424.5, 90146.2, 97782.8]"
3080,40376.720000000001,62876.946246887113,29735.874109097967,30295.259999999998,45973.649999999994,49966.349999999999,"[556.0, 9227.8, 27538.8, 31476.6, 43234.6, 48712.7, 49257.0, 51621.5, 65273.5, 76868.7]"
3102,43587.616699999999,67877.138912616443,32100.573867981748,20949.719999999998,25064.5,69445.75,"[387.267, 11174.5, 15470.4, 23298.0, 23993.3, 26135.7, 67387.3, 74248.8, 84931.9, 108849.0]"
3124,50093.713300000003,78008.806026618156,36892.059393285199,21359.130000000001,49731.050000000003,68319.789999999994,"[555.433, 14664.4, 19757.6, 22045.5, 44238.8, 55223.3, 57728.8, 93032.1, 93415.2, 100276.0]"
3146,44495.110000000001,69290.339574867132,32768.907168052923,32551.869999999995,46848.149999999994,54052.259999999995,"[558.2, 14937.2, 21620.6, 37236.7, 43510.1, 50186.2, 51492.0, 60026.2, 79719.3, 85664.6]"
3168,43841.433299999997,68272.396692712689,32287.499860593314,34629.459999999999,45055.25,59046.039999999994,"[829.933, 9642.0, 27707.3, 37596.1, 42010.0, 48100.5, 55432.6, 67477.4, 70109.1, 79509.4]"
3190,55153.8367,85888.7206661534,40618.642245951305,31051.019999999997,50483.199999999997,74603.119999999995,"[877.767, 12679.6, 20746.6, 35467.2, 48629.2, 52337.2, 67876.7, 90298.1, 105638.0, 116988.0]"
3212,43849.32,68284.678314695993,32293.308106491848,28160.759999999998,38699.099999999999,55228.910000000003,"[1147.9, 16150.3, 26221.2, 28992.0, 30000.3, 47397.9, 53990.9, 58117.6, 74809.1, 101666.0]"
3234,40304.887000000002,62765.083775647436,29682.971915832168,20162.149999999998,31421.400000000001,48635.879999999997,"[1487.67, 15127.1, 15599.2, 22117.7, 30784.5, 32058.3, 48505.2, 48940.8, 90908.1, 97520.3]"
3256,43755.647000000004,68138.805341710948,32224.32160794958,21359.629999999997,38622.5,69740.360000000001,"[1573.87, 13145.3, 17319.3, 23091.2, 30497.9, 46747.1, 67500.8, 74966.0, 77594.0, 85121.0]"
3278,38470.042999999998,59907.759367933686,28331.681117722921,30260.98,36676.800000000003,46203.509999999995,"[1113.43, 14034.7, 27585.3, 31407.7, 35665.5, 37688.1, 40532.7, 59435.4, 63664.6, 73573.0]"
3300,46725.690000000002,72763.926799371286,34411.642042759733,27917.909999999996,47824.400000000001,66415.130000000005,"[1768.9, 12057.1, 27185.5, 28231.8, 47540.3, 48108.5, 65825.3, 67791.4, 70039.0, 98709.1]"
3322,44807.046999999999,69776.105778298588,32998.636560682382,27894.380000000001,42138.25,59969.739999999998,"[1388.07, 21115.7, 26545.9, 28472.3, 36194.9, 48081.6, 58164.4, 64182.2, 71053.4, 92872.0]"
3344,42654.773000000001,66424.461152222662,31413.570990416032,33708.25,40842.150000000001,54118.959999999992,"[1539.23, 17630.3, 28410.3, 35978.8, 38320.9, 43363.4, 48872.5, 66360.7, 69828.8, 76242.8]"
3366,51312.419999999998,79906.646060841362,37789.589182904419,36923.32,61395.0,73273.669999999998,"[1356.1, 13352.9, 26880.7, 41227.3, 56683.3, 66106.7, 72800.3, 74378.2, 75456.6, 84882.1]"
3388,48366.776700000002,75319.521216708352,35620.23817224511,34475.939999999995,46547.600000000006,69298.260000000009,"[991.767, 11470.5, 24453.9, 38771.1, 44825.9, 48269.3, 68369.1, 71466.3, 84071.9, 90978.0]"
3410,47449.509999999995,73891.100854926612,34944.707145562708,33821.049999999996,56040.600000000006,66183.089999999997,"[938.1, 5711.5, 26675.8, 36883.3, 55608.9, 56472.3, 64530.0, 70040.3, 71425.7, 86209.2]"
3432,44165.006699999998,68776.283766222434,32525.799006424197,22962.629999999997,43492.149999999994,49886.889999999999,"[966.867, 10978.7, 15108.0, 26328.9, 41601.7, 45382.6, 47965.0, 54371.3, 81298.0, 117649.0]"
3454,41463.1803,64568.84459530365,30536.009600671645,27941.359999999993,43616.75,51870.899999999994,"[940.033, 7403.27, 21770.3, 30586.1, 41024.5, 46209.0, 49976.7, 56290.7, 68688.1, 91743.1]"
3476,37062.470000000001,57715.805889306168,27295.058689567155,31977.920000000002,38025.550000000003,44570.819999999992,"[913.0, 11076.6, 28926.2, 33285.8, 35944.0, 40107.1, 40397.1, 54309.5, 60349.6, 65315.8]"
3498,48844.419999999998,76063.334783022932,35972.003769793751,30967.43,50750.25,60239.339999999997,"[1016.2, 11424.9, 27926.0, 32270.9, 47484.2, 54016.3, 57736.8, 66078.6, 90120.3, 100370.0]"
3520,48336.446000000004,75272.288509506499,35597.900798708062,31102.049999999996,40164.550000000003,65539.51999999999,"[1025.03, 9738.63, 21724.5, 35121.0, 39731.4, 40597.7, 57014.6, 85431.0, 88482.6, 104498.0]"
3542,51121.916700000002,79609.983386063584,37649.290957933015,27264.949999999997,45859.050000000003,73526.600000000006,"[848.967, 15733.4, 21692.6, 29653.1, 34618.7, 57099.4, 72414.8, 76120.8, 96192.4, 106845.0]"
3564,42557.322999999997,66272.706418015427,31341.802879189272,21222.25,48849.75,57258.519999999997,"[1028.73, 13517.6, 19197.5, 22090.0, 46797.3, 50902.2, 57064.3, 57711.7, 59970.1, 97293.8]"
3586,35814.120000000003,55771.80360662195,26375.697769609011,21530.179999999997,38459.650000000001,49882.620000000003,"[771.4, 10955.0, 15600.2, 24071.6, 33596.3, 43323.0, 48942.0, 52077.4, 64266.0, 64538.3]"
3608,42840.526700000002,66713.7274772253,31550.371320866332,28500.189999999999,41664.849999999999,53519.809999999998,"[945.167, 24029.4, 26750.4, 29250.1, 34958.6, 48371.1, 51053.6, 59274.3, 64971.7, 88800.9]"
3630,42266.93,65820.489768137195,31127.939799420459,24730.110000000001,41999.449999999997,53345.529999999992,"[1076.6, 21049.0, 23397.1, 25301.4, 41361.4, 42637.5, 48475.6, 64708.7, 73304.2, 81357.8]"
3652,41895.669999999998,65242.342383614145,30854.521338937691,36067.479999999996,44192.550000000003,47209.470000000001,"[1084.0, 23151.5, 26153.8, 40316.2, 44024.9, 44360.2, 46191.9, 49583.8, 67554.0, 76536.4]"
3674,43191.947,67260.979341992032,31809.178618739497,32082.619999999995,46475.099999999999,49697.819999999992,"[1000.97, 12925.0, 28223.1, 33736.7, 45333.1, 47617.1, 48565.5, 52339.9, 66781.0, 95397.1]"
3696,50259.360000000001,78266.760576959903,37014.051705136873,39947.619999999988,56869.800000000003,68054.239999999991,"[1097.4, 20853.3, 21199.1, 47982.7, 55820.6, 57919.0, 67514.9, 69312.7, 79909.3, 80984.6]"
3718,50161.686999999998,78114.658574351153,36942.119363137375,40879.089999999997,59348.300000000003,68661.169999999998,"[1070.87, 16416.8, 22607.9, 48709.6, 57907.3, 60789.3, 67937.0, 70350.9, 72396.3, 83430.9]"
3740,44458.963299999996,69234.049858592436,32742.286538129065,28851.0,38572.900000000001,65134.5,"[905.633, 20373.0, 27608.5, 29383.5, 38185.0, 38960.8, 65085.0, 65250.0, 72475.8, 86362.4]"
3762,46021.396999999997,71667.161309181422,33892.957811254077,28832.619999999995,45063.849999999999,55554.289999999994,"[1061.77, 14502.1, 17910.1, 33513.7, 41395.0, 48732.7, 52096.7, 63622.0, 82235.9, 105144.0]"
3784,40470.042999999998,63022.274179780085,29804.602846337722,30279.659999999996,44005.5,53429.01999999999,"[1511.03, 25978.6, 28911.3, 30866.1, 41547.3, 46463.7, 52428.7, 55763.1, 58296.8, 62933.8]"
3806,48332.810000000005,75266.626321578573,35595.22302700545,38200.419999999998,46049.150000000001,55549.800000000003,"[1326.6, 30323.7, 35232.0, 39472.6, 44839.9, 47258.4, 53838.9, 59541.9, 80081.0, 91413.1]"
3828,43608.646999999997,67909.888503040231,32116.061860896389,36995.130000000005,41690.75,46442.879999999997,"[1439.27, 34759.7, 36526.9, 37195.8, 41126.2, 42255.3, 44039.4, 52051.0, 62834.5, 83858.4]"
3850,45963.57,71577.109785169101,33850.370488853769,31194.350000000002,46860.550000000003,61677.569999999992,"[1498.7, 29653.7, 30102.7, 31662.2, 38559.1, 55162.0, 59176.8, 67512.7, 70290.4, 76017.4]"
3872,41680.913,64907.910454890291,30696.361213101623,32163.57,41907.699999999997,55735.75,"[1462.43, 16592.0, 29790.5, 33180.6, 39612.0, 44203.4, 52336.9, 63666.4, 67569.0, 68395.9]"
3894,47244.389999999999,73571.676215823638,34793.64429307598,33760.55999999999,49466.25,57717.930000000008,"[2087.5, 19144.6, 24895.9, 37559.7, 42433.5, 56499.0, 57605.4, 57980.5, 65423.8, 108814.0]"
3916,42305.023000000001,65879.810374501016,31155.993803124518,29131.699999999997,37156.100000000006,47558.969999999994,"[1658.33, 15893.8, 28851.7, 29251.7, 33919.8, 40392.4, 40841.7, 63232.6, 73870.7, 95137.5]"
3938,39907.32,62145.969620546755,29390.17937939207,18489.16,47706.649999999994,56117.639999999999,"[2307.4, 14990.4, 16212.2, 19465.0, 40588.7, 54824.6, 54874.2, 59019.0, 66827.7, 69964.0]"
3960,42021.449999999997,65438.214220131165,30947.153386450274,29237.259999999998,42635.449999999997,58783.979999999996,"[1658.6, 14995.4, 20740.1, 32878.9, 39684.3, 45586.6, 58714.5, 58946.1, 67187.5, 79822.5]"
3982,40647.240000000005,63298.215520337457,29935.101502110407,20745.219999999998,44461.400000000001,56752.679999999993,"[1859.8, 6290.6, 15864.4, 22837.0, 42997.4, 45925.4, 56585.7, 57142.3, 69538.8, 87431.0]"
4004,36691.68,57138.390415763912,27021.986365690616,27475.699999999997,31561.75,38333.529999999999,"[2715.4, 10585.0, 26371.1, 27949.1, 30128.2, 32995.3, 38016.1, 39074.2, 48539.4, 110543.0]"
4026,34789.476000000002,54176.169149187197,25621.087563761619,24303.459999999995,31924.75,35482.989999999998,"[3107.03, 6678.33, 19628.3, 26307.1, 29105.9, 34743.6, 35034.1, 36530.4, 43705.0, 113055.0]"
4048,48303.337,75220.729274053796,35573.517315951707,34197.139999999992,56828.0,72606.75,"[1698.17, 8219.8, 25020.0, 38130.2, 42098.8, 71557.2, 72423.6, 73034.1, 74809.0, 76042.5]"
4070,44584.246999999996,69429.148828258898,32834.553080114689,33464.410000000003,44817.949999999997,60461.209999999999,"[1822.67, 7117.7, 29624.0, 35110.3, 44567.2, 45068.7, 59321.6, 63120.3, 74242.9, 85847.1]"
4092,46913.889999999999,73057.002643166023,34550.243977422382,38335.68,46982.949999999997,53100.350000000006,"[2385.37, 7893.03, 35639.7, 39491.1, 44705.9, 49260.0, 52955.9, 53437.4, 65119.5, 118251.0]"
4114,52217.010000000002,81315.325537665427,38455.784316148252,44936.400000000001,56200.5,63087.57,"[1985.67, 7925.43, 41210.3, 46533.3, 53963.6, 58437.4, 60840.9, 68329.8, 68590.7, 114353.0]"
4136,38602.807000000001,60114.507090173684,28429.45660791183,29170.669999999998,38641.25,44294.380000000005,"[1436.37, 12024.5, 27300.9, 29972.0, 37395.7, 39886.8, 42015.4, 49612.0, 63187.9, 83196.5]"
4158,43846.729999999996,68280.645018014635,32291.400672853288,22194.049999999996,37629.449999999997,46641.599999999991,"[1213.4, 14264.4, 20826.6, 22780.1, 35855.5, 39403.4, 39851.4, 62485.4, 88090.1, 113697.0]"
4180,45132.487000000001,70282.899628482235,33238.310384362587,28269.650000000001,40504.399999999994,57490.910000000003,"[1729.07, 20744.9, 23692.7, 30231.2, 33496.6, 47512.2, 51979.4, 70351.1, 77867.3, 93720.4]"
4202,41793.623,65083.428937111901,30779.367717117715,33295.749999999993,43564.449999999997,51012.389999999999,"[2367.03, 21904.7, 22665.2, 37851.7, 40609.9, 46519.0, 48572.4, 56705.7, 65170.1, 75570.5]"
4224,48947.953000000001,76224.56231403038,36048.25177245809,33232.899999999994,40524.75,51824.789999999994,"[2880.73, 31940.1, 32971.1, 33345.1, 34749.1, 46300.4, 47622.3, 61630.6, 93925.1, 104115.0]"
4246,40951.966999999997,63772.753897872208,30159.521011908204,28154.769999999997,35027.550000000003,46510.289999999994,"[3117.17, 25969.2, 26282.9, 28957.0, 32832.1, 37223.0, 40878.6, 59650.9, 60987.8, 93621.0]"
4268,46165.656999999999,71891.811262559902,33999.199655539065,32752.179999999997,39234.199999999997,54138.079999999994,"[3074.17, 25425.7, 30371.2, 33772.6, 34040.3, 44428.1, 49178.0, 65711.6, 86217.0, 89437.9]"
4290,55913.992999999995,87072.479693987567,41178.467611658023,40252.220000000001,48664.899999999994,65873.619999999995,"[2984.93, 22849.9, 36345.1, 41926.7, 48575.2, 48754.6, 63582.7, 71219.1, 76664.7, 146237.0]"
4312,47675.976999999999,74243.76826787382,35111.491228119819,36024.830000000002,41619.850000000006,69370.279999999999,"[2592.47, 23254.1, 35625.2, 36196.1, 38617.3, 44622.4, 67490.0, 73757.6, 76693.4, 77911.2]"
4334,57375.099999999999,89347.799390583808,42254.515735723617,37671.519999999997,47859.449999999997,67093.239999999991,"[4548.2, 29522.5, 32071.8, 40071.4, 40479.0, 55239.9, 59639.2, 84486.0, 102194.0, 125499.0]"
4356,58166.080000000002,90579.558853520924,42837.041550173497,32879.869999999995,38677.550000000003,86813.539999999994,"[4170.7, 20136.9, 29129.9, 34487.0, 37867.7, 39487.4, 80496.2, 101554.0, 103629.0, 130702.0]"
4378,47076.017,73309.476114616133,34669.644167969949,30908.009999999998,38223.900000000001,60000.860000000001,"[2227.37, 22354.4, 28655.2, 31873.5, 35713.0, 40734.8, 59210.9, 61844.1, 93924.7, 94222.2]"
4400,38336.139999999999,59699.237929508359,28233.066798609565,31153.959999999999,35512.849999999999,44788.009999999995,"[4511.2, 27157.0, 29360.7, 31922.5, 32664.5, 38361.2, 40817.3, 54053.0, 61615.5, 62898.5]"
4422,49124.042999999998,76498.77977063939,36177.935166053976,34823.449999999997,39856.599999999999,55672.669999999998,"[3840.23, 28474.6, 33981.0, 35184.5, 37230.1, 42483.1, 52504.4, 63065.3, 63101.2, 131376.0]"
4444,49478.153000000006,77050.220190650871,36438.723322713879,39182.050000000003,49561.900000000001,58422.529999999999,"[4199.73, 36103.2, 39099.1, 39217.6, 46073.5, 53050.3, 57618.8, 60297.9, 64197.8, 94923.6]"
4466,43287.463000000003,67409.722340376204,31879.522414654686,30546.350000000002,45870.099999999999,55124.239999999998,"[4891.03, 24724.4, 30288.4, 30656.9, 42505.1, 49235.1, 52397.6, 61486.4, 63126.1, 73563.6]"
4488,48832.512999999999,76044.792519090595,35963.234730282442,33661.32,57093.350000000006,63254.279999999999,"[2513.13, 31057.6, 33419.4, 33765.0, 54662.9, 59523.8, 62869.2, 64152.8, 67590.8, 78770.5]"
4510,44591.199999999997,69439.97643900229,32839.673692504221,38061.989999999991,46761.449999999997,54228.700000000004,"[2055.0, 24218.9, 26235.0, 43130.7, 44148.4, 49374.5, 53855.5, 55099.5, 68097.7, 79696.8]"
4532,46559.256999999998,72504.747777531273,34289.070651730457,40802.179999999993,51969.150000000001,55114.029999999999,"[3448.67, 27457.3, 29194.5, 45776.9, 51738.4, 52199.9, 54983.2, 55419.3, 58017.4, 87357.0]"
4554,50042.902999999998,77929.681310645974,36854.639595831475,45179.809999999998,49079.949999999997,55966.300000000003,"[4101.83, 32666.7, 39441.7, 47639.0, 47924.7, 50235.2, 54411.1, 59595.1, 73081.9, 91331.8]"
4576,45560.082999999999,70948.776666225371,33553.218104096974,42170.889999999999,46348.050000000003,59299.899999999994,"[2240.33, 32099.7, 40577.2, 42853.9, 45567.6, 47128.5, 58384.6, 61435.6, 61586.3, 63727.1]"
4598,41780.627,65063.190819864525,30769.796671725173,38157.730000000003,44939.550000000003,47262.950000000004,"[2450.07, 29235.2, 35320.0, 39373.9, 44686.9, 45192.2, 47232.8, 47333.3, 54250.6, 72731.3]"
4620,36228.409999999996,56416.959777321863,26680.806141082925,31776.659999999996,40044.949999999997,45501.289999999994,"[2922.4, 17598.4, 28999.9, 32966.7, 36448.5, 43641.4, 44650.7, 47486.0, 53536.3, 54033.8]"
4642,38967.163,60681.903169566242,28697.790542587416,36262.43,39222.800000000003,40201.650000000009,"[2873.13, 29242.7, 34508.3, 37014.2, 39150.3, 39295.3, 39606.3, 41590.8, 42439.7, 83950.9]"
4664,43997.743000000002,68515.811130655333,32402.615837354952,35537.059999999998,40330.850000000006,56753.159999999996,"[3359.63, 21124.8, 30743.6, 37591.4, 38243.8, 42417.9, 54293.1, 62493.3, 66152.3, 83557.6]"
4686,45408.190000000002,70712.240167067488,33441.354854034733,33206.470000000001,43213.850000000006,55676.389999999999,"[2924.3, 31402.0, 32215.2, 33631.3, 38228.8, 48198.9, 54293.0, 58904.3, 64330.0, 89954.1]"
4708,37286.133000000002,58064.106752487161,27459.777735860742,30517.720000000001,33120.550000000003,43252.889999999999,"[3408.23, 28788.5, 30488.6, 30530.2, 31094.5, 35146.6, 41500.2, 47342.5, 56973.5, 67588.5]"
4730,45189.403000000006,70371.532490997764,33280.226790915513,35817.889999999999,50549.849999999999,59766.0,"[3679.63, 27593.6, 35204.9, 36080.6, 45964.1, 55135.6, 59683.5, 59958.5, 60458.8, 68134.8]"
4752,42586.190000000002,66317.659767552235,31363.062294959243,39423.800000000003,44064.400000000001,46886.830000000002,"[3812.6, 26246.7, 34135.3, 41690.3, 42237.5, 45891.3, 46512.1, 47761.2, 50688.2, 86886.7]"
4774,41264.777000000002,64259.879587019052,30389.893334872206,35881.939999999995,45776.550000000003,53865.830000000002,"[3475.07, 23704.2, 29098.8, 38789.0, 41498.4, 50054.7, 52891.4, 56139.5, 57958.7, 59038.0]"
4796,49959.112999999998,77799.198712603669,36792.931540011166,38212.159999999996,43226.300000000003,66235.039999999994,"[3853.83, 31415.4, 34398.7, 39846.5, 42876.2, 43576.4, 65168.6, 68723.4, 81751.8, 87980.3]"
4818,50112.483,78038.03528095012,36905.882542769985,40543.830000000002,46383.199999999997,53704.519999999997,"[3429.03, 38136.3, 38215.7, 41541.6, 44102.8, 48663.6, 50260.1, 61741.5, 77812.8, 97221.4]"
4840,49723.970000000001,77433.020534402691,36619.757922995334,36169.580000000002,45064.0,55092.610000000001,"[2541.0, 25110.7, 35036.0, 36655.4, 42818.8, 47309.2, 51849.7, 62659.4, 71763.5, 121496.0]"
4862,54054.819999999992,84177.268770845127,39809.259457181033,45470.219999999994,52518.199999999997,60657.020000000004,"[3544.1, 40720.7, 45091.1, 45632.7, 51968.3, 53068.1, 53822.9, 76603.3, 80223.5, 89873.5]"
4884,48389.566999999995,75355.011580166538,35637.022336280934,40641.880000000005,47723.849999999999,55219.179999999993,"[2979.37, 28704.7, 38950.4, 41366.8, 47536.5, 47911.2, 52396.9, 61804.5, 79653.8, 82591.5]"
4906,48384.663,75347.374789847905,35633.410732202377,33422.93,49287.699999999997,64294.419999999998,"[3469.03, 26763.5, 31852.2, 34096.1, 49201.1, 49374.3, 64240.3, 64420.7, 68114.3, 92315.1]"
4928,51535.849999999999,80254.584083046793,37954.136633816626,42611.900000000001,51462.399999999994,58740.700000000004,"[2802.0, 31464.7, 34257.4, 46192.4, 49023.6, 53901.2, 55087.3, 67265.3, 86805.6, 88559.0]"
4950,57352.306999999993,89312.304822530568,42237.729583243447,49964.75,59679.050000000003,64882.699999999997,"[2407.77, 44655.3, 48502.8, 50591.3, 59500.5, 59857.6, 63238.4, 68719.4, 70746.0, 105304.0]"
4972,56009.456999999995,87221.141714986617,41248.773111608258,38252.300000000003,57012.550000000003,72545.830000000002,"[3028.67, 26917.8, 37992.6, 38363.6, 48256.6, 65768.5, 67210.0, 84996.1, 89270.0, 98290.7]"
4994,56956.699999999997,88696.242891945527,41946.380510097399,49709.849999999999,51635.150000000001,64845.469999999987,"[2408.8, 38576.3, 47715.9, 50564.4, 50808.0, 52462.3, 54972.5, 87882.4, 89247.9, 94928.5]"
5016,59837.449999999997,93182.312164058763,44067.940144950946,46896.789999999994,64311.850000000006,79871.779999999999,"[3003.5, 28934.2, 38766.5, 50381.2, 52386.6, 76237.1, 78155.9, 83875.5, 91478.3, 95155.7]"
5038,55433.292999999991,86323.906058960289,40824.450874185452,40718.57,48232.600000000006,73019.959999999992,"[3414.63, 25635.2, 40156.4, 40959.5, 46676.4, 49788.8, 70563.2, 78752.4, 81907.4, 116479.0]"
5060,51710.053,80525.862994930838,38082.430325761568,42659.819999999992,58762.599999999999,69087.619999999995,"[3725.43, 28519.9, 42198.1, 42857.7, 57282.1, 60243.1, 69017.3, 69251.7, 69833.8, 74171.4]"
5082,48503.32,75532.154281862531,35720.796968978495,39029.419999999998,51760.050000000003,60117.130000000005,"[4997.7, 27184.6, 33166.5, 41542.1, 48457.5, 55062.6, 58444.9, 64019.0, 67426.7, 84731.6]"
5104,51865.659999999996,80768.183148094307,38197.028791473844,40376.399999999994,53183.199999999997,66763.149999999994,"[5936.1, 21539.6, 39948.7, 40559.7, 48337.5, 58028.9, 66523.9, 67321.4, 77200.2, 93260.6]"
5126,63582.849999999999,99014.864052203498,46826.280666127896,35267.970000000001,70624.149999999994,77861.850000000006,"[4663.5, 33732.1, 34620.4, 35545.5, 70428.6, 70819.7, 71894.1, 91786.6, 102447.0, 119891.0]"
5148,63018.639999999999,98136.243851207575,46410.762081877016,49245.540000000008,62772.550000000003,74903.419999999998,"[4715.6, 33294.3, 48073.6, 49747.8, 58298.5, 67246.6, 71647.1, 82501.5, 95478.4, 119183.0]"
5170,59415.387000000002,92525.051431542612,43757.107263178776,52748.970000000001,60190.849999999999,68252.149999999994,"[3962.67, 32633.2, 43892.5, 56544.6, 59469.0, 60912.7, 62786.9, 81004.4, 82540.9, 110407.0]"
5192,58827.093000000008,91608.926243182446,43323.851755471929,41735.300000000003,59143.099999999999,69927.040000000008,"[4519.83, 38035.2, 39941.9, 42503.9, 57347.0, 60939.2, 68245.0, 73851.8, 81860.1, 121027.0]"
5214,56772.099999999999,88408.773174812115,41810.429834546252,52143.519999999997,57831.550000000003,63951.020000000004,"[4390.4, 41454.2, 44720.3, 55324.9, 57568.7, 58094.4, 62458.4, 67433.8, 71215.9, 105060.0]"
5236,56764.720000000008,88397.280615156415,41804.994753367675,49757.139999999999,59088.550000000003,66989.220000000001,"[6742.2, 44363.9, 44565.8, 51982.0, 55291.8, 62885.3, 66410.7, 68339.1, 73081.1, 93985.3]"
5258,72840.922999999995,113432.06679603105,53644.489109528913,53316.779999999999,77224.399999999994,81181.279999999999,"[5272.63, 38701.6, 52963.7, 53468.1, 76277.9, 78170.9, 79385.9, 85370.5, 106924.0, 151874.0]"
5280,67263.087,104745.94037600607,49536.631188003979,56078.550000000003,70980.100000000006,82515.929999999993,"[5186.57, 47768.0, 53091.3, 57358.8, 67187.6, 74772.6, 82341.0, 82924.1, 97897.9, 104103.0]"
5302,60270.209999999999,93856.230879046096,44386.65094858862,48023.75,57963.650000000001,75005.26999999999,"[4931.5, 40669.3, 42519.3, 50382.8, 55220.3, 60707.0, 69272.0, 88382.9, 90807.6, 99809.4]"
5324,56867.327000000005,88557.06612580597,41880.560793271667,45723.080000000002,63242.0,69503.799999999988,"[3325.87, 34814.0, 37547.5, 49226.9, 62842.3, 63641.7, 67709.5, 73690.5, 85369.6, 90505.4]"
5346,71523.257000000012,111380.12165899789,52674.079668300452,53419.459999999992,71299.050000000003,90851.570000000007,"[3356.57, 32308.2, 46408.4, 56424.2, 71194.0, 71404.1, 86269.1, 101544.0, 109203.0, 137121.0]"
5368,64101.947,99823.231699846001,47208.575291407265,49688.229999999996,55887.300000000003,87241.020000000004,"[2464.27, 39405.7, 49531.5, 49755.4, 53079.4, 58695.2, 87226.5, 87274.9, 89968.6, 123618.0]"
5390,57607.146999999997,89709.15629985604,42425.409269903554,51770.809999999998,62651.0,70307.619999999995,"[2892.87, 35780.9, 39760.0, 56918.3, 59742.5, 65559.5, 67614.7, 76591.1, 79800.8, 91410.8]"
5412,54617.672999999995,85053.775773541216,40223.778664039048,40508.479999999996,54713.599999999999,74402.210000000006,"[2422.23, 27278.9, 28450.7, 45676.1, 53673.2, 55754.0, 71675.6, 80764.3, 85029.4, 95452.3]"
5434,65163.472999999998,101476.30092492604,47990.34764685206,45393.449999999997,51152.199999999997,70231.659999999989,"[2815.13, 36244.1, 40836.8, 47346.3, 48016.0, 54288.4, 60504.4, 92928.6, 102087.0, 166568.0]"
5456,62917.873,97979.323694184917,46336.551129963358,51576.029999999999,63409.650000000001,76470.109999999986,"[2920.43, 45682.5, 50172.6, 52177.5, 59364.3, 67455.0, 72809.0, 85012.7, 86288.7, 107296.0]"
5478,68666.492999999988,106931.40476302308,50570.184783738165,52120.059999999998,65933.899999999994,77841.889999999999,"[3936.93, 45785.8, 45790.1, 54832.9, 64909.1, 66958.7, 77015.9, 79769.2, 97450.3, 150216.0]"
5500,67467.899999999994,105064.88693708539,49687.467947005367,39718.790000000001,58395.949999999997,82204.669999999998,"[4893.3, 27124.4, 38545.8, 40221.5, 58331.2, 58460.7, 77350.1, 93532.0, 115326.0, 160894.0]"
5522,62348.319999999992,97092.383066869137,45917.09763531448,46006.44999999999,50946.699999999997,67181.189999999988,"[8276.8, 39725.3, 41643.7, 47876.2, 49898.5, 51994.9, 56925.0, 91112.3, 96069.5, 139961.0]"
5544,59241.972999999998,92255.001195751844,43629.394638855774,39623.519999999997,47169.649999999994,71886.660000000003,"[6707.93, 34344.5, 38667.6, 40033.2, 41198.7, 53140.6, 71307.0, 73239.2, 83357.0, 150424.0]"
5566,65297.976999999999,101685.75827505233,48089.40457894485,45714.849999999999,58233.150000000001,71877.940000000002,"[5485.77, 44530.0, 45172.7, 45947.2, 54821.5, 61644.8, 63794.5, 90739.3, 109662.0, 131182.0]"
5588,59650.782999999996,92891.623595867306,43930.467204793276,49204.059999999998,55043.25,71947.710000000006,"[8523.33, 34941.0, 43471.2, 51661.0, 54256.0, 55830.5, 67398.6, 82562.3, 89320.9, 108543.0]"
5610,56600.603000000003,88141.7082014685,41684.129005700124,35116.659999999996,51215.949999999997,74826.809999999998,"[7600.63, 21835.0, 26540.4, 38792.2, 39273.6, 63158.3, 66467.1, 94332.8, 101864.0, 106142.0]"
5632,71275.722999999998,110994.64750428007,52491.780564714973,42633.650000000001,69109.75,99375.670000000013,"[7144.13, 29333.0, 36400.5, 45305.0, 61178.8, 77040.7, 97233.1, 104375.0, 124702.0, 130045.0]"
5654,68563.540000000008,106771.0804413111,50494.363928375133,48066.059999999998,64499.0,83231.76999999999,"[6812.1, 27604.0, 37853.9, 52442.7, 53954.7, 75043.3, 77451.4, 96719.3, 119931.0, 137823.0]"
5676,61312.587,95479.480182060099,45154.320814942781,36177.259999999995,61231.699999999997,78304.01999999999,"[8460.57, 23586.5, 25338.6, 40822.4, 59378.4, 63085.0, 73383.0, 89786.4, 103784.0, 125501.0]"
5698,69499.862999999998,108229.1763673973,51183.929174226032,37859.879999999997,68134.800000000003,97973.580000000002,"[9686.23, 21171.6, 35590.2, 38832.6, 49178.4, 87091.2, 96983.4, 100284.0, 108182.0, 147999.0]"
5720,60396.467000000004,94052.845527345751,44479.634287933484,40066.889999999999,53262.649999999994,74421.709999999992,"[6840.87, 20792.7, 34460.8, 42469.5, 48746.6, 57778.7, 70559.9, 83432.6, 111331.0, 127552.0]"
5742,59605.063000000002,92820.425787268498,43896.796214077149,32302.07,56546.699999999997,83586.01999999999,"[6712.63, 22945.1, 27395.7, 34404.8, 35360.4, 77733.0, 78717.8, 94945.2, 103369.0, 114467.0]"
5764,63333.103000000003,98625.943686846411,46642.351774649716,49147.25,57798.900000000001,77355.779999999999,"[4309.33, 31229.8, 42598.4, 51953.9, 54437.4, 61160.4, 75024.6, 82795.2, 100921.0, 128901.0]"
5786,65202.542999999991,101537.14297177544,48019.121172820531,46248.449999999997,64196.599999999999,75646.87999999999,"[3973.23, 34549.9, 35617.2, 50804.7, 61927.8, 66465.4, 69534.2, 89909.8, 92959.2, 146284.0]"
5808,66958.48000000001,104271.58886936003,49312.300053509898,42580.879999999997,62651.550000000003,85907.619999999995,"[9093.8, 30453.7, 37244.5, 44867.9, 62597.8, 62705.3, 81438.7, 96335.1, 117635.0, 127213.0]"
5830,68144.600000000006,106118.68302367364,50185.831013882191,37314.18,58585.699999999997,93161.12999999999,"[9014.4, 21531.1, 32735.9, 39276.3, 56737.8, 60433.6, 88002.9, 105197.0, 110862.0, 157655.0]"
5852,66393.656999999992,103392.01406957424,48896.330018749184,40608.260000000002,66168.149999999994,74529.449999999997,"[8769.37, 37488.5, 40298.3, 40741.1, 65870.7, 66465.6, 69833.4, 85486.9, 92361.7, 156621.0]"
5874,60164.769999999997,93692.033658165543,44308.998515056046,41921.939999999995,61742.300000000003,71047.5,"[11463.9, 23350.1, 36776.8, 44127.0, 60497.7, 62986.9, 69059.7, 75685.7, 96352.9, 121347.0]"
5896,57273.459999999999,89189.519747845756,42179.661853475416,49568.869999999995,56978.199999999997,77059.079999999987,"[18996.0, 20602.0, 41471.2, 53039.3, 53938.0, 60018.4, 76022.4, 79478.0, 83540.8, 85628.5]"
5918,56267.690000000002,87623.276966690391,41438.951609980963,37840.830000000002,55323.449999999997,65155.600000000006,"[13734.8, 30064.5, 35535.1, 38829.0, 53158.1, 57488.8, 64016.8, 67812.8, 100671.0, 101366.0]"
5940,68851.709999999992,107219.83530797595,50706.589855642589,41963.059999999998,58704.400000000001,79304.410000000003,"[16937.7, 28569.5, 39177.9, 43156.7, 48005.2, 69403.6, 72048.4, 96235.1, 101251.0, 173732.0]"
5962,64121.490000000005,99853.665181329969,47222.967946078439,43659.809999999998,57826.699999999997,68431.270000000004,"[22416.6, 34855.1, 34955.1, 47390.4, 53680.3, 61973.1, 63731.2, 79398.1, 117294.0, 125521.0]"
5984,71537.23000000001,111401.88121673085,52684.370235957416,59430.929999999993,68834.5,80228.940000000002,"[19088.9, 21377.5, 51477.6, 62839.5, 65066.7, 72602.3, 76866.0, 88075.8, 107831.0, 150147.0]"
6006,63424.819999999992,98768.770664345458,46709.897755741389,49449.119999999995,65457.100000000006,83125.679999999993,"[18124.8, 31360.7, 32933.6, 56527.2, 64772.9, 66141.3, 79952.4, 90530.0, 94782.5, 99122.8]"
6028,66556.449999999997,103645.5246744567,49016.220692232382,62270.669999999998,73153.25,84434.449999999997,"[14344.9, 37517.3, 50695.4, 67231.5, 67328.2, 78978.3, 83575.7, 86438.2, 87020.4, 92434.6]"
6050,57303.790000000001,89236.751364967422,42201.998711489861,53157.089999999997,59518.800000000003,65882.779999999999,"[24240.4, 34628.2, 49604.8, 54679.5, 58777.1, 60260.5, 61952.3, 75053.9, 75918.0, 77923.2]"
6072,59758.840000000004,93059.896159379146,44010.04695640775,36853.220000000001,61061.5,75537.559999999998,"[15731.0, 27354.4, 31077.8, 39328.4, 56409.8, 65713.2, 74144.3, 78788.5, 104204.0, 104837.0]"
6094,61135.300000000003,95203.398688336194,45023.755877692318,39983.519999999997,51385.699999999997,78884.929999999993,"[17967.0, 32413.3, 38990.5, 40409.1, 43157.5, 59613.9, 72932.3, 92774.4, 99717.0, 113378.0]"
6116,57349.490000000005,89307.918028418106,42235.654972988712,44082.339999999997,48073.300000000003,57569.089999999997,"[23860.9, 31012.1, 36000.7, 47545.9, 48028.3, 48118.3, 51033.2, 72819.5, 102532.0, 112544.0]"
6138,51136.440000000002,79632.599902547008,37659.986800003608,35454.860000000001,44024.050000000003,65601.050000000003,"[25705.3, 25768.2, 30801.4, 37449.2, 43824.7, 44223.4, 64432.4, 68327.9, 76993.6, 93838.3]"
6160,56300.709999999999,87674.697606233982,41463.269547720396,43555.25,52885.400000000001,65911.899999999994,"[26286.1, 27466.0, 36158.0, 46725.5, 47390.5, 58380.3, 63782.2, 70881.2, 88316.2, 97621.1]"
6182,62224.699999999997,96899.874906348909,45826.056343268792,41498.069999999992,47109.949999999997,81241.259999999995,"[28760.0, 30867.6, 38822.6, 42644.7, 45186.5, 49033.4, 76469.4, 92375.6, 95895.2, 122192.0]"
6204,57551.919999999998,89623.153645099141,42384.736745750452,38047.779999999999,48511.150000000001,74509.569999999992,"[28437.8, 32558.0, 36629.3, 38655.7, 39060.4, 57961.9, 68963.8, 87449.7, 90739.1, 95063.5]"
6226,56518.529999999992,88013.899414392159,41623.685453183825,40359.209999999992,55732.350000000006,67820.75,"[20571.1, 32312.2, 35953.9, 42247.2, 50169.9, 61294.8, 65026.7, 74340.2, 90825.4, 92443.9]"
6248,63469.009999999995,98837.585869113187,46742.441961335135,41030.82,49050.599999999999,73355.369999999995,"[29987.3, 36745.7, 38565.7, 42087.3, 45962.2, 52139.0, 71895.0, 76762.9, 115951.0, 124594.0]"
6270,60210.369999999995,93763.044595875632,44342.581130468461,46484.699999999997,57966.25,62071.279999999999,"[36487.0, 38661.3, 42350.5, 48256.5, 56288.6, 59643.9, 61345.4, 63765.0, 92909.5, 102396.0]"
6292,60820.440000000002,94713.080621507223,44791.873809956494,53684.379999999997,65562.25,70476.639999999999,"[25684.0, 28561.9, 34317.9, 61984.3, 63897.2, 67227.3, 69832.6, 71979.4, 89677.5, 95042.3]"
6314,62429.419999999998,97218.676642489518,45976.824611409815,37597.720000000001,60324.0,76913.260000000009,"[29919.8, 34596.6, 36669.8, 37995.4, 46921.0, 73727.0, 76796.8, 77185.0, 85072.8, 125410.0]"
6336,57041.860000000001,88828.858932633957,42009.097517301823,43686.519999999997,51983.800000000003,68400.089999999997,"[30537.2, 35158.4, 43476.1, 43776.7, 45665.5, 58302.1, 67096.2, 71442.5, 73409.9, 101554.0]"
6358,69511.850000000006,108247.84321192213,51192.757130606478,46331.690000000002,65563.699999999997,83313.720000000001,"[39514.9, 42551.5, 45484.2, 46694.9, 48451.1, 82676.3, 82696.8, 84753.2, 97551.6, 124744.0]"
6380,62618.050000000003,97512.422106968821,46115.743224244121,50488.979999999996,65864.75,76457.049999999988,"[30132.7, 34360.0, 50106.5, 50652.9, 57388.7, 74340.8, 76077.4, 77342.9, 84263.0, 91515.6]"
6402,68992.660000000003,107439.33073934086,50810.394014466721,60204.589999999997,66910.799999999988,85362.809999999998,"[28332.6, 31725.7, 54671.3, 62576.0, 62578.2, 71243.4, 82044.9, 93104.6, 93457.9, 110192.0]"
6424,68560.910000000003,106766.98485433351,50492.427036302004,62903.009999999987,69848.649999999994,78383.470000000001,"[30163.6, 41571.6, 49997.6, 68433.9, 68749.0, 70948.3, 75851.8, 84290.7, 91005.6, 104597.0]"
6446,66263.130000000005,103188.74993215132,48800.201991513743,60744.119999999995,69649.600000000006,75658.619999999995,"[27873.6, 44731.7, 50543.3, 65115.9, 67477.4, 71821.8, 73227.3, 81331.7, 87287.1, 93221.5]"
6468,61525.800000000003,95811.507705349199,45311.343845204356,49013.130000000005,54773.949999999997,63971.929999999993,"[37932.6, 43427.1, 44694.9, 50863.8, 53310.8, 56237.1, 61586.6, 69537.7, 74431.4, 123236.0]"
6490,69481.290000000008,108200.25342559711,51170.250886593254,55932.639999999999,69495.25,75196.259999999995,"[43103.9, 53412.1, 55040.0, 56315.2, 65122.2, 73868.3, 74973.9, 75715.1, 81158.2, 116104.0]"
6512,69754.300000000003,108625.4002699882,51371.312067157807,59477.099999999999,66966.899999999994,80966.420000000013,"[44758.0, 53478.7, 58856.2, 59743.2, 62989.2, 70944.6, 80033.3, 83143.7, 86407.3, 97188.8]"
6534,64086.860000000001,99799.737357362828,47197.464306347465,55683.930000000008,59964.550000000003,67802.220000000001,"[44709.1, 54397.7, 55391.4, 55809.3, 58649.6, 61279.5, 63186.9, 78571.3, 82050.5, 86823.3]"
6556,64825.840000000004,100950.51943519198,47741.694155853351,55105.519999999997,60663.949999999997,63351.779999999999,"[42053.4, 47855.7, 48772.2, 57819.8, 60301.2, 61026.7, 62835.0, 64557.6, 73478.8, 129558.0]"
6578,67482.279999999999,105087.28029858257,49698.058254234107,60193.800000000003,65094.349999999999,71594.48000000001,"[35007.9, 53623.7, 59012.9, 60699.9, 63596.7, 66592.0, 70715.6, 73645.2, 83141.9, 108787.0]"
6600,69229.740000000005,107808.52532513712,50984.994156176719,59262.169999999998,67466.649999999994,78394.540000000008,"[37664.3, 42556.5, 58813.4, 59454.5, 64726.4, 70206.9, 78311.8, 78587.6, 100963.0, 101013.0]"
6622,71681.430000000008,111626.43773466497,52790.567892590538,66922.940000000002,73455.850000000006,83040.160000000003,"[27378.4, 43250.8, 66133.2, 67261.4, 69956.7, 76955.0, 82885.0, 83402.2, 89366.6, 110225.0]"
6644,77148.98000000001,120140.82046442034,56817.204491234472,59833.410000000003,74092.0,91353.520000000004,"[40356.8, 44697.5, 55197.8, 61820.1, 70258.6, 77925.4, 91186.6, 91743.0, 118641.0, 119663.0]"
6666,61083.050000000003,95122.031988876712,44985.27579753226,53370.739999999991,64996.399999999994,74576.190000000002,"[19388.2, 41209.5, 45703.5, 56656.7, 64710.2, 65282.6, 73001.7, 78250.0, 82281.0, 84347.1]"
6688,61566.349999999999,95874.654493159382,45341.207333252016,56273.94999999999,64538.050000000003,74268.690000000002,"[16957.0, 36113.2, 45639.2, 60831.7, 64401.7, 64674.4, 73194.6, 76774.9, 84278.0, 92798.8]"
6710,62917.429999999993,97978.633829154074,46336.224877800465,54059.43,61659.349999999999,70158.25,"[13211.1, 36729.2, 51538.1, 55140.0, 60969.0, 62349.7, 63256.9, 86261.4, 94781.9, 104937.0]"
6732,59770.259999999995,93077.680038954772,44018.457339478126,45151.339999999997,54352.900000000001,81219.580000000002,"[18734.9, 35765.3, 40566.2, 47116.4, 52697.9, 56007.9, 78937.9, 86543.5, 89984.7, 91347.9]"
6754,74282.259999999995,115676.59951371218,54705.977402307151,62871.889999999992,78568.550000000003,90882.440000000002,"[35272.9, 37906.5, 44107.9, 70913.6, 75539.1, 81598.0, 89405.9, 94327.7, 101485.0, 112266.0]"
6776,69554.089999999997,108313.6217647483,51223.865237514823,59135.860000000001,65754.149999999994,74610.860000000001,"[33987.7, 50730.8, 56373.1, 60319.9, 65600.8, 65907.5, 74279.0, 75385.2, 95714.9, 117242.0]"
6798,69800.669999999998,108697.61029590084,51405.461757435747,62102.819999999992,66536.149999999994,80777.039999999994,"[22453.5, 38297.4, 58594.7, 63606.3, 64861.1, 68211.2, 74237.4, 96036.2, 97796.9, 113912.0]"
6820,70383.669999999998,109605.49136355406,51834.818441326956,61496.610000000001,68532.450000000012,83702.649999999994,"[19644.9, 44057.2, 56108.5, 63805.8, 67285.1, 69779.8, 81298.0, 89313.5, 90769.9, 121774.0]"
6842,70316.459999999992,109500.82809330196,51785.320906636851,62749.159999999996,71876.600000000006,84777.399999999994,"[30603.5, 39642.9, 47473.2, 69296.0, 70176.2, 73577.0, 82554.7, 89963.7, 90230.4, 109647.0]"
6864,69470.720000000001,108183.7932148165,51162.466495257519,54576.809999999998,59553.150000000001,67482.050000000003,"[15443.9, 44063.6, 52286.9, 55558.2, 56776.0, 62330.3, 64942.4, 73407.9, 104722.0, 165176.0]"
6886,61886.740000000005,96373.584193443123,45577.162029567473,55321.109999999993,64241.699999999997,69010.790000000008,"[14387.0, 33779.2, 43800.3, 60258.6, 61215.0, 67268.4, 67752.5, 71946.8, 92284.6, 106175.0]"
6908,65495.459999999999,101993.29013934625,48234.843079810867,49680.100000000006,59407.599999999999,72431.149999999994,"[27270.4, 46687.8, 47449.9, 50635.9, 57133.1, 61682.1, 62004.5, 96760.0, 97528.9, 107802.0]"
6930,62487.090000000004,97308.483677089112,46019.296309454425,48652.249999999993,61320.949999999997,72413.440000000002,"[19090.6, 41985.3, 45166.6, 50146.1, 58089.1, 64552.8, 72194.2, 72925.0, 84588.2, 116133.0]"
6952,59852.389999999999,93205.577589703273,44078.942870263709,46256.32,58188.850000000006,68859.240000000005,"[29437.1, 45132.1, 45282.2, 46673.8, 58009.9, 58367.8, 67308.6, 72477.4, 78498.4, 97336.6]"
6974,60438.990000000005,94119.064784017814,44510.950813266434,46744.650000000001,58435.850000000006,72681.830000000002,"[23700.8, 41764.0, 46535.7, 46834.2, 49491.9, 67379.8, 71259.5, 76000.6, 84002.2, 97421.2]"
6996,58660.169999999998,91348.984165213522,43200.919498619136,51492.029999999999,64855.449999999997,69174.759999999995,"[23602.4, 25377.8, 33524.5, 59192.4, 64628.7, 65082.2, 67826.5, 72320.7, 84113.3, 90933.2]"
7018,65116.699999999997,101403.4633242788,47955.901162845803,51527.800000000003,73618.449999999997,79949.190000000002,"[25466.8, 40844.8, 42460.0, 55414.0, 72015.4, 75221.5, 78590.1, 83120.4, 85259.4, 92774.6]"
7040,62334.699999999997,97071.17322100047,45907.067038342611,55846.720000000001,61687.050000000003,67773.419999999998,"[26472.8, 44483.0, 48755.3, 58885.9, 59441.3, 63932.8, 64386.9, 75675.3, 76856.7, 104457.0]"
7062,65307.330000000002,101700.32330356992,48096.292697408724,59334.690000000002,65432.199999999997,68186.729999999996,"[35915.4, 45061.1, 58056.0, 59882.7, 64936.9, 65927.5, 66425.1, 72297.2, 85686.5, 98884.9]"
7084,61373.709999999999,95574.664426482355,45199.335512351849,54347.489999999991,60261.550000000003,64856.669999999998,"[36454.3, 42926.2, 49105.4, 56594.1, 58416.3, 62106.8, 64365.0, 66003.9, 81934.1, 95831.0]"
7106,61336.559999999998,95516.812313852293,45171.97599124282,46170.589999999997,55382.300000000003,81355.130000000005,"[20667.7, 26308.2, 43990.3, 47105.0, 55297.2, 55467.4, 78637.1, 87697.2, 97786.5, 100409.0]"
7128,64439.059999999998,100348.20341572899,47456.845822756535,45676.959999999999,51276.050000000003,85974.559999999998,"[24199.4, 32526.1, 43722.0, 46514.8, 46887.7, 55664.4, 84552.5, 89292.7, 100356.0, 120675.0]"
7150,61966.559999999998,96497.884479583896,45635.946335756482,49857.129999999997,58991.150000000001,79862.889999999999,"[25957.8, 37729.7, 45368.8, 51780.7, 53656.3, 64326.0, 78461.2, 83133.5, 87348.6, 91903.0]"
7172,57411.869999999995,89405.059745399587,42281.595401704202,40974.399999999994,51677.75,75157.410000000003,"[20343.3, 32619.4, 34117.2, 43913.2, 48467.4, 54888.1, 73922.7, 78038.4, 92230.9, 95578.1]"
7194,53879.040000000001,83903.534064031963,39679.804366453085,41064.150000000001,50700.449999999997,65447.080000000002,"[18527.0, 28413.2, 40198.6, 41435.1, 44642.5, 56758.4, 61611.1, 74397.7, 80098.9, 92707.9]"
7216,62088.599999999999,96687.932173402762,45725.824019636551,51410.149999999994,54719.099999999999,64685.630000000005,"[20192.4, 39369.6, 45214.1, 54065.6, 54407.0, 55031.2, 60506.0, 74438.1, 101785.0, 115877.0]"
7238,54542.190000000002,84936.229312769923,40168.188388618539,44838.07,49367.25,61315.649999999994,"[26633.0, 41530.4, 43692.8, 45328.9, 46728.7, 52005.8, 59459.4, 65646.9, 74717.1, 89678.9]"
7260,69820.610000000001,108728.66200857495,51420.146787070036,48949.389999999992,58560.900000000001,68161.869999999995,"[23193.8, 23408.3, 35840.7, 54567.4, 58089.0, 59032.8, 60933.1, 85029.0, 128709.0, 169403.0]"
7282,56803.800000000003,88458.138234579877,41833.775643944806,42530.439999999995,54029.5,73360.590000000011,"[19981.6, 26201.9, 36498.4, 45115.6, 49356.5, 58702.5, 72508.8, 75348.1, 76917.6, 107407.0]"
7304,72685.73000000001,113190.39134743363,53530.195538614462,58861.819999999992,75833.450000000012,94938.899999999994,"[13872.9, 26338.3, 42551.4, 65852.0, 74340.8, 77326.1, 93374.4, 98589.4, 116763.0, 117849.0]"
7326,67650.389999999999,105349.07084109233,49821.864690132825,41888.869999999995,83008.049999999988,89854.410000000003,"[19819.1, 30630.4, 30833.7, 46626.8, 77703.7, 88312.4, 89458.8, 90777.5, 97666.5, 104675.0]"
7348,59793.130000000005,93113.294515828267,44035.30019944485,49756.189999999995,64270.050000000003,69721.520000000004,"[23835.6, 24218.4, 33851.7, 56572.4, 60770.1, 67770.0, 67887.5, 74000.9, 86871.7, 102153.0]"
7370,66563.12999999999,103655.92715392825,49021.140250805947,38928.169999999998,70129.699999999997,84374.909999999989,"[21104.2, 26882.3, 33741.1, 41151.2, 59973.2, 80286.2, 81368.7, 91389.4, 101779.0, 127956.0]"
7392,63888.400000000001,99490.68405258334,47051.306283217018,41608.829999999994,53907.800000000003,80566.690000000002,"[29700.5, 31945.1, 38206.2, 43067.1, 50239.6, 57576.0, 74703.1, 94248.4, 105636.0, 113562.0]"
7414,64231.110000000001,100024.37173816728,47303.698786023815,36323.899999999994,80236.0,82965.850000000006,"[27904.9, 32321.6, 34310.7, 37186.7, 78593.2, 81878.8, 82369.3, 84357.8, 90616.5, 92771.6]"
7436,62700.0,97640.039351384199,46176.096192074103,47829.519999999997,55947.099999999999,82398.729999999996,"[24424.5, 30450.4, 43869.2, 49526.8, 49827.2, 62067.0, 80089.3, 87787.4, 89727.2, 109231.0]"
7458,68092.5,106037.54991282504,50147.461402851768,50147.039999999994,68838.550000000003,85289.059999999998,"[28933.4, 30038.8, 38278.4, 55233.6, 64843.0, 72834.1, 85179.5, 85544.7, 91262.5, 128777.0]"
7480,72865.009999999995,113469.57645516754,53662.228242367484,64122.929999999993,75972.600000000006,78771.159999999989,"[38064.7, 43277.4, 56044.3, 67585.2, 75296.3, 76648.9, 77775.4, 81094.6, 88291.3, 124572.0]"
7502,70552.889999999999,109869.0104617844,51959.442348785065,49398.32,59911.449999999997,81196.509999999995,"[34749.7, 41953.8, 43692.9, 51843.5, 58960.2, 60862.7, 77357.2, 90154.9, 122716.0, 123238.0]"
7524,65910.369999999995,102639.41180963784,48540.408057020657,60164.629999999997,66384.299999999988,71327.760000000009,"[27964.6, 33685.7, 50805.7, 64175.6, 66248.9, 66519.7, 70417.5, 73451.7, 97513.3, 108321.0]"
7546,64586.090000000004,100577.16697212188,47565.127663635649,48953.779999999999,62664.899999999994,74078.339999999997,"[23756.3, 28870.2, 37600.2, 53819.6, 59740.1, 65589.7, 70968.0, 81335.8, 105570.0, 118611.0]"
7568,68566.369999999995,106775.48747976984,50496.448112621118,48078.479999999996,62059.0,78076.179999999993,"[19313.0, 31494.1, 37658.7, 52544.1, 57785.0, 66333.0, 70225.6, 96394.2, 124395.0, 129521.0]"
7590,65326.480000000003,101730.14478289337,48110.395922960211,47988.269999999997,65431.349999999999,79364.009999999995,"[30666.4, 42054.0, 46857.0, 48473.1, 59836.7, 71026.0, 77730.9, 83174.6, 89430.1, 104016.0]"
7612,77607.440000000002,120854.76069473985,57154.84233908484,52216.68,76455.25,99799.709999999992,"[39662.0, 41737.2, 41746.5, 56703.9, 66426.2, 86484.3, 93666.3, 114111.0, 116170.0, 119367.0]"
7634,72781.440000000002,113339.43645375452,53600.682207937323,46448.869999999995,78635.199999999997,84964.459999999992,"[31996.6, 34447.8, 46357.1, 46488.2, 78337.2, 78933.2, 81026.0, 94154.2, 94644.1, 141430.0]"
7656,68774.970000000001,107100.33137464544,50650.07384891565,39509.240000000005,53467.25,84494.979999999996,"[33304.9, 37190.7, 39288.6, 39603.8, 40941.1, 65993.4, 82172.8, 89913.4, 128360.0, 130981.0]"
7678,70251.569999999992,109399.7776602316,51737.531961151952,47953.940000000002,59736.599999999999,84446.649999999994,"[40050.1, 40754.7, 45140.5, 49159.7, 57975.2, 61498.0, 79445.5, 96116.0, 104873.0, 127503.0]"
7700,73259.569999999992,114084.00793724856,53952.806240988612,55194.459999999999,69446.449999999997,86168.489999999991,"[35937.0, 41393.7, 55000.0, 55277.8, 59584.7, 79308.2, 85993.5, 86576.8, 107838.0, 125686.0]"
7722,74725.259999999995,116366.46454453614,55032.229565195332,63533.369999999995,72043.300000000003,87934.529999999999,"[35178.4, 46677.6, 62715.7, 63883.8, 69720.6, 74366.0, 86810.7, 90556.8, 104846.0, 112497.0]"
7744,76968.76999999999,119860.18710729887,56684.486878877629,58417.399999999994,72858.949999999997,89551.299999999988,"[31381.6, 45487.0, 53982.2, 60318.2, 61032.2, 84685.7, 88108.9, 92916.9, 107670.0, 144105.0]"
7766,69435.26999999999,108128.58843977649,51136.358957617813,46531.220000000001,65065.050000000003,81648.599999999991,"[39994.6, 43157.0, 45205.7, 47099.3, 63649.4, 66480.7, 76405.5, 93882.5, 102531.0, 115947.0]"
7788,75483.369999999995,117547.03695654057,55590.547911035421,61771.360000000001,73895.600000000006,81507.559999999998,"[32782.5, 40326.6, 54857.6, 64734.4, 73018.3, 74772.9, 80191.1, 84579.3, 87141.0, 162430.0]"
7810,66596.75,103708.28214791541,49045.900065063972,50047.639999999999,63497.949999999997,82652.720000000001,"[26268.2, 37783.6, 42430.8, 53312.0, 61156.6, 65839.3, 82100.3, 83941.7, 106355.0, 106780.0]"
7832,78601.48000000001,122402.73684652377,57886.913896640981,48534.809999999998,82183.600000000006,94798.929999999993,"[22802.2, 29426.8, 35524.4, 54110.7, 77231.1, 87136.1, 93344.2, 98193.3, 130874.0, 157372.0]"
7854,72059.070000000007,112214.52042143779,53068.684973387586,53878.999999999993,72614.450000000012,95259.059999999998,"[26805.8, 30444.4, 37046.8, 61092.8, 63224.3, 82004.6, 94107.9, 97945.1, 112438.0, 115481.0]"
7876,65038.759999999995,101282.09068206113,47898.501403081682,46842.449999999997,52983.949999999997,69180.799999999988,"[23549.1, 39070.9, 41116.1, 49296.6, 50485.4, 55482.5, 64247.0, 80693.0, 108886.0, 137561.0]"
7898,84281.860000000001,131248.55066998172,62070.291461035449,57232.179999999993,73835.949999999997,98220.149999999994,"[30493.1, 39879.9, 47750.4, 61295.8, 73709.7, 73962.2, 85759.5, 127295.0, 143352.0, 159321.0]"
7920,71642.630000000005,111566.01614731514,52761.993211055415,65159.869999999995,74791.0,81301.949999999997,"[28461.4, 31949.8, 56386.7, 68919.8, 72215.4, 77366.6, 77921.4, 89189.9, 91199.3, 122816.0]"
7942,68642.930000000008,106894.71110676734,50552.831556392499,50821.769999999997,62017.75,77898.839999999997,"[27128.5, 33889.4, 36625.7, 56905.8, 57005.1, 67030.4, 69723.3, 96975.1, 120073.0, 121073.0]"
7964,88543.01999999999,137884.2736378054,65208.469037587573,69407.580000000002,86282.299999999988,100737.06999999999,"[43674.0, 51912.3, 62041.9, 72564.3, 85054.2, 87510.4, 94557.1, 115157.0, 134775.0, 138184.0]"
7986,73003.720000000001,113685.58362994314,53764.382728855577,58745.19999999999,71091.699999999997,80160.799999999988,"[31132.3, 31350.5, 43546.1, 65259.1, 70714.4, 71469.0, 74170.4, 94138.4, 117942.0, 130315.0]"
8008,80884.919999999998,125958.64069750499,59568.578092635064,56042.539999999994,71900.149999999994,78653.399999999994,"[32413.5, 44694.4, 47236.4, 59816.6, 70640.4, 73159.9, 77224.5, 81987.5, 129594.0, 192082.0]"
