generation,agents,minScore,maxScore,meanScore,standardDeviation,w0,w1,w2,w3,w4,w5,w6,w7,w8,w9,w10,w11,w12,w13,w14,w15,w16,w17,w18,w19,w20,w21,s0,s1,s2,s3,s4,s5,s6,s7,s8,s9,s10,s11,s12,s13,s14,s15,s16,s17,s18,s19,s20,s21,s22,s23,s24,s25,s26,s27,s28,s29
0,100,0,5,0.633333,1.09807,4.4514,0.099593,6.22778,-2.03198,-3.0596,-4.08243,-3.53271,-2.47021,-2.8992,-7.7445,9.90132,-5.52719,6.50026,-1.07672,-1.95307,-6.45411,4.48735,-3.70194,-0.818765,-1.32542,-2.78529,-2.97582,0,0,0,0,0,0,0,0,0,0,0,0,0,0,0,0,0,0,0,1,1,1,1,1,1,2,2,2,2,5
1,200,1,22,6.6,3.85603,-2.51794,-1.38858,9.36726,-5.80682,-9.22495,-3.90001,-6.42604,-7.70893,-4.64267,-7.67725,9.03315,-4.29142,1.57777,-3.59928,-4.46859,-4.35803,1.50684,-3.22935,-0.015479,-1.28361,-9.69815,-7.01328,1,3,3,3,3,4,4,4,4,4,5,5,5,6,6,6,6,7,8,8,8,8,8,8,9,9,9,11,11,22
2,300,13,53,28.1667,11.5999,2.04069,-0.63604,7.50487,-6.25438,-8.80365,-11.2798,-4.73249,-11.8366,-4.53235,-6.20634,3.44314,-2.95277,-4.78388,-6.36002,-4.02668,-4.28167,0.118309,-3.48305,-1.89602,-3.53917,-15.8417,-9.80664,13,13,15,15,17,17,19,19,20,20,22,23,24,25,25,26,28,28,30,31,31,33,35,35,38,40,47,50,53,53
3,400,4,72,28.6333,14.1336,2.99434,-0.947602,4.46144,-7.56392,-7.99656,-14.4608,-4.80564,-13.378,-6.97207,-5.87658,1.67504,-1.69641,-11.4337,-5.65621,-8.30356,-3.06748,-0.456392,-4.78603,-0.973206,-3.13321,-29.0167,-11.3945,4,8,11,11,18,21,21,22,22,22,22,23,24,24,25,25,26,27,27,32,33,34,38,40,40,43,47,48,49,72
4,500,2,77,31.3667,15.4082,1.72603,-4.97944,-1.37359,-7.96704,-12.4274,-17.0212,-8.06357,-11.1973,-4.59296,-7.22743,-1.48747,-2.61604,-11.057,-9.8834,-4.6071,-2.70364,-2.14964,-5.61744,-1.40708,-3.51605,-34.0199,-11.7636,2,9,17,18,20,20,21,22,23,24,24,25,26,26,27,27,30,31,31,34,35,35,41,43,43,46,51,53,60,77
5,600,2,118,45.5,21.722,1.15011,-5.46765,-3.72175,-12.1096,-12.0868,-14.3651,-7.05938,-10.6859,-4.09906,-8.69586,-1.96089,-3.73053,-9.5512,-12.8059,-3.39481,-2.44232,-3.75491,-5.19444,-2.54758,-3.64756,-33.311,-14.594,2,16,23,25,28,29,34,36,37,38,38,39,39,42,43,44,44,45,45,45,47,49,50,56,59,62,76,77,79,118
6,700,19,126,48.2333,20.7774,0.180067,-6.59018,-6.82071,-11.0493,-11.6105,-15.0539,-7.47486,-11.0738,-7.13498,-10.5147,-0.916633,-2.34187,-8.13923,-11.415,-3.37211,-4.71938,-5.47571,-4.08638,-3.32775,-2.53747,-31.3519,-15.1382,19,26,27,31,32,34,34,35,38,40,40,41,41,42,43,43,43,44,49,52,52,52,58,58,59,62,65,72,89,126
7,800,21,190,74,33.1953,-2.5424,-5.20383,-8.57535,-12.7521,-12.5596,-12.5103,-8.50871,-11.1728,-9.3392,-11.6332,1.41676,-4.98452,-9.43949,-10.4365,-3.93631,-6.06975,-4.39495,-4.03424,-4.21901,-2.09195,-27.6591,-16.2636,21,39,40,40,44,45,48,52,56,57,59,61,64,66,66,69,72,75,80,82,82,84,90,91,95,100,104,115,133,190
8,900,20,144,67.3667,30.6296,-1.43621,-3.06723,-8.33348,-13.903,-11.594,-12.6914,-7.88273,-11.8459,-11.5201,-12.9079,1.69615,-4.78942,-7.82455,-11.1287,-3.31558,-7.49765,-4.38606,-4.70045,-4.64727,-1.88948,-26.326,-17.2253,20,26,27,29,30,42,49,50,52,54,55,55,61,62,63,64,64,65,68,70,72,79,84,85,92,100,114,116,129,144
9,1000,33,226,82.6667,45.7801,-1.40923,-3.01045,-8.88839,-13.4818,-11.455,-12.7538,-9.92081,-13.1949,-10.2987,-14.6167,-2.41287,-4.65104,-5.72866,-10.5095,-3.76362,-7.53572,-5.91722,-6.42382,-4.24965,-3.42472,-25.4644,-18.8498,33,34,37,42,42,43,44,46,46,47,48,53,57,73,82,82,84,85,86,90,96,98,102,104,115,119,135,165,166,226
10,1100,26,296,96.4333,53.8053,-3.08067,-1.01625,-9.13728,-13.7644,-10.3271,-11.8669,-8.96245,-11.421,-8.26915,-15.1206,-2.2671,-7.47266,-7.20521,-9.84959,-5.29243,-7.75772,-5.87088,-5.0828,-5.20823,-4.63846,-25.5509,-20.6772,26,34,37,42,42,45,45,55,69,72,74,76,79,83,97,98,103,110,110,111,112,114,115,118,118,133,148,160,171,296
11,1200,32,166,82,34.6171,-4.50649,-1.48118,-9.31375,-11.2841,-9.10938,-11.0853,-7.98195,-10.2864,-6.2404,-15.557,-2.07167,-6.87283,-8.41214,-8.94076,-6.22254,-5.74264,-6.67049,-6.26001,-4.94919,-3.90928,-23.5561,-22.098,32,37,39,49,49,53,55,56,57,57,63,66,68,69,70,76,77,78,90,96,98,102,104,105,106,119,133,141,149,166
12,1300,20,181,87.7667,34.3619,-3.45559,-1.68877,-10.654,-13.3131,-9.57547,-10.5257,-8.72314,-12.7783,-6.46656,-17.0324,0.3398,-7.45691,-6.83796,-7.26791,-6.47672,-4.71854,-6.42016,-5.6707,-6.61755,-4.92468,-23.5844,-23.7546,20,35,40,53,58,58,58,59,61,67,71,74,76,88,91,96,100,100,100,102,104,106,107,109,111,112,124,126,146,181
13,1400,55,209,110.467,42.6798,-4.13903,-1.59261,-10.0389,-11.8616,-10.7788,-9.00205,-7.95775,-11.7424,-7.09573,-16.3972,-0.100359,-7.53769,-5.98839,-6.11743,-7.23629,-5.51773,-6.44099,-6.37385,-9.92783,-5.97966,-24.729,-24.6323,55,57,59,63,72,74,79,82,83,89,90,90,90,96,98,101,105,109,111,117,118,118,126,140,144,179,179,183,198,209
14,1500,37,292,128.1,66.2744,-7.48722,-2.91318,-11.002,-10.8596,-10.142,-10.2833,-10.1872,-10.0574,-7.76248,-16.194,2.52269,-7.51785,-7.93449,-5.88697,-7.13025,-6.37094,-6.21886,-5.74448,-11.0304,-4.39322,-24.9557,-25.8435,37,42,46,47,55,65,68,68,69,95,100,103,114,114,121,127,130,135,139,145,150,153,155,174,197,202,213,239,248,292
15,1600,26,373,113.367,71.1751,-7.30657,-2.95781,-12.9254,-12.0685,-11.8061,-10.7877,-10.5227,-11.8644,-6.64787,-17.6752,2.0567,-7.37972,-7.92775,-6.07837,-9.63644,-6.66413,-8.95257,-6.7134,-9.85463,-4.71239,-24.6737,-27.5644,26,48,50,50,51,54,54,65,67,70,75,75,77,91,96,96,106,109,118,131,134,135,136,151,160,177,198,211,217,373
16,1700,29,272,122.433,60.4082,-8.7391,-2.34156,-15.3136,-11.9883,-10.9852,-8.61373,-10.7565,-12.4124,-7.9686,-17.862,0.529192,-7.01381,-9.07269,-6.86975,-7.03602,-6.22698,-9.79784,-5.80588,-10.0864,-3.14097,-24.9293,-29.3893,29,43,50,56,58,67,72,77,87,87,94,98,107,108,111,112,112,112,123,126,150,155,165,175,187,192,202,215,231,272
17,1800,38,250,119.833,62.6953,-6.36994,-2.97341,-16.5822,-12.5656,-11.9905,-9.83414,-12.4689,-13.6691,-8.4343,-18.4678,-0.675034,-9.66472,-8.97188,-6.88243,-7.18769,-6.17693,-11.5941,-5.02075,-10.1662,-5.01472,-21.4422,-30.6749,38,44,47,53,53,62,64,65,77,77,78,81,82,83,89,109,114,119,133,165,169,177,178,179,181,190,198,205,235,250
18,1900,57,379,144.067,70.7799,-5.23324,-0.667377,-15.0845,-12.2308,-12.5696,-8.87662,-12.0994,-13.3115,-8.39394,-17.5949,-1.86342,-10.0004,-8.82865,-6.59013,-6.65232,-5.58827,-8.11385,-4.55589,-8.32998,-4.04671,-19.7313,-32.1836,57,57,61,65,74,76,87,88,93,100,108,119,121,122,126,128,130,135,160,176,189,195,198,207,208,211,212,219,221,379
19,2000,37,423,150.567,95.6357,-5.34646,-0.912773,-15.0935,-12.1516,-13.1236,-8.30797,-12.6841,-12.8924,-7.208,-17.6408,-2.41409,-9.09495,-8.8319,-8.52471,-6.65561,-5.74916,-8.16867,-5.03987,-9.22767,-6.27254,-19.8,-35.678,37,47,51,52,64,65,71,80,83,98,100,103,104,117,125,130,132,134,137,156,167,185,220,221,239,256,284,307,329,423
20,2100,31,404,154.867,74.3764,-6.06697,0.641349,-13.929,-11.8192,-12.5435,-8.94074,-12.7903,-12.9384,-8.22994,-18.5419,-0.120731,-8.45246,-11.6749,-8.09866,-7.58207,-9.43006,-7.69544,-4.41421,-9.48376,-6.1025,-20.4231,-36.6752,31,48,66,77,81,103,105,109,111,118,121,122,128,138,150,152,153,156,159,167,181,190,209,212,218,219,220,248,250,404
21,2200,44,383,161.367,93.2936,-4.63419,0.628357,-14.301,-12.5185,-12.534,-11.0809,-13.4153,-13.1741,-8.29919,-18.4795,1.24006,-9.04442,-13.2491,-6.73956,-7.6769,-7.77619,-7.29575,-3.61803,-8.95005,-6.22155,-21.1782,-38.2571,44,61,61,62,78,80,81,84,93,98,115,119,121,134,152,155,156,157,159,162,176,200,203,214,220,237,315,360,361,383
22,2300,5,325,132,72.3378,-3.50525,1.72813,-15.4907,-11.8028,-12.2276,-12.1396,-14.4413,-11.8864,-7.91162,-18.916,2.55116,-10.3464,-12.3177,-6.67329,-7.70638,-7.78414,-6.19539,-3.14988,-8.31751,-7.94608,-19.7492,-40.2773,5,42,51,60,61,80,80,81,83,86,88,90,96,99,112,131,146,147,148,151,152,154,170,175,201,225,225,236,260,325
23,2400,25,456,171.367,108.165,-2.88352,0.963895,-16.9477,-10.3668,-11.3822,-12.8988,-14.1679,-12.2806,-9.50697,-19.5979,2.29248,-9.77836,-12.9727,-6.91726,-7.78265,-6.17814,-7.16981,-4.87717,-8.24889,-10.507,-19.02,-40.9253,25,63,65,72,73,75,79,82,89,98,101,105,114,121,124,127,164,197,198,200,212,222,229,253,267,287,303,341,399,456
24,2500,51,485,181.933,119.422,-2.07302,-0.415616,-16.3534,-10.5036,-11.9592,-12.4001,-13.2428,-11.2538,-10.1608,-19.7457,2.87607,-9.85439,-13.6829,-9.45257,-9.85282,-7.23807,-6.15354,-3.50198,-7.98751,-9.56547,-16.6169,-40.1187,51,57,65,72,76,87,89,99,106,109,111,114,114,115,123,142,154,176,181,183,197,222,228,263,294,365,376,384,420,485
25,2600,48,456,193,110.833,-0.18433,-0.763166,-16.3427,-12.0817,-11.7798,-10.3049,-13.2848,-10.2594,-10.3485,-20.2074,0.95368,-11.2053,-13.4974,-9.62512,-9.45869,-7.72552,-7.26953,-3.71762,-7.40783,-8.91094,-14.3882,-39.5144,48,50,65,74,78,85,86,99,119,123,135,140,144,168,173,173,207,207,213,217,224,234,253,254,312,318,332,369,434,456
26,2700,20,457,209.167,106.005,-0.466396,-0.0308415,-17.1045,-13.9227,-13.4844,-9.81149,-14.1739,-10.1921,-11.2023,-18.728,0.524199,-11.5165,-11.6072,-9.04151,-8.78722,-8.36512,-6.48182,-4.64913,-6.97171,-10.5323,-13.9702,-42.1245,20,55,101,109,119,120,126,127,131,137,143,163,170,171,179,183,199,207,223,243,261,287,296,300,310,321,351,353,413,457
27,2800,35,501,199.733,130.548,1.69346,0.171901,-19.0013,-16.2424,-11.0826,-8.50786,-15.3727,-10.04,-11.8736,-19.6702,0.13853,-10.4305,-11.4683,-10.0058,-8.36429,-8.61776,-9.61226,-4.37391,-6.55604,-11.1249,-14.7574,-42.8335,35,57,59,83,86,92,103,105,110,114,116,122,124,126,128,139,170,189,192,254,261,276,277,314,316,346,402,447,448,501
28,2900,43,473,212.7,137.691,2.86887,-0.0544617,-19.1091,-16.0292,-11.4342,-9.38705,-16.422,-10.7303,-12.614,-18.0463,0.0613248,-12.2924,-11.0946,-14.0747,-10.5651,-7.81068,-9.85868,-3.36,-8.75387,-9.91331,-15.3554,-44.5518,43,45,61,82,84,84,89,98,101,103,103,105,113,143,146,154,181,231,276,311,318,352,366,367,368,375,386,400,423,473
29,3000,100,433,205.767,98.3988,1.75104,0.130629,-18.4342,-15.1263,-12.0726,-10.5755,-17.3532,-11.253,-12.5863,-20.7118,-0.275548,-14.9769,-12.9681,-14.14,-10.018,-9.21051,-10.1803,-5.42019,-9.25003,-8.41748,-14.5141,-47.5613,100,107,107,110,110,122,134,136,136,139,140,142,153,162,166,172,181,198,212,216,216,240,257,288,301,327,372,374,422,433
30,3100,74,1177,285.2,233.391,-0.943748,0.247568,-19.683,-14.7159,-12.0826,-13.7875,-17.6908,-12.9105,-12.1369,-20.7617,-0.412654,-12.2733,-13.2361,-14.2216,-11.9194,-7.77825,-10.9683,-5.5379,-9.73947,-9.48974,-14.3535,-46.7731,74,77,79,79,90,93,104,117,119,119,120,133,136,166,182,251,300,301,305,395,395,395,399,411,455,486,499,529,570,1177
31,3200,54,865,197.667,150.517,-2.12123,-0.642932,-21.7037,-16.1463,-12.3349,-15.0178,-16.919,-12.918,-11.6523,-21.0967,-0.691618,-13.482,-11.8617,-14.0858,-11.5275,-7.6835,-10.6757,-6.85509,-9.55407,-9.50571,-13.0181,-48.5973,54,66,76,86,105,106,106,110,111,113,115,123,128,134,146,178,200,205,213,217,226,229,244,249,258,274,287,327,379,865
32,3300,56,471,213.6,118.55,-2.25028,0.929726,-20.7147,-17.2146,-14.1416,-15.2438,-17.1049,-12.7542,-12.5682,-21.3717,-0.0375958,-11.3544,-10.8061,-11.6081,-12.4449,-9.54824,-13.0564,-7.54292,-9.66172,-10.8629,-12.6197,-48.6216,56,79,81,83,91,96,107,111,112,114,142,146,178,191,193,197,200,213,219,229,239,267,329,339,371,379,384,385,406,471
33,3400,56,1274,273.767,260.438,-1.99501,-0.0722164,-21.5902,-16.4482,-14.0479,-15.3998,-17.4512,-12.4709,-12.8237,-22.2054,-2.04258,-11.7897,-11.3054,-12.1162,-14.1116,-9.66147,-12.1853,-7.87752,-9.47443,-12.8588,-12.8096,-50.9321,56,57,92,97,99,103,125,127,140,145,159,168,188,203,205,206,206,207,220,233,258,268,271,304,365,420,499,589,929,1274
34,3500,11,637,212.3,127.725,-0.512219,0.263747,-21.1407,-15.9512,-14.134,-15.8941,-17.714,-12.8211,-13.5185,-24.1064,-1.03095,-9.89236,-11.3036,-10.2936,-14.3969,-10.037,-11.8657,-10.0496,-8.55125,-14.001,-14.0968,-51.779,11,75,78,82,91,100,136,137,142,143,145,149,158,165,181,184,203,212,228,234,246,273,279,290,304,312,342,414,418,637
35,3600,47,607,258.533,147.189,0.424662,0.722454,-22.1075,-14.9306,-13.6671,-15.964,-17.8795,-13.2942,-14.841,-23.4789,-0.680127,-10.6152,-11.5294,-12.9485,-14.5047,-11.8653,-10.8861,-9.77315,-7.35908,-13.0991,-14.0658,-52.9995,47,60,76,95,103,113,115,122,122,160,177,187,188,202,229,259,296,297,322,341,355,368,375,382,383,388,393,475,519,607
36,3700,76,703,270.733,151.209,0.107444,0.782714,-19.7232,-13.8624,-13.8264,-14.8063,-19.498,-13.4567,-16.9178,-23.7489,-0.13998,-12.1175,-12.778,-11.9064,-14.3207,-15.9599,-9.86178,-12.4472,-7.78382,-13.053,-15.1856,-53.7632,76,86,106,119,122,142,153,167,183,193,206,211,213,218,222,232,257,276,279,285,286,303,307,357,416,441,472,486,605,703
37,3800,76,750,302.8,167.923,1.78338,1.04417,-20.8735,-15.6268,-15.9198,-16.3666,-18.3835,-13.4996,-15.2245,-22.9076,-0.963216,-13.8109,-11.6173,-13.9731,-15.3715,-16.0855,-12.1316,-11.8495,-7.96209,-13.1741,-15.5598,-54.7982,76,98,117,130,130,142,159,166,205,228,231,232,239,245,256,272,300,311,314,314,319,355,400,413,449,464,526,578,665,750
38,3900,74,1211,264.333,224.557,0.870029,-2.12421,-21.3789,-14.8135,-16.3921,-17.2908,-18.3498,-14.8532,-14.3434,-22.8528,-1.78081,-14.6071,-11.274,-15.1814,-16.3342,-15.4374,-11.6234,-11.1649,-7.9746,-15.87,-16.0381,-55.7918,74,100,110,110,116,119,129,140,142,148,151,162,170,174,176,177,208,208,223,236,282,286,313,363,380,401,457,556,608,1211
39,4000,38,691,244.833,151.42,1.23792,-3.82389,-22.276,-12.9962,-16.7164,-14.751,-16.021,-16.121,-16.1413,-23.1755,-2.47037,-14.2182,-11.0364,-15.329,-15.7359,-15.0705,-12.0316,-10.1441,-8.49657,-15.2498,-16.5463,-55.4741,38,91,96,113,121,124,125,129,148,159,159,162,162,173,174,215,228,236,254,279,280,337,338,348,359,363,368,470,605,691
40,4100,93,847,347.2,185.215,1.9758,-2.91835,-21.3784,-11.9649,-19.3782,-15.4604,-17.111,-16.6062,-14.6515,-22.1683,-3.3297,-14.1221,-11.5029,-15.8311,-15.7553,-16.0299,-13.1871,-10.8031,-8.67884,-13.7389,-15.4527,-54.7512,93,119,143,149,171,191,192,205,209,211,227,245,254,259,319,340,341,352,365,389,445,450,453,471,511,588,602,619,656,847
41,4200,50,621,284.867,158.923,2.81556,-2.07709,-23.3054,-11.9623,-17.9734,-13.8088,-15.7172,-15.3842,-15.7144,-20.7783,-1.12827,-12.607,-11.5834,-15.3787,-15.6662,-15.9686,-14.1475,-10.5916,-6.4116,-15.0339,-15.498,-54.1656,50,60,89,111,136,156,158,161,185,187,201,205,207,213,215,260,267,268,270,356,367,369,449,461,466,467,507,541,543,621
42,4300,75,767,227.967,163.22,5.34063,-2.83336,-23.5325,-11.4021,-17.1847,-14.9051,-17.1618,-16.6183,-18.3204,-19.3187,-1.26479,-14.3508,-11.5987,-16.9021,-15.7121,-14.3397,-13.0057,-11.1936,-7.85513,-14.1022,-16.4841,-53.488,75,81,83,91,96,98,100,109,110,115,119,121,121,149,152,186,211,212,215,222,245,293,305,379,401,407,428,466,482,767
43,4400,85,533,270.967,139.68,4.26124,-2.08977,-23.1218,-12.0488,-17.1865,-13.5456,-16.9531,-15.0899,-17.9673,-18.8969,-1.71524,-16.2008,-11.508,-15.0718,-18.1103,-13.0499,-14.2731,-12.1884,-8.59399,-13.6634,-17.113,-58.1624,85,93,93,107,109,137,138,141,145,168,203,221,222,227,233,248,251,252,277,369,378,383,412,412,430,432,457,467,506,533
44,4500,69,592,247.867,166.875,1.625,-5.13805,-22.5387,-13.0815,-18.6753,-15.6314,-15.7386,-15.401,-18,-18.8752,-1.22643,-17.1832,-13.3504,-15.8248,-16.8028,-11.8448,-14.0651,-12.2607,-8.76012,-15.1908,-17.6317,-63.0314,69,69,91,94,111,121,130,137,138,149,151,158,159,162,164,189,190,196,198,255,260,277,325,367,511,518,533,534,588,592
45,4600,25,773,292.967,190.355,-0.0797062,-4.54577,-23.0344,-12.9328,-18.5188,-15.0168,-15.917,-17.9999,-18.4646,-21.0604,-0.794743,-16.5854,-11.6406,-16.1485,-16.2096,-12.0508,-14.2995,-12.7846,-7.62503,-15.4308,-16.7496,-65.4018,25,75,75,96,100,109,113,126,129,147,160,173,194,237,281,287,333,334,339,349,351,397,397,475,484,507,534,571,618,773
46,4700,24,1731,357.733,324.183,-0.428685,-3.72996,-24.1553,-13.4653,-19.7057,-14.6708,-15.8863,-19.2063,-16.7623,-21.8912,-0.798542,-17.8162,-11.712,-15.5741,-15.1602,-11.6328,-14.5357,-10.4026,-6.60045,-17.0961,-17.2826,-66.3092,24,65,88,136,163,169,173,183,197,206,226,233,249,249,269,271,293,323,331,334,371,400,443,446,467,510,537,648,997,1731
47,4800,30,1338,266.167,238.318,-1.33404,-3.58281,-23.5064,-12.8274,-18.703,-14.0394,-15.6166,-19.8497,-16.4244,-22.6047,-2.37651,-18.9849,-9.97741,-16.2517,-13.0519,-13.4735,-15.0677,-12.2163,-6.47328,-16.3123,-17.2663,-65.711,30,81,85,100,111,112,117,126,135,138,172,179,181,193,201,216,216,231,260,283,286,290,315,359,392,412,431,473,522,1338
48,4900,59,960,314.3,202.704,-1.26738,-3.66309,-24.2227,-15.0814,-20.1941,-13.2368,-18.1938,-19.3689,-17.428,-23.5601,-4.41959,-18.7414,-6.78327,-16.3206,-10.7982,-15.02,-13.5609,-13.1024,-7.21597,-17.6012,-19.4462,-66.4942,59,64,92,141,144,157,183,188,198,199,212,223,229,269,271,282,299,307,313,321,330,342,361,440,442,455,507,719,722,960
49,5000,65,1137,345.6,243.265,-1.97582,-5.48431,-24.8884,-16.3014,-20.517,-12.312,-17.9609,-18.6676,-19.2775,-23.8955,-6.2347,-19.2143,-6.02324,-16.0007,-10.6537,-16.3801,-14.1643,-11.3615,-7.78993,-17.0555,-19.1519,-68.4132,65,66,113,122,147,166,170,180,183,220,228,241,242,245,253,287,345,348,349,387,391,397,426,430,494,531,539,762,904,1137
50,5100,33,764,333.5,199.274,-1.50934,-6.02235,-21.7128,-18.1373,-17.1629,-12.7667,-17.3172,-21.597,-17.9335,-24.0858,-7.03756,-19.3851,-5.13672,-16.5671,-9.0235,-17.9482,-13.4671,-10.6588,-7.0459,-15.6532,-18.4797,-68.9964,33,60,69,99,114,116,149,169,171,181,189,266,284,288,292,330,364,401,402,446,449,467,474,490,521,522,591,643,661,764
51,5200,31,713,317.7,173.076,-0.786434,-3.98167,-23.689,-17.1428,-18.5907,-15.2172,-16.2052,-19.3319,-16.4255,-24.7012,-3.99148,-19.0218,-6.4094,-16.4373,-9.38438,-19.6694,-13.0168,-10.8123,-8.56324,-14.5674,-17.6279,-66.7721,31,52,68,73,124,161,191,199,206,215,229,231,246,270,302,343,355,363,391,397,413,417,432,444,481,538,543,543,560,713
52,5300,37,1077,297.7,221.261,-0.763349,-4.51063,-24.1142,-16.8884,-18.9348,-15.7949,-17.7068,-20.2666,-18.0113,-23.8332,-3.60129,-19.6129,-6.65153,-16.2132,-9.43091,-18.4906,-9.72975,-10.6416,-11.288,-15.0021,-17.8733,-66.9698,37,81,95,102,108,109,115,150,167,173,179,187,205,244,246,246,251,267,277,313,350,390,398,407,438,485,521,566,747,1077
53,5400,67,1263,362.433,252.699,0.870495,-3.31143,-24.6693,-17.088,-19.6575,-14.7207,-18.3663,-18.8094,-17.6805,-24.8632,-4.62092,-19.1535,-6.49594,-16.9219,-8.81263,-15.7295,-10.7052,-10.9014,-9.95786,-15.1555,-18.3468,-69.2679,67,91,125,131,144,156,169,173,174,179,188,218,225,275,330,334,335,365,408,428,434,496,498,527,558,574,607,628,773,1263
54,5500,81,1319,326.833,271.801,-1.59483,-3.16594,-24.0915,-16.494,-18.7115,-17.5737,-19.405,-19.0042,-15.1615,-24.8798,-5.17866,-17.5325,-5.98079,-16.7488,-8.50668,-15.1455,-11.4587,-12.8553,-8.72609,-14.9679,-19.5589,-70.6434,81,91,92,95,121,153,158,163,178,185,188,202,203,233,242,262,263,271,276,330,335,373,445,455,462,470,491,647,1021,1319
55,5600,86,681,320.1,159.257,-1.45022,-3.8356,-23.4234,-16.2315,-21.4086,-18.4129,-19.6337,-17.3584,-16.2312,-24.1975,-5.22594,-16.2155,-6.60255,-16.3265,-7.52796,-14.4125,-9.91324,-11.8679,-9.82779,-16.3125,-20.2841,-70.4264,86,93,94,107,145,154,162,163,164,257,264,282,289,299,321,330,334,354,393,394,395,408,409,436,450,472,500,551,616,681
56,5700,5,758,297.733,215.534,-2.2201,-3.54127,-23.3386,-14.7346,-21.3697,-17.6792,-19.3119,-16.5536,-15.0565,-23.9534,-5.70571,-14.2184,-7.82763,-18.0983,-8.13869,-14.9709,-9.33054,-11.5369,-9.48061,-13.715,-20.8512,-70.3636,5,42,64,78,87,91,112,136,138,155,177,180,185,186,246,257,267,295,298,368,417,424,438,447,465,563,648,664,741,758
57,5800,52,863,313.6,219.636,-0.57726,-2.40095,-24.6801,-16.3572,-21.1425,-18.7124,-21.3314,-18.442,-14.9546,-24.5613,-6.06418,-15.0638,-8.11941,-18.8892,-7.23979,-14.8632,-10.8154,-9.54765,-10.0467,-16.1153,-20.0526,-71.0004,52,56,70,126,126,134,136,153,171,193,197,219,229,235,241,257,269,275,276,281,320,323,423,477,590,609,666,716,725,863
58,5900,63,665,294.933,185.658,-2.14619,-2.95517,-23.369,-16.2592,-19.4052,-19.4782,-22.495,-18.604,-15.5026,-24.184,-1.8147,-17.0026,-9.29585,-19.8244,-6.55237,-13.9156,-11.0919,-10.0491,-9.24309,-16.8843,-20.3115,-70.9564,63,90,99,115,116,122,138,153,169,173,178,188,196,225,256,259,265,278,288,323,334,340,404,409,483,598,627,637,657,665
59,6000,10,727,227.833,147.259,-3.65412,-2.69906,-23.7118,-13.6949,-19.1471,-19.7364,-22.2369,-18.4601,-13.7641,-24.3722,-1.55877,-15.606,-8.94971,-19.5204,-8.64895,-12.441,-10.8407,-10.0669,-7.02772,-17.0044,-20.7519,-70.6839,10,88,95,96,103,115,117,120,125,154,158,166,167,182,184,208,210,219,220,229,244,252,293,311,312,393,398,467,472,727
60,6100,36,873,280,197.694,-4.16605,-4.76044,-24.4978,-12.3209,-18.2597,-18.877,-21.1713,-19.5593,-14.6214,-25.0492,-1.3146,-16.6054,-8.62861,-20.6858,-10.6778,-12.9646,-9.45981,-10.5733,-6.68897,-19.3584,-18.7277,-72.7816,36,99,116,129,129,130,147,150,153,160,167,167,175,179,195,202,204,254,256,292,308,318,328,404,438,519,570,632,670,873
61,6200,3,672,240.5,158.295,-4.94469,-3.98416,-23.3327,-12.0785,-18.5774,-20.1857,-19.4619,-14.9337,-14.7149,-24.0901,0.238195,-17.611,-8.55964,-18.2124,-10.8194,-11.4949,-9.83135,-12.8791,-7.32915,-19.5635,-19.1604,-72.2544,3,57,66,85,90,106,110,112,124,135,166,182,188,192,195,217,227,230,232,251,302,323,327,333,357,444,469,494,526,672
62,6300,63,901,266.967,178.133,-5.46079,-4.32491,-22.6178,-11.2442,-19.2279,-19.5718,-16.6729,-16.0213,-14.6339,-24.7153,1.16025,-19.0316,-7.76448,-15.5944,-11.4851,-12.711,-11.1308,-11.4867,-7.81571,-19.571,-21.0045,-73.9647,63,74,94,95,119,124,125,153,155,165,172,175,210,227,228,235,243,246,268,270,289,324,344,356,365,408,479,518,584,901
63,6400,69,806,269.533,159.781,-5.70605,-5.22003,-20.8766,-11.2025,-18.4178,-16.8226,-18.3333,-18.0714,-15.5292,-26.4198,0.740724,-18.7419,-8.15354,-14.5398,-10.7239,-12.8007,-11.5824,-13.2553,-7.05432,-18.2499,-20.7276,-73.0049,69,80,82,100,135,135,168,173,176,184,188,191,199,214,218,230,251,274,276,299,313,349,353,360,370,421,447,448,577,806
64,6500,35,753,273.8,183.492,-4.99654,-4.50035,-20.0366,-12.6804,-18.0624,-19.1889,-20.2061,-16.6549,-13.5906,-25.9753,0.680137,-18.3381,-9.64332,-14.9856,-11.5227,-13.7852,-13.2896,-12.4554,-10.4261,-18.8321,-20.6764,-74.3324,35,97,114,121,134,143,145,148,159,165,176,177,185,194,196,209,220,247,261,277,288,330,341,370,380,456,511,657,725,753
65,6600,34,611,273.733,148.945,-5.07802,-5.56411,-20.4794,-11.278,-19.7157,-17.5678,-19.7408,-15.4168,-11.3793,-27.2305,0.225726,-16.6429,-10.8226,-16.191,-11.1773,-14.4309,-11.6235,-13.8686,-12.8031,-18.4675,-18.0711,-74.3851,34,82,114,138,141,152,152,160,163,171,175,184,191,208,218,228,277,303,313,340,340,341,360,390,424,470,472,476,584,611
66,6700,25,1069,290.833,246.408,-6.963,-5.61631,-19.036,-9.97514,-19.0976,-16.6364,-20.0958,-17.1607,-11.1396,-26.7292,0.287469,-18.8174,-10.6154,-17.2558,-11.251,-14.4087,-12.8322,-16.0845,-12.61,-15.9556,-21.4059,-77.0515,25,48,98,119,121,132,134,140,154,156,156,168,170,190,191,205,213,213,257,274,277,321,372,376,435,520,524,827,840,1069
67,6800,82,755,276.267,183.797,-7.88853,-5.2198,-19.6599,-9.47572,-21.4845,-15.3314,-19.7183,-17.7899,-11.6766,-25.9258,1.65604,-19.8311,-11.3012,-16.2653,-13.3734,-14.5683,-12.3643,-14.9211,-12.8652,-18.3733,-22.1724,-77.4266,82,83,94,98,108,116,148,156,163,178,188,196,199,206,214,215,222,246,254,259,268,286,291,425,447,582,594,603,612,755
68,6900,29,931,250.467,199.841,-6.84677,-4.79557,-18.7339,-9.71361,-21.5843,-12.9158,-19.7371,-18.4312,-12.0349,-24.6387,1.94795,-17.8344,-10.5557,-17.0557,-13.2426,-13.3629,-12.7594,-15.419,-14.3452,-16.6814,-21.0983,-76.4757,29,50,54,65,67,72,105,106,142,160,163,168,185,192,193,199,204,208,221,229,257,266,313,416,434,451,489,540,605,931
69,7000,45,1007,275.367,225.225,-4.46414,-5.76016,-18.5479,-9.32085,-21.8925,-12.8175,-18.6557,-20.0197,-12.8517,-22.2877,1.57253,-17.7481,-9.44252,-18.0807,-14.4983,-12.8628,-14.2595,-14.6586,-14.318,-14.5757,-22.217,-78.2276,45,68,74,77,80,85,91,124,130,137,142,159,165,175,179,217,245,246,260,269,312,332,401,412,483,508,509,550,779,1007
70,7100,27,1040,278.333,253.329,-4.0307,-5.46789,-17.5932,-8.73132,-22.9422,-11.8577,-16.538,-16.3179,-14.1161,-20.972,2.15178,-15.9267,-10.4189,-18.1609,-14.2403,-14.0637,-14.0265,-15.6738,-12.6887,-13.8584,-20.0928,-79.5707,27,73,91,91,97,100,113,134,144,151,161,161,168,172,176,181,188,198,209,229,259,281,286,312,397,625,646,758,882,1040
71,7200,50,533,227.9,141.675,-2.90361,-5.87804,-16.2804,-10.3857,-21.9035,-10.123,-15.0706,-14.3999,-15.0514,-22.8713,2.8487,-14.3521,-10.1237,-18.125,-13.6634,-11.5543,-13.0502,-15.4224,-13.1109,-14.0964,-16.4425,-80.1553,50,55,57,63,89,97,106,118,126,130,132,132,149,165,205,217,220,240,244,258,288,332,337,358,365,400,411,431,529,533
72,7300,128,782,315.567,179.478,-6.33851,-6.85954,-15.8038,-10.4209,-18.9547,-9.13663,-14.4793,-13.9786,-15.5993,-22.5388,4.57262,-15.3079,-9.50975,-17.5054,-13.5893,-11.8659,-15.2411,-14.5531,-11.8244,-16.3875,-17.2653,-80.452,128,133,140,150,150,161,186,186,201,218,224,236,248,253,263,269,272,290,296,297,318,336,339,417,480,504,578,665,747,782
73,7400,33,748,320.667,209.408,-7.79194,-6.15109,-15.4547,-10.53,-18.3961,-10.3457,-15.2112,-12.7535,-15.6557,-22.7369,3.5217,-17.709,-9.73987,-16.1555,-15.8158,-12.8191,-14.6184,-14.496,-13.2902,-17.488,-15.6628,-79.8477,33,38,82,91,111,123,132,142,165,181,193,212,216,219,269,273,293,325,400,401,425,477,484,511,514,555,665,668,674,748
74,7500,35,799,328.8,218.428,-10.64,-4.80628,-16.4074,-11.9149,-17.9569,-6.57771,-16.77,-13.3978,-14.8568,-23.4479,4.4826,-19.1157,-12.5997,-18.1353,-16.6527,-13.5934,-14.5776,-13.042,-11.8091,-18.3591,-14.082,-80.179,35,53,70,102,124,130,140,157,171,179,180,186,210,226,270,298,319,323,367,430,431,440,502,515,549,562,665,685,746,799
75,7600,61,968,379.6,242.502,-9.106,-4.05427,-17.4017,-10.3851,-15.6248,-6.75516,-18.2353,-13.7083,-14.2136,-24.1328,6.24037,-18.4739,-11.7206,-18.8262,-18.3337,-14.3782,-16.2567,-10.966,-12.0889,-20.6485,-14.4529,-83.3746,61,108,116,123,126,126,160,198,216,237,244,277,301,313,327,364,370,370,372,376,440,479,521,539,617,642,642,872,883,968
76,7700,17,817,272.667,203.603,-7.38674,-3.42616,-18.2123,-12.8834,-18.3092,-4.57194,-19.4223,-15.679,-14.3392,-19.2706,5.09354,-18.4352,-11.8079,-20.2507,-17.8927,-14.2853,-15.2778,-12.7984,-11.5768,-20.2397,-14.8006,-84.8397,17,20,22,64,67,102,103,112,118,132,194,227,232,233,236,250,263,266,288,303,325,329,358,377,431,458,499,531,806,817
77,7800,53,903,316.133,201.324,-5.37058,-2.32171,-18.5956,-12.0219,-18.3269,-3.42121,-19.2095,-10.755,-13.4807,-21.3119,5.7754,-19.8905,-11.1563,-19.2856,-18.6794,-15.4409,-15.6743,-13.4214,-11.4381,-18.6314,-17.1075,-83.3555,53,100,102,133,175,180,186,194,199,211,216,216,217,236,248,257,258,269,304,314,350,357,392,455,486,488,545,607,833,903
78,7900,56,693,286.2,156.612,-3.92578,-1.79061,-18.3816,-11.7763,-18.0982,-2.89609,-18.6107,-12.3215,-14.0382,-20.4164,6.31351,-20.6612,-10.8502,-21.3819,-17.7512,-15.1393,-16.7973,-13.4689,-11.9168,-17.2113,-17.9437,-85.2206,56,65,77,86,150,178,185,191,196,197,206,207,211,212,212,238,288,295,336,342,365,377,384,390,417,467,484,496,585,693
79,8000,84,1422,398.2,353.431,-4.23109,0.452695,-17.6656,-9.95484,-19.1653,-4.40072,-17.0175,-10.2085,-13.5382,-23.0844,6.34111,-17.3816,-9.94678,-20.6659,-18.2549,-14.2641,-17.1674,-12.9728,-11.8849,-18.8938,-20.1811,-86.9422,84,99,101,109,115,116,117,141,150,154,179,180,197,238,281,287,347,374,375,388,395,537,560,581,633,653,748,1112,1273,1422
80,8100,54,803,316.933,187.303,0.794886,1.80201,-19.5279,-9.60357,-19.3087,-5.16367,-19.5062,-12.9931,-12.5552,-22.5107,4.73486,-15.5317,-11.6385,-20.312,-18.2328,-12.5474,-16.184,-14.5811,-12.6669,-19.1584,-17.4219,-87.2387,54,90,113,128,130,140,146,146,171,187,200,272,286,289,293,304,308,313,318,337,359,387,397,451,495,511,532,674,674,803
