generation,agents,minScore,maxScore,meanScore,standardDeviation,w0,w1,w2,w3,w4,w5,w6,w7,w8,w9,w10,w11,w12,w13,w14,w15,w16,w17,w18,w19,w20,w21,s0,s1,s2,s3,s4,s5,s6,s7,s8,s9,s10,s11,s12,s13,s14,s15,s16,s17,s18,s19,s20,s21,s22,s23,s24,s25,s26,s27,s28,s29
0,100,0,12,3.16667,3.1082,-2.91182,0.776219,-0.802554,-6.1312,-1.55156,-3.09451,3.40599,-5.56643,0.499371,2.53088,-0.97788,-0.508392,-3.97695,-6.75543,0.61305,-2.7933,-1.5786,-1.96875,4.75125,4.30421,-9.0402,-3.24596,0,0,0,0,0,0,1,1,1,1,1,1,1,3,3,3,3,3,3,3,3,4,5,6,6,6,8,8,9,12
1,200,0,22,6.7,4.52693,-2.88718,3.70189,-0.273325,-13.0969,-6.90627,-2.32941,0.305462,-0.882584,2.80511,-3.11263,-0.463487,0.383528,-5.17141,-8.76513,-0.297091,-7.23765,-0.5569,-5.2439,3.35362,-0.153003,-11.4296,-6.27537,0,0,2,2,3,3,3,4,4,5,5,5,5,6,6,6,6,6,7,7,7,9,9,10,11,11,11,13,13,22
2,300,3,34,21.9667,6.74401,-1.01568,7.11658,-6.97619,-16.5631,-7.04623,-3.67032,0.172961,-9.53769,1.49843,-7.48964,2.71423,-4.04487,-7.82392,-8.88816,-9.0822,-9.24425,-1.44299,-6.83977,5.10146,-2.46145,-8.55873,-8.19735,3,12,13,14,15,17,18,20,20,20,20,20,21,21,21,22,22,23,24,24,24,26,26,27,28,28,29,33,34,34
3,400,10,66,27.1,13.2075,-2.15034,5.66276,-5.66444,-15.5398,-3.74289,-4.45752,4.67142,-13.4422,1.36155,-9.11765,2.85594,-3.12966,-10.9435,-9.07342,-8.66937,-10.7081,-0.27814,-8.58921,-0.470984,-5.32418,-7.94489,-10.1649,10,11,11,11,13,14,16,17,19,21,22,23,24,25,25,26,26,26,27,28,33,34,34,35,37,39,42,42,56,66
4,500,9,57,26.9667,11.7164,-4.45097,2.92255,-7.7758,-11.8526,-6.09999,-4.09664,3.81693,-12.3986,1.35068,-10.638,2.56772,-1.58102,-11.0647,-7.05587,-7.34597,-15.8331,-3.33357,-10.7162,-4.37588,-7.90922,-11.1136,-9.94785,9,9,11,12,12,17,19,19,20,20,20,22,25,25,26,27,27,28,28,30,33,34,35,38,39,39,40,43,45,57
5,600,22,128,56.8,21.9268,-5.05475,2.78166,-6.87138,-12.5685,-8.64746,-4.43806,-0.220414,-13.752,0.639493,-11.6137,2.701,-1.49823,-10.159,-6.17444,-12.3313,-10.5438,-4.75736,-12.8237,-2.29282,-6.03893,-15.5431,-13.8174,22,31,32,33,34,34,37,39,41,44,46,50,50,53,55,56,58,63,64,65,66,68,71,71,71,74,75,81,92,128
6,700,17,100,46.5333,20.6109,-5.7714,4.83317,-6.36309,-11.4173,-9.39538,-5.3659,0.812658,-13.5634,2.4809,-12.3925,-0.403509,-1.97449,-11.174,-6.61405,-15.4431,-11.792,-4.78888,-13.2173,-6.05436,-7.4709,-15.6544,-14.9669,17,21,22,25,26,26,28,29,30,33,35,41,42,42,45,45,45,50,51,51,52,53,58,60,64,67,68,77,93,100
7,800,13,107,56.2,19.0922,-6.05073,4.20718,-9.21642,-10.9531,-9.33096,-6.42806,-1.67415,-13.3383,0.567486,-12.9245,-2.78684,-1.50228,-9.52107,-5.64866,-11.5923,-12.7873,-3.85189,-13.2372,-4.1517,-7.17236,-13.6384,-16.1969,13,35,36,37,38,40,41,44,48,48,48,49,51,52,54,55,55,57,59,59,61,62,66,70,70,73,81,82,95,107
8,900,29,142,74.7667,28.3277,-6.8408,4.18892,-9.05515,-10.3545,-8.71646,-6.72946,-2.98971,-14.9288,-0.642835,-13.3175,-2.99993,-0.997194,-9.40417,-7.09848,-10.5876,-6.84544,-3.63608,-14.9505,-4.87338,-7.1328,-14.5253,-18.1379,29,36,43,45,45,50,50,53,54,56,57,60,67,67,67,73,74,75,79,83,86,93,95,100,101,110,110,117,126,142
9,1000,36,241,88.6333,49.1307,-6.51527,4.86878,-9.49374,-11.9633,-9.89538,-6.94988,-3.45004,-14.7736,-1.30855,-13.342,-2.80218,-0.837184,-8.98529,-7.96055,-10.4141,-6.58634,-2.51833,-16.7495,-1.788,-7.60308,-15.1796,-20.6621,36,42,49,49,50,51,52,53,60,61,63,63,64,66,68,71,77,77,81,91,98,99,99,106,130,138,149,179,196,241
10,1100,35,223,88.7667,36.0648,-7.38985,2.7057,-9.97443,-11.5337,-8.72185,-7.31656,-4.17029,-14.745,-2.29218,-13.3526,-0.999365,-0.606293,-8.22351,-6.70799,-11.1318,-5.92867,-4.1745,-12.7904,-2.75632,-7.81749,-16.1461,-22.6207,35,42,52,62,63,64,64,65,68,69,71,73,73,80,81,82,82,85,87,87,93,111,114,118,118,122,123,127,129,223
11,1200,30,335,114.4,63.4185,-6.36037,1.85319,-9.13797,-10.6866,-7.51193,-8.11383,-5.64971,-12.287,-2.48455,-13.337,1.55025,-2.87693,-7.88724,-7.97552,-11.4316,-5.76189,-2.82199,-11.6509,-0.67136,-7.43226,-18.2344,-24.5151,30,47,64,70,75,76,78,80,80,82,85,85,90,91,92,94,96,97,98,101,112,120,132,147,156,176,193,197,253,335
12,1300,37,279,108.033,57.3125,-7.24149,3.46345,-10.2124,-11.7127,-7.74637,-9.61893,-3.60369,-13.3527,-2.07127,-13.419,0.943018,-5.71218,-9.51823,-8.27232,-11.1915,-6.93627,-3.66286,-11.9418,-2.83874,-8.01802,-19.1666,-25.6609,37,37,42,56,60,62,63,66,72,73,80,94,94,96,97,101,105,109,110,110,113,114,118,123,140,156,187,223,224,279
13,1400,36,221,87.5667,37.2769,-5.73173,3.68166,-9.47033,-11.661,-7.2552,-13.5787,-4.18352,-11.9572,-3.01607,-12.6002,2.49894,-6.06354,-9.10369,-9.13669,-10.8226,-11.3615,-3.18259,-9.7578,-0.555019,-9.94442,-18.8424,-25.102,36,42,44,52,53,55,58,60,60,60,66,68,77,84,84,88,88,92,94,96,105,105,113,116,117,118,123,125,127,221
14,1500,43,180,95.5333,38.1365,-7.13366,3.00289,-9.33459,-11.4061,-4.65288,-13.9351,-3.97037,-12.4032,-2.94555,-12.6296,1.10792,-6.54592,-7.70906,-9.77745,-10.323,-10.4579,-1.3492,-11.596,-3.10591,-9.80427,-18.389,-26.4287,43,54,54,56,57,58,61,63,64,65,69,69,75,83,85,89,92,96,105,112,119,119,121,132,140,140,150,156,159,180
15,1600,31,217,95.3,51.016,-5.56128,1.15259,-7.00002,-11.1183,-5.1993,-13.5046,-3.35626,-12.1689,-5.15928,-11.4254,-0.201269,-5.9433,-5.82281,-10.9997,-10.8544,-8.34563,-1.54973,-11.9704,-2.6443,-8.18065,-17.8384,-26.4536,31,33,41,44,45,46,57,57,58,62,64,66,68,85,86,87,87,92,105,106,109,114,116,118,149,160,171,179,206,217
16,1700,53,552,162.3,106.453,-6.44897,0.836119,-9.19201,-12.0896,-7.04579,-11.5249,-4.29091,-12.7428,-5.60919,-12.421,-0.277751,-5.78961,-6.30168,-11.3341,-10.485,-7.67336,-1.55943,-10.6553,-3.36919,-9.28983,-16.63,-28.5029,53,54,59,65,65,75,100,105,110,113,116,123,125,128,130,135,136,148,152,155,204,206,208,208,211,223,237,252,421,552
17,1800,52,488,155.433,102.203,-8.53569,1.43952,-13.1235,-12.6983,-7.00904,-10.108,-5.28848,-11.9722,-5.96349,-13.051,0.772447,-5.33783,-7.8808,-10.4243,-10.7571,-7.942,-1.46567,-10.2784,-3.09264,-8.74433,-17.253,-30.2712,52,61,62,68,69,75,81,83,88,93,110,114,114,118,124,124,136,137,139,143,143,170,177,208,264,272,276,294,380,488
18,1900,41,352,147.567,89.3373,-10.1867,0.796745,-12.3621,-14.0513,-5.50365,-10.4229,-7.12253,-11.3616,-6.57733,-14.2287,0.388418,-5.7147,-9.83362,-12.9699,-11.3424,-7.68817,-1.93479,-10.2017,-3.08868,-9.23783,-18.1049,-31.0128,41,44,50,61,65,69,78,80,82,83,86,93,103,111,122,127,128,129,159,167,183,200,203,215,225,230,305,317,319,352
19,2000,32,584,151.267,111.991,-10.1767,-0.118062,-13.8551,-13.2868,-4.80798,-9.84421,-7.49823,-14.1173,-7.1694,-12.7639,-0.545973,-5.36376,-10.2223,-9.06475,-10.3376,-8.36432,-3.65831,-10.7839,-1.65159,-10.8958,-16.8842,-33.7861,32,53,56,64,66,66,71,84,85,97,102,105,109,111,125,127,133,134,139,141,156,158,163,200,221,245,247,299,365,584
20,2100,26,421,179.867,85.5476,-8.31934,-0.37731,-14.2743,-12.6817,-4.57021,-12.9115,-9.03443,-13.1898,-6.70241,-11.978,-0.502879,-6.02873,-10.0022,-9.3571,-9.4764,-8.7569,-3.56477,-9.55254,-3.97017,-10.745,-16.8014,-34.6385,26,81,84,93,96,110,112,121,127,142,156,160,162,168,170,171,171,176,178,191,192,193,197,217,223,291,300,330,337,421
21,2200,34,301,158,72.4407,-8.36748,2.00863,-15.2897,-11.9293,-4.27477,-10.8828,-10.7863,-13.2278,-5.62585,-12.661,-0.416382,-6.2549,-10.6414,-9.91121,-8.60609,-10.1272,-5.22978,-11.6353,-4.33901,-11.0142,-16.7028,-36.3843,34,59,67,80,87,88,89,89,95,112,117,125,129,142,146,147,176,178,179,191,195,204,209,226,230,239,249,263,294,301
22,2300,43,421,184.8,109.122,-8.98651,0.987664,-14.669,-15.247,-5.73379,-8.92077,-9.63768,-12.8847,-3.42415,-14.1537,0.201574,-5.96243,-9.05376,-12.3898,-6.78566,-10.2935,-5.11248,-10.9809,-4.32307,-12.3031,-16.1022,-37.1175,43,50,66,72,73,102,108,111,118,121,125,127,146,148,149,154,161,179,185,187,194,208,226,259,304,338,366,389,414,421
23,2400,54,530,245.767,131.933,-9.71192,0.131016,-12.3403,-12.754,-6.73498,-9.96162,-10.3117,-12.8735,-3.37146,-15.2215,0.207221,-7.94112,-8.73353,-11.8321,-6.70251,-10.4164,-5.59301,-8.29777,-4.48794,-12.9831,-13.2859,-38.1275,54,59,85,86,108,110,138,152,174,178,178,195,204,215,225,236,241,241,252,270,277,315,326,350,353,386,416,506,513,530
24,2500,58,1023,259.867,218.741,-9.28347,0.910276,-10.5726,-14.0866,-7.39555,-10.7082,-10.9731,-13.8494,-4.6632,-14.642,-2.12272,-9.18881,-9.25203,-10.4979,-5.82258,-10.6118,-7.01844,-8.69384,-4.49419,-13.8592,-11.5204,-38.513,58,67,93,95,97,112,131,138,160,165,167,171,171,175,183,192,192,210,223,241,241,247,262,379,384,394,405,555,865,1023
25,2600,56,614,253.267,157.259,-8.93519,0.55522,-11.5363,-15.1038,-7.51185,-11.1629,-11.1941,-13.9224,-4.85202,-14.6602,-1.61545,-10.2364,-10.9275,-9.52857,-5.32644,-9.64222,-7.06525,-8.29518,-5.18932,-12.966,-9.04895,-40.9721,56,57,81,83,96,111,123,130,143,157,174,186,190,193,198,209,227,242,249,256,259,374,377,420,422,424,471,498,578,614
26,2700,46,816,225.067,161.938,-8.97103,0.479977,-14.8224,-14.5691,-7.28355,-10.6587,-10.0772,-14.5509,-4.44379,-15.9881,-0.480668,-9.01767,-10.8526,-9.23895,-6.13855,-9.11928,-7.41649,-8.71371,-6.92907,-14.1028,-10.2979,-38.9436,46,70,98,106,106,110,117,123,126,126,131,134,159,164,166,176,186,199,204,232,242,251,262,280,319,416,424,472,491,816
27,2800,35,828,262.367,215.213,-9.94061,-0.515293,-13.6336,-14.2342,-8.5854,-11.9227,-9.47921,-15.7113,-4.00347,-15.8823,0.668264,-9.07934,-10.2307,-7.28507,-7.05243,-9.91532,-9.40092,-9.38398,-7.33254,-15.5134,-8.51106,-38.3801,35,35,83,84,90,94,112,121,124,128,134,137,143,146,169,184,225,261,276,276,277,295,314,379,388,444,649,662,778,828
28,2900,77,714,261.933,163.307,-9.28132,-2.02084,-13.452,-14.8788,-7.458,-10.5121,-10.8821,-14.6007,-5.85556,-16.7048,-0.209898,-8.57943,-10.5277,-8.19126,-8.93227,-11.9198,-10.0634,-9.79693,-5.76319,-15.09,-10.2767,-39.9345,77,92,93,100,102,118,121,129,149,150,150,152,170,171,183,198,223,284,289,331,339,368,377,413,429,444,462,499,531,714
29,3000,92,1291,279.433,226.528,-10.1083,-1.60079,-14.3999,-15.1812,-8.20644,-8.26405,-10.3273,-13.9396,-6.12108,-17.8258,-0.84784,-8.11022,-10.0495,-9.67685,-8.19144,-10.4169,-9.54791,-8.99565,-5.42374,-16.1295,-6.15176,-40.3924,92,94,95,116,126,131,138,151,162,167,194,197,203,211,236,237,247,253,256,258,288,289,325,348,351,367,488,527,545,1291
30,3100,12,642,261.8,191.226,-8.92253,-1.8852,-12.1742,-15.725,-7.26094,-8.23667,-9.17221,-14.3423,-6.8444,-17.6379,-0.108042,-7.58008,-10.4913,-10.3132,-9.49974,-11.4526,-11.5411,-10.8992,-6.2053,-15.9152,-4.76242,-41.9469,12,42,52,55,95,99,105,106,122,131,146,156,178,190,211,231,241,258,258,262,263,303,424,454,485,523,547,624,639,642
31,3200,67,639,256.8,137.037,-9.44487,-0.816426,-10.8685,-15.1845,-7.01771,-8.48603,-6.94672,-14.7842,-6.45711,-17.1816,0.651027,-8.0902,-11.3832,-11.9992,-8.58293,-10.0173,-9.35652,-12.0521,-4.28789,-14.4613,-5.81913,-41.5938,67,97,110,118,118,134,135,155,158,175,182,183,193,193,205,209,249,268,269,304,310,348,350,375,379,409,435,460,477,639
32,3300,51,1067,271.7,223.666,-9.39383,0.208454,-11.186,-14.1036,-6.81614,-12.1189,-6.51411,-14.8142,-6.3634,-16.4622,1.59321,-7.77932,-10.8527,-10.8502,-10.341,-8.79419,-9.32844,-12.0376,-4.9723,-13.9124,-6.58136,-42.789,51,58,60,98,115,120,122,133,141,151,151,166,183,201,207,228,243,256,268,287,300,304,313,330,334,385,399,698,782,1067
33,3400,100,970,275.567,182.939,-9.72338,-1.90665,-9.85592,-15.8608,-6.5208,-11.7758,-6.14533,-15.5498,-6.29938,-16.073,0.647409,-7.49289,-11.3622,-13.8863,-10.617,-9.94523,-9.59602,-11.0198,-5.60628,-13.8196,-6.65503,-42.0881,100,101,103,116,119,135,139,158,163,170,185,187,201,218,219,224,228,266,274,293,315,316,342,356,393,397,469,527,583,970
34,3500,47,717,221.467,142.107,-8.82198,-1.28491,-8.11274,-16.6734,-7.15397,-10.5798,-7.08077,-16.8426,-5.57138,-15.3063,-1.22426,-9.02421,-13.5315,-13.4066,-9.59563,-8.22722,-7.78009,-10.4334,-4.29973,-15.4732,-8.52723,-44.2328,47,73,82,88,89,92,93,103,120,131,140,141,160,189,213,219,225,229,231,245,259,271,312,317,331,336,348,367,476,717
35,3600,48,581,175.133,121.834,-10.4951,-1.05312,-8.20766,-15.7641,-6.98316,-10.9005,-7.70426,-18.1865,-4.20255,-14.8734,-0.264874,-10.8782,-15.4978,-14.9371,-8.21572,-9.56517,-8.06354,-10.912,-2.39594,-13.2314,-7.62095,-46.3717,48,69,75,76,89,94,95,104,109,116,122,125,127,129,134,149,160,161,161,165,184,201,215,217,229,236,243,284,556,581
36,3700,41,713,247.2,173.973,-7.81747,-0.871626,-7.30582,-16.0319,-6.84128,-10.5726,-7.34171,-17.4564,-3.38468,-15.6947,-0.148971,-9.78721,-16.5376,-15.5031,-8.21622,-10.0937,-9.01895,-10.2423,-2.77194,-16.0229,-4.5703,-47.1661,41,50,55,72,84,106,123,128,135,138,151,151,184,190,200,202,205,213,235,238,256,291,376,396,417,448,468,529,621,713
37,3800,50,679,250.7,138.593,-10.289,-0.498737,-8.48003,-15.5472,-6.17292,-10.4108,-7.48605,-16.8832,-3.79471,-15.0518,-2.17838,-10.2422,-15.9336,-17.6536,-7.73348,-9.52533,-9.2017,-11.9304,-3.56328,-17.0368,-6.46711,-49.0486,50,56,65,81,97,121,129,158,161,199,201,203,230,248,249,260,262,275,279,283,284,299,300,320,330,366,388,453,495,679
38,3900,67,679,257.833,173.09,-10.539,-0.357095,-11.5315,-15.9342,-8.54367,-13.318,-8.82326,-15.8801,-5.16161,-17.0206,-0.745979,-11.3249,-13.3783,-18.2383,-6.13315,-10.5611,-8.63436,-10.4575,-4.56868,-15.0379,-8.10617,-50.0348,67,107,119,122,125,132,133,136,138,143,146,154,155,157,159,197,207,213,241,257,286,286,298,363,454,500,550,572,639,679
39,4000,54,1231,308.433,216.459,-11.4376,-0.0620876,-11.613,-16.674,-10.2996,-12.9613,-7.30229,-16.3345,-5.30472,-17.5603,0.495095,-10.5184,-12.4572,-18.3477,-7.40724,-11.9982,-8.54009,-10.4165,-3.92392,-15.3146,-8.94215,-49.049,54,77,92,97,118,175,182,184,197,216,228,247,247,260,272,276,280,291,324,355,363,382,389,393,399,403,437,496,588,1231
40,4100,103,872,315.133,186.03,-12.0574,2.01098,-10.9485,-17.9392,-10.7851,-13.1375,-7.60238,-15.9191,-4.14265,-19.7245,0.304607,-12.3288,-13.1394,-17.5134,-7.86136,-12.4373,-9.87209,-11.1031,-3.75312,-16.0565,-10.1025,-48.3648,103,118,125,132,139,158,161,189,209,211,212,217,228,244,247,263,264,268,269,363,367,412,417,432,506,530,547,563,688,872
41,4200,34,638,288.267,158.659,-12.493,-0.544099,-11.8942,-17.8924,-11.4632,-11.9638,-7.53335,-15.6915,-4.81238,-20.5432,2.48086,-13.0876,-12.6956,-17.3255,-8.53351,-11.7375,-9.50885,-10.5776,-4.86126,-16.5586,-9.84407,-49.9537,34,43,67,77,130,175,176,210,210,213,215,226,238,241,257,266,266,277,284,328,352,358,391,415,427,481,508,546,599,638
42,4300,65,825,258.533,184.411,-12.7339,-1.26814,-11.4236,-17.8667,-11.6413,-12.9565,-6.47416,-15.6074,-5.84526,-19.5705,2.01451,-13.6019,-13.2305,-14.4793,-9.42604,-12.8744,-8.06872,-11.5669,-6.68024,-14.4697,-11.5218,-53.08,65,69,80,102,120,127,142,144,159,162,166,177,178,183,199,208,217,236,237,240,266,278,284,335,386,407,424,618,722,825
43,4400,76,997,369.3,237.571,-11.6104,-2.36594,-9.15836,-17.0924,-12.1506,-11.3469,-6.48765,-13.9976,-6.64338,-19.1595,2.22379,-11.8211,-11.1281,-15.4062,-10.5379,-12.293,-7.69273,-11.0876,-8.49007,-13.6242,-10.8162,-54.9681,76,98,106,123,133,148,175,195,204,258,269,273,275,281,291,296,330,393,401,404,407,427,435,465,592,694,716,740,877,997
44,4500,46,925,288.033,208.922,-12.4771,-0.263857,-10.7866,-17.5331,-11.8186,-9.77748,-6.4493,-15.7861,-6.4458,-19.4418,3.39364,-11.0794,-11.9155,-17.4607,-10.4783,-11.8026,-9.38174,-12.3123,-7.28644,-15.5719,-11.9689,-54.9775,46,66,74,95,99,103,106,109,143,151,155,156,174,203,233,246,268,286,327,335,337,408,419,447,452,489,512,577,700,925
45,4600,92,559,244.967,119.087,-13.1236,1.10292,-12.0561,-16.7459,-11.8378,-8.73066,-8.02821,-15.0009,-7.96061,-21.0909,2.75994,-11.0114,-11.077,-16.0945,-9.41074,-12.702,-8.06361,-12.7705,-9.22867,-15.1107,-12.5683,-55.4558,92,96,97,118,135,140,141,166,174,180,199,210,214,217,220,230,231,234,235,251,252,258,269,303,365,421,434,437,471,559
46,4700,68,918,310.667,209.428,-12.9274,-0.38598,-13.8823,-16.0527,-10.4534,-9.14698,-8.85503,-15.9859,-5.84147,-20.6159,4.08549,-13.8947,-12.7504,-14.2351,-9.8939,-12.6546,-8.12284,-12.6141,-9.72589,-13.5173,-11.7864,-55.7394,68,68,117,125,133,147,150,153,154,176,211,219,219,222,247,261,305,320,323,337,357,359,402,426,450,452,457,713,831,918
47,4800,65,1439,351.133,328.22,-11.8716,1.58015,-15.2043,-14.0412,-10.5738,-7.92833,-10.4792,-17.1735,-7.32407,-18.4587,4.52395,-12.1113,-14.337,-14.4093,-9.59216,-14.0756,-9.32036,-10.7585,-8.02576,-14.7601,-9.83695,-55.0702,65,75,95,101,105,122,132,154,168,197,203,204,208,212,220,220,246,343,353,356,395,404,411,496,499,565,568,595,1383,1439
48,4900,91,1341,339.767,275.734,-12.0622,1.39934,-14.531,-14.8542,-10.0054,-7.08012,-11.3183,-15.4232,-8.09159,-20.2467,4.56028,-12.7425,-13.127,-13.9981,-11.1205,-14.424,-10.7661,-10.5084,-7.35822,-14.2204,-10.4398,-54.4921,91,105,114,121,132,139,153,166,191,197,211,213,222,226,236,241,255,309,331,341,341,344,429,434,460,501,582,883,884,1341
49,5000,50,1304,301.1,242.254,-11.7181,1.73164,-15.2929,-15.2757,-10.16,-6.76278,-10.8171,-15.6749,-6.64237,-18.3175,4.81903,-11.7052,-10.1649,-13.4568,-11.4977,-15.2551,-11.492,-12.4052,-7.78538,-13.4975,-10.5687,-54.079,50,70,85,104,125,126,130,156,165,173,181,187,202,209,214,287,304,324,328,332,343,362,386,402,403,409,435,502,735,1304
50,5100,15,680,246.767,166.972,-10.8243,1.64612,-14.68,-15.9838,-9.93358,-7.26325,-11.9473,-17.0588,-7.56287,-21.6224,4.74562,-10.6509,-10.6315,-12.5338,-11.5724,-13.8312,-13.3766,-11.1603,-7.62778,-15.6753,-11.689,-55.2462,15,45,48,72,72,74,97,101,110,144,174,181,187,205,207,210,265,268,286,286,298,300,345,364,374,458,509,511,517,680
51,5200,23,782,262.367,188.226,-11.5732,2.49888,-12.9532,-15.3386,-7.87767,-7.03181,-11.1629,-16.7904,-9.00335,-23.0571,4.43024,-11.641,-10.3537,-15.3458,-9.69437,-13.3037,-14.982,-11.6421,-5.53303,-17.086,-11.1192,-56.7947,23,33,84,96,123,124,125,133,147,147,151,156,183,195,203,215,218,244,270,276,281,285,335,352,380,481,556,602,671,782
52,5300,31,898,245.967,195.467,-12.9294,2.53002,-11.1408,-16.2882,-8.44283,-8.89349,-10.1113,-18.4715,-9.17594,-20.9223,4.66181,-12.8712,-9.10704,-16.3342,-9.57656,-14.6045,-15.1873,-11.1623,-8.12428,-15.2904,-12.2394,-57.1562,31,56,58,79,91,95,104,111,115,124,137,139,154,155,183,209,243,259,259,262,303,306,312,337,357,390,419,445,748,898
53,5400,88,1095,258.433,208.636,-12.2148,0.767207,-10.8146,-14.7751,-7.33247,-10.6601,-6.21731,-18.3591,-7.37741,-19.8699,5.56072,-14.1347,-9.91269,-18.5938,-9.78342,-15.0127,-14.8656,-11.5487,-8.11836,-18.0725,-12.953,-59.2441,88,90,96,101,109,113,123,126,127,136,138,166,167,173,186,212,237,239,259,269,271,278,287,327,330,373,424,582,631,1095
54,5500,52,797,373.9,200.179,-12.4297,1.06771,-11.7845,-15.7831,-8.12368,-12.0017,-5.8436,-16.8212,-5.70239,-19.731,6.16344,-13.8056,-11.1517,-18.5986,-9.99506,-14.9542,-14.1948,-13.4592,-8.88374,-20.291,-11.881,-61.873,52,106,128,143,188,194,201,202,205,206,230,284,310,333,339,345,359,404,456,458,497,514,519,543,582,593,599,706,724,797
55,5600,63,1146,313.367,244.485,-11.633,0.730524,-13.7833,-16.8049,-8.22218,-12.1994,-5.72045,-15.4498,-7.36403,-18.4501,6.01804,-14.5609,-10.0939,-20.999,-9.71106,-14.3072,-12.6129,-13.8389,-10.1927,-17.5715,-11.2527,-64.5423,63,83,83,114,116,119,119,147,152,161,179,186,231,236,241,265,281,295,330,337,345,356,399,403,406,453,546,789,820,1146
56,5700,78,1104,341.267,260.578,-12.5416,-0.537868,-12.4405,-15.3452,-6.35588,-13.2777,-5.61828,-15.4328,-7.27335,-18.2025,5.99056,-13.7037,-11.3868,-21.017,-9.65956,-13.4278,-12.4365,-15.2758,-11.2938,-17.2301,-12.0507,-66.3326,78,79,89,150,151,154,165,167,170,189,204,237,253,254,269,271,277,282,285,306,307,322,416,479,513,584,611,906,966,1104
57,5800,43,558,247.1,124.164,-15.2667,-0.35405,-12.387,-13.5966,-6.75732,-12.3712,-6.10557,-14.5024,-3.62369,-18.2482,5.68503,-14.5131,-11.7793,-20.9063,-9.88897,-14.1029,-12.4269,-15.456,-12.7189,-17.7864,-12.3463,-67.223,43,54,93,116,133,142,161,165,170,170,173,187,205,217,226,237,238,275,280,285,291,295,315,323,325,391,413,465,467,558
58,5900,78,1482,300.3,290.079,-15.2527,-0.106236,-11.3034,-13.9609,-5.58457,-12.3284,-7.02099,-12.9171,-4.34196,-18.2572,5.25328,-15.4271,-13.0815,-21.0643,-10.6198,-14.86,-11.9975,-15.6754,-12.9226,-17.0183,-12.9211,-68.5165,78,87,103,109,112,124,126,142,143,148,164,165,178,185,190,200,221,232,241,246,257,311,361,364,401,515,563,745,816,1482
59,6000,33,888,440.333,228.174,-16.0362,-0.869346,-11.7104,-12.955,-5.15581,-10.9064,-7.06726,-12.9246,-5.10757,-18.212,5.12429,-16.562,-12.5823,-17.7416,-10.2648,-15.973,-10.3643,-15.9493,-13.4307,-16.1027,-9.85254,-69.3658,33,81,113,116,137,192,236,238,268,320,354,390,418,450,455,466,508,545,551,557,569,573,575,627,645,685,687,711,822,888
60,6100,119,1193,452.167,257.283,-16.8013,-0.311227,-9.33204,-11.6225,-5.32513,-12.8263,-6.73242,-13.4764,-3.65423,-17.8052,6.719,-17.392,-11.1261,-18.0738,-12.3843,-16.8211,-10.2576,-15.4584,-13.1776,-15.1403,-14.2265,-71.9478,119,130,134,197,245,253,254,266,272,273,279,373,377,389,395,419,426,480,505,506,517,519,535,560,678,683,713,795,1080,1193
61,6200,49,1016,303.867,221.411,-17.1901,-0.0381676,-8.28004,-12.7312,-3.65732,-10.0111,-8.46665,-12.5883,-6.28643,-19.1944,8.71299,-16.479,-11.1703,-17.3632,-14.4079,-17.1407,-9.41769,-13.8007,-15.2221,-17.3549,-13.4873,-73.1481,49,59,79,80,88,100,110,114,128,136,201,213,215,243,260,290,294,301,332,345,356,365,442,444,465,533,535,659,664,1016
62,6300,10,1018,369.467,288.424,-16.8833,0.948882,-7.57401,-13.4699,-4.22161,-8.84277,-8.44676,-11.5645,-5.89945,-18.5207,8.27114,-16.991,-10.9913,-17.9067,-14.1147,-17.0163,-8.98829,-13.6856,-14.51,-17.1283,-10.6639,-73.6592,10,53,79,87,94,114,117,128,141,152,168,186,215,232,257,288,333,363,388,516,524,531,539,638,650,671,797,810,985,1018
63,6400,40,917,307.5,230.712,-17.4009,2.00231,-8.84666,-13.3151,-3.99177,-9.61044,-9.85495,-11.2496,-6.39424,-18.3945,8.63337,-19.7814,-11.1355,-17.059,-16.7846,-18.5303,-9.63415,-14.5018,-15.2956,-15.5784,-7.7539,-74.0733,40,73,91,105,105,108,114,132,133,158,161,175,198,239,249,253,254,274,280,313,325,395,404,440,513,599,686,744,747,917
64,6500,34,987,398.567,241.412,-16.8192,2.6407,-10.4087,-10.9162,-4.57434,-7.95616,-11.0979,-11.7362,-7.2505,-19.3197,8.77748,-20.5687,-12.4521,-15.2563,-15.6206,-18.9699,-10.2407,-15.4556,-11.7953,-17.3298,-10.1593,-76.4419,34,39,144,154,156,200,206,211,220,254,272,276,303,318,320,343,354,439,460,487,508,532,547,605,613,628,647,839,861,987
65,6600,49,1196,423.3,271.184,-16.8382,2.92202,-9.48197,-8.68371,-8.19417,-7.95879,-9.68649,-10.792,-6.4375,-20.0139,9.62787,-22.0674,-14.2143,-15.6306,-14.7452,-19.1834,-12.1463,-16.2824,-11.2588,-16.5689,-12.9032,-77.0809,49,143,196,204,210,224,251,252,256,282,297,308,316,325,328,331,348,356,362,422,428,481,492,573,613,679,772,906,1099,1196
66,6700,93,980,415.5,231.714,-16.4155,3.27515,-9.67349,-5.74046,-9.10092,-7.07253,-9.67506,-10.0393,-5.31159,-20.1934,8.86468,-21.7574,-12.3928,-15.3257,-16.783,-18.6863,-12.5679,-15.0935,-10.8113,-16.3504,-15.1278,-78.7946,93,104,105,129,137,138,178,244,251,255,309,333,352,382,411,438,447,490,496,502,518,522,564,579,586,642,668,778,834,980
67,6800,89,1385,421.833,304.137,-15.8262,3.61551,-9.80054,-8.93041,-10.5477,-6.39002,-9.4354,-10.1169,-3.18506,-16.6609,10.6609,-22.7654,-11.4678,-15.5298,-14.3584,-16.1122,-14.3428,-14.2104,-12.1099,-17.9038,-15.8223,-78.8414,89,97,111,154,163,172,182,197,203,217,217,242,256,276,287,312,420,436,465,475,520,573,576,610,659,690,828,906,937,1385
68,6900,48,1457,489.8,374.379,-15.876,3.15162,-8.97047,-8.54365,-9.26136,-5.3181,-8.54577,-8.9499,-5.64573,-15.4827,10.7023,-21.4331,-11.6274,-15.5054,-16.4173,-16.1322,-15.5475,-13.8796,-13.0318,-17.2819,-15.2415,-79.1945,48,91,107,112,138,149,157,161,227,230,259,270,314,340,384,401,445,454,524,543,593,606,724,857,882,915,975,1088,1243,1457
69,7000,33,1073,364.5,254.262,-16.2246,4.04023,-11.1455,-7.0234,-7.90157,-5.20992,-10.5591,-8.48516,-6.9599,-15.8243,7.85475,-23.1075,-11.8898,-14.7714,-16.8335,-16.625,-15.9361,-11.177,-12.5287,-14.6082,-15.4165,-80.5818,33,81,100,138,142,149,170,172,180,211,225,235,287,298,311,325,328,341,362,396,398,401,407,544,551,579,805,808,885,1073
70,7100,90,1303,421.867,305.932,-12.0147,5.97203,-10.9513,-6.90981,-6.18754,-4.24643,-11.1971,-9.37133,-4.77389,-14.3898,10.0732,-23.8705,-10.8061,-15.9611,-17.2978,-14.7983,-14.7138,-10.4844,-12.377,-15.5967,-13.599,-79.5084,90,123,126,129,141,230,233,247,251,252,272,298,305,311,312,314,324,371,386,410,437,458,553,556,597,630,779,965,1253,1303
71,7200,44,2050,618.4,545.033,-11.3948,6.15846,-11.1063,-4.93063,-2.11988,-4.02543,-9.42938,-8.91044,-3.9905,-14.9767,12.1822,-24.3365,-10.0196,-15.0962,-16.5102,-13.8029,-14.0137,-11.9393,-11.08,-16.6165,-13.667,-78.1404,44,77,98,130,136,144,187,193,203,210,283,302,322,331,336,472,485,537,643,682,696,941,945,1015,1213,1249,1333,1621,1674,2050
72,7300,143,1649,547.8,355.71,-13.6221,6.22125,-11.8747,-1.19684,-2.85879,-2.10702,-7.72832,-9.19571,-4.09926,-14.2468,14.0462,-22.803,-10.0586,-16.0827,-15.6841,-15.4552,-13.5352,-13.5694,-10.264,-18.564,-13.7152,-77.3927,143,144,154,159,188,192,217,236,284,291,327,443,445,459,463,535,558,564,588,597,668,676,736,777,870,945,964,1000,1162,1649
73,7400,111,3328,863.633,808.466,-15.4078,9.16959,-10.8852,-2.28507,-3.34643,-0.271982,-5.58102,-10.4288,-4.99195,-13.5077,13.5979,-18.5924,-12.3373,-15.9945,-15.9769,-14.993,-14.1259,-12.8444,-8.99483,-17.722,-14.0587,-77.6818,111,116,215,238,281,290,343,362,378,417,468,469,470,484,515,556,559,688,770,772,935,940,1042,1317,1360,1603,1727,1991,3164,3328
74,7500,47,3673,786.9,884.717,-16.9821,11.0902,-11.6334,-1.70407,-3.54747,-0.30618,-4.39379,-9.44521,-5.28472,-14.3447,12.8136,-17.5056,-13.7873,-14.6919,-15.8218,-15.1942,-11.7803,-13.6119,-11.1812,-18.5361,-12.8057,-81.1369,47,108,127,171,180,192,202,247,275,294,377,381,412,415,417,439,448,453,493,647,766,924,964,1078,1099,1762,1886,1945,3185,3673
75,7600,121,1917,729.833,501.105,-16.3321,11.3216,-11.9928,-2.47801,-5.59112,0.651916,-3.52873,-7.38442,-3.5299,-16.7981,11.2471,-18.7345,-11.9657,-16.9871,-15.9007,-16.372,-11.3318,-11.8546,-11.8508,-19.7579,-14.2676,-84.4694,121,124,200,244,266,277,287,296,305,309,316,319,333,566,571,687,804,838,893,980,1027,1036,1109,1114,1194,1226,1384,1535,1617,1917
76,7700,56,3481,1182.47,972.791,-18.6821,11.6058,-11.4617,-0.209069,-8.11858,1.65764,-3.929,-6.49466,-2.67303,-14.8356,12.2719,-15.669,-13.1854,-18.3532,-16.9368,-16.9635,-10.9726,-12.9233,-12.8667,-20.6649,-13.9694,-85.0394,56,75,158,234,311,327,391,403,445,524,536,549,721,831,869,914,1163,1250,1266,1441,1450,1597,1601,1621,1846,2398,2748,3058,3210,3481
77,7800,52,4054,1077.47,1069.58,-17.8362,12.0173,-11.7543,0.418227,-9.01367,0.900466,-3.54542,-4.21476,-3.28341,-14.9649,12.9651,-15.3106,-12.9333,-18.8004,-16.6654,-16.1968,-11.7262,-14.2106,-14.3226,-17.7492,-14.4279,-86.3297,52,59,84,103,172,219,290,375,415,524,646,657,674,699,710,762,771,782,799,877,1038,1056,1321,1749,1912,2397,2454,2779,3894,4054
78,7900,49,7220,1323.37,1491.96,-17.7261,11.0101,-10.8097,1.14861,-8.08832,-1.06376,-4.68326,-4.67312,-4.46226,-14.9774,15.3133,-16.9537,-13.1005,-19.8942,-18.7572,-15.1151,-12.2639,-14.0078,-13.8007,-16.9605,-12.6336,-87.2852,49,145,166,205,287,303,326,364,382,398,422,462,472,621,821,976,1044,1054,1134,1411,1622,1670,1746,2069,2089,2520,2655,3006,4062,7220
79,8000,197,4704,1376.77,1114.99,-20.071,13.5617,-10.6336,0.496464,-7.74073,-2.90604,-3.26955,-4.08211,-3.99774,-15.8547,15.1027,-17.2485,-12.8336,-19.2946,-18.0333,-16.5216,-10.6164,-13.8007,-12.6678,-17.7925,-12.5931,-87.0474,197,205,280,356,362,374,425,524,723,731,775,779,1029,1092,1111,1147,1219,1318,1491,1563,1597,1600,1744,1824,1948,2271,2690,2883,4341,4704
80,8100,99,6032,1341.77,1377.81,-18.2018,11.5929,-10.8007,-0.187024,-5.38791,-3.18049,-3.5069,-4.8639,-3.6142,-16.0436,15.2514,-17.2215,-12.3687,-20.4358,-15.878,-17.603,-12.2189,-15.0344,-13.0955,-19.8607,-11.2916,-89.4562,99,125,161,164,173,222,242,276,378,395,470,491,604,765,1079,1147,1172,1255,1370,1465,1564,1622,1824,2287,2327,2340,2626,3051,4527,6032
