agents,meanScore,clow,chigh,Q1,Q2,Q3,means
350,6.0022240100000008,9.3470077915825076,4.4204030821712408,1.6166689999999999,4.0333300000000003,5.7533309999999993,"[0.0, 0.0333333, 0.2, 0.4, 0.766667, 1.26667, 1.3, 1.36667, 1.5, 1.66667, 1.73333, 2.83333, 3.43333, 3.76667, 3.93333, 4.13333, 4.46667, 4.5, 5.03333, 5.53333, 5.73333, 5.8, 6.4, 6.9, 7.7, 7.7, 8.23333, 12.5, 16.9667, 54.2667]"
700,9.636666,15.006769496908234,7.0970273714017544,5.5533320000000002,7.6666699999999999,8.4133309999999994,"[2.66667, 2.86667, 2.93333, 3.96667, 4.43333, 4.9, 4.96667, 5.0, 5.36667, 5.63333, 6.13333, 6.3, 7.3, 7.36667, 7.56667, 7.76667, 7.8, 7.86667, 8.0, 8.03333, 8.33333, 8.6, 9.86667, 13.5, 14.4333, 14.5, 17.4333, 21.9, 25.3667, 38.3]"
1050,26.027774666666669,40.531944859366739,19.168437427011636,13.86332,19.716650000000001,29.846689999999999,"[6.36667, 7.06667, 7.33333, 9.2, 9.56667, 10.5333, 10.6667, 13.0667, 13.4667, 14.0333, 15.5, 16.3, 17.0667, 18.2333, 18.4333, 21.0, 25.5667, 28.0, 28.6333, 29.2, 29.5667, 30.5, 33.6, 33.8, 35.0333, 36.2, 50.1333, 64.5, 68.5333, 79.7333]"
1400,39.755553333333332,61.90962985490782,29.278409168885688,23.193300000000001,36.86665,51.683309999999999,"[12.0, 12.4667, 14.5, 14.8667, 16.1333, 20.9667, 21.4333, 21.9, 21.9333, 23.7333, 24.2, 24.6667, 25.6667, 35.4333, 35.9333, 37.8, 42.1333, 44.1667, 45.8667, 50.0667, 51.3333, 52.5, 54.6333, 59.9667, 62.3333, 64.4667, 68.3333, 70.0667, 70.9333, 92.2333]"
1750,61.793323333333333,96.228110397439792,45.50836431049342,50.3367,59.549999999999997,72.579989999999995,"[16.9667, 22.0667, 28.6667, 30.1667, 35.4333, 45.3333, 46.2, 49.1333, 50.2667, 50.3667, 50.7, 51.4667, 56.1, 57.1333, 59.4333, 59.6667, 59.7333, 62.2333, 63.7, 72.0667, 72.3, 73.2333, 73.4333, 75.7667, 82.1667, 90.7333, 93.8333, 99.4667, 111.4, 114.633]"
2100,79.091143333333335,123.16526869876611,58.247531778327279,65.776699999999991,77.566699999999997,87.02000000000001,"[18.3333, 46.6333, 51.4, 54.9667, 55.5667, 57.5333, 59.2667, 62.1667, 62.7667, 67.0667, 70.3, 72.3333, 74.0333, 76.5333, 77.3667, 77.7667, 79.2, 84.9333, 86.1333, 86.7333, 86.9, 87.3, 87.4667, 89.2333, 102.4, 105.267, 106.067, 117.267, 122.167, 147.633]"
2450,86.221136666666652,134.26850362128243,63.498492831099959,73.116699999999994,81.400000000000006,92.216679999999968,"[39.7, 56.0667, 59.3333, 64.0333, 65.4667, 66.1, 67.2333, 70.2, 72.0667, 73.5667, 74.0667, 74.3333, 76.0, 76.2333, 80.8667, 81.9333, 84.0667, 87.3, 87.4667, 88.3667, 89.7667, 97.9333, 101.767, 103.267, 107.2, 107.967, 122.667, 124.833, 135.4, 151.433]"
2800,96.545553333333331,150.34627793728595,71.102021652903034,82.82332000000001,87.866649999999993,106.67309999999998,"[61.6667, 62.3667, 62.8333, 64.7, 74.3, 77.7333, 79.2333, 81.5667, 82.5667, 82.9333, 83.0333, 83.7, 85.9667, 86.2333, 87.6333, 88.1, 88.4667, 92.7, 96.4333, 98.8, 102.933, 115.4, 116.867, 120.067, 123.667, 125.933, 130.933, 132.0, 138.533, 169.067]"
3150,98.462223333333341,153.33102648949679,72.513574097695113,77.523319999999998,93.216650000000001,113.37299999999996,"[63.9333, 66.0667, 67.2333, 68.5, 71.4667, 72.2667, 74.3333, 74.6333, 75.8667, 78.2333, 80.7667, 90.4, 91.5667, 91.9, 92.5, 93.9333, 98.4667, 100.467, 101.3, 102.0, 111.333, 118.133, 118.667, 118.667, 127.9, 132.633, 134.833, 140.067, 147.4, 148.4]"
3500,108.02222666666667,168.2184124809805,79.554142415343421,90.479990000000001,97.43334999999999,111.79699999999997,"[65.8667, 72.1667, 73.0333, 84.5667, 86.1667, 89.7667, 89.8667, 90.0333, 90.4333, 90.5, 90.6667, 90.7, 95.5333, 96.2, 96.3667, 98.5, 100.033, 100.3, 102.033, 102.133, 108.467, 119.567, 122.9, 128.767, 132.1, 132.7, 137.733, 160.767, 180.267, 212.533]"
3850,122.92112999999999,191.41984003694756,90.526601641442511,98.820009999999996,114.84999999999999,128.60999999999996,"[71.5, 79.9, 85.0333, 88.9, 90.9333, 93.5, 96.3333, 97.5333, 98.1667, 99.1, 104.533, 105.2, 106.6, 107.267, 114.233, 115.467, 115.533, 121.067, 123.567, 124.967, 125.1, 136.8, 139.9, 140.167, 142.733, 161.0, 174.6, 206.5, 210.233, 211.267]"
4200,124.22330000000001,193.4476539132186,91.485598885117696,101.5431,115.48349999999999,135.54310000000001,"[78.9333, 80.4333, 88.1667, 88.5, 94.6, 95.6333, 96.0667, 97.4667, 97.6, 103.233, 109.067, 111.7, 112.667, 113.367, 114.867, 116.1, 128.633, 131.433, 133.4, 134.033, 135.433, 135.8, 139.867, 145.1, 151.233, 156.933, 157.333, 168.867, 181.933, 228.3]"
4550,133.44446666666667,207.80738399613736,98.276627258373637,108.56700000000001,128.69999999999999,145.84699999999998,"[82.9667, 89.1333, 89.9667, 91.1333, 93.8, 105.233, 106.3, 107.167, 107.867, 108.867, 110.867, 111.6, 117.4, 120.667, 124.033, 133.367, 139.033, 139.233, 139.867, 140.733, 144.767, 148.367, 149.5, 154.5, 154.933, 166.033, 191.633, 196.7, 196.867, 240.8]"
4900,147.71548666666666,230.03103558121535,108.78667498212184,129.113,146.11700000000002,162.4769,"[89.3333, 98.4333, 101.1, 106.633, 110.133, 123.3, 123.533, 125.233, 128.833, 129.233, 134.967, 135.2, 137.4, 138.3, 145.267, 146.967, 147.333, 148.667, 153.533, 156.667, 161.567, 164.6, 172.833, 173.033, 174.833, 181.833, 186.533, 191.7, 195.767, 248.7]"
5250,152.04896666666667,236.77937940463542,111.97811340838069,122.4601,139.90000000000001,156.04319999999998,"[102.6, 108.133, 110.4, 111.1, 113.1, 114.767, 117.867, 120.4, 121.667, 122.8, 123.867, 133.267, 136.067, 138.4, 138.9, 140.9, 150.167, 150.667, 153.367, 155.6, 156.033, 156.067, 156.567, 159.933, 174.367, 211.333, 223.833, 234.333, 239.4, 285.567]"
5600,160.21443333333335,249.49511284412105,117.99166004718732,131.3801,148.1165,170.16679999999997,"[117.333, 119.067, 120.7, 123.0, 124.933, 126.267, 127.1, 127.867, 128.067, 132.8, 134.2, 138.7, 139.933, 144.233, 146.233, 150.0, 151.2, 161.5, 162.233, 165.3, 167.567, 176.233, 189.8, 198.867, 206.133, 215.733, 221.867, 223.9, 224.067, 241.6]"
5950,160.77773333333334,250.3723159408776,118.40650845205168,145.797,162.083,175.86320000000001,"[106.633, 118.733, 121.433, 126.967, 130.633, 132.8, 139.4, 143.533, 144.467, 146.367, 150.0, 154.433, 155.4, 158.133, 158.433, 165.733, 168.367, 169.3, 171.467, 172.4, 175.733, 176.167, 180.833, 181.433, 184.6, 184.8, 186.7, 188.5, 203.367, 226.567]"
6300,174.17223333333334,271.23100026451579,128.27103349901716,147.26300000000001,158.59999999999999,190.59679999999997,"[108.0, 117.3, 127.233, 130.233, 132.833, 138.367, 141.267, 143.267, 145.233, 148.133, 149.967, 153.333, 155.2, 157.067, 157.367, 159.833, 166.267, 168.0, 174.767, 183.033, 186.467, 200.233, 202.667, 206.267, 211.467, 224.567, 224.833, 234.633, 281.333, 296.0]"
6650,184.43666666666667,287.21536509045399,135.83038694330952,153.44,169.3665,210.31689999999998,"[114.1, 114.3, 116.7, 119.767, 122.167, 126.467, 126.8, 149.833, 152.6, 153.8, 154.567, 155.6, 157.1, 164.967, 167.1, 171.633, 174.267, 176.167, 189.833, 205.8, 207.967, 215.8, 218.033, 233.333, 233.333, 238.133, 240.733, 271.0, 278.667, 382.533]"
7000,199.69993333333332,310.98420014570127,147.07118550479723,152.48989999999998,185.23349999999999,215.62689999999995,"[120.433, 122.2, 129.3, 130.867, 131.833, 135.1, 136.133, 138.9, 147.333, 154.7, 160.567, 164.833, 168.433, 172.233, 173.767, 196.7, 201.5, 201.9, 202.333, 203.033, 208.567, 232.1, 235.867, 242.533, 242.933, 255.833, 260.733, 293.667, 398.4, 428.267]"
7350,215.84553333333332,336.12705531877475,158.96178803555881,162.65000000000001,188.30000000000001,230.74989999999991,"[110.3, 128.133, 143.6, 147.8, 155.5, 157.867, 158.367, 162.067, 162.3, 162.8, 163.133, 163.233, 164.1, 173.1, 186.7, 189.9, 192.7, 204.167, 205.367, 214.633, 222.7, 249.533, 254.2, 254.4, 267.233, 285.233, 313.833, 354.333, 396.267, 531.867]"
7700,223.98223333333331,348.79799165354996,164.95414915016883,175.68009999999998,203.93349999999998,236.52009999999996,"[125.333, 131.567, 145.933, 149.1, 156.8, 156.867, 160.167, 163.933, 168.167, 178.9, 183.633, 187.033, 193.167, 194.867, 200.6, 207.267, 207.467, 209.333, 211.0, 229.1, 234.7, 240.767, 248.9, 251.133, 251.433, 255.033, 274.233, 410.4, 453.467, 539.167]"
8050,228.24326666666667,355.43351736876895,168.09223344167816,161.863,206.9665,226.11309999999997,"[143.567, 144.633, 147.933, 149.267, 149.6, 151.833, 152.733, 153.8, 156.333, 164.233, 178.633, 189.1, 195.567, 198.167, 203.333, 210.6, 211.467, 214.4, 217.2, 219.433, 225.433, 227.7, 289.567, 291.967, 292.833, 305.833, 356.533, 399.133, 438.5, 467.967]"
8400,239.69660000000002,373.26930552460925,176.52716520754561,207.74009999999998,219.59999999999999,251.53320000000002,"[151.433, 154.333, 155.7, 161.967, 176.333, 178.067, 202.167, 203.067, 205.267, 208.8, 209.4, 211.3, 212.5, 218.6, 218.933, 220.267, 224.933, 227.633, 234.633, 244.033, 250.233, 254.567, 261.533, 268.633, 273.133, 290.867, 301.433, 332.133, 450.467, 488.533]"
8750,255.42116666666666,397.75650342120895,188.10769316573828,212.7099,236.23349999999999,286.25989999999996,"[147.967, 155.3, 176.9, 183.1, 193.5, 200.5, 206.667, 208.6, 210.633, 213.6, 215.367, 225.7, 225.767, 229.967, 230.3, 242.167, 249.433, 256.567, 278.367, 280.733, 284.9, 289.433, 289.767, 292.0, 298.833, 314.067, 330.367, 341.0, 345.233, 545.9]"
9100,292.5866666666667,455.63275354104735,215.47862941815509,241.31700000000001,254.0,307.55989999999997,"[123.333, 153.3, 164.933, 179.867, 189.333, 195.567, 226.0, 229.8, 236.067, 243.567, 243.667, 244.4, 244.833, 245.6, 253.767, 254.233, 279.967, 285.367, 293.967, 297.767, 302.6, 319.133, 319.833, 336.533, 398.5, 445.133, 458.0, 460.833, 556.8, 594.9]"
9450,290.76676666666668,452.79870078800775,214.138344291202,240.52700000000002,266.11699999999996,316.05319999999995,"[125.6, 152.4, 167.3, 194.567, 207.5, 209.533, 212.4, 218.967, 233.667, 243.467, 245.2, 245.6, 245.967, 263.8, 265.267, 266.967, 287.767, 303.2, 305.167, 310.167, 311.933, 325.667, 327.933, 371.3, 375.8, 384.8, 434.233, 457.667, 460.8, 568.367]"
9800,287.30556666666666,447.40872145462635,211.58930594766122,216.40700000000001,252.36699999999999,308.1631999999999,"[152.9, 165.433, 166.7, 175.933, 182.2, 199.633, 208.9, 209.9, 212.767, 217.967, 220.9, 238.233, 239.067, 241.1, 244.767, 259.967, 273.467, 275.333, 293.633, 295.867, 296.933, 334.367, 334.433, 359.067, 359.767, 367.1, 416.433, 437.6, 547.833, 690.967]"
10150,319.19233333333335,497.06462499723784,235.07266168696304,208.2869,283.88300000000004,343.92309999999992,"[120.067, 161.1, 175.833, 176.467, 180.867, 192.833, 202.267, 205.1, 206.0, 209.267, 217.933, 230.467, 239.667, 268.7, 278.933, 288.833, 292.067, 298.933, 312.967, 330.5, 335.833, 362.8, 369.133, 380.467, 414.4, 446.4, 463.5, 509.733, 584.833, 1119.87]"
10500,337.34219999999999,525.32863928042298,248.43932817936044,265.6968,321.73349999999999,380.55689999999998,"[123.733, 132.533, 154.533, 176.367, 209.1, 210.9, 230.933, 261.067, 264.833, 266.067, 278.733, 287.733, 292.333, 296.1, 321.3, 322.167, 354.2, 360.367, 368.1, 371.267, 379.467, 383.1, 401.833, 401.9, 473.2, 484.867, 491.1, 499.967, 589.333, 733.133]"
10850,368.5299333333333,573.89596798771402,271.40787322581588,259.93309999999997,351.71699999999998,426.24299999999999,"[165.4, 182.6, 195.133, 201.267, 214.233, 240.233, 243.2, 244.067, 256.9, 261.233, 292.433, 313.5, 325.867, 327.333, 350.567, 352.867, 373.3, 379.0, 391.633, 406.5, 424.533, 430.233, 442.533, 442.967, 448.033, 461.6, 567.1, 580.233, 700.9, 840.5]"
11200,402.05213333333336,626.09866220055244,296.09566161130152,280.57999999999998,345.83299999999997,371.87009999999998,"[182.333, 212.833, 216.267, 234.767, 247.367, 266.5, 266.5, 268.0, 278.2, 281.6, 312.967, 322.2, 336.433, 340.1, 344.133, 347.533, 348.967, 352.7, 355.233, 357.767, 367.8, 381.367, 415.767, 464.5, 475.267, 480.5, 672.133, 824.133, 979.767, 1127.93]"
11550,410.11556666666667,638.6555034760537,302.0340646932533,307.64009999999996,372.4665,422.51009999999997,"[177.933, 202.667, 209.6, 250.4, 251.2, 257.467, 265.867, 273.667, 302.367, 309.9, 323.533, 329.133, 342.533, 370.9, 372.0, 372.933, 378.033, 382.333, 382.467, 395.733, 421.2, 425.567, 447.2, 500.4, 522.233, 569.767, 711.4, 812.7, 822.467, 919.867]"
11900,452.5043,704.66567238709047,333.2517078808159,340.54309999999998,414.71699999999998,482.66309999999993,"[226.667, 226.8, 231.8, 285.6, 288.267, 292.433, 292.633, 297.167, 297.4, 359.033, 360.867, 374.367, 375.033, 407.733, 407.767, 421.667, 425.267, 452.233, 453.833, 474.333, 475.233, 500.0, 500.433, 520.667, 551.533, 674.067, 716.3, 718.533, 843.933, 1123.53]"
12250,489.53006666666664,762.32432173874122,360.51973600179343,356.13689999999997,407.03300000000002,446.05689999999998,"[227.433, 279.0, 282.867, 292.167, 304.533, 330.7, 338.633, 339.367, 351.4, 358.167, 369.967, 380.267, 387.5, 397.233, 398.733, 415.333, 434.567, 437.1, 441.367, 445.2, 445.567, 447.2, 588.767, 671.567, 689.667, 804.867, 876.7, 951.333, 997.8, 1000.9]"
12600,537.4944333333334,837.01718695082343,395.84361493308393,405.25989999999996,469.0335,567.31009999999992,"[217.1, 261.867, 288.167, 341.367, 349.0, 357.567, 362.3, 367.7, 387.433, 412.9, 430.1, 431.533, 441.933, 457.833, 462.6, 475.467, 479.667, 511.033, 516.333, 541.267, 563.9, 575.267, 584.133, 608.833, 758.8, 771.967, 907.233, 915.933, 1115.13, 1230.47]"
12950,622.39340000000004,969.22673154771633,458.36838130322258,399.31700000000001,558.78300000000002,619.41999999999996,"[231.933, 262.233, 276.533, 295.967, 315.667, 320.233, 350.933, 391.333, 398.267, 399.767, 413.133, 429.133, 456.367, 488.067, 558.433, 559.133, 582.633, 590.2, 594.467, 600.033, 617.5, 623.9, 673.9, 738.9, 750.467, 1124.1, 1132.9, 1223.67, 1252.13, 2019.87]"
13300,635.66353333333325,989.89174495863767,468.14131516736364,444.29999999999995,547.75,714.13009999999997,"[255.6, 328.0, 344.933, 345.033, 355.5, 360.833, 362.367, 390.833, 413.5, 457.5, 458.033, 478.667, 491.133, 512.267, 522.167, 573.333, 620.0, 622.167, 624.433, 680.233, 705.5, 734.267, 748.467, 785.867, 972.0, 989.633, 1026.37, 1110.23, 1287.57, 1513.47]"
13650,716.42976666666664,1115.6655599654916,527.62248517488365,484.20989999999995,706.4665,800.32320000000004,"[311.233, 315.667, 334.833, 379.933, 380.267, 382.567, 400.233, 424.933, 477.933, 486.9, 540.967, 547.433, 603.067, 684.5, 704.2, 708.733, 712.9, 712.967, 726.8, 793.467, 795.033, 812.667, 923.5, 1044.33, 1115.87, 1116.3, 1162.23, 1241.17, 1315.53, 1336.73]"
14000,789.64329999999995,1229.6778769626296,581.54138721254901,612.23320000000001,738.15000000000009,876.83320000000003,"[326.467, 353.233, 364.167, 407.367, 411.167, 527.9, 584.067, 593.467, 611.767, 612.433, 621.867, 631.533, 649.8, 697.667, 718.167, 758.133, 775.0, 775.767, 802.633, 855.667, 875.533, 879.867, 917.933, 931.4, 960.367, 1158.5, 1193.03, 1298.6, 1314.4, 2081.4]"
14350,854.1266333333333,1330.0950253545768,629.03083861263804,587.89699999999993,750.01649999999995,908.73319999999978,"[287.067, 327.767, 337.8, 373.533, 436.0, 465.567, 468.067, 472.233, 541.067, 607.967, 612.767, 615.567, 623.867, 734.567, 747.3, 752.733, 773.533, 804.033, 880.767, 882.567, 882.833, 969.167, 1019.83, 1118.77, 1176.8, 1181.43, 1231.67, 1992.63, 2073.4, 2232.5]"
14700,952.71253333333334,1483.6186482491803,701.63549573516116,580.24000000000001,817.96699999999998,1147.53,"[288.6, 366.133, 396.8, 415.733, 420.333, 483.167, 492.033, 505.233, 573.8, 583.0, 588.4, 695.633, 733.467, 764.6, 811.867, 824.067, 829.5, 914.033, 921.767, 1142.27, 1143.03, 1158.03, 1177.23, 1197.17, 1204.9, 1309.5, 1890.37, 2089.77, 2213.37, 2447.57]"
15050,975.25436666666667,1518.7220851505999,718.23667379490121,630.09989999999993,888.53300000000002,1123.559,"[360.267, 375.533, 444.9, 446.967, 447.267, 488.8, 551.167, 559.267, 566.633, 657.3, 711.967, 750.033, 803.167, 826.0, 834.933, 942.133, 969.0, 970.167, 1060.47, 1079.33, 1099.4, 1179.93, 1211.23, 1422.83, 1460.5, 1662.97, 1664.57, 1763.47, 1804.6, 2142.83]"
15400,999.71843333333334,1556.8189341462653,736.25350147670849,809.89699999999993,992.33500000000004,1231.8699999999999,"[300.967, 387.833, 413.8, 462.933, 626.3, 650.633, 693.233, 711.467, 716.867, 849.767, 858.333, 871.733, 914.767, 937.0, 969.4, 1015.27, 1017.57, 1080.5, 1096.47, 1176.9, 1225.57, 1246.57, 1276.07, 1341.0, 1364.23, 1401.53, 1505.4, 1593.57, 1640.87, 1645.0]"
15750,1077.6210999999998,1678.1334387540978,793.62576670189321,825.95299999999997,1009.865,1280.23,"[314.5, 407.367, 457.167, 494.533, 550.1, 608.733, 729.267, 755.867, 788.433, 842.033, 869.367, 900.433, 946.533, 988.9, 996.8, 1022.93, 1063.3, 1156.4, 1171.57, 1197.1, 1274.8, 1292.9, 1368.37, 1424.73, 1533.1, 1565.27, 1616.27, 1760.8, 1779.23, 2451.83]"
16100,1075.1612,1674.3027412612676,791.81414662178349,885.19000000000005,1028.6000000000001,1341.1289999999999,"[391.733, 394.4, 469.733, 526.133, 555.367, 605.433, 618.967, 820.467, 867.9, 892.6, 969.2, 988.833, 988.933, 999.267, 1006.07, 1051.13, 1054.77, 1217.3, 1279.63, 1335.07, 1338.57, 1347.1, 1429.13, 1464.57, 1474.13, 1476.33, 1524.47, 1528.67, 1539.13, 2099.8]"
16450,1274.9847666666667,1985.4794703309208,938.97638323810463,904.16999999999985,1162.365,1581.6999999999996,"[362.033, 465.633, 533.733, 610.533, 733.367, 791.067, 811.533, 851.7, 901.3, 905.4, 907.867, 920.467, 978.8, 1027.9, 1125.0, 1199.73, 1217.87, 1298.5, 1332.97, 1444.7, 1536.97, 1686.07, 1692.87, 1811.0, 1977.33, 2049.7, 2075.87, 2280.9, 2287.33, 2431.4]"
16800,1404.9475333333332,2187.8649512168554,1034.688874705219,1122.1319999999998,1421.75,1664.4109999999998,"[434.467, 473.4, 721.6, 780.233, 833.133, 847.4, 871.033, 1054.87, 1090.17, 1135.83, 1218.3, 1222.13, 1342.5, 1349.4, 1395.87, 1447.63, 1458.4, 1483.7, 1560.8, 1658.17, 1659.53, 1675.8, 1696.1, 1815.5, 1919.93, 2076.6, 2093.2, 2159.8, 2332.13, 2340.8]"
17150,1470.0319999999999,2289.2182189440837,1082.6210372795388,1068.3600000000001,1529.9000000000001,1850.4919999999997,"[404.867, 449.1, 702.8, 745.833, 761.567, 806.933, 950.3, 1041.5, 1053.1, 1074.9, 1114.87, 1146.5, 1232.27, 1442.73, 1468.8, 1591.0, 1599.37, 1658.97, 1668.07, 1684.6, 1825.73, 1908.27, 2026.6, 2043.17, 2083.87, 2140.07, 2170.43, 2196.8, 2523.07, 2584.87]"
17500,1443.3728333333333,2247.7030342166759,1062.9876043544903,1101.1209999999999,1351.115,1788.8009999999999,"[469.067, 546.667, 682.367, 772.267, 878.5, 886.267, 967.967, 973.333, 1092.0, 1105.03, 1183.67, 1222.87, 1236.33, 1305.93, 1308.9, 1393.33, 1493.9, 1674.47, 1753.6, 1760.6, 1784.43, 1799.0, 1834.23, 1838.63, 1873.6, 1962.6, 2034.23, 2148.43, 2326.4, 2992.57]"
17850,1511.2827666666667,2353.4562808357596,1113.0006125522152,1294.9409999999998,1571.0,1702.4399999999996,"[462.0, 483.733, 826.6, 867.5, 875.233, 969.267, 1032.13, 1157.3, 1180.47, 1344.0, 1369.83, 1384.77, 1467.4, 1518.77, 1533.03, 1608.97, 1615.43, 1654.57, 1662.77, 1664.5, 1671.0, 1775.8, 1931.17, 1962.2, 2132.9, 2163.9, 2169.7, 2182.7, 2272.57, 2398.27]"
18200,1668.0831000000001,2597.6347611703186,1228.4779215625704,1398.2279999999998,1739.8,1861.75,"[479.167, 522.633, 628.233, 664.7, 775.5, 889.5, 918.7, 1149.83, 1344.23, 1421.37, 1462.43, 1487.73, 1648.17, 1706.17, 1738.57, 1741.03, 1771.67, 1796.73, 1802.97, 1804.03, 1851.13, 1886.53, 1909.53, 2030.5, 2092.97, 2219.07, 2351.33, 3126.67, 3365.0, 3456.4]"
18550,1715.3646666666668,2671.2643310256362,1263.2989450157118,1410.8899999999999,1651.9200000000001,2076.192,"[438.3, 489.333, 853.767, 880.9, 1083.1, 1156.43, 1248.83, 1292.7, 1301.2, 1457.9, 1514.37, 1526.7, 1537.4, 1594.93, 1601.87, 1701.97, 1850.33, 1972.87, 1992.57, 1992.73, 2063.73, 2105.27, 2111.73, 2227.77, 2445.47, 2512.07, 2537.57, 2538.53, 2571.07, 2859.53]"
18900,1881.5358999999999,2930.0357147853601,1385.6775551394053,1533.9499999999998,1808.55,2177.1500000000001,"[514.6, 814.767, 1102.97, 1197.63, 1298.77, 1353.8, 1355.67, 1406.73, 1470.67, 1561.07, 1583.07, 1699.67, 1705.6, 1710.6, 1720.53, 1896.57, 2004.03, 2038.0, 2075.1, 2120.0, 2154.8, 2229.3, 2231.03, 2255.7, 2352.9, 2364.23, 2498.33, 3079.07, 3171.87, 3479.0]"
19250,1887.4112333333333,2939.1851211309609,1390.0045082041661,1607.4920000000002,1913.8199999999999,2151.4000000000001,"[531.967, 664.233, 956.967, 1191.67, 1234.37, 1278.8, 1317.2, 1358.83, 1598.77, 1611.23, 1708.6, 1804.07, 1816.93, 1848.93, 1892.57, 1935.07, 1944.43, 1947.23, 2011.8, 2125.73, 2151.4, 2151.4, 2155.2, 2217.6, 2340.9, 2356.07, 2697.37, 2837.03, 2858.37, 4077.6]"
19600,1820.9913333333332,2835.7522399552831,1341.0888512429549,1543.8480000000002,1758.23,2028.7199999999998,"[537.8, 948.9, 1311.23, 1364.43, 1367.57, 1383.93, 1418.17, 1440.83, 1534.93, 1547.67, 1584.17, 1608.33, 1668.17, 1689.1, 1701.13, 1815.33, 1943.77, 1977.7, 1991.97, 2008.3, 2015.37, 2059.87, 2077.17, 2247.33, 2275.2, 2294.8, 2480.47, 2536.0, 2668.87, 3131.23]"
19950,1896.8500999999999,2953.883866151149,1396.9558641075816,1686.529,1906.6999999999998,2164.1299999999997,"[615.633, 1276.03, 1279.77, 1398.27, 1430.57, 1463.23, 1490.4, 1589.57, 1665.83, 1695.4, 1753.7, 1757.17, 1815.53, 1854.17, 1895.83, 1917.57, 1919.3, 1943.83, 2094.47, 2112.67, 2153.33, 2189.33, 2201.93, 2225.47, 2277.1, 2345.5, 2472.3, 2499.77, 2574.63, 2997.2]"
20300,1987.9098999999999,3095.6874140830346,1464.0178431192412,1558.0810000000001,2010.2350000000001,2413.6500000000001,"[580.567, 1030.97, 1052.77, 1197.63, 1234.2, 1265.4, 1294.1, 1453.17, 1492.4, 1586.23, 1693.2, 1781.57, 1862.63, 1864.33, 1986.97, 2033.5, 2123.8, 2327.43, 2363.33, 2368.83, 2409.57, 2423.17, 2478.5, 2586.8, 2610.33, 2675.77, 2843.5, 2918.47, 2925.43, 3172.73]"
20650,2038.7076666666667,3174.7926124290589,1501.4284102634599,1686.29,2135.8499999999999,2433.0919999999996,"[1131.23, 1132.33, 1149.17, 1150.23, 1191.67, 1242.93, 1392.33, 1539.63, 1594.1, 1725.8, 1740.5, 1790.83, 1971.9, 2080.67, 2133.43, 2138.27, 2199.83, 2261.77, 2298.5, 2353.33, 2402.63, 2504.17, 2528.5, 2658.9, 2675.2, 2704.57, 2733.67, 2844.3, 2927.97, 2962.87]"
21000,2044.694,3184.1148743467179,1505.8371104841592,1742.4200000000001,2008.3800000000001,2240.5389999999998,"[1130.97, 1197.07, 1210.9, 1220.0, 1573.13, 1649.77, 1662.57, 1680.93, 1719.53, 1752.23, 1769.27, 1812.03, 1954.53, 1992.3, 1992.43, 2024.33, 2138.3, 2178.73, 2187.83, 2193.7, 2194.3, 2348.43, 2391.1, 2404.27, 2439.33, 2625.8, 2651.67, 2728.27, 3148.2, 3368.9]"
21350,2067.3183333333336,3219.3467849841259,1522.4990465652045,1849.8800000000001,1999.5999999999999,2196.5999999999995,"[935.1, 1178.73, 1373.0, 1574.6, 1606.17, 1623.07, 1651.0, 1788.97, 1795.7, 1873.1, 1910.3, 1913.9, 1915.07, 1940.37, 1981.37, 2017.83, 2056.77, 2155.37, 2156.0, 2168.03, 2177.37, 2241.47, 2243.13, 2450.27, 2460.13, 2545.17, 2566.1, 2762.23, 3286.33, 3672.9]"
21700,2207.6876666666667,3437.9379688819604,1625.8755671141248,2064.8199999999997,2262.1500000000001,2499.328,"[1313.6, 1327.63, 1453.1, 1540.33, 1572.0, 1698.77, 1833.9, 1897.43, 2055.37, 2068.87, 2081.97, 2126.43, 2130.93, 2231.33, 2246.07, 2278.23, 2322.27, 2353.6, 2387.23, 2402.57, 2494.57, 2510.43, 2604.43, 2612.9, 2619.27, 2693.0, 2757.93, 2796.27, 2803.33, 3016.87]"
22050,2308.0820000000003,3594.2777879780156,1699.8120646123571,1925.1989999999998,2296.48,2503.4699999999993,"[1461.1, 1505.67, 1631.6, 1769.7, 1776.07, 1777.93, 1881.23, 1906.33, 1912.83, 1930.5, 2018.57, 2174.17, 2191.87, 2235.67, 2236.43, 2356.53, 2357.03, 2375.77, 2377.47, 2383.83, 2448.87, 2630.87, 2650.57, 2677.27, 2832.4, 2915.17, 2941.9, 3022.97, 3403.67, 3458.47]"
22400,2242.3753333333329,3491.9555946928213,1651.421676088265,1972.4199999999998,2135.4499999999998,2418.5819999999999,"[1346.47, 1550.23, 1572.93, 1646.23, 1681.67, 1825.5, 1854.9, 1879.57, 1902.63, 2002.33, 2046.17, 2073.3, 2102.37, 2131.73, 2133.23, 2137.67, 2154.0, 2335.7, 2342.33, 2399.1, 2400.33, 2461.17, 2484.23, 2563.23, 2726.57, 2841.4, 2958.27, 3019.37, 3124.7, 3573.93]"
22750,2276.2840000000001,3544.7601169844702,1676.3940820491102,1991.0899999999999,2242.3850000000002,2531.0419999999995,"[1376.43, 1379.83, 1433.63, 1447.4, 1498.9, 1744.5, 1750.83, 1920.17, 1928.37, 2017.97, 2020.03, 2025.87, 2114.03, 2149.27, 2192.67, 2292.1, 2327.1, 2330.27, 2359.33, 2462.23, 2499.83, 2603.87, 2657.6, 2675.23, 2828.73, 2910.2, 2954.33, 3145.53, 3444.87, 3797.4]"
23100,2174.9070000000002,3386.8900329441944,1601.7338890082187,1907.46,2156.2849999999999,2352.3819999999996,"[1264.2, 1280.93, 1502.7, 1700.53, 1726.67, 1795.17, 1797.67, 1801.97, 1815.97, 1946.67, 2004.0, 2076.73, 2081.57, 2147.5, 2150.3, 2162.27, 2196.43, 2267.43, 2273.3, 2290.1, 2336.83, 2388.67, 2447.33, 2654.33, 2669.57, 2757.67, 2767.47, 2860.03, 3011.37, 3071.83]"
23450,2417.5606666666667,3764.7642524352791,1780.4388180889125,2161.3589999999999,2497.52,2729.7089999999998,"[1242.9, 1427.57, 1476.3, 1640.0, 1689.73, 1699.8, 1800.67, 1948.0, 2026.0, 2219.37, 2220.5, 2315.37, 2340.43, 2376.57, 2491.77, 2503.27, 2564.07, 2595.43, 2595.83, 2605.2, 2687.67, 2827.8, 2840.27, 2943.8, 2974.67, 3114.47, 3229.3, 3341.4, 3351.63, 3437.03]"
23800,2424.8503333333333,3776.1161398386571,1785.8073723027585,2001.692,2386.3649999999998,2737.4299999999998,"[1307.13, 1667.7, 1718.6, 1770.6, 1783.13, 1809.73, 1969.17, 1971.73, 1996.47, 2003.93, 2037.57, 2241.07, 2284.93, 2290.9, 2382.83, 2389.9, 2390.43, 2396.03, 2409.1, 2664.5, 2723.33, 2770.33, 2795.33, 2878.23, 3107.23, 3113.7, 3168.67, 3306.97, 3342.97, 4053.3]"
24150,2664.5793333333336,4149.4359005032184,1962.3583988423079,2145.2489999999998,2738.1850000000004,3098.029,"[1605.13, 1823.33, 1963.2, 1964.7, 1974.93, 2017.8, 2058.13, 2123.6, 2143.73, 2145.9, 2205.33, 2214.33, 2288.6, 2602.1, 2717.8, 2758.57, 2768.47, 2791.9, 2889.17, 2948.63, 3083.8, 3131.23, 3157.77, 3282.57, 3301.43, 3338.83, 3344.7, 3589.53, 3807.47, 3894.7]"
24500,2535.9763333333331,3949.1679263292772,1867.6473223097826,2112.1199999999999,2480.1149999999998,2772.0099999999993,"[1471.9, 1699.33, 1781.6, 1819.53, 1920.1, 1962.07, 2064.2, 2066.5, 2096.93, 2118.63, 2194.2, 2222.2, 2251.6, 2297.53, 2438.3, 2521.93, 2600.1, 2622.67, 2647.17, 2665.27, 2694.67, 2952.47, 3011.37, 3130.43, 3137.53, 3181.63, 3193.63, 3450.4, 3662.13, 4203.27]"
24850,2572.2779999999998,4005.6989655932989,1894.382079118915,2433.6799999999998,2589.4499999999998,2783.0319999999997,"[1646.37, 1783.23, 1805.57, 1810.17, 1843.4, 1880.2, 2237.17, 2370.43, 2425.7, 2437.1, 2492.33, 2493.53, 2526.27, 2543.0, 2555.43, 2623.47, 2645.47, 2706.0, 2710.87, 2764.2, 2770.93, 2811.27, 2815.07, 2852.7, 2861.97, 3094.03, 3134.37, 3274.93, 3442.13, 3811.03]"
25200,2492.538333333333,3881.5237791307859,1835.6569352859976,2042.3789999999999,2545.77,2872.21,"[1688.5, 1753.4, 1838.53, 1849.73, 1885.4, 1898.87, 1955.37, 2027.8, 2029.73, 2047.8, 2067.37, 2075.57, 2301.17, 2325.27, 2437.97, 2653.57, 2689.3, 2748.77, 2811.4, 2837.53, 2857.3, 2907.0, 2979.9, 2996.33, 3032.17, 3038.73, 3074.17, 3130.1, 3259.53, 3577.87]"
25550,2624.6909999999998,4087.3194980099511,1932.982202399859,2376.7310000000002,2644.9499999999998,3093.1689999999999,"[1317.2, 1712.33, 1799.0, 1881.13, 1898.2, 1924.43, 2023.43, 2174.97, 2352.7, 2387.03, 2432.0, 2469.47, 2501.37, 2561.67, 2627.9, 2662.0, 2783.3, 2820.37, 2914.87, 2968.47, 3091.0, 3098.23, 3140.7, 3207.37, 3244.93, 3247.03, 3344.63, 3359.77, 3374.13, 3421.1]"
25900,2622.2739999999999,4083.5556068598353,1931.2021764908284,2245.1220000000003,2511.9499999999998,2909.6179999999995,"[1653.2, 1654.03, 1957.97, 2001.67, 2101.97, 2110.97, 2136.4, 2170.13, 2230.87, 2251.23, 2257.97, 2287.77, 2348.93, 2372.93, 2398.67, 2625.23, 2749.67, 2760.17, 2793.07, 2846.97, 2868.77, 3004.93, 3202.43, 3216.47, 3262.2, 3337.13, 3363.47, 3536.3, 3538.9, 3627.8]"
26250,2654.4543333333336,4133.668669268246,1954.9017325911955,2483.0889999999999,2635.585,2870.7309999999998,"[1892.9, 2118.87, 2134.1, 2142.43, 2166.93, 2212.17, 2267.83, 2336.9, 2377.9, 2528.17, 2534.1, 2553.9, 2582.9, 2599.7, 2624.6, 2646.57, 2700.03, 2702.17, 2712.23, 2751.77, 2832.43, 2960.1, 2995.93, 3007.33, 3024.27, 3031.07, 3107.3, 3269.1, 3307.3, 3512.63]"
26600,2713.9433333333336,4226.3083550892106,1998.7130529479787,2270.2110000000002,2641.3850000000002,2948.5179999999996,"[1777.17, 1828.8, 1953.2, 1971.03, 2062.5, 2159.43, 2172.07, 2237.8, 2266.9, 2271.63, 2398.5, 2487.43, 2535.53, 2560.83, 2582.5, 2700.27, 2707.37, 2813.5, 2820.9, 2906.43, 2913.37, 3030.53, 3076.83, 3138.27, 3194.47, 3617.4, 3627.6, 3695.8, 3950.07, 3960.17]"
26950,2716.224666666667,4229.8609783179236,2000.3931656664183,2451.6090000000004,2724.1000000000004,2929.0,"[1841.67, 1951.57, 1997.0, 2103.8, 2222.2, 2234.57, 2250.93, 2311.03, 2432.8, 2459.67, 2493.5, 2527.8, 2534.6, 2645.63, 2672.9, 2775.3, 2826.93, 2841.5, 2857.57, 2885.23, 2911.27, 2970.37, 3066.4, 3069.2, 3076.47, 3229.97, 3276.97, 3295.13, 3708.43, 4016.33]"
27300,2666.8003333333331,4152.8945692017733,1963.9940784219343,2390.1280000000002,2662.335,2861.0309999999999,"[1634.77, 1833.4, 1860.0, 2119.0, 2286.43, 2344.87, 2357.83, 2366.0, 2385.13, 2392.27, 2423.3, 2527.23, 2574.07, 2589.0, 2658.17, 2666.5, 2748.47, 2758.2, 2769.43, 2796.37, 2854.83, 2875.5, 2953.23, 2992.17, 2992.4, 3169.0, 3241.07, 3361.4, 3668.3, 3805.67]"
27650,2723.8943333333332,4241.8046235355514,2006.0415750087011,2491.4690000000001,2662.4700000000003,2925.9009999999998,"[1813.87, 1978.0, 2190.17, 2216.27, 2227.47, 2267.63, 2433.93, 2445.83, 2460.9, 2504.57, 2521.53, 2542.2, 2566.3, 2640.8, 2653.57, 2671.37, 2720.1, 2760.13, 2820.5, 2876.7, 2884.03, 3023.6, 3055.0, 3117.1, 3196.07, 3212.2, 3341.0, 3355.93, 3594.13, 3625.93]"
28000,2691.9886666666666,4192.1192878279689,1982.5443001590643,2397.2199999999998,2685.8000000000002,2943.7689999999998,"[1573.83, 1805.53, 2019.67, 2081.8, 2088.03, 2199.87, 2293.7, 2328.43, 2341.43, 2421.13, 2475.43, 2504.1, 2540.0, 2608.07, 2630.4, 2741.2, 2773.43, 2790.13, 2867.67, 2873.77, 2905.57, 3032.9, 3036.4, 3217.93, 3253.57, 3339.27, 3361.37, 3366.8, 3507.5, 3780.73]"
28350,2687.4553333333333,4185.0597209211173,1979.2056775742037,2507.5889999999999,2773.1350000000002,2927.8099999999999,"[1796.03, 1965.0, 2031.9, 2034.9, 2091.27, 2227.73, 2229.1, 2273.17, 2358.3, 2571.57, 2573.5, 2649.0, 2679.23, 2759.33, 2769.9, 2776.37, 2793.97, 2838.77, 2841.13, 2896.9, 2920.13, 2945.73, 2949.43, 3020.4, 3142.97, 3145.5, 3151.0, 3217.3, 3445.63, 3528.5]"
28700,2888.8553333333334,4498.6913624740482,2127.5288956457143,2604.4499999999998,2893.6149999999998,3209.0100000000002,"[1924.33, 2191.53, 2264.67, 2346.63, 2374.0, 2448.13, 2541.93, 2573.67, 2579.67, 2615.07, 2697.5, 2708.6, 2742.63, 2804.6, 2882.03, 2905.2, 2919.07, 2929.3, 3024.17, 3027.93, 3204.93, 3218.53, 3230.6, 3260.67, 3374.23, 3390.5, 3435.07, 3536.97, 3715.4, 3798.1]"
29050,2705.3536666666669,4212.9320330581331,1992.3870996105327,2494.04,2664.25,2890.6300000000001,"[1795.67, 2052.17, 2086.03, 2115.1, 2153.37, 2170.57, 2374.03, 2468.87, 2472.9, 2503.1, 2507.93, 2514.2, 2605.6, 2637.97, 2641.5, 2687.0, 2705.3, 2761.17, 2834.43, 2848.17, 2881.03, 2913.03, 2992.77, 3061.2, 3102.03, 3279.7, 3339.73, 3358.3, 3483.27, 3814.47]"
29400,2802.3786666666665,4364.0249328678301,2063.8422149699581,2618.6319999999996,2808.665,2984.6089999999995,"[1975.17, 2293.8, 2353.8, 2369.7, 2453.77, 2470.43, 2499.83, 2514.73, 2534.17, 2654.83, 2700.0, 2727.17, 2783.4, 2786.37, 2804.1, 2813.23, 2865.53, 2868.57, 2899.5, 2928.57, 2946.2, 3074.23, 3102.33, 3114.87, 3125.93, 3130.73, 3180.27, 3214.93, 3426.63, 3458.57]"
29750,2893.6453333333334,4506.1506254484193,2131.0565431857467,2437.1779999999999,2827.6199999999999,3350.8799999999997,"[1719.8, 1728.6, 1821.87, 1970.07, 2132.87, 2400.17, 2420.77, 2423.47, 2430.43, 2440.07, 2650.57, 2656.73, 2677.23, 2723.57, 2804.67, 2850.57, 2872.7, 2999.77, 3142.4, 3242.33, 3335.1, 3387.7, 3427.07, 3448.9, 3471.93, 3527.73, 3670.27, 3755.2, 3947.53, 4729.27]"
30100,2802.627,4364.4116517903012,2064.0251027512613,2552.0309999999999,2765.0,3043.3110000000001,"[1745.23, 1846.77, 1937.37, 2259.8, 2335.43, 2404.2, 2442.13, 2476.6, 2503.5, 2572.83, 2583.37, 2674.23, 2711.17, 2739.67, 2758.67, 2771.33, 2822.43, 2914.87, 2927.03, 3024.0, 3038.4, 3054.77, 3282.57, 3305.63, 3312.47, 3352.1, 3393.5, 3570.27, 3589.57, 3728.9]"
30450,2873.3346666666666,4474.5216893625166,2116.0985320577543,2582.5079999999998,2810.0299999999997,3098.011,"[1968.63, 2028.43, 2091.6, 2427.33, 2479.23, 2514.9, 2519.37, 2548.87, 2570.23, 2587.77, 2607.03, 2621.4, 2641.6, 2796.5, 2802.93, 2817.13, 2860.83, 2912.23, 2995.4, 3064.7, 3089.2, 3118.57, 3203.43, 3224.73, 3234.07, 3322.07, 3497.33, 3550.17, 3842.93, 4261.43]"
30800,2957.9406666666669,4606.2750094480543,2178.4075399433464,2590.8989999999999,2877.25,3187.5209999999997,"[1808.17, 1958.07, 2242.17, 2328.87, 2333.3, 2404.6, 2411.1, 2412.37, 2447.7, 2652.27, 2656.1, 2680.63, 2775.7, 2840.87, 2859.23, 2895.27, 2920.9, 2974.97, 3122.93, 3144.97, 3185.1, 3193.17, 3275.53, 3412.7, 3635.43, 3744.07, 3883.2, 3948.1, 4134.1, 4456.63]"
31150,2900.8710000000001,4517.4028483778193,2136.3779639042777,2336.078,2660.4499999999998,3455.2489999999998,"[1938.83, 1953.93, 1978.5, 2124.43, 2192.97, 2205.73, 2269.87, 2272.5, 2334.93, 2336.57, 2457.27, 2553.93, 2567.2, 2602.53, 2617.3, 2703.6, 2844.87, 2945.97, 3087.23, 3146.9, 3448.4, 3471.23, 3609.67, 3691.1, 3716.77, 3745.87, 3746.2, 3950.93, 4119.7, 4391.2]"
31500,2806.4223333333334,4370.3219627315821,2066.8202172182628,2454.9009999999998,2676.6999999999998,2989.2509999999997,"[2103.43, 2198.3, 2228.23, 2257.1, 2287.57, 2344.33, 2378.17, 2392.57, 2416.17, 2471.5, 2512.07, 2612.63, 2612.87, 2615.37, 2622.43, 2730.97, 2797.0, 2837.43, 2865.13, 2870.13, 2950.83, 3078.9, 3089.97, 3256.87, 3281.03, 3387.27, 3418.33, 3545.2, 3800.4, 4230.47]"
31850,2876.0533333333337,4478.7553531634194,2118.1007236608516,2617.6099999999997,2868.9499999999998,3108.3419999999996,"[1604.6, 1907.33, 2347.97, 2366.13, 2395.33, 2411.17, 2475.37, 2572.87, 2602.7, 2624.0, 2638.53, 2709.47, 2726.07, 2748.4, 2855.9, 2882.0, 2986.8, 2999.93, 3055.17, 3062.73, 3078.63, 3177.67, 3199.57, 3417.2, 3442.83, 3447.7, 3448.83, 3559.73, 3631.7, 3905.27]"
32200,2814.6483333333331,4383.1319621527055,2072.8783442880549,2590.3090000000002,2802.2650000000003,3093.9099999999994,"[1887.2, 2037.53, 2194.0, 2279.27, 2296.23, 2335.9, 2390.43, 2453.87, 2579.9, 2594.77, 2627.93, 2662.13, 2702.7, 2794.13, 2800.73, 2803.8, 2837.47, 2907.53, 2917.43, 3046.43, 3056.23, 3181.83, 3205.0, 3269.17, 3272.37, 3327.17, 3335.77, 3423.37, 3553.43, 3665.73]"
32550,2806.9666666666667,4371.1696298462057,2067.2210974154004,2593.991,2875.4499999999998,3007.77,"[1860.27, 2013.93, 2281.67, 2381.37, 2391.03, 2429.9, 2471.67, 2559.77, 2575.77, 2601.8, 2636.0, 2656.97, 2673.07, 2674.8, 2856.83, 2894.07, 2909.67, 2962.43, 2987.43, 2999.07, 3002.13, 3020.93, 3040.33, 3116.8, 3232.8, 3280.8, 3285.73, 3378.5, 3472.63, 3560.83]"
32900,2766.5239999999999,4308.1899876642556,2037.4366561671711,2409.6309999999999,2739.2150000000001,3055.011,"[1947.87, 1982.23, 2000.73, 2026.57, 2251.47, 2258.9, 2356.17, 2372.53, 2406.6, 2410.93, 2444.83, 2479.73, 2628.77, 2670.3, 2703.13, 2775.3, 2802.6, 2835.67, 2969.23, 3013.2, 3046.83, 3074.1, 3074.97, 3141.03, 3152.07, 3278.43, 3391.5, 3500.53, 3746.9, 4252.6]"
33250,2803.4906666666666,4365.7566031032165,2064.6611594510678,2391.9089999999997,2711.2349999999997,3141.02,"[2108.03, 2119.77, 2163.87, 2243.8, 2287.67, 2325.0, 2337.1, 2342.67, 2391.23, 2392.2, 2489.77, 2540.77, 2576.3, 2640.27, 2649.77, 2772.7, 2796.73, 2844.47, 2942.6, 3118.67, 3124.1, 3180.5, 3208.63, 3286.93, 3320.9, 3481.83, 3512.13, 3540.27, 3615.27, 3750.77]"
33600,2879.1169999999997,4483.5262707693655,2120.3569942621339,2593.951,2805.7350000000001,3082.9209999999998,"[2016.4, 2099.1, 2267.83, 2296.17, 2351.07, 2385.13, 2410.4, 2564.77, 2582.1, 2599.03, 2623.33, 2661.03, 2661.67, 2700.4, 2759.57, 2851.9, 2853.53, 2894.43, 3009.27, 3050.2, 3064.9, 3124.97, 3187.27, 3325.0, 3489.8, 3562.33, 3618.8, 3620.77, 3863.27, 3879.07]"
33950,2845.5809999999997,4431.3020864043256,2095.6590427167212,2529.0799999999999,2846.8850000000002,3063.7209999999995,"[2034.73, 2172.4, 2225.3, 2265.1, 2314.07, 2325.3, 2459.67, 2470.07, 2483.23, 2548.73, 2601.37, 2609.3, 2733.83, 2794.23, 2823.87, 2869.9, 2901.5, 2956.7, 2973.3, 2974.9, 3027.1, 3149.17, 3158.2, 3261.6, 3263.93, 3275.63, 3422.53, 3450.47, 3468.1, 4353.2]"
34300,2879.8306666666667,4484.6376334713932,2120.8825818322948,2627.5519999999997,2906.3800000000001,2998.8109999999997,"[1444.27, 1717.9, 2274.33, 2278.37, 2314.57, 2324.93, 2356.87, 2387.57, 2595.87, 2641.13, 2646.67, 2734.6, 2740.67, 2808.97, 2903.53, 2909.23, 2915.5, 2936.83, 2952.17, 2960.3, 2986.73, 3027.0, 3191.9, 3283.4, 3454.67, 3606.07, 3777.4, 3903.97, 3914.57, 4404.93]"
34650,2881.5480000000002,4487.3119635231651,2122.1473306232656,2625.6399999999999,2855.77,3183.77,"[1941.6, 1949.63, 2138.87, 2162.77, 2321.63, 2388.87, 2531.5, 2558.47, 2587.77, 2641.87, 2714.8, 2780.4, 2807.2, 2830.37, 2847.67, 2863.87, 2905.7, 2946.13, 3036.47, 3048.9, 3178.67, 3195.67, 3215.77, 3295.47, 3338.77, 3512.33, 3557.7, 3588.47, 3640.03, 3919.07]"
35000,2881.4669999999996,4487.1858256732849,2122.0876772932565,2643.5409999999997,2986.8150000000001,3110.9499999999998,"[1938.97, 2009.7, 2154.93, 2343.63, 2363.57, 2412.0, 2532.0, 2588.13, 2603.2, 2660.83, 2689.7, 2761.17, 2830.3, 2874.43, 2982.83, 2990.8, 3000.83, 3010.6, 3030.57, 3075.03, 3102.1, 3131.6, 3139.2, 3201.73, 3266.63, 3313.87, 3405.83, 3571.57, 3697.33, 3760.93]"
35350,2883.402,4490.1991187537469,2123.5127290656915,2838.8890000000001,2943.415,3145.2199999999998,"[1456.43, 2048.7, 2083.73, 2098.7, 2108.37, 2469.23, 2619.6, 2653.77, 2811.4, 2850.67, 2855.37, 2861.47, 2871.4, 2888.27, 2925.8, 2961.03, 3072.17, 3094.23, 3115.87, 3136.4, 3139.73, 3158.03, 3169.73, 3203.43, 3221.77, 3354.03, 3504.5, 3536.1, 3554.4, 3677.73]"
35700,2907.9243333333334,4528.3867039475972,2141.5724678671922,2378.5390000000002,2869.4499999999998,3252.2899999999995,"[1932.93, 2085.9, 2118.6, 2123.8, 2136.47, 2190.6, 2285.33, 2317.7, 2348.53, 2391.4, 2537.4, 2559.7, 2564.47, 2765.0, 2858.77, 2880.13, 2895.97, 2999.53, 3084.37, 3133.3, 3221.03, 3325.23, 3423.0, 3427.7, 3457.43, 3593.53, 3622.57, 3778.77, 4461.07, 4717.5]"
36050,2957.5613333333331,4605.6842898054065,2178.1281757888187,2690.1089999999999,2995.9349999999999,3201.3699999999999,"[1824.9, 2294.07, 2328.5, 2389.6, 2422.33, 2438.93, 2512.1, 2536.83, 2601.93, 2727.9, 2791.9, 2814.13, 2967.23, 2971.87, 2983.0, 3008.87, 3038.97, 3049.27, 3140.43, 3144.3, 3179.17, 3253.17, 3258.7, 3284.73, 3342.97, 3397.97, 3479.8, 3673.07, 3764.1, 4106.1]"
36400,2897.1529999999998,4511.612965342596,2133.6398024107821,2548.1499999999996,2876.48,3103.73,"[1735.4, 2166.77, 2238.17, 2327.4, 2410.1, 2413.57, 2488.13, 2496.83, 2535.97, 2553.37, 2745.37, 2768.43, 2805.6, 2848.8, 2858.23, 2894.73, 2906.47, 3032.57, 3034.47, 3088.23, 3095.27, 3123.47, 3133.57, 3155.2, 3168.27, 3279.1, 3608.43, 3845.47, 3996.07, 4161.13]"
36750,2915.779,4540.6184417853219,2147.3571224693724,2503.2509999999997,2802.6700000000001,3279.5190000000002,"[1853.73, 2123.07, 2245.37, 2390.5, 2402.43, 2431.23, 2453.1, 2476.4, 2489.37, 2509.2, 2577.43, 2664.57, 2672.53, 2696.2, 2796.37, 2808.97, 2923.6, 2943.67, 2965.2, 3082.4, 3257.4, 3331.13, 3428.7, 3438.0, 3448.37, 3614.63, 3656.0, 3664.67, 3859.9, 4269.23]"
37100,3074.186666666667,4787.299953857002,2264.0181695756246,2739.5280000000002,3130.0,3442.3090000000002,"[2050.97, 2061.17, 2427.37, 2481.47, 2546.03, 2567.17, 2646.37, 2703.03, 2713.53, 2750.67, 2786.57, 2808.63, 3004.27, 3098.77, 3116.3, 3143.7, 3149.63, 3152.87, 3183.17, 3327.5, 3435.1, 3459.13, 3483.37, 3530.77, 3588.8, 3652.47, 3714.67, 3793.8, 3881.07, 3967.23]"
37450,2912.9833333333331,4536.2648691641625,2145.2982233797234,2603.8899999999999,3003.8499999999999,3144.6790000000001,"[1949.53, 2141.03, 2256.83, 2350.83, 2402.87, 2456.67, 2479.17, 2547.63, 2593.67, 2608.27, 2636.43, 2657.73, 2804.4, 2948.37, 2986.33, 3021.37, 3058.57, 3098.37, 3103.5, 3123.87, 3144.1, 3146.03, 3146.73, 3158.9, 3221.1, 3267.47, 3305.33, 3372.47, 3939.43, 4462.5]"
37800,3106.8146666666667,4838.1101484974633,2288.047414656246,2951.0079999999998,3068.75,3409.5420000000004,"[2251.5, 2362.6, 2482.87, 2504.63, 2558.1, 2684.83, 2718.33, 2930.83, 2931.73, 2959.27, 2965.53, 2979.27, 3000.87, 3021.57, 3058.7, 3078.8, 3167.1, 3178.9, 3181.5, 3309.23, 3402.03, 3427.07, 3434.87, 3437.3, 3535.33, 3591.67, 3594.97, 3686.0, 3729.17, 4039.87]"
38150,2966.627,4619.801866361704,2184.8046844976752,2735.7180000000003,2935.6199999999999,3262.0999999999999,"[2122.17, 2129.8, 2220.6, 2251.5, 2301.37, 2399.43, 2533.63, 2567.37, 2656.73, 2769.57, 2784.43, 2788.67, 2803.73, 2850.3, 2911.07, 2960.17, 3015.63, 3071.37, 3131.17, 3163.83, 3261.2, 3264.2, 3335.37, 3420.6, 3530.87, 3555.73, 3623.9, 3664.63, 3951.8, 3957.97]"
38500,2881.2406666666666,4486.8333664137444,2121.9209916509681,2640.1019999999999,2867.3150000000001,3099.4699999999998,"[1867.5, 2165.3, 2168.43, 2193.0, 2261.27, 2427.63, 2595.17, 2626.63, 2631.17, 2643.93, 2675.7, 2756.03, 2812.63, 2818.87, 2859.03, 2875.6, 2900.7, 2918.5, 2933.53, 3060.2, 3097.97, 3102.97, 3124.07, 3150.2, 3162.4, 3392.6, 3422.9, 3567.03, 4048.63, 4177.63]"
38850,2808.6963333333333,4373.8631660726505,2068.4949292236975,2685.9489999999996,2816.9499999999998,2973.46,"[1834.23, 2140.03, 2319.27, 2336.63, 2358.0, 2524.0, 2525.83, 2537.0, 2629.2, 2710.27, 2777.53, 2781.03, 2783.7, 2797.93, 2812.27, 2821.63, 2843.33, 2855.0, 2923.57, 2927.77, 2968.0, 2986.2, 3044.13, 3061.3, 3091.6, 3113.83, 3131.67, 3466.27, 3499.87, 3659.8]"
39200,2858.8426666666664,4451.9539150358769,2105.4257412122111,2581.5279999999998,3015.6999999999998,3209.7399999999998,"[1825.93, 2118.67, 2126.93, 2142.77, 2183.1, 2223.13, 2385.97, 2405.13, 2524.73, 2605.87, 2627.57, 2660.9, 2709.87, 2868.0, 3010.2, 3021.2, 3092.37, 3095.47, 3126.4, 3195.5, 3202.93, 3225.63, 3242.8, 3288.1, 3348.87, 3376.4, 3414.67, 3439.77, 3553.73, 3722.67]"
39550,2763.6306666666665,4303.6843229031183,2035.3058293997749,2541.1689999999999,2719.9350000000004,2964.8199999999997,"[1863.83, 1928.67, 1971.53, 2098.7, 2262.97, 2314.93, 2337.6, 2525.3, 2526.0, 2547.67, 2577.6, 2583.7, 2621.87, 2638.7, 2694.3, 2745.57, 2785.27, 2831.87, 2842.23, 2930.47, 2952.37, 2993.87, 3062.83, 3206.97, 3260.93, 3302.53, 3517.03, 3578.07, 3594.97, 3810.57]"
39900,2875.183,4477.4000201344634,2117.4597572219486,2584.0909999999999,2816.3850000000002,3095.3799999999997,"[1926.77, 2105.6, 2136.13, 2286.8, 2294.2, 2402.97, 2462.7, 2577.73, 2581.2, 2585.33, 2634.57, 2649.87, 2653.53, 2706.13, 2783.2, 2849.57, 2909.7, 2912.0, 2931.83, 3058.17, 3084.1, 3121.7, 3153.93, 3213.6, 3227.57, 3565.33, 3787.63, 3804.07, 3812.53, 4037.03]"
40250,3017.2669999999998,4698.6613813976555,2222.0990626662019,2845.9809999999998,3084.6350000000002,3273.0379999999996,"[1534.0, 1927.6, 2168.47, 2227.23, 2433.03, 2452.8, 2599.97, 2642.4, 2671.87, 2920.6, 2971.93, 2999.1, 3033.37, 3033.77, 3082.9, 3086.37, 3107.5, 3112.87, 3177.1, 3251.9, 3269.27, 3281.83, 3349.4, 3525.8, 3526.67, 3577.83, 3612.97, 3654.23, 4050.13, 4235.1]"
40600,2761.8076666666666,4300.8454426521203,2033.9632612441426,2375.4679999999998,2766.0799999999999,3090.7789999999995,"[1904.87, 1946.93, 2005.9, 2018.7, 2104.47, 2173.07, 2201.0, 2244.7, 2367.53, 2378.87, 2513.1, 2630.63, 2678.87, 2689.7, 2757.33, 2774.83, 2788.4, 2791.43, 2861.33, 2869.8, 3065.9, 3148.83, 3251.57, 3284.4, 3439.13, 3488.47, 3513.7, 3583.67, 3588.73, 3788.37]"
40950,2914.2333333333331,4538.2114409215674,2146.2187994601077,2633.4199999999996,2934.9850000000001,3151.54,"[2079.27, 2102.4, 2152.37, 2158.3, 2399.07, 2426.33, 2430.43, 2434.53, 2483.13, 2697.83, 2714.33, 2744.57, 2760.2, 2876.5, 2901.9, 2968.07, 3008.0, 3031.2, 3095.67, 3105.1, 3144.13, 3168.83, 3172.57, 3336.93, 3477.97, 3485.4, 3515.2, 3585.53, 3943.17, 4028.07]"
41300,3022.0559999999996,4706.1190871146209,2225.6259737453697,2678.509,3028.6300000000001,3314.748,"[1871.03, 1930.03, 2321.1, 2359.27, 2403.0, 2430.17, 2538.07, 2620.07, 2632.33, 2698.3, 2737.77, 2774.93, 2824.73, 2959.9, 3028.33, 3028.93, 3050.83, 3092.9, 3238.0, 3266.5, 3294.57, 3361.83, 3514.83, 3565.03, 3585.3, 3654.43, 3758.9, 3882.97, 3913.7, 4323.93]"
41650,2962.0026666666668,4612.6005890309143,2181.3990439741629,2667.2309999999998,2873.9850000000001,3188.9700000000003,"[1767.83, 1929.37, 2235.43, 2396.37, 2422.6, 2492.77, 2515.03, 2571.8, 2582.37, 2703.6, 2707.77, 2738.6, 2761.67, 2764.53, 2768.4, 2979.57, 3001.1, 3032.87, 3033.77, 3119.97, 3186.57, 3194.57, 3228.03, 3361.23, 3506.07, 3561.7, 3853.23, 3969.63, 4134.03, 4339.6]"
42000,2916.8853333333332,4542.3412875620752,2148.1718936722509,2680.569,2880.5,3255.4110000000001,"[1670.5, 1934.3, 2177.0, 2376.03, 2383.3, 2404.0, 2407.73, 2430.83, 2670.23, 2685.0, 2735.4, 2753.27, 2797.67, 2829.2, 2848.5, 2912.5, 2975.0, 3017.77, 3044.27, 3095.3, 3251.13, 3265.4, 3286.23, 3334.73, 3433.07, 3648.2, 3658.07, 3728.13, 3828.1, 3925.7]"
42350,3033.848,4724.4822664452677,2234.3103202572829,2757.1999999999998,3026.23,3299.6109999999999,"[1882.23, 2160.6, 2257.17, 2345.53, 2381.4, 2400.57, 2472.47, 2639.5, 2652.9, 2801.9, 2818.4, 2867.23, 2943.7, 2948.77, 2988.33, 3064.13, 3250.9, 3251.27, 3252.37, 3269.3, 3272.8, 3362.17, 3491.97, 3526.5, 3547.03, 3590.8, 3747.6, 3782.2, 3783.73, 4261.97]"
42700,2838.8046666666664,4420.7495911359874,2090.6685384132193,2572.9200000000001,2823.4200000000001,3037.73,"[2126.7, 2129.8, 2245.03, 2270.57, 2421.9, 2480.37, 2488.7, 2500.8, 2552.9, 2581.5, 2609.8, 2626.5, 2638.83, 2805.2, 2807.97, 2838.87, 2872.43, 2877.43, 2923.8, 3015.67, 3029.03, 3058.03, 3094.37, 3204.6, 3220.77, 3324.6, 3342.97, 3436.27, 3557.13, 4081.6]"
43050,3019.6533333333336,4702.3775166539899,2223.8565037753942,2672.8719999999998,2792.585,3316.3989999999994,"[1848.93, 2351.4, 2401.33, 2415.3, 2456.77, 2477.17, 2513.93, 2611.37, 2619.07, 2695.93, 2698.6, 2715.63, 2715.7, 2732.93, 2778.97, 2806.2, 2808.8, 3061.17, 3085.47, 3142.63, 3277.9, 3406.23, 3660.77, 3777.2, 3791.0, 3811.93, 3826.67, 3878.8, 4027.03, 4194.77]"
43400,2950.461666666667,4594.6282813091557,2172.8995491391915,2687.9610000000002,2971.3000000000002,3178.5789999999997,"[1672.43, 2199.43, 2213.37, 2226.27, 2436.43, 2462.57, 2529.87, 2605.57, 2679.4, 2691.63, 2719.8, 2758.73, 2821.43, 2945.37, 2950.13, 2992.47, 2998.0, 3011.53, 3131.93, 3169.4, 3175.27, 3186.3, 3279.63, 3291.23, 3315.93, 3384.7, 3573.93, 3805.87, 3916.6, 4368.63]"
43750,2818.9123333333332,4389.7721077315618,2076.0186134134619,2619.7309999999998,2782.415,3034.8989999999999,"[1974.03, 2031.93, 2128.6, 2372.6, 2449.17, 2459.8, 2554.9, 2557.07, 2618.17, 2620.4, 2643.33, 2677.77, 2683.97, 2761.6, 2773.8, 2791.03, 2885.83, 2896.43, 2933.6, 2977.47, 3013.17, 3085.6, 3127.9, 3241.97, 3296.23, 3297.4, 3339.93, 3351.07, 3480.27, 3542.33]"
44100,2981.4353333333333,4642.8622531144174,2195.7104424632939,2640.5790000000002,2989.6849999999999,3237.4519999999993,"[2018.93, 2021.2, 2210.27, 2260.4, 2291.33, 2326.7, 2448.9, 2582.27, 2595.03, 2660.1, 2661.27, 2747.4, 2786.47, 2830.73, 2979.27, 3000.1, 3004.47, 3113.47, 3128.57, 3170.7, 3208.43, 3305.17, 3374.03, 3499.73, 3652.4, 3659.63, 3717.73, 3909.83, 4034.8, 4243.73]"
44450,2912.6320000000001,4535.7177527288823,2145.0394801293969,2551.0190000000002,2760.0149999999999,3005.4200000000001,"[1954.9, 2161.67, 2176.6, 2305.07, 2348.0, 2396.43, 2420.0, 2471.1, 2523.53, 2562.8, 2600.6, 2624.47, 2658.57, 2737.23, 2754.6, 2765.43, 2774.07, 2796.0, 2826.8, 2830.8, 2992.73, 3035.03, 3142.8, 3603.33, 3742.0, 3771.73, 4018.4, 4113.13, 4121.27, 4149.87]"
44800,2828.3690000000001,4404.4985719335764,2082.9830783202624,2516.9989999999998,2763.23,3123.4089999999997,"[1752.17, 1951.27, 1980.6, 2241.0, 2270.87, 2293.0, 2336.3, 2417.57, 2515.83, 2517.5, 2670.2, 2677.17, 2703.83, 2726.6, 2756.93, 2769.53, 2824.7, 3011.47, 3041.77, 3063.73, 3119.5, 3132.53, 3147.53, 3318.77, 3321.03, 3369.2, 3637.13, 3723.17, 3766.2, 3793.97]"
45150,2884.3319999999999,4491.6473681412563,2124.1976376694975,2577.7200000000003,2918.2650000000003,3091.7479999999996,"[1853.17, 1906.83, 2124.4, 2258.73, 2334.77, 2462.33, 2477.73, 2557.97, 2577.37, 2577.87, 2664.73, 2756.57, 2775.7, 2894.73, 2900.73, 2935.8, 2995.63, 3003.47, 3007.87, 3051.3, 3081.47, 3115.73, 3169.43, 3285.83, 3307.33, 3310.63, 3516.97, 3579.4, 4014.1, 4031.37]"
45500,2871.1210000000001,4471.0744405516043,2114.4682531911321,2649.4299999999998,2926.75,3263.6909999999998,"[1436.73, 1626.7, 1730.17, 2148.1, 2172.57, 2192.47, 2234.83, 2335.3, 2584.47, 2677.27, 2748.43, 2758.57, 2772.2, 2846.7, 2886.43, 2967.07, 3034.4, 3082.03, 3126.3, 3147.57, 3233.7, 3333.67, 3356.0, 3394.93, 3404.33, 3426.27, 3703.13, 3920.33, 3923.33, 3929.63]"
45850,2927.2406666666666,4558.4672070862116,2155.7981914091088,2643.1710000000003,2851.6999999999998,3004.4799999999996,"[2086.8, 2093.47, 2230.87, 2296.5, 2449.07, 2474.1, 2487.93, 2530.87, 2576.3, 2671.83, 2709.93, 2752.3, 2770.23, 2809.13, 2826.27, 2877.13, 2879.33, 2882.03, 2939.57, 2941.53, 2958.1, 3112.7, 3130.53, 3548.9, 3579.5, 3619.67, 3683.03, 3862.3, 3920.67, 4116.63]"
46200,2907.9933333333333,4528.4941547086064,2141.6232836668296,2643.4000000000001,2870.1149999999998,3014.1809999999996,"[1874.73, 2353.83, 2356.1, 2431.23, 2461.0, 2500.3, 2558.4, 2590.27, 2601.4, 2661.4, 2707.3, 2739.47, 2792.13, 2792.27, 2848.03, 2892.2, 2892.4, 2902.8, 2910.47, 2966.27, 2968.8, 3120.07, 3226.97, 3282.27, 3299.43, 3331.9, 3346.63, 3413.4, 3910.8, 4507.53]"
46550,2962.3196666666668,4613.0942396285918,2181.6325020681484,2711.1779999999999,2905.9299999999998,3191.8379999999997,"[1956.5, 2171.67, 2230.23, 2329.0, 2448.2, 2455.9, 2491.4, 2599.0, 2649.13, 2737.77, 2774.23, 2788.4, 2791.53, 2851.83, 2903.93, 2907.93, 3012.27, 3012.33, 3041.77, 3146.87, 3177.57, 3225.13, 3307.07, 3337.07, 3441.63, 3461.1, 3477.07, 3791.0, 4154.03, 4198.03]"
46900,2955.3759999999997,4602.2811632876628,2176.5187633133523,2635.3600000000001,2903.415,3156.759,"[2071.4, 2188.23, 2221.8, 2338.33, 2346.8, 2486.3, 2519.87, 2598.97, 2602.53, 2649.43, 2697.83, 2717.47, 2727.2, 2816.77, 2893.03, 2913.8, 2943.0, 3048.73, 3058.07, 3125.77, 3148.77, 3175.4, 3257.83, 3320.13, 3377.7, 3574.83, 3596.53, 3597.63, 3794.7, 4852.43]"
47250,2886.7236666666668,4495.3718087704219,2125.9590065699658,2567.4899999999998,2772.6149999999998,3017.9919999999997,"[1863.43, 2182.93, 2191.8, 2337.07, 2352.27, 2459.13, 2520.3, 2531.23, 2550.27, 2574.87, 2577.33, 2604.67, 2646.2, 2712.5, 2762.63, 2782.6, 2782.97, 2867.9, 2890.9, 2930.2, 3014.83, 3025.37, 3243.03, 3340.17, 3424.2, 3557.4, 3636.07, 3774.3, 3801.77, 4663.37]"
47600,2881.538,4487.2963909491064,2122.1399660146226,2624.3899999999999,2892.335,3077.7889999999998,"[1836.57, 1911.3, 2332.87, 2342.0, 2349.93, 2358.7, 2438.77, 2449.97, 2505.67, 2675.27, 2676.67, 2690.03, 2726.6, 2832.5, 2862.57, 2922.1, 2990.5, 3020.3, 3033.6, 3044.17, 3053.57, 3134.3, 3188.07, 3316.67, 3345.67, 3474.87, 3588.67, 3606.4, 3630.33, 4107.5]"
47950,2907.1820000000002,4527.2306998666008,2141.0257684189219,2589.1999999999998,2851.5,3112.6620000000003,"[1936.1, 2066.77, 2072.27, 2273.5, 2392.4, 2412.9, 2468.6, 2525.57, 2538.17, 2611.07, 2628.7, 2652.3, 2698.03, 2839.9, 2850.23, 2852.77, 2942.57, 2970.97, 3053.87, 3076.4, 3106.23, 3127.67, 3131.7, 3249.03, 3325.97, 3514.17, 3592.23, 3956.97, 4013.5, 4334.9]"
48300,3138.9416666666666,4888.1401571775577,2311.7076928438501,2908.049,3177.0500000000002,3368.4509999999996,"[1941.37, 1952.73, 2083.13, 2140.93, 2619.13, 2662.97, 2688.83, 2752.23, 2884.13, 2918.3, 2925.63, 3009.43, 3066.3, 3074.23, 3123.03, 3231.07, 3231.97, 3272.93, 3284.87, 3342.87, 3358.2, 3392.37, 3411.83, 3416.67, 3464.47, 3756.47, 3797.0, 3798.6, 4308.33, 5258.23]"
48650,2962.4560000000001,4613.3065457215998,2181.7329062326494,2607.5999999999999,2741.0149999999999,3336.462,"[1882.9, 2056.13, 2281.63, 2293.93, 2312.27, 2373.37, 2396.43, 2474.63, 2547.47, 2633.37, 2658.03, 2660.8, 2698.7, 2705.13, 2712.33, 2769.7, 2781.3, 3072.73, 3261.27, 3275.57, 3331.23, 3348.67, 3363.5, 3469.83, 3574.63, 3678.4, 3865.73, 4006.2, 4042.03, 4345.77]"
49000,3010.7296666666666,4688.4810706493336,2217.2845725092693,2790.3090000000002,2984.5,3224.2919999999995,"[1853.63, 2097.03, 2288.53, 2462.07, 2535.07, 2538.63, 2559.83, 2587.77, 2765.2, 2801.07, 2805.47, 2834.7, 2854.83, 2908.57, 2980.07, 2988.93, 3093.9, 3098.4, 3159.7, 3174.6, 3222.33, 3228.87, 3363.43, 3384.63, 3401.07, 3510.5, 3683.93, 3733.17, 3838.53, 4567.43]"
49350,2935.8409999999999,4571.8601398629535,2162.1320003291075,2677.0300000000002,2892.4850000000001,3155.4979999999996,"[1995.4, 2090.8, 2092.77, 2318.67, 2430.03, 2443.77, 2447.7, 2458.43, 2673.53, 2678.53, 2741.5, 2757.23, 2816.77, 2863.6, 2864.9, 2920.07, 2927.53, 2977.73, 3052.57, 3138.23, 3150.47, 3167.23, 3372.4, 3405.6, 3454.1, 3613.3, 3678.8, 3691.77, 3903.27, 3948.53]"
49700,3006.7563333333333,4682.2935678897984,2214.3583680084216,2756.3020000000001,2975.0349999999999,3190.5809999999997,"[2406.9, 2436.37, 2523.3, 2638.47, 2673.97, 2675.87, 2718.07, 2742.03, 2748.07, 2759.83, 2829.73, 2841.0, 2846.53, 2942.7, 2969.17, 2980.9, 3038.03, 3144.53, 3149.33, 3160.4, 3188.43, 3195.6, 3230.3, 3270.03, 3293.77, 3296.33, 3419.23, 3499.13, 3587.5, 3997.17]"
50050,3066.1256666666668,4774.7469019078544,2258.0815585484424,2752.4079999999999,3086.6350000000002,3316.6309999999994,"[2037.83, 2062.47, 2146.93, 2345.8, 2383.57, 2414.5, 2451.93, 2513.43, 2704.43, 2772.97, 2806.57, 2893.03, 2934.53, 2935.63, 3070.07, 3103.2, 3130.23, 3135.73, 3159.93, 3178.13, 3292.43, 3373.1, 3561.3, 3665.4, 3755.8, 3771.73, 4011.33, 4048.6, 4089.27, 4233.9]"
50400,3018.4346666666665,4700.4797389619707,2222.9590034687581,2802.1610000000001,3069.7650000000003,3295.7400000000002,"[1961.43, 1971.27, 2106.2, 2294.43, 2455.4, 2535.1, 2543.83, 2558.9, 2725.0, 2835.23, 2869.93, 2921.07, 3020.0, 3031.93, 3057.13, 3082.4, 3084.7, 3096.87, 3125.57, 3138.07, 3283.53, 3324.23, 3357.43, 3450.83, 3486.93, 3497.03, 3731.73, 3791.27, 3971.13, 4244.47]"
50750,3010.3426666666664,4687.8784120332402,2216.9995621547823,2688.4209999999998,2878.3500000000004,3156.2879999999991,"[1419.9, 2239.7, 2252.57, 2441.63, 2451.97, 2513.0, 2560.87, 2608.33, 2656.2, 2702.23, 2708.47, 2813.1, 2816.67, 2863.5, 2869.53, 2887.17, 2939.17, 2949.57, 3031.5, 3066.77, 3076.17, 3343.23, 3529.7, 3563.93, 3579.77, 3590.67, 3757.13, 4225.53, 4415.9, 4436.4]"
51100,2964.5003333333329,4616.4900989451071,2183.2384777262478,2672.3319999999999,3004.5700000000002,3311.4399999999996,"[1762.23, 1950.27, 2214.1, 2217.97, 2409.1, 2498.3, 2549.17, 2559.27, 2654.37, 2680.03, 2725.7, 2767.1, 2789.7, 2818.23, 2996.07, 3013.07, 3040.5, 3047.7, 3090.23, 3240.1, 3295.03, 3349.73, 3372.1, 3431.67, 3512.5, 3614.37, 3627.2, 3702.63, 3839.17, 4167.4]"
51450,2997.8200000000002,4668.3773966246672,2207.7771082380159,2703.6419999999998,3008.5999999999999,3310.7509999999997,"[2103.6, 2240.97, 2280.0, 2293.67, 2444.97, 2542.5, 2582.63, 2673.3, 2694.57, 2707.53, 2847.67, 2895.77, 2967.87, 2968.67, 2988.0, 3029.2, 3058.6, 3106.5, 3151.57, 3300.6, 3307.1, 3319.27, 3326.73, 3333.27, 3426.97, 3447.67, 3466.73, 3510.9, 3952.3, 3965.47]"
51800,2985.672,4649.4598336575127,2198.8305816584098,2701.4589999999998,2885.9349999999999,3264.7709999999997,"[1986.7, 2134.97, 2226.07, 2277.63, 2329.27, 2426.2, 2444.33, 2679.63, 2680.83, 2710.3, 2773.1, 2821.03, 2831.3, 2840.97, 2877.5, 2894.37, 2911.27, 3076.63, 3148.63, 3158.63, 3255.03, 3287.5, 3385.97, 3432.67, 3542.23, 3620.8, 3644.73, 3903.6, 3905.4, 4362.87]"
52150,2951.076,4595.5849564421933,2173.3519815968307,2628.8610000000003,2872.0500000000002,3025.6819999999998,"[1911.47, 2224.57, 2245.87, 2347.7, 2380.6, 2486.67, 2488.53, 2548.83, 2590.9, 2645.13, 2667.4, 2734.17, 2746.53, 2766.57, 2869.5, 2874.6, 2901.57, 2933.63, 2955.3, 2967.7, 3025.43, 3026.27, 3058.6, 3303.1, 3683.4, 3707.6, 4028.57, 4040.1, 4161.77, 4210.2]"
52500,2916.3613333333333,4541.5252846813719,2147.7859881793543,2657.1199999999999,2871.335,3219.0599999999999,"[1898.6, 2207.23, 2220.6, 2287.47, 2299.57, 2371.8, 2452.2, 2482.97, 2547.57, 2704.07, 2720.43, 2749.37, 2785.13, 2851.9, 2861.6, 2881.07, 2902.07, 2971.03, 2973.4, 3106.67, 3196.5, 3271.7, 3293.33, 3318.3, 3526.9, 3571.7, 3641.63, 3644.63, 3836.57, 3914.83]"
52850,2913.3119999999999,4536.7766877649092,2145.540273517126,2668.9710000000005,3000.1300000000001,3165.4909999999995,"[2073.93, 2122.7, 2146.13, 2209.13, 2260.77, 2450.57, 2525.33, 2606.13, 2610.5, 2694.03, 2701.7, 2862.07, 2888.97, 2944.83, 2969.93, 3030.33, 3040.0, 3046.93, 3067.13, 3122.13, 3134.93, 3236.8, 3238.13, 3263.57, 3385.33, 3385.5, 3401.13, 3555.93, 3657.47, 3767.33]"
53200,2912.8879999999999,4536.1164106247979,2145.2280141106594,2719.2579999999998,2912.4849999999997,3113.9799999999996,"[1509.07, 1744.6, 2022.03, 2151.63, 2208.33, 2214.83, 2537.7, 2613.7, 2699.63, 2727.67, 2732.33, 2765.73, 2777.6, 2794.1, 2907.97, 2917.0, 3008.73, 3034.2, 3108.6, 3109.47, 3112.87, 3116.57, 3227.4, 3264.47, 3271.33, 3857.77, 3871.97, 3983.1, 4044.67, 4051.57]"
53550,2969.3323333333333,4624.0147667305282,2186.7970566225813,2862.5379999999996,3054.7150000000001,3158.9809999999998,"[1966.53, 2239.87, 2323.1, 2365.57, 2392.53, 2399.53, 2518.2, 2624.87, 2847.53, 2868.97, 2887.43, 2900.0, 2962.6, 3018.63, 3028.5, 3080.93, 3099.8, 3106.43, 3110.3, 3119.07, 3142.4, 3197.67, 3284.57, 3290.93, 3312.5, 3472.6, 3516.57, 3533.2, 3715.87, 3753.27]"
53900,2889.7539999999999,4500.090817796171,2128.1907284757722,2479.6819999999998,2902.75,3154.0299999999997,"[2032.63, 2086.73, 2097.67, 2168.3, 2191.03, 2205.67, 2273.33, 2314.33, 2403.97, 2512.13, 2519.9, 2574.37, 2578.53, 2764.67, 2893.03, 2912.47, 2936.83, 2982.9, 3062.77, 3131.03, 3138.7, 3189.8, 3384.13, 3394.77, 3478.8, 3610.5, 3693.27, 3819.6, 3956.63, 4384.13]"
54250,3003.6203333333333,4677.4100086648232,2212.0488267379533,2736.5799999999999,2959.2799999999997,3265.1189999999997,"[2266.57, 2288.43, 2312.93, 2399.73, 2421.23, 2528.43, 2632.77, 2648.13, 2699.83, 2752.33, 2801.07, 2803.6, 2828.37, 2925.7, 2928.63, 2989.93, 3123.13, 3147.3, 3164.8, 3181.63, 3250.2, 3299.93, 3304.37, 3500.37, 3557.53, 3584.57, 3649.23, 3665.97, 3697.83, 3754.07]"
54600,2981.1710000000003,4642.4506180734525,2195.5157713081621,2692.9290000000001,3002.8000000000002,3141.9199999999996,"[2106.53, 2190.1, 2286.17, 2447.57, 2532.53, 2566.67, 2586.3, 2625.93, 2667.4, 2703.87, 2818.07, 2823.53, 2829.23, 2852.23, 2988.9, 3016.7, 3065.0, 3089.7, 3091.93, 3100.8, 3117.5, 3198.9, 3366.07, 3389.7, 3397.2, 3417.0, 3452.9, 3488.47, 3761.9, 4456.33]"
54950,3163.2286666666669,4925.9612677952146,2329.5941178552839,2889.6300000000001,3175.6850000000004,3354.8400000000001,"[2346.83, 2531.33, 2546.5, 2643.33, 2708.53, 2717.7, 2817.73, 2860.17, 2872.13, 2897.13, 2926.83, 2983.6, 3030.73, 3044.53, 3122.3, 3229.07, 3231.07, 3290.63, 3308.5, 3345.33, 3348.33, 3370.03, 3377.9, 3497.8, 3521.0, 3795.1, 3806.2, 3806.23, 3864.53, 4055.77]"
55300,2960.9090000000001,4610.8974685146359,2180.5936012755651,2661.6500000000001,2913.165,3180.0709999999999,"[1852.67, 1910.23, 2251.83, 2284.53, 2510.63, 2522.27, 2570.97, 2601.53, 2660.67, 2662.07, 2662.37, 2697.0, 2794.5, 2879.97, 2880.53, 2945.8, 2964.97, 2992.23, 3137.97, 3139.23, 3160.43, 3225.9, 3358.37, 3413.47, 3485.97, 3526.63, 3534.4, 3611.63, 3743.3, 4845.2]"
55650,2873.1386666666667,4474.2164669109552,2115.9541857283498,2564.6799999999998,2915.5349999999999,3119.0899999999997,"[2037.97, 2137.13, 2231.6, 2312.9, 2403.83, 2407.33, 2424.37, 2501.03, 2513.23, 2586.73, 2665.27, 2755.43, 2853.37, 2861.93, 2872.67, 2958.4, 3015.9, 3022.8, 3027.9, 3054.4, 3087.83, 3192.03, 3214.77, 3319.57, 3366.17, 3409.73, 3442.87, 3465.4, 3470.2, 3581.4]"
56000,2904.3049999999998,4522.7504703097593,2138.9069705123093,2662.8119999999999,3010.1199999999999,3142.6399999999999,"[1978.07, 2069.57, 2284.73, 2328.0, 2350.07, 2463.2, 2528.07, 2564.43, 2597.67, 2690.73, 2781.23, 2832.67, 2935.6, 2937.0, 2951.37, 3068.87, 3088.83, 3097.17, 3104.07, 3124.27, 3140.33, 3148.03, 3149.2, 3202.5, 3229.97, 3291.07, 3323.63, 3556.6, 3612.1, 3700.1]"
56350,2996.8153333333335,4666.8128720175164,2207.037210556342,2817.96,2973.9000000000001,3266.1499999999996,"[2058.57, 2274.27, 2342.57, 2443.37, 2524.23, 2563.7, 2675.93, 2687.67, 2770.43, 2838.33, 2846.7, 2891.47, 2903.13, 2960.67, 2972.0, 2975.8, 2995.47, 3117.8, 3130.57, 3155.6, 3261.77, 3276.37, 3319.17, 3328.17, 3394.53, 3430.7, 3519.07, 3574.4, 3644.17, 4027.83]"
56700,2895.2370000000001,4508.6292601528485,2132.2287433947699,2604.9589999999998,2883.8500000000004,3219.7689999999998,"[2090.17, 2123.0, 2185.9, 2248.83, 2357.93, 2445.37, 2456.0, 2476.03, 2512.3, 2644.67, 2653.13, 2693.17, 2827.97, 2866.8, 2870.57, 2897.13, 2918.2, 2966.1, 2970.67, 3058.43, 3216.97, 3226.3, 3272.67, 3281.07, 3288.03, 3361.03, 3406.93, 3734.17, 3794.6, 4012.97]"
57050,2912.4720000000002,4535.4685915439341,2144.921646391108,2588.0909999999999,2982.8000000000002,3185.0979999999995,"[2077.63, 2163.37, 2271.63, 2286.53, 2408.13, 2415.17, 2454.33, 2475.7, 2506.87, 2622.9, 2736.3, 2803.17, 2822.27, 2938.5, 2959.37, 3006.23, 3023.87, 3024.9, 3053.63, 3064.9, 3162.97, 3236.73, 3283.47, 3307.67, 3372.1, 3377.63, 3431.13, 3578.73, 3625.3, 3883.03]"
57400,3051.8700000000003,4752.5471594148157,2247.5828179538312,2637.6710000000003,2919.6849999999999,3263.549,"[2137.33, 2191.97, 2201.03, 2235.97, 2353.63, 2438.3, 2581.6, 2607.2, 2622.6, 2644.13, 2697.17, 2740.8, 2849.0, 2873.8, 2885.67, 2953.7, 3125.17, 3144.1, 3163.6, 3191.67, 3232.4, 3336.23, 3559.43, 3607.47, 3616.97, 3670.33, 3713.83, 3803.37, 4647.9, 4729.73]"
57750,2939.8456666666666,4578.0964366878734,2165.0812806037038,2720.3710000000001,2912.8850000000002,3079.9809999999998,"[2247.4, 2408.33, 2423.1, 2429.57, 2525.87, 2573.7, 2609.13, 2613.47, 2632.5, 2758.03, 2805.4, 2821.23, 2886.43, 2906.9, 2912.0, 2913.77, 2924.07, 2944.87, 2953.93, 3014.83, 3074.2, 3093.47, 3094.33, 3172.0, 3183.07, 3212.67, 3361.3, 3499.4, 3658.43, 4541.97]"
58100,2806.3636666666666,4370.2306036304344,2066.777011514223,2489.578,2712.3850000000002,3020.5299999999997,"[1808.67, 1944.2, 2062.7, 2072.93, 2374.9, 2389.17, 2401.67, 2415.07, 2454.83, 2504.47, 2509.93, 2550.47, 2571.8, 2636.43, 2647.7, 2777.07, 2823.87, 2824.93, 2844.83, 2926.9, 2955.07, 3173.27, 3181.0, 3315.73, 3462.77, 3482.47, 3553.03, 3683.77, 3839.13, 4002.13]"
58450,2989.9590000000003,4656.1357961567046,2201.9877893836956,2720.2779999999998,2937.1999999999998,3140.6900000000001,"[2187.87, 2234.47, 2348.33, 2396.53, 2445.8, 2447.87, 2463.53, 2538.63, 2665.23, 2743.87, 2871.93, 2905.0, 2922.5, 2923.13, 2923.67, 2950.73, 3001.1, 3106.5, 3114.47, 3116.7, 3132.83, 3159.03, 3177.4, 3352.03, 3439.8, 3484.13, 3664.23, 3832.7, 3863.53, 4285.23]"
58800,2984.3436666666666,4647.3912767366437,2197.8523161436542,2829.2089999999998,3005.3299999999999,3237.7200000000003,"[1974.1, 2127.2, 2227.67, 2246.07, 2285.77, 2302.63, 2462.2, 2517.07, 2713.8, 2878.67, 2880.77, 2895.97, 2979.0, 2999.17, 3003.03, 3007.63, 3014.43, 3039.87, 3071.87, 3119.6, 3221.67, 3275.17, 3284.63, 3373.87, 3433.87, 3595.77, 3687.5, 3743.17, 4051.07, 4117.07]"
59150,2908.9309999999996,4529.9543430695594,2142.3138384705949,2672.8100000000004,2773.9349999999999,3040.1299999999992,"[1943.17, 2154.73, 2487.63, 2553.2, 2553.6, 2558.0, 2561.4, 2609.87, 2656.5, 2679.8, 2696.23, 2697.47, 2728.17, 2747.73, 2772.6, 2775.27, 2795.9, 2847.0, 2912.6, 2917.67, 2974.43, 3193.43, 3256.53, 3302.13, 3334.93, 3377.67, 3413.1, 3597.93, 3866.37, 4302.87]"
59500,3036.4970000000003,4728.6074413135584,2236.2612050868333,2902.2690000000002,3026.1700000000001,3186.5799999999999,"[2225.3, 2310.03, 2501.23, 2557.27, 2618.03, 2687.17, 2700.57, 2817.17, 2865.4, 2918.07, 2921.67, 2928.27, 2943.83, 2971.33, 3006.87, 3045.47, 3067.43, 3087.4, 3126.9, 3166.8, 3177.73, 3207.23, 3280.23, 3342.27, 3374.13, 3499.0, 3529.67, 3642.5, 3714.37, 3861.57]"
59850,3268.6080000000002,5090.0640150597965,2407.2018727620889,2770.75,3167.6199999999999,3661.0619999999999,"[2144.63, 2232.6, 2299.17, 2431.97, 2440.53, 2538.5, 2566.53, 2591.23, 2755.0, 2777.5, 2873.7, 2943.4, 2992.57, 3054.3, 3062.57, 3272.67, 3358.47, 3371.2, 3384.33, 3591.8, 3631.83, 3729.27, 3824.47, 3864.4, 3972.93, 4069.77, 4255.1, 4451.5, 4770.43, 4805.87]"
60200,3004.0903333333335,4678.1419196456072,2212.394963344178,2563.5920000000001,2846.0650000000001,3374.4899999999998,"[2063.93, 2072.73, 2331.0, 2334.63, 2378.13, 2435.4, 2471.0, 2494.93, 2513.57, 2585.03, 2654.67, 2805.53, 2817.8, 2832.1, 2836.63, 2855.5, 3088.67, 3138.33, 3156.0, 3327.23, 3369.33, 3386.53, 3483.13, 3501.1, 3517.97, 3569.93, 3788.07, 3890.27, 3962.7, 4460.87]"
60550,3175.137666666667,4944.5066462423547,2338.3646302883212,2826.3209999999999,3151.1000000000004,3468.21,"[2177.03, 2198.93, 2486.43, 2506.27, 2507.43, 2509.07, 2517.3, 2568.23, 2740.97, 2862.9, 2863.47, 2886.83, 2964.7, 2995.23, 3102.3, 3199.9, 3232.9, 3278.63, 3350.1, 3376.8, 3466.77, 3471.57, 3482.17, 3523.97, 3820.93, 3935.73, 4148.67, 4152.5, 4422.27, 4504.13]"
60900,2898.0203333333334,4512.963626599334,2134.2785594670918,2554.8000000000002,2926.5999999999999,3168.4490000000001,"[2048.43, 2128.5, 2217.47, 2235.23, 2277.1, 2284.17, 2304.97, 2490.4, 2515.53, 2571.63, 2585.03, 2587.03, 2595.4, 2834.8, 2848.43, 3004.77, 3015.67, 3053.43, 3078.47, 3147.43, 3148.4, 3215.23, 3258.6, 3263.4, 3305.23, 3309.07, 3382.23, 3597.63, 4119.13, 4517.8]"
61250,3138.6953333333336,4887.7565527698989,2311.526277984276,2820.7199999999998,3101.7650000000003,3379.2199999999993,"[2339.2, 2349.83, 2507.57, 2516.43, 2626.13, 2708.0, 2785.03, 2810.53, 2818.97, 2821.47, 2841.67, 2876.03, 2947.6, 3011.43, 3032.13, 3171.4, 3171.7, 3263.37, 3271.27, 3283.97, 3344.03, 3461.33, 3511.47, 3571.03, 3689.47, 3713.43, 3770.27, 3884.8, 3977.3, 4084.0]"
61600,2974.5419999999999,4632.1275587295868,2190.6337722386684,2474.1399999999999,2941.1350000000002,3263.6610000000001,"[1749.5, 2115.63, 2119.6, 2135.6, 2227.03, 2271.3, 2323.53, 2414.03, 2443.97, 2487.07, 2537.67, 2622.03, 2767.57, 2836.83, 2903.57, 2978.7, 3021.03, 3043.2, 3048.93, 3085.73, 3257.4, 3278.27, 3356.5, 3375.5, 3610.2, 3951.63, 4086.5, 4098.37, 4267.07, 4822.3]"
61950,3116.2600000000002,4852.8189637822106,2295.0035330065848,2791.5110000000004,3108.3649999999998,3227.8620000000001,"[2100.03, 2208.2, 2247.3, 2472.5, 2477.33, 2491.83, 2564.63, 2723.63, 2730.17, 2817.8, 2896.67, 3007.97, 3019.23, 3070.03, 3096.2, 3120.53, 3155.23, 3175.23, 3182.1, 3184.93, 3190.83, 3314.27, 3408.5, 3442.13, 3598.03, 3750.57, 3930.3, 4265.93, 4345.8, 4499.9]"
62300,2915.2539999999999,4539.800881647212,2146.9704805156107,2615.8400000000001,2793.1500000000001,3151.6889999999999,"[1788.3, 1919.0, 2024.2, 2028.2, 2540.23, 2548.1, 2549.63, 2599.93, 2601.7, 2621.9, 2654.7, 2665.8, 2683.77, 2784.0, 2789.4, 2796.9, 2927.87, 2982.43, 3083.53, 3095.37, 3129.0, 3204.63, 3406.93, 3416.07, 3538.37, 3665.43, 3706.83, 3828.9, 3850.4, 4026.1]"
62650,3081.186666666667,4798.2007556984636,2269.1733956257763,2831.982,3057.5349999999999,3362.989,"[2034.07, 2174.2, 2304.27, 2445.27, 2601.93, 2667.6, 2730.07, 2810.83, 2825.57, 2834.73, 2873.73, 2889.03, 2938.73, 2975.63, 2981.1, 3133.97, 3154.1, 3195.13, 3197.0, 3262.3, 3355.3, 3380.93, 3464.33, 3529.3, 3618.1, 3656.07, 3690.2, 3706.77, 3774.67, 4230.67]"
63000,3165.7876666666666,4929.9462894969711,2331.4787212070469,2739.9490000000001,3085.25,3420.5589999999997,"[1972.2, 2022.13, 2172.83, 2512.7, 2537.17, 2618.23, 2667.03, 2672.13, 2695.1, 2759.17, 2817.7, 2838.23, 2903.63, 2947.63, 2992.57, 3177.93, 3326.07, 3335.9, 3336.93, 3407.37, 3407.5, 3451.03, 3594.6, 3606.57, 3718.57, 3739.17, 4079.2, 4526.17, 4545.1, 4593.07]"
63350,3011.3559999999998,4689.4564328712422,2217.7458424972806,2652.799,2923.0999999999999,3331.2799999999988,"[2001.6, 2072.23, 2271.87, 2318.03, 2337.8, 2395.17, 2518.27, 2533.97, 2576.8, 2685.37, 2822.63, 2854.83, 2861.77, 2875.33, 2898.6, 2947.6, 3021.53, 3096.3, 3140.8, 3157.27, 3254.27, 3510.97, 3513.97, 3582.3, 3612.1, 3681.8, 3682.9, 3738.2, 4089.03, 4287.37]"
63700,3136.3046666666664,4884.033669398138,2309.7656455446713,2842.8020000000001,3024.7350000000001,3227.5709999999999,"[2277.3, 2328.0, 2355.5, 2423.43, 2517.57, 2544.73, 2596.23, 2635.9, 2718.37, 2896.13, 2896.6, 2941.87, 2950.27, 2961.03, 2979.3, 3070.17, 3094.37, 3114.2, 3147.47, 3176.63, 3209.7, 3269.27, 3531.27, 3570.0, 3670.63, 3843.9, 3894.2, 4250.5, 4532.27, 4692.33]"
64050,2900.1779999999999,4516.3236689955138,2135.8675965253124,2712.4189999999999,2896.77,3090.069,"[2156.3, 2181.0, 2370.1, 2398.63, 2414.87, 2421.17, 2563.97, 2592.23, 2698.93, 2718.2, 2724.5, 2745.8, 2800.9, 2853.67, 2890.77, 2902.77, 2953.2, 2969.23, 3004.17, 3052.8, 3087.87, 3095.2, 3118.93, 3169.73, 3235.83, 3359.4, 3501.07, 3520.77, 3595.63, 3907.7]"
64400,2984.2873333333332,4647.3035512361103,2197.8108288482986,2600.1389999999997,2949.4850000000001,3149.5680000000002,"[2225.2, 2242.93, 2242.97, 2398.13, 2449.63, 2451.57, 2487.8, 2504.63, 2559.7, 2617.47, 2672.9, 2784.83, 2799.13, 2928.93, 2945.9, 2953.07, 2978.43, 3100.67, 3102.6, 3129.4, 3147.27, 3154.93, 3309.73, 3309.83, 3423.97, 3570.3, 3573.07, 3945.63, 4141.43, 4376.57]"
64750,2975.8646666666668,4634.1872911918217,2191.6078644751919,2526.4810000000002,2928.0999999999999,3346.9399999999996,"[1784.67, 2135.47, 2191.07, 2219.27, 2400.63, 2410.83, 2414.27, 2425.23, 2480.4, 2546.23, 2564.83, 2590.03, 2691.67, 2719.77, 2914.47, 2941.73, 2949.97, 3013.03, 3099.23, 3262.4, 3331.37, 3383.27, 3461.5, 3482.37, 3485.6, 3511.37, 3944.03, 4183.0, 4287.83, 4450.4]"
65100,3042.5239999999999,4737.9930316990567,2240.6998547160138,2600.3099999999999,3011.1849999999999,3343.6989999999996,"[1422.63, 2245.07, 2347.6, 2436.8, 2438.07, 2468.87, 2515.0, 2532.6, 2568.6, 2613.9, 2658.47, 2803.33, 2821.4, 2867.17, 2931.27, 3091.1, 3125.37, 3135.37, 3260.27, 3265.43, 3295.3, 3456.63, 3485.33, 3502.33, 3569.57, 3821.87, 3971.57, 4037.53, 4078.4, 4508.87]"
65450,3200.7039999999997,4984.3200081679879,2357.1932342321584,2909.6009999999997,3220.2349999999997,3580.3890000000001,"[2307.17, 2410.77, 2445.13, 2547.87, 2550.37, 2560.8, 2623.47, 2690.1, 2726.6, 2988.03, 3004.33, 3093.93, 3173.3, 3173.43, 3208.37, 3232.1, 3234.97, 3261.67, 3332.57, 3525.17, 3579.57, 3582.3, 3615.1, 3679.77, 3763.87, 3786.2, 3799.07, 3965.73, 4050.03, 4109.33]"
65800,2999.8196666666668,4671.4913923507111,2209.2497844796758,2664.3589999999999,3055.23,3450.5699999999997,"[1514.47, 2000.47, 2053.9, 2175.87, 2192.13, 2312.8, 2580.6, 2657.9, 2659.13, 2666.6, 2773.7, 2810.03, 2834.1, 2923.37, 2982.63, 3127.83, 3150.4, 3180.27, 3363.83, 3401.87, 3447.63, 3457.43, 3483.27, 3567.27, 3573.27, 3607.23, 3630.73, 3851.33, 3959.73, 4054.8]"
66150,2813.0756666666666,4380.6829153389899,2071.720136835454,2582.5509999999999,2698.835,3058.4399999999996,"[2052.1, 2133.07, 2152.93, 2347.0, 2401.83, 2405.87, 2510.03, 2536.93, 2560.27, 2592.1, 2657.97, 2663.77, 2665.0, 2665.03, 2680.27, 2717.4, 2776.87, 2836.73, 2865.9, 3032.23, 3039.6, 3102.4, 3123.1, 3217.03, 3228.67, 3251.57, 3384.5, 3396.83, 3433.87, 3961.4]"
66500,3118.2313333333336,4855.8888372150868,2296.4553428570894,2967.3310000000001,3210.8000000000002,3312.3499999999999,"[2121.3, 2275.37, 2377.8, 2453.9, 2602.7, 2703.83, 2873.47, 2908.6, 2930.0, 2983.33, 3021.73, 3038.83, 3054.27, 3148.97, 3204.8, 3216.8, 3258.63, 3269.87, 3274.73, 3293.4, 3294.77, 3353.37, 3363.9, 3421.3, 3478.5, 3506.1, 3525.47, 3675.03, 3776.27, 4139.9]"
66850,2991.963666666667,4659.2575781697797,2203.4641479296774,2744.5879999999997,3080.3800000000001,3305.2099999999996,"[2135.6, 2192.07, 2249.5, 2367.33, 2453.07, 2599.83, 2616.97, 2633.2, 2690.03, 2767.97, 2769.03, 2820.73, 2921.93, 2945.47, 3049.43, 3111.33, 3114.13, 3115.77, 3152.03, 3285.23, 3292.73, 3334.33, 3374.57, 3388.9, 3400.53, 3467.93, 3494.03, 3595.0, 3679.37, 3740.87]"
67200,3202.3283333333334,4986.8495132810094,2358.3894921627489,2825.308,3250.5150000000003,3504.9920000000002,"[2239.2, 2406.4, 2489.07, 2492.2, 2535.3, 2589.8, 2661.8, 2682.13, 2773.83, 2847.37, 2895.6, 2939.67, 2960.97, 3073.43, 3219.73, 3281.3, 3285.33, 3300.33, 3317.2, 3422.97, 3497.63, 3522.17, 3540.83, 3568.03, 3578.93, 3635.8, 3780.33, 3894.37, 4133.8, 5504.33]"
67550,3012.1316666666667,4690.6643455324374,2218.3170906410287,2831.6679999999997,3030.2199999999998,3139.7479999999996,"[1623.63, 1967.43, 2532.57, 2644.87, 2695.8, 2708.3, 2757.57, 2814.9, 2831.43, 2831.77, 2864.87, 2884.47, 2887.73, 2888.23, 3029.47, 3030.97, 3061.4, 3081.6, 3087.47, 3096.57, 3109.97, 3209.23, 3223.67, 3437.3, 3468.3, 3477.87, 3501.03, 3719.17, 3774.83, 4121.53]"
67900,3146.1753333333331,4899.4048381662042,2317.035005249295,2838.8110000000001,3138.6999999999998,3321.6019999999999,"[2095.43, 2197.67, 2380.13, 2497.83, 2591.9, 2742.97, 2759.17, 2798.77, 2837.67, 2839.3, 3008.77, 3053.7, 3096.9, 3103.33, 3131.23, 3146.17, 3170.07, 3173.27, 3232.27, 3282.67, 3296.93, 3379.17, 3402.47, 3465.3, 3465.47, 3784.17, 3803.63, 3825.5, 4179.17, 4644.23]"
68250,3063.7529999999997,4771.0520491693997,2256.3341824043955,2726.3400000000001,3071.8150000000001,3307.3400000000001,"[2008.67, 2235.13, 2506.37, 2508.0, 2568.77, 2569.83, 2651.0, 2683.0, 2700.37, 2737.47, 2872.27, 2903.87, 2918.17, 3019.2, 3038.5, 3105.13, 3138.23, 3155.7, 3182.07, 3233.5, 3288.53, 3351.23, 3421.27, 3492.27, 3526.87, 3579.03, 3682.4, 3686.27, 3808.37, 4341.1]"
68600,3080.5803333333333,4797.2565386246724,2268.7268548550514,2844.9089999999997,3102.8000000000002,3394.4099999999999,"[2053.67, 2206.03, 2240.07, 2346.3, 2465.3, 2556.27, 2690.97, 2716.13, 2762.33, 2880.3, 2954.87, 2996.17, 3048.0, 3051.03, 3055.5, 3150.1, 3176.47, 3231.57, 3299.5, 3361.43, 3382.2, 3422.9, 3454.1, 3470.77, 3539.7, 3570.1, 3603.2, 3675.03, 4013.4, 4044.0]"
68950,3023.7976666666668,4708.8313104299377,2226.9086430840389,2705.049,2964.75,3161.9399999999996,"[1668.63, 2212.57, 2355.9, 2371.3, 2433.17, 2543.3, 2602.1, 2629.03, 2630.03, 2737.2, 2846.13, 2864.73, 2907.5, 2913.43, 2958.2, 2971.3, 3011.0, 3068.57, 3072.63, 3079.33, 3149.37, 3191.27, 3230.0, 3274.23, 3398.27, 3634.7, 3725.4, 3865.37, 4564.27, 4805.0]"
69300,2914.1799999999998,4538.128387193251,2146.1795215473444,2536.4400000000001,2885.3000000000002,3154.6009999999997,"[1991.03, 2128.33, 2235.6, 2322.23, 2324.13, 2332.3, 2358.67, 2440.47, 2521.67, 2542.77, 2616.67, 2787.07, 2806.5, 2823.23, 2858.8, 2911.8, 2927.23, 2945.87, 2975.83, 3019.33, 3135.23, 3199.8, 3268.8, 3406.93, 3490.57, 3509.4, 3569.57, 3862.27, 3898.07, 4215.23]"
69650,3089.7816666666668,4811.5853831023742,2275.5032767544985,2713.069,3121.1500000000001,3435.4000000000001,"[1963.07, 2266.03, 2266.9, 2311.47, 2434.97, 2530.77, 2584.6, 2651.17, 2681.8, 2726.47, 2813.4, 2844.73, 2881.8, 3041.97, 3076.03, 3166.27, 3250.13, 3253.3, 3309.07, 3374.1, 3417.13, 3478.03, 3493.67, 3685.2, 3731.0, 3792.87, 3801.13, 3913.37, 3956.77, 3996.23]"
70000,2963.4673333333335,4614.8814520447895,2182.4777136534185,2600.4389999999999,2815.7349999999997,3248.6100000000001,"[2089.97, 2182.7, 2209.13, 2242.97, 2281.9, 2487.43, 2506.4, 2580.57, 2585.83, 2606.7, 2611.23, 2636.07, 2642.63, 2766.5, 2768.1, 2863.37, 2969.0, 3019.5, 3078.67, 3143.5, 3236.43, 3277.03, 3423.5, 3515.03, 3626.03, 3735.37, 3792.23, 3896.53, 3981.73, 4147.97]"
70350,2906.8613333333333,4526.7313393251006,2140.7896099684335,2618.029,2933.0,3206.1499999999996,"[1957.47, 2000.47, 2132.57, 2151.47, 2327.5, 2428.93, 2482.97, 2543.17, 2609.3, 2621.77, 2636.03, 2732.67, 2785.7, 2886.8, 2916.77, 2949.23, 2954.37, 2989.9, 3017.73, 3041.33, 3197.93, 3225.33, 3225.7, 3520.83, 3532.3, 3578.9, 3583.5, 3604.8, 3729.7, 3840.7]"
70700,2877.973,4481.7447682969905,2119.5144830333666,2488.8710000000001,2807.3000000000002,3023.5509999999995,"[2035.47, 2221.4, 2231.87, 2300.17, 2348.33, 2394.1, 2419.37, 2438.4, 2463.37, 2499.8, 2530.63, 2596.83, 2608.53, 2770.17, 2795.93, 2818.67, 2839.03, 2861.8, 2881.93, 2900.0, 3002.83, 3071.9, 3087.23, 3333.17, 3401.7, 3522.97, 3706.03, 3997.23, 4116.0, 4144.33]"
71050,2852.9196666666667,4442.7302794205943,2101.0636835129185,2647.3910000000001,2802.5150000000003,3135.3299999999999,"[1599.03, 1850.57, 2015.67, 2241.37, 2284.3, 2407.7, 2461.27, 2611.43, 2633.3, 2653.43, 2688.0, 2712.93, 2732.13, 2745.93, 2758.63, 2846.4, 2853.1, 2903.13, 3004.07, 3041.17, 3114.3, 3184.4, 3240.47, 3277.5, 3318.53, 3469.73, 3590.63, 3604.87, 3619.77, 4123.83]"
71400,2999.0169999999998,4670.2414337395567,2208.6586518925915,2796.2799999999997,3003.0699999999997,3142.569,"[2141.43, 2306.1, 2356.3, 2453.37, 2542.37, 2556.3, 2644.07, 2702.23, 2711.3, 2832.7, 2867.83, 2887.73, 2900.67, 2960.5, 2997.77, 3008.37, 3018.93, 3044.67, 3044.77, 3062.27, 3123.0, 3188.23, 3216.83, 3248.17, 3312.6, 3454.47, 3723.57, 3858.43, 3868.3, 3937.23]"
71750,2743.2843333333335,4271.9998446364034,2020.3215511676217,2482.8810000000003,2779.1199999999999,3038.5309999999995,"[1203.4, 1504.6, 1848.77, 2297.3, 2342.23, 2383.0, 2387.0, 2450.37, 2475.3, 2486.13, 2538.13, 2606.13, 2647.67, 2720.73, 2774.97, 2783.27, 2815.63, 2873.1, 2894.47, 2911.33, 2998.13, 3132.8, 3138.2, 3197.4, 3250.37, 3257.47, 3333.37, 3551.03, 3613.73, 3882.5]"
72100,3104.4769999999999,4834.469799768216,2286.32581464245,2711.27,3014.25,3400.569,"[1855.27, 1973.9, 2095.33, 2163.47, 2224.87, 2278.33, 2335.1, 2510.17, 2579.53, 2767.73, 2792.8, 2799.7, 2940.73, 2947.03, 2999.27, 3029.23, 3140.93, 3287.63, 3288.53, 3360.13, 3394.2, 3415.43, 3600.4, 3714.53, 3785.93, 3986.2, 4204.1, 4205.77, 4287.77, 5170.3]"
72450,3018.1393333333331,4700.019828941422,2222.7415020268327,2781.8099999999999,2937.5650000000001,3205.7879999999996,"[2221.37, 2284.73, 2535.5, 2583.6, 2585.63, 2666.67, 2708.77, 2718.8, 2725.6, 2805.9, 2821.2, 2867.53, 2896.77, 2906.83, 2910.5, 2964.63, 3071.7, 3114.23, 3168.5, 3176.3, 3179.97, 3266.03, 3289.8, 3332.23, 3388.43, 3461.4, 3476.8, 3514.03, 3718.33, 4182.4]"
72800,3068.9396666666667,4779.1290242481227,2260.1539594206038,2738.8699999999999,2962.98,3198.3609999999994,"[2215.0, 2258.07, 2309.1, 2396.33, 2439.9, 2521.6, 2530.03, 2544.03, 2595.93, 2800.13, 2810.07, 2822.57, 2854.53, 2923.33, 2934.23, 2991.73, 3005.87, 3019.2, 3020.0, 3053.4, 3146.83, 3318.6, 3488.9, 3518.37, 3662.73, 3664.47, 3793.37, 4043.2, 4280.37, 5106.3]"
73150,2867.8946666666666,4466.0502090742939,2112.0921849559218,2645.7299999999996,2779.1350000000002,3069.9690000000001,"[1957.77, 2058.43, 2145.43, 2327.03, 2367.3, 2390.23, 2436.23, 2480.33, 2565.23, 2680.23, 2700.1, 2719.17, 2725.97, 2769.03, 2773.1, 2785.17, 2943.83, 2972.63, 2996.77, 3010.9, 3058.17, 3097.5, 3101.03, 3236.7, 3376.67, 3418.23, 3598.43, 3601.63, 3750.73, 3992.87]"
73500,2960.1363333333334,4609.6942276256596,2180.0245625144103,2670.259,2969.0349999999999,3292.9200000000001,"[2104.03, 2198.87, 2265.0, 2284.5, 2284.53, 2436.27, 2549.93, 2620.93, 2646.83, 2680.3, 2849.57, 2853.13, 2887.4, 2907.17, 2924.2, 3013.87, 3041.77, 3087.53, 3145.27, 3229.83, 3290.73, 3298.03, 3392.6, 3422.83, 3476.5, 3517.13, 3533.07, 3555.3, 3563.2, 3743.77]"
73850,3238.4000000000001,5043.0223833416685,2384.9548629730907,2901.7619999999997,3271.3150000000001,3523.4299999999994,"[2150.47, 2249.53, 2316.57, 2420.53, 2464.53, 2736.37, 2772.63, 2781.07, 2825.77, 2934.33, 3016.3, 3117.0, 3147.13, 3173.57, 3203.33, 3339.3, 3361.97, 3410.03, 3451.57, 3465.83, 3502.4, 3572.5, 3586.73, 3714.7, 3804.07, 3894.03, 3992.67, 4044.73, 4139.77, 4562.57]"
74200,3051.6063333333336,4752.1365625454537,2247.3886377726085,2761.9380000000001,2942.4849999999997,3202.3799999999992,"[2052.17, 2090.17, 2165.63, 2439.9, 2506.2, 2656.27, 2688.9, 2745.0, 2754.63, 2765.07, 2830.6, 2848.13, 2856.97, 2876.97, 2935.6, 2949.37, 3049.63, 3060.27, 3072.27, 3118.5, 3166.47, 3286.17, 3330.37, 3344.4, 3588.83, 3669.6, 4032.13, 4193.67, 4223.4, 4250.9]"
74550,2907.0216666666665,4526.9810195958507,2140.9076891936775,2684.9690000000001,2913.0500000000002,3143.5399999999995,"[1840.77, 2104.7, 2229.13, 2270.27, 2270.93, 2483.73, 2550.93, 2570.17, 2615.13, 2714.9, 2746.4, 2751.77, 2764.27, 2788.4, 2903.47, 2922.63, 2957.1, 2971.87, 3017.3, 3074.17, 3124.07, 3188.97, 3273.73, 3331.07, 3357.67, 3426.3, 3542.27, 3759.37, 3784.33, 3874.83]"
74900,2815.9783333333335,4385.203114502583,2073.8578372375841,2469.1800000000003,2766.6199999999999,3083.3289999999997,"[1886.4, 2214.1, 2299.67, 2399.6, 2404.27, 2407.97, 2412.4, 2438.4, 2458.4, 2473.8, 2550.93, 2582.2, 2707.47, 2715.0, 2741.37, 2791.87, 2963.67, 3008.73, 3041.7, 3050.7, 3082.87, 3084.4, 3199.53, 3205.0, 3218.33, 3285.53, 3353.37, 3402.07, 3488.7, 3610.9]"
75250,2977.9943333333335,4637.5037303806357,2193.1762806292118,2612.4989999999998,2903.5,3238.1390000000001,"[1495.67, 2014.63, 2153.23, 2270.57, 2299.73, 2391.7, 2496.67, 2527.53, 2549.03, 2639.7, 2705.1, 2736.97, 2854.1, 2855.17, 2867.03, 2939.97, 3046.43, 3057.37, 3114.67, 3115.07, 3236.27, 3242.5, 3260.23, 3358.83, 3466.83, 3674.13, 3986.4, 4111.8, 4131.8, 4740.7]"
75600,2947.5340000000001,4590.0691507104129,2170.7434372154539,2733.6110000000003,2968.4300000000003,3221.4279999999999,"[2124.07, 2235.43, 2268.1, 2269.87, 2390.33, 2440.37, 2479.33, 2483.3, 2729.67, 2735.3, 2792.3, 2856.2, 2858.6, 2896.6, 2953.23, 2983.63, 3071.83, 3086.87, 3119.97, 3182.43, 3210.07, 3247.93, 3276.7, 3308.9, 3309.23, 3361.33, 3678.83, 3685.47, 3693.73, 3696.4]"
75950,2984.7143333333329,4647.9685001484386,2198.1252976373576,2737.6210000000001,2908.8999999999996,3325.0009999999997,"[1785.33, 2136.03, 2262.1, 2337.63, 2359.47, 2369.47, 2461.7, 2530.77, 2608.8, 2792.83, 2824.57, 2842.5, 2870.87, 2871.33, 2897.83, 2919.97, 2921.23, 2973.17, 3169.67, 3276.13, 3293.93, 3397.5, 3440.87, 3463.53, 3505.7, 3601.43, 3828.03, 3851.5, 3957.37, 3990.17]"
76300,3104.4083333333333,4834.3628680930096,2286.2752443297677,2809.0379999999996,3009.3850000000002,3378.6089999999999,"[2114.53, 2205.13, 2442.23, 2599.1, 2612.6, 2669.57, 2738.8, 2767.93, 2798.93, 2813.37, 2833.23, 2899.27, 2954.63, 3000.27, 3002.2, 3016.57, 3038.03, 3172.17, 3242.4, 3361.5, 3368.1, 3403.13, 3440.63, 3454.2, 3577.37, 3592.8, 3724.73, 3885.93, 4146.27, 4256.63]"
76650,3052.511,4753.5453614120124,2248.054889367852,2823.8589999999999,2999.6000000000004,3219.2689999999993,"[2037.43, 2324.1, 2328.2, 2689.4, 2690.4, 2775.83, 2786.33, 2802.17, 2804.7, 2832.07, 2847.77, 2885.7, 2935.53, 2973.83, 2976.07, 3023.13, 3145.67, 3161.87, 3162.73, 3190.77, 3196.37, 3272.7, 3320.3, 3374.43, 3374.77, 3520.1, 3600.03, 3650.77, 3689.73, 4202.43]"
77000,2865.6146666666668,4462.4996621887894,2110.413054185301,2527.3389999999999,2847.3999999999996,3119.1189999999997,"[1885.23, 1944.13, 2180.73, 2224.37, 2401.03, 2450.8, 2459.07, 2472.7, 2514.9, 2532.67, 2539.93, 2713.57, 2809.2, 2823.07, 2835.37, 2859.43, 2932.03, 2955.3, 2970.1, 3014.6, 3102.97, 3156.8, 3166.47, 3283.53, 3364.5, 3437.37, 3508.2, 3620.93, 3638.37, 4171.07]"
77350,2927.6086666666665,4559.0402778115913,2156.0692090071739,2714.3110000000001,2905.6500000000001,3124.2299999999996,"[2030.57, 2158.6, 2263.9, 2555.9, 2579.67, 2580.73, 2582.1, 2683.07, 2703.37, 2719.0, 2741.4, 2774.13, 2800.0, 2878.6, 2897.07, 2914.23, 2933.7, 2963.03, 3022.03, 3039.07, 3077.43, 3233.43, 3243.13, 3273.53, 3301.97, 3324.17, 3436.53, 3562.27, 3728.2, 3827.43]"
77700,3090.9180000000001,4813.3549466013046,2276.3401417833065,2787.8990000000003,3098.9000000000001,3274.5419999999999,"[1938.67, 2027.5, 2433.83, 2577.07, 2587.2, 2640.87, 2696.4, 2717.7, 2735.63, 2810.3, 2833.13, 2867.77, 2910.7, 2917.1, 3020.4, 3177.4, 3200.57, 3205.5, 3233.27, 3249.4, 3263.13, 3301.17, 3445.87, 3474.13, 3479.77, 3481.83, 3549.63, 3830.07, 4158.1, 4963.43]"
78050,3218.3246666666669,5011.7599218319592,2370.1701656351647,3001.4499999999998,3234.8649999999998,3403.0700000000002,"[1869.73, 2538.73, 2568.13, 2723.9, 2789.97, 2836.5, 2894.4, 2923.47, 2945.8, 3025.3, 3058.27, 3062.87, 3148.8, 3182.03, 3230.3, 3239.43, 3253.77, 3270.27, 3348.63, 3348.67, 3401.57, 3406.57, 3425.63, 3546.13, 3558.57, 3760.37, 3770.23, 3790.3, 4170.9, 4460.5]"
78400,2933.4490000000001,4568.135180147985,2160.3703859416837,2643.8879999999999,2929.25,3260.4499999999998,"[1835.57, 1988.37, 2223.5, 2315.13, 2441.6, 2515.57, 2555.9, 2580.97, 2632.03, 2648.97, 2653.23, 2744.1, 2799.7, 2823.03, 2861.8, 2996.7, 3022.5, 3120.0, 3183.3, 3192.9, 3257.03, 3268.43, 3269.1, 3317.73, 3380.77, 3417.57, 3468.7, 3523.53, 3916.47, 4049.27]"
78750,2873.8710000000001,4475.3568984178937,2116.4935205679781,2597.3899999999999,2879.5500000000002,3113.1709999999994,"[1951.13, 2019.53, 2111.63, 2206.13, 2365.17, 2406.3, 2470.37, 2501.7, 2541.67, 2621.27, 2764.97, 2766.73, 2768.07, 2813.7, 2876.4, 2882.7, 2890.2, 2936.53, 2998.27, 3015.23, 3085.73, 3177.2, 3185.17, 3285.33, 3325.47, 3337.97, 3515.63, 3603.9, 3650.7, 4141.33]"
79100,3025.2336666666665,4711.0675320648425,2227.9662008851838,2666.8490000000002,3086.2649999999999,3473.8980000000001,"[1841.93, 1945.2, 2362.73, 2381.33, 2474.87, 2569.53, 2596.83, 2603.53, 2643.0, 2677.07, 2706.07, 2722.57, 2798.0, 2841.3, 3074.1, 3098.43, 3165.5, 3217.23, 3231.5, 3285.83, 3471.57, 3479.33, 3539.4, 3548.9, 3556.63, 3562.43, 3599.5, 3662.43, 3824.3, 4275.97]"
79450,2971.7736666666669,4627.8165511441903,2188.5950030793106,2751.5789999999997,2860.0500000000002,3066.71,"[2061.23, 2065.73, 2390.53, 2509.83, 2619.33, 2653.03, 2719.63, 2725.63, 2750.9, 2751.87, 2761.67, 2783.63, 2786.23, 2802.93, 2814.37, 2905.73, 2927.9, 2986.37, 3002.87, 3031.3, 3065.03, 3070.63, 3190.47, 3390.87, 3401.1, 3528.97, 3608.13, 3800.33, 3963.8, 4083.17]"
79800,2913.846,4537.6082632196722,2145.9335436186661,2627.3099999999999,2809.5999999999999,3128.4389999999999,"[1916.57, 2086.83, 2258.27, 2350.3, 2422.17, 2450.77, 2473.3, 2535.63, 2548.0, 2661.3, 2689.47, 2721.37, 2732.63, 2758.13, 2769.37, 2849.83, 2875.7, 2944.6, 3017.33, 3068.27, 3108.87, 3174.1, 3189.97, 3321.67, 3539.33, 3558.0, 3580.37, 3614.53, 3906.03, 4292.67]"
