generation,agents,minScore,maxScore,meanScore,standardDeviation,w0,w1,w2,w3,w4,w5,w6,w7,w8,w9,w10,w11,w12,w13,w14,w15,w16,w17,w18,w19,w20,w21
0,100,1,18,7.4,4.46905,-3.31741,0.733554,3.45645,0.558053,2.19817,-1.96767,-1.66572,-3.60814,0.202046,-11.4012,-3.52875,2.34221,-1.35509,0.00888205,-5.4185,-2.51995,-7.61509,-2.38648,-1.82932,0.0434547,-4.45118,-9.0567
1,200,3,42,17,8.29208,-0.0697597,2.91377,2.81003,-1.14739,2.55592,-0.94672,-3.00497,-6.53052,-9.49213,-9.9949,-8.87051,-3.25347,-1.55714,-1.42527,-3.59193,-3.28829,-7.60118,-0.294052,1.84578,-3.28294,-7.84184,-13.0194
2,300,1,78,22.8333,14.0445,0.52079,2.06574,3.00441,-3.50982,2.89932,-4.85932,-5.56476,-6.54235,-11.5516,-12.8733,-8.71682,-10.3266,-2.16579,-1.39912,-7.04135,-4.81008,-10.7891,-0.574827,-3.12343,-6.94111,-17.3977,-15.6532
3,400,12,94,49.8667,21.0529,0.82592,0.714249,3.17806,-3.16525,1.96818,-3.42296,-4.14615,-7.76202,-7.9334,-12.7573,-4.74471,-11.6163,-2.97883,-2.48312,-8.25386,-6.3115,-11.5199,-2.83817,-2.89952,-8.04239,-22.0112,-18.7355
4,500,29,98,56.3667,19.0525,-0.041039,1.02464,1.86558,-3.87236,-1.07066,-9.94605,-3.47796,-3.95262,-2.79112,-11.8355,-3.87266,-13.2136,-4.29002,-1.70255,-8.26403,-7.11674,-12.0572,-4.22101,-6.31089,-8.93787,-25.4773,-21.84
5,600,31,223,74.8333,36.9156,-0.233475,2.52928,0.837351,-3.80257,-3.46548,-11.7972,-5.87486,-4.89688,-0.54473,-10.9364,-2.76869,-15.1288,-4.48303,-3.88172,-7.80867,-8.69976,-9.58266,-4.29938,-5.61309,-9.47461,-31.7483,-23.4081
6,700,24,144,78.0667,33.2793,-4.1575,2.66027,0.94846,-5.14522,-2.91782,-9.80162,-6.9194,-5.70466,-5.17,-7.23714,-1.90307,-15.1857,-6.48178,-4.57217,-7.7751,-11.2234,-8.77699,-5.80843,-7.37242,-8.28979,-30.0601,-25.5683
7,800,14,169,88.8333,41.8364,-7.40733,0.867026,-0.457905,-2.71986,-2.18438,-8.66444,-5.89628,-6.12581,-4.4886,-8.7668,-1.43422,-14.4855,-7.13513,-3.72693,-9.39869,-11.1305,-11.3553,-4.79268,-7.42873,-6.94798,-26.3997,-27.0878
8,900,17,328,114.9,67.0766,-7.52619,1.00116,-4.66188,-2.25051,-3.65732,-8.10292,-4.55983,-6.15547,-5.63198,-6.62647,-0.464732,-13.1068,-4.68826,-3.8146,-9.31179,-11.5232,-12.3075,-3.48636,-7.46086,-7.57731,-28.4211,-29.5003
9,1000,48,483,186.867,110.319,-5.69443,1.00469,-7.19774,-1.17138,-5.35441,-7.66652,-4.33325,-5.28136,-6.18739,-7.36441,2.85669,-14.2867,-1.86281,-4.1606,-9.56929,-12.6592,-10.3632,-4.95447,-7.57455,-5.49552,-26.2435,-31.3228
10,1100,50,611,220.8,151.305,-11.3599,1.50268,-10.8264,-3.03758,-5.26992,-9.17079,-3.85928,-5.48223,-4.95709,-5.36451,4.48226,-12.9675,-2.76358,-3.60086,-9.5747,-11.5909,-8.90617,-3.47533,-7.91003,-5.87562,-23.8891,-32.4987
11,1200,51,578,182.5,119.331,-12.6756,2.05859,-10.6487,-2.76153,-6.43827,-9.08479,-2.47303,-5.4196,-3.65305,-8.31086,5.61545,-12.7994,-1.35737,-5.36545,-8.93225,-10.0486,-8.68699,-3.80979,-6.76485,-5.38551,-22.8646,-32.7847
12,1300,76,1188,293.767,229.62,-5.37529,0.225631,-11.2759,-1.90058,-7.15728,-7.30234,-1.95836,-5.14495,-3.29001,-7.86206,5.24205,-11.6961,-1.98394,-4.08113,-10.2394,-10.3788,-9.32229,-4.1913,-8.46363,-4.32708,-21.5893,-34.7657
13,1400,78,617,281.967,165.014,-7.00884,-0.807565,-11.5036,-2.29137,-6.79656,-8.49228,-3.64327,-3.09405,-3.21557,-7.5216,6.83835,-11.896,-4.26599,-5.04096,-10.5526,-7.76076,-9.11664,-4.95614,-8.31359,-3.78616,-19.7071,-35.6897
14,1500,61,829,305.9,198.994,-8.24207,-0.918789,-8.55018,-3.07682,-7.05779,-7.89319,-3.1389,-4.26885,-4.85735,-5.51136,7.21636,-11.8815,-3.37006,-5.11095,-11.7428,-8.27413,-9.70863,-3.15305,-7.71358,-1.56714,-17.3735,-35.6935
15,1600,67,1274,496.067,342.03,-3.32357,-0.890607,-9.40013,-2.15325,-5.68271,-6.28889,-2.91557,-4.18104,-4.38292,-5.20446,6.7221,-12.7632,-3.67354,-6.99827,-11.0584,-6.98395,-9.97259,-4.61708,-7.18791,-3.39803,-15.5966,-37.1748
16,1700,133,1567,718.3,400.436,-6.97681,0.217262,-7.41092,-1.21397,-5.52262,-5.35226,-4.14908,-4.23034,-5.78625,-4.64266,6.57724,-13.4924,-4.58471,-6.34427,-10.4308,-8.35853,-9.35354,-5.47219,-8.81042,-2.45693,-15.6355,-39.2615
17,1800,58,5485,1274.43,1335.15,-6.97411,1.83596,-8.17473,-2.41418,-4.53441,-2.89275,-5.08817,-3.05706,-5.9735,-4.48308,5.89166,-12.691,-3.89177,-7.5587,-9.42756,-7.5812,-7.71999,-6.30862,-10.5151,-2.60239,-15.7371,-44.1106
18,1900,203,7280,1947.4,1626.9,-3.83676,3.4809,-8.91604,-0.830375,-3.60914,-2.73646,-2.9507,-1.66086,-7.32778,-4.95854,5.96961,-13.6181,-5.92327,-8.1948,-7.83819,-8.73176,-7.78108,-7.44609,-11.5861,-2.04736,-12.6685,-44.1529
19,2000,243,19188,3550.43,4051.04,-3.65338,4.50353,-10.4606,-0.560561,-3.21733,-3.33405,-2.38821,-1.72583,-5.69507,-5.92844,4.80514,-12.7111,-5.76546,-9.4397,-8.74226,-9.73839,-8.91572,-9.22433,-10.9163,-3.14363,-10.6528,-47.4349
20,2100,296,39115,10701.6,9855.23,-7.47116,6.23844,-10.4423,0.214579,-2.1651,-3.89982,-3.15287,-2.55252,-5.62472,-5.89413,4.22497,-15.4119,-7.15494,-8.99881,-7.07133,-10.5511,-6.78606,-10.469,-9.41807,-5.2094,-8.19067,-49.9544
21,2200,413,74663,25472.6,20568.4,-9.44732,6.34339,-9.83355,0.118472,-1.87574,-2.57647,-2.37616,-2.10891,-5.46064,-5.28849,5.63719,-16.2911,-8.31547,-9.00938,-7.09888,-10.9253,-6.52947,-8.54798,-7.51189,-6.65924,-8.34874,-52.4613
22,2300,585,43486,9369.6,9292.06,-9.4974,4.35888,-11.2609,1.10845,-2.0875,-5.91924,-2.59989,-3.01144,-4.36299,-6.81523,5.25315,-16.086,-7.69291,-9.19426,-9.92378,-10.931,-7.74674,-8.00035,-5.43386,-7.48052,-10.5989,-52.7895
23,2400,944,59353,14293.7,13484.9,-11.9776,6.22648,-9.95572,0.210622,-3.19871,-5.5879,-3.99373,-3.13462,-3.04563,-7.75038,5.6756,-16.9134,-8.47259,-9.53741,-10.4767,-9.68078,-6.29279,-10.3764,-5.89407,-7.3793,-11.3878,-52.8048
24,2500,816,89128,22703.1,22958.7,-10.9303,6.62897,-9.55091,1.91713,-2.45145,-4.38567,-2.63985,-2.94856,-2.61348,-7.62093,5.83107,-14.3577,-8.54755,-12.7436,-11.5641,-11.7045,-7.92702,-11.4844,-5.99861,-9.17331,-7.94984,-52.3575
25,2600,783,111165,31601,25651.3,-9.21463,6.91433,-10.3214,1.2951,-1.53831,-3.87685,-2.67905,-3.08794,-1.43447,-6.67036,5.42865,-14.9723,-7.25771,-12.8927,-9.92063,-11.2264,-7.16654,-9.73214,-7.02968,-9.82439,-8.5112,-55.175
26,2700,1169,69008,24179.6,19242.5,-9.20811,5.79377,-9.75466,2.95201,-3.17417,-2.21713,-3.57802,-3.00675,-2.55666,-6.14244,3.70711,-15.038,-8.45934,-12.9094,-10.3389,-11.7019,-6.85622,-9.06017,-5.76009,-9.85155,-7.36643,-57.0086
27,2800,283,152237,40531.7,36553.2,-10.3928,5.09368,-7.84001,3.15609,-2.52978,-3.02888,-1.99669,-2.81207,0.276508,-6.76648,4.20559,-15.7242,-8.36417,-12.9645,-11.7599,-11.2528,-7.3095,-9.9595,-5.0922,-10.1675,-6.41228,-56.4875
28,2900,2949,262881,47753.4,50393.3,-10.1075,5.46194,-7.06417,0.962979,-1.55571,-2.83439,-0.473552,-3.19073,0.419352,-6.52735,4.07577,-16.2416,-7.89294,-12.9493,-12.1903,-11.1125,-6.97374,-10.9692,-4.95071,-10.3516,-5.07919,-57.9477
29,3000,1178,179212,43639.1,43713.6,-9.79871,6.8014,-7.17146,-0.179879,-0.544939,-2.46973,-1.8516,-2.09863,0.0295545,-6.65979,4.85721,-16.0184,-9.06003,-13.0264,-13.1329,-11.8217,-7.88241,-11.8389,-5.17219,-12.0048,-6.0297,-60.1195
30,3100,5463,587112,104847,117258,-11.767,7.72586,-7.41139,1.47124,-0.708224,-4.32705,-1.37576,-1.14901,-0.309848,-6.37552,5.81473,-15.4301,-7.62257,-13.0353,-13.1302,-11.7407,-8.50303,-11.8998,-6.81344,-13.257,-5.08907,-59.7813
31,3200,2836,180301,52709.9,48004.6,-11.3492,6.51618,-6.67016,0.13154,-1.92811,-4.40683,-1.16224,-2.59391,-1.16398,-5.05405,6.57322,-14.431,-7.83275,-13.1146,-13.7998,-13.6498,-10.2327,-11.6555,-7.30445,-12.5884,-6.44685,-60.1169
32,3300,6508,287205,62407.7,55974,-13.5393,7.57838,-6.76414,0.216997,-0.494096,-3.53714,-0.774246,-1.22122,-1.91058,-4.86614,6.1784,-13.9414,-8.12449,-12.8061,-13.2821,-13.6448,-9.94295,-12.2767,-8.30871,-12.6398,-7.29724,-60.6378
33,3400,1293,133818,49045.2,39668.3,-15.007,6.40546,-7.61876,0.060057,1.58946,-4.60024,-0.108327,-0.286219,-0.43701,-5.21128,6.3567,-15.4323,-8.64443,-12.9545,-13.7868,-13.1964,-9.24445,-14.258,-8.26865,-12.2573,-6.60305,-62.1022
34,3500,3408,136613,34504,34132.1,-15.02,7.57316,-7.1656,1.0181,-0.183477,-5.98558,-0.00829796,-1.11752,-0.996045,-4.81103,5.70735,-13.7592,-9.13213,-13.5468,-14.5855,-12.6,-9.97735,-14.1832,-8.40773,-11.2191,-8.2384,-62.4989
35,3600,710,94268,39988.4,27931.9,-14.0607,9.03447,-8.07132,0.226187,-2.89373,-5.55689,0.87085,-1.04889,-1.11606,-4.57803,6.0364,-14.3577,-8.2199,-12.6902,-15.9935,-13.676,-10.0042,-13.135,-11.2447,-12.5511,-7.30257,-63.6585
36,3700,1670,236299,36964.7,43530.6,-11.7926,9.07555,-7.87169,0.206045,-3.50784,-6.36941,1.21996,-1.97795,0.223778,-5.43958,4.89961,-14.6383,-8.1194,-14.3998,-16.1892,-13.2981,-10.9496,-12.7464,-8.50483,-11.9104,-7.70159,-65.3964
37,3800,1593,186838,56196.6,52924.3,-14.2379,7.5424,-6.1915,0.425267,-1.56029,-4.4756,3.45357,-2.49034,0.46632,-5.86027,7.06667,-15.1107,-7.80855,-15.3078,-13.8368,-13.3055,-10.1587,-13.35,-8.92076,-12.4875,-8.69509,-65.7443
38,3900,2549,231623,53782.7,61875.1,-14.4119,6.78773,-4.66062,-0.101356,0.216507,-6.53821,2.26444,-1.91525,1.59167,-6.28834,7.99828,-15.753,-7.46418,-13.6076,-13.7043,-15.3384,-10.2932,-13.1056,-8.03205,-13.7027,-7.90507,-64.6662
39,4000,2240,370806,77026.3,86153.2,-13.4126,7.45934,-6.13638,0.434006,-0.972023,-5.56188,1.14202,-2.68297,2.04385,-6.19243,6.44201,-16.2963,-7.7,-14.1182,-12.1558,-13.3325,-11.4468,-12.6726,-7.60815,-15.414,-7.71136,-64.4917
40,4100,681,377593,84371,90121.7,-12.4531,7.73146,-5.93653,0.071217,-1.00435,-4.7738,0.122245,-2.91031,1.57053,-6.35024,6.65195,-15.8883,-8.02887,-15.513,-12.0159,-14.9259,-11.0513,-12.8469,-6.76603,-16.213,-8.68636,-65.5323
41,4200,579,173588,59247.2,41878.5,-13.4226,7.28827,-5.46255,-0.438766,-1.32334,-4.32417,-0.106305,-3.70175,0.964697,-6.08341,6.88111,-16.125,-8.87322,-17.3707,-11.1195,-14.6703,-11.2773,-12.9417,-7.89121,-14.4624,-9.24626,-65.0191
42,4300,545,206821,51976.4,45902.2,-13.5291,6.98595,-5.27988,-0.725841,-1.56897,-5.64875,0.745462,-4.88155,2.13691,-5.02043,7.33941,-14.3426,-9.55076,-17.4841,-12.2948,-15.0461,-13.3231,-12.9177,-7.49846,-15.5878,-7.87184,-67.0101
43,4400,2785,189408,34477.5,38246.6,-14.6353,6.89744,-6.79404,-0.678859,-2.28419,-4.22277,1.05929,-3.63023,3.29904,-6.84895,5.93895,-15.3907,-8.62055,-17.947,-12.3352,-13.5401,-14.764,-14.5827,-6.89055,-15.9062,-9.0241,-68.7191
44,4500,1143,280854,79025.5,71754.5,-13.2013,9.67855,-6.92044,-2.11968,-1.51608,-5.97257,0.406142,-5.19787,2.66279,-7.89313,6.89015,-13.4267,-9.3019,-16.2318,-13.2768,-15.3647,-14.8803,-14.8357,-6.99043,-17.1829,-7.83362,-70.8488
45,4600,1186,175910,56131.5,44858,-15.0378,9.52599,-5.92238,-2.06378,-2.47135,-5.31868,0.773334,-5.20898,2.79132,-6.72028,6.46193,-12.6916,-10.9827,-15.2036,-14.3709,-14.478,-14.576,-15.3209,-7.68128,-18.1813,-7.50712,-75.1556
46,4700,780,207049,71269,58329.2,-15.8412,9.07739,-7.7101,-2.22098,-3.25116,-4.51717,1.8571,-4.75357,1.91666,-6.7332,6.96739,-13.5401,-11.5097,-13.1614,-14.7222,-14.5511,-13.7142,-16.3531,-9.50133,-18.4145,-6.92187,-73.9703
47,4800,1265,242477,71332.6,68859.9,-15.781,8.33856,-8.34219,0.284077,-3.03753,-2.94393,-0.398021,-3.75131,2.85938,-6.51855,6.46633,-13.4932,-12.5459,-12.9007,-15.3118,-16.1617,-12.6322,-16.5504,-7.79585,-19.2541,-8.47378,-75.0527
48,4900,4504,312330,78377.3,72038.6,-15.0582,9.04028,-7.80227,0.453659,-5.15236,-1.91832,-0.640801,-4.96122,3.7738,-5.85533,6.51792,-13.713,-12.7055,-14.9643,-14.5063,-15.518,-14.9879,-18.206,-7.99251,-19.3944,-6.98768,-76.3825
49,5000,1897,306947,83339.7,77015.6,-13.2266,8.37798,-6.93518,-0.441967,-2.31652,-2.324,-0.914472,-3.05391,3.029,-6.58108,6.56585,-15.5452,-12.2904,-17.6148,-14.026,-13.6991,-14.8157,-17.9263,-8.43507,-20.1287,-6.26579,-75.7272
50,5100,1652,257840,82669,72035.8,-11.7246,8.9242,-7.89979,-0.994693,-3.77535,-1.8695,-0.461412,-4.61688,2.91963,-7.69119,7.01696,-17.386,-10.4762,-17.7556,-13.9157,-13.4086,-16.2946,-17.0749,-8.9077,-20.9443,-7.40246,-77.2063
51,5200,2771,300897,81317.2,79536,-10.2257,8.34164,-9.47263,-0.46473,-3.54168,-3.53727,-0.892587,-5.78233,3.1551,-8.94619,8.67197,-17.0575,-9.8911,-18.0293,-14.5403,-14.2302,-17.1015,-17.4413,-8.47242,-20.8409,-7.56977,-77.99
52,5300,1197,335040,100778,93322.2,-11.2113,9.05003,-9.41335,-0.892217,-3.35381,-3.11549,-1.27757,-6.33988,3.47119,-10.8414,8.42562,-17.1227,-9.7057,-17.6229,-14.276,-15.4564,-16.3677,-18.0867,-9.34632,-19.367,-8.309,-78.5838
53,5400,7023,278613,81223.6,68559.1,-14.0606,7.18929,-8.56901,-2.53769,-4.02416,-3.39982,-1.05128,-4.35125,4.84033,-10.4537,8.52774,-17.6581,-10.4695,-16.7194,-15.7111,-15.245,-15.9557,-17.3038,-9.36534,-18.5482,-6.84657,-78.0626
54,5500,1481,264776,76777.5,62410,-17.1415,10.2264,-7.9207,-3.11258,-3.92725,-0.43685,0.0826504,-4.31067,5.14868,-10.1695,8.12471,-18.0277,-10.7762,-17.2929,-16.4675,-16.103,-15.2037,-18.2605,-9.56024,-20.2341,-6.64513,-77.5265
55,5600,6730,206785,77335.4,55178.2,-17.0058,10.4276,-7.9716,-3.62329,-4.35638,-2.27769,0.895381,-3.64743,2.43706,-8.23612,9.18308,-17.3547,-10.6165,-15.5023,-15.3881,-16.3722,-15.68,-19.3677,-9.20162,-19.8131,-7.84514,-78.6297
56,5700,15038,444764,114180,101312,-19.4054,11.04,-7.28369,-3.12878,-4.93512,-3.89493,0.892895,-5.3212,1.91351,-8.10459,8.38529,-17.2372,-11.3711,-16.0949,-14.7037,-16.0962,-14.8504,-18.1638,-10.0708,-19.527,-6.94198,-78.869
57,5800,11473,388307,96411.6,80973.9,-19.6659,11.8407,-7.51431,-4.31499,-4.42396,-2.74004,1.60488,-3.69617,0.933228,-7.99017,9.71784,-18.3224,-11.7478,-16.9415,-15.372,-18.611,-13.6946,-17.0371,-9.05801,-19.6022,-7.51355,-79.5167
58,5900,373,137309,38310.6,36365.6,-17.8815,9.96576,-7.93794,-4.1085,-3.49893,-5.04121,-1.49051,-2.66738,-0.0434753,-7.49631,9.46504,-17.1315,-13.5494,-16.5316,-17.2721,-17.5915,-13.1543,-16.0601,-10.5514,-19.194,-9.30922,-80.9379
59,6000,3106,247574,59483.8,57636.6,-18.9145,9.20213,-8.76507,-3.69719,-3.65257,-5.95765,-0.135388,-3.11554,-0.389908,-9.44822,9.03364,-18.0333,-13.5797,-13.6505,-17.1677,-18.7201,-13.4087,-18.0069,-11.2482,-22.7959,-10.1229,-80.9371
60,6100,2167,329258,66806.1,73908.5,-21.8662,8.44096,-8.05848,-2.19199,-1.60424,-6.38144,-0.396567,-3.63976,0.561526,-9.62835,8.49609,-18.8264,-13.8326,-14.6739,-16.242,-18.6198,-11.2396,-16.9916,-10.3709,-23.4237,-8.25152,-82.6862
61,6200,208,261030,79457.5,69623.2,-25.6196,9.57518,-8.49217,-1.29004,-0.169732,-5.47917,0.49877,-5.06658,0.860299,-9.3251,8.90562,-16.9358,-13.2479,-14.4205,-14.3757,-19.6606,-11.565,-17.8438,-9.93848,-23.8596,-8.51262,-81.7744
62,6300,481,121371,43596.1,35639.4,-24.8758,10.1034,-7.77255,-0.959265,-2.06093,-3.79552,0.634068,-5.10875,-0.124188,-9.81976,7.69419,-16.8173,-15.2947,-14.7569,-14.1358,-19.175,-11.7178,-18.952,-8.62789,-21.7829,-7.52594,-82.8626
63,6400,255,201828,53797.4,61182.3,-20.3316,10.0701,-9.07749,-1.66723,-1.88124,-3.26127,0.725797,-5.02653,-0.182931,-9.92788,7.59081,-17.4373,-13.5141,-14.5742,-15.1814,-14.8707,-11.5348,-17.2204,-8.45076,-21.3662,-8.23746,-82.054
64,6500,1098,205142,70641.3,56703,-20.833,9.8347,-9.42487,-0.940792,-1.10399,-3.03468,1.56452,-5.01428,-0.637403,-9.47362,8.58334,-18.19,-12.698,-17.125,-13.1228,-14.3183,-10.2219,-18.0678,-9.87947,-21.4387,-8.51496,-82.7223
65,6600,3818,226792,74396.8,60652.5,-23.6058,10.8241,-7.83801,-0.670366,-1.89164,-1.74047,-0.177693,-3.98389,0.550359,-8.67147,10.1647,-18.4872,-13.2439,-18.5562,-13.4941,-16.3329,-9.6763,-16.9793,-8.83884,-21.626,-8.04383,-86.6752
66,6700,465,282649,87418.7,78083.9,-25.2162,12.1305,-8.72007,-2.68701,-3.03622,-1.92359,0.873809,-4.78231,-0.389135,-9.65425,11.5966,-19.5199,-13.146,-19.273,-12.6706,-17.3185,-10.7848,-17.9732,-9.40652,-21.2253,-8.64428,-88.0899
67,6800,4256,316197,78935.2,77308.6,-25.2461,11.7813,-8.88505,-3.49588,-3.32858,-0.738001,1.29002,-5.09583,2.27941,-9.59661,10.4733,-18.892,-11.2042,-20.1511,-14.4497,-19.2768,-9.79214,-17.8737,-10.6839,-21.7608,-9.24637,-89.7754
68,6900,11520,475284,97945.7,101320,-23.897,11.3104,-9.74496,-2.85093,-3.24938,-1.90849,1.39138,-5.88251,0.956784,-9.2218,11.6231,-20.3122,-11.0194,-20.6044,-14.0501,-20.1532,-11.5599,-17.9851,-11.4256,-22.792,-10.6567,-90.1681
69,7000,3370,350977,102781,89283.4,-23.3129,12.0627,-9.44132,-3.08668,-0.832651,-2.744,2.16526,-4.24479,0.526295,-9.34922,10.6393,-21.36,-10.8456,-21.8451,-13.8565,-20.0023,-12.8792,-17.4658,-11.8365,-22.5781,-9.05978,-91.2836
70,7100,2429,232775,71399.8,58849,-21.4291,12.4925,-8.64573,-3.31433,0.117064,-1.85673,1.89977,-5.06951,0.468208,-9.26492,10.8928,-19.6829,-10.5966,-22.5908,-14.1932,-19.7624,-12.7642,-17.9889,-11.4845,-21.301,-9.8947,-90.4149
71,7200,3761,309864,87379.4,81260.8,-21.5955,11.582,-8.21091,-2.80493,0.221083,-0.0531874,0.673763,-4.38079,-0.376023,-9.22117,10.3551,-19.3791,-10.1138,-20.16,-13.8415,-20.187,-12.141,-19.5785,-11.9524,-21.3445,-9.77835,-91.4079
72,7300,8118,390525,74612.1,78046,-21.8378,12.1894,-6.99939,-1.56965,-0.326292,-1.81672,0.0619859,-5.65208,0.40921,-9.01837,10.5219,-21.9759,-9.6948,-21.092,-13.61,-20.1354,-10.9801,-18.9147,-12.0526,-21.4182,-10.4336,-90.2613
73,7400,2350,276363,83130.5,68820.7,-21.2319,11.276,-8.10196,-2.48632,-1.22496,-2.9164,1.72417,-5.77723,-0.14885,-10.0915,11.7852,-21.9528,-10.5511,-21.1234,-13.686,-19.9008,-11.0698,-18.1735,-13.0526,-21.2328,-8.40148,-91.7346
74,7500,2215,343370,93546.8,83318.9,-21.2151,12.2851,-9.31343,-2.52235,-0.919198,-3.37996,1.07548,-6.6328,0.420701,-9.57669,11.9072,-22.4428,-11.2064,-21.7941,-13.6658,-18.329,-12.5584,-18.4756,-12.3319,-22.3516,-9.38916,-90.2921
75,7600,1268,642967,133828,169587,-23.3535,11.6253,-7.39291,-2.43257,-1.13153,-2.92801,-0.188832,-7.00009,-0.51695,-10.1422,13.4323,-22.9392,-11.7072,-22.7247,-14.1257,-19.2632,-14.9747,-18.5169,-11.1994,-22.3009,-10.1701,-90.8698
76,7700,4412,290084,93857.5,93504.3,-22.0088,11.8782,-6.33189,-2.08196,-0.763288,-1.18179,-1.26471,-5.42918,-0.458903,-11.1317,14.1444,-22.5326,-12.9087,-22.4704,-15.6988,-19.0999,-16.1568,-20.4463,-13.2574,-22.2776,-10.8508,-92.592
77,7800,3521,628369,143290,149667,-23.0802,11.3613,-7.27414,-2.45873,-2.46245,-2.36077,-1.17052,-5.33947,0.271481,-10.801,14.3872,-23.0687,-12.7372,-20.4802,-14.4165,-18.9203,-16.5388,-20.0859,-14.4687,-22.2673,-9.533,-91.5901
78,7900,9097,413801,94609.8,95270.9,-24.0122,10.2546,-8.22011,-2.29875,-4.20418,-0.661341,-0.85365,-5.49528,1.31142,-11.6916,14.3197,-22.3941,-13.154,-19.9824,-14.5842,-17.0721,-16.9736,-19.8256,-15.1082,-23.9856,-9.57069,-92.1787
79,8000,601,315995,125724,90887.1,-24.4028,11.948,-9.0918,-3.32064,-4.41244,1.2996,0.241575,-5.84685,0.181277,-12.5671,14.1902,-21.2323,-14.7196,-20.394,-14.6381,-17.1629,-16.5475,-19.5557,-13.6225,-25.6663,-9.04554,-92.7219
80,8100,646,413097,134074,112634,-24.4768,13.0438,-9.74791,-3.61344,-5.65388,-0.343493,0.0879643,-5.45042,1.06868,-13.0048,15.1197,-22.7733,-14.2681,-19.3853,-14.1144,-17.1389,-15.4536,-20.0784,-13.1639,-27.2787,-8.26171,-92.1573
