agents,meanScore,clow,chigh,Q1,Q2,Q3,means
700,8.683326666666666,13.52217475971702,6.3949302619968451,5.5599999999999996,8.9000000000000004,10.683310000000001,"[0.333333, 0.866667, 2.0, 2.43333, 3.2, 4.06667, 4.66667, 4.8, 5.0, 5.8, 6.23333, 7.16667, 7.2, 8.33333, 8.9, 8.9, 9.2, 9.86667, 9.93333, 10.0333, 10.6333, 10.8, 11.3333, 11.4333, 12.4333, 13.7333, 14.0667, 17.5, 18.2333, 21.4]"
1400,23.785554666666666,37.040231158657633,17.517130147844291,13.28332,18.4833,26.029989999999987,"[6.66667, 7.6, 7.66667, 9.9, 10.2333, 10.6, 11.2667, 12.1333, 12.4667, 13.6333, 15.1667, 15.3333, 15.5333, 17.2667, 17.7333, 19.2333, 19.6667, 19.8, 22.9, 23.9, 24.7, 29.1333, 32.3667, 33.7333, 37.0, 38.4333, 43.8667, 55.0667, 62.9667, 67.6]"
2100,49.448880000000003,77.004634594607282,36.417164903833012,40.043300000000002,47.683349999999997,59.239999999999995,"[18.0667, 18.5667, 19.0333, 22.3333, 27.8667, 31.1667, 32.2333, 38.5, 39.8333, 40.1333, 40.5, 41.7333, 42.6667, 45.5667, 46.3, 49.0667, 51.5, 52.3, 52.6333, 55.6667, 59.0, 59.8, 60.6, 61.6667, 66.8333, 66.8333, 67.6667, 71.7, 76.1667, 127.533]"
2800,71.628916666666655,111.5446609574219,52.751893877736201,55.546689999999998,65.866700000000009,76.610010000000003,"[30.0, 37.0333, 41.5, 42.4, 44.0, 44.8667, 45.6, 51.2, 54.1, 56.1667, 60.7667, 62.4667, 62.8667, 63.0333, 63.5667, 68.1667, 70.6667, 72.5, 72.5, 74.1667, 76.5, 76.8667, 78.8333, 80.3333, 95.3333, 100.6, 122.267, 127.433, 127.967, 145.167]"
3500,94.204466666666661,146.70060338771123,69.377902942951167,70.03000999999999,87.049999999999997,99.870100000000008,"[52.6333, 54.0, 55.5, 64.2, 65.5, 65.6667, 65.7667, 68.8, 69.8667, 70.1, 72.7333, 73.6333, 77.6333, 79.9, 82.5333, 91.5667, 91.5667, 91.6, 92.2333, 96.5667, 99.7, 100.267, 101.033, 109.767, 115.4, 131.9, 139.3, 140.1, 160.7, 245.967]"
4200,116.76440333333333,181.8322318390361,85.99241339920475,83.720010000000002,106.2165,121.9868,"[62.8333, 65.3333, 67.2667, 74.4, 76.7667, 77.1667, 77.8667, 79.4667, 81.6667, 84.6, 96.4, 97.8, 99.0333, 99.8, 104.9, 107.533, 111.033, 117.533, 119.733, 121.533, 121.967, 122.033, 145.2, 148.467, 152.467, 159.967, 170.1, 185.2, 204.633, 270.233]"
4900,143.11112333333332,222.8608566808208,105.39574158206986,101.8601,130.31649999999999,150.22,"[81.6333, 84.5, 90.3333, 91.1667, 96.6667, 97.3667, 98.5, 100.267, 101.067, 102.2, 108.167, 109.167, 109.567, 125.6, 126.8, 133.833, 135.8, 140.233, 140.533, 146.9, 148.9, 153.3, 154.533, 163.8, 192.267, 214.933, 233.533, 254.967, 271.5, 285.3]"
5600,178.68444333333335,278.25767270409654,131.59409957555368,124.17319999999999,149.31649999999999,192.54699999999997,"[96.5333, 101.933, 106.233, 109.333, 117.967, 119.067, 119.4, 119.767, 121.467, 125.333, 128.2, 130.167, 133.2, 136.6, 149.1, 149.533, 152.433, 156.433, 162.0, 172.367, 189.067, 200.667, 218.433, 221.1, 226.3, 249.433, 256.8, 326.133, 352.767, 512.767]"
6300,220.69554333333332,343.67976931007632,162.53363059205833,152.82299999999998,180.8835,213.13999999999996,"[98.8333, 113.267, 128.567, 129.533, 129.967, 135.467, 142.967, 143.767, 146.733, 155.433, 158.2, 162.633, 170.133, 174.633, 174.9, 186.867, 187.6, 197.533, 199.433, 205.8, 207.8, 225.6, 259.867, 276.8, 323.667, 331.433, 357.833, 361.967, 465.0, 668.633]"
7000,252.27000000000001,392.84932579224397,185.7869822388283,167.99299999999999,182.35000000000002,247.86999999999998,"[138.667, 139.333, 148.533, 150.033, 157.267, 161.8, 163.1, 166.3, 166.733, 168.533, 171.867, 172.367, 173.733, 174.467, 180.633, 184.067, 208.633, 208.833, 214.733, 221.167, 243.4, 258.3, 296.267, 303.8, 340.2, 347.367, 357.033, 425.567, 570.3, 955.067]"
7700,287.54673333333335,447.78428003235484,211.76691575943673,203.32689999999999,222.14999999999998,283.46699999999998,"[142.733, 159.833, 172.033, 175.033, 177.967, 178.033, 191.567, 195.7, 201.6, 204.067, 206.067, 206.167, 219.367, 219.833, 220.867, 223.433, 226.5, 228.733, 232.867, 254.867, 281.667, 287.667, 289.667, 314.2, 380.467, 404.3, 408.767, 664.167, 740.3, 817.933]"
8400,337.36573333333331,525.3652867380423,248.45665955836716,222.327,253.35000000000002,312.45999999999992,"[158.6, 174.8, 185.667, 195.9, 199.3, 205.433, 210.367, 215.6, 221.067, 222.867, 222.967, 230.367, 241.1, 245.067, 251.567, 255.133, 261.733, 262.9, 263.3, 263.433, 305.5, 328.7, 333.9, 376.333, 490.967, 504.1, 582.767, 612.967, 1020.17, 1078.4]"
9100,409.71230000000003,638.02751347282504,301.73707457537358,252.42000000000002,282.267,334.65679999999986,"[177.867, 192.633, 197.467, 219.8, 221.4, 221.8, 227.367, 240.367, 249.2, 253.8, 263.267, 265.867, 270.7, 274.5, 279.967, 284.567, 291.233, 297.267, 304.633, 309.4, 319.967, 368.933, 375.633, 456.0, 467.7, 683.367, 791.267, 1112.1, 1280.23, 1393.07]"
9800,437.93019999999996,681.97004722742508,322.51845359831339,275.84989999999999,301.36699999999996,342.95319999999998,"[157.6, 161.9, 183.633, 228.067, 234.933, 236.233, 243.333, 272.567, 275.033, 276.2, 277.267, 284.867, 293.533, 295.4, 297.267, 305.467, 321.533, 327.733, 333.0, 335.1, 342.133, 344.867, 348.4, 471.6, 552.667, 784.633, 1092.8, 1176.3, 1259.37, 1424.47]"
10500,460.19350000000003,716.63973603271506,338.91450275864844,277.59990000000005,320.18349999999998,435.30679999999995,"[193.1, 216.633, 229.967, 231.333, 231.6, 242.733, 243.9, 263.733, 274.333, 279.0, 284.7, 285.967, 287.067, 300.133, 313.367, 327.0, 327.033, 337.467, 366.0, 423.733, 429.467, 448.933, 508.833, 619.133, 717.667, 886.633, 1003.77, 1035.3, 1211.57, 1285.7]"
11200,496.81000000000006,773.66105183670163,365.88112199656041,287.17310000000003,310.80000000000001,367.95310000000001,"[224.733, 229.767, 231.767, 233.8, 236.3, 248.967, 266.067, 279.6, 284.0, 288.533, 292.367, 292.833, 298.4, 304.233, 308.567, 313.033, 326.1, 329.9, 330.867, 336.267, 367.033, 370.1, 424.3, 725.833, 851.233, 922.6, 1276.0, 1328.13, 1366.7, 1616.27]"
11900,562.4158666666666,875.82627357537774,414.19727526552987,312.04310000000004,342.25,367.53999999999991,"[241.9, 247.833, 252.9, 263.167, 266.767, 268.4, 285.867, 291.7, 311.6, 312.233, 312.333, 315.5, 334.533, 337.6, 339.9, 344.6, 344.633, 349.933, 351.767, 356.867, 360.7, 383.5, 441.867, 821.533, 949.833, 1258.4, 1535.87, 1553.8, 1554.27, 1882.67]"
12600,617.82479999999998,962.11224536301552,455.00378619854769,338.61310000000003,390.733,483.0231,"[223.433, 245.433, 255.8, 257.8, 259.133, 270.167, 272.5, 277.067, 317.1, 347.833, 351.133, 355.233, 369.267, 384.1, 388.133, 393.333, 395.6, 401.133, 410.833, 429.6, 480.333, 489.3, 592.267, 857.533, 1011.87, 1415.17, 1580.57, 1606.3, 1855.1, 2041.67]"
13300,571.49843333333342,889.9701677818357,420.88623016299294,343.71999999999997,397.81650000000002,438.02999999999986,"[212.333, 250.3, 257.2, 258.633, 276.667, 290.733, 309.067, 312.733, 332.1, 348.7, 360.7, 362.067, 368.167, 368.5, 391.633, 404.0, 407.633, 413.667, 415.033, 420.967, 424.2, 470.3, 554.733, 815.967, 1077.73, 1168.23, 1301.23, 1330.73, 1541.63, 1699.37]"
14000,703.75233333333335,1095.9235330190611,518.28605166501757,338.22700000000003,405.28300000000002,500.09689999999989,"[238.667, 242.067, 257.167, 283.567, 299.5, 304.0, 318.667, 327.167, 336.267, 339.067, 349.067, 350.733, 354.4, 380.567, 385.533, 425.033, 447.3, 464.867, 465.267, 467.367, 492.167, 518.6, 661.0, 831.433, 1699.57, 1782.0, 1828.43, 1883.9, 1955.6, 2423.6]"
14700,768.38133333333326,1196.567521906471,565.88278086434059,358.89299999999997,399.13350000000003,601.17009999999982,"[275.0, 276.6, 280.733, 287.133, 306.4, 307.867, 345.433, 347.033, 347.833, 363.633, 365.567, 367.533, 368.267, 384.867, 396.767, 401.5, 423.267, 423.433, 502.267, 509.967, 586.9, 634.467, 715.433, 1084.43, 1466.57, 1914.87, 1964.77, 2011.73, 2352.3, 3038.87]"
15400,750.20436666666671,1168.2613059475855,552.49615628252047,350.3732,389.81700000000001,618.29009999999948,"[265.167, 296.9, 303.867, 319.933, 322.767, 328.733, 329.233, 329.933, 337.167, 356.033, 356.933, 364.367, 364.4, 386.233, 387.367, 392.267, 392.967, 466.933, 540.167, 551.467, 568.5, 734.467, 1205.5, 1452.83, 1511.7, 1659.37, 1716.73, 1749.93, 1920.97, 2593.3]"
16100,755.82450000000006,1177.0133002031946,556.63516453470993,379.12,425.66650000000004,702.59690000000001,"[223.367, 248.367, 300.133, 308.667, 308.967, 329.667, 363.7, 369.567, 378.7, 379.3, 383.3, 385.2, 386.367, 394.433, 418.1, 433.233, 460.2, 462.667, 525.3, 599.7, 693.767, 723.2, 962.333, 1268.07, 1433.23, 1729.17, 1889.5, 2046.73, 2079.13, 2190.67]"
16800,855.03793333333329,1331.5141540285949,629.70197539828143,372.90009999999995,498.48349999999999,795.49099999999908,"[244.133, 257.467, 272.033, 275.033, 308.6, 321.267, 336.9, 368.133, 368.467, 374.8, 459.767, 464.667, 468.4, 478.5, 486.467, 510.5, 570.467, 585.667, 590.267, 639.233, 696.8, 1025.77, 1257.77, 1324.23, 1490.7, 2013.73, 2133.27, 2200.9, 2525.23, 2601.97]"
17500,830.08373333333327,1292.6540412697061,611.32418369818163,369.79320000000001,479.21699999999998,1210.3719999999998,"[253.7, 262.867, 266.833, 267.933, 314.5, 319.567, 341.167, 344.033, 349.867, 378.333, 390.967, 407.3, 431.767, 459.1, 474.767, 483.667, 544.967, 852.367, 1006.47, 1126.67, 1184.23, 1271.37, 1392.4, 1429.17, 1434.5, 1458.07, 1778.23, 1872.8, 1885.63, 1919.27]"
18200,924.92089999999996,1440.3399214181452,681.16804542998022,440.12309999999997,571.59999999999991,1326.5599999999995,"[256.833, 312.667, 325.867, 326.267, 336.6, 344.3, 363.2, 366.333, 432.4, 443.433, 460.7, 470.633, 473.733, 484.467, 543.733, 599.467, 649.367, 700.2, 929.667, 1286.5, 1292.57, 1405.87, 1545.5, 1596.23, 1686.03, 1775.4, 1823.23, 1933.17, 2201.13, 2382.13]"
18900,996.06560000000002,1551.1305323853292,733.56333268287108,435.95989999999995,700.45000000000005,1498.0709999999999,"[232.467, 292.0, 299.5, 303.467, 315.167, 355.4, 360.267, 378.0, 396.433, 452.9, 509.2, 521.267, 539.967, 550.833, 686.067, 714.833, 943.733, 985.267, 1124.53, 1419.33, 1483.2, 1532.77, 1730.53, 1734.83, 1760.7, 1835.07, 1898.4, 1987.67, 2264.9, 2273.27]"
19600,1084.5442333333333,1688.9145394096249,798.72438346027536,474.94320000000005,742.41650000000004,1555.1509999999996,"[295.7, 311.967, 324.267, 361.233, 366.233, 370.267, 388.033, 393.5, 452.567, 484.533, 521.067, 559.467, 570.6, 620.8, 702.633, 782.2, 910.133, 940.767, 1341.8, 1452.23, 1510.4, 1659.57, 1722.07, 1759.1, 1766.17, 1886.4, 2161.33, 2451.63, 2536.43, 2933.23]"
20300,1167.7033999999999,1818.4147675716924,859.96785521869185,474.07299999999998,1167.25,1493.2479999999996,"[279.633, 297.167, 342.2, 344.333, 376.367, 380.533, 406.333, 456.867, 459.933, 480.133, 570.367, 736.533, 804.1, 825.933, 1160.9, 1173.6, 1201.77, 1236.27, 1349.77, 1442.43, 1465.87, 1557.13, 1576.9, 1624.97, 2108.03, 2195.0, 2435.1, 2447.77, 2512.03, 2783.13]"
21000,1317.0912666666666,2051.0501292934259,969.98617262106404,598.76299999999992,1227.3150000000001,1834.7689999999991,"[302.433, 336.433, 359.133, 360.567, 393.8, 397.633, 410.9, 471.467, 558.933, 615.833, 654.8, 767.733, 839.833, 912.5, 1148.43, 1306.2, 1326.1, 1353.4, 1447.0, 1681.07, 1748.3, 2036.53, 2039.1, 2179.0, 2310.1, 2320.2, 2445.8, 2463.17, 2981.77, 3344.57]"
21700,1369.191,2132.1828248733827,1008.355587261916,612.00679999999988,1306.1500000000001,2021.8489999999995,"[280.133, 297.6, 299.667, 310.533, 325.767, 415.0, 431.233, 471.167, 526.233, 648.767, 695.5, 1107.8, 1158.73, 1215.47, 1262.1, 1350.2, 1549.43, 1566.43, 1616.1, 1881.7, 1966.97, 2149.9, 2220.07, 2272.3, 2296.03, 2330.0, 2361.9, 2400.2, 2768.43, 2900.37]"
22400,1525.1222666666665,2375.0079447050334,1123.1928626837973,923.53999999999996,1459.865,2107.1089999999999,"[281.467, 310.867, 344.5, 371.0, 391.8, 430.2, 517.867, 588.067, 901.0, 933.2, 1064.0, 1148.27, 1291.5, 1354.33, 1456.0, 1463.73, 1663.9, 1746.37, 1782.8, 1955.37, 2088.2, 2151.23, 2285.53, 2423.8, 2434.37, 2483.8, 2542.3, 2719.23, 3048.97, 3580.0]"
23100,1548.0561333333333,2410.7218784181555,1140.0827579510415,1123.691,1523.0700000000002,1893.5519999999992,"[283.667, 322.667, 351.967, 416.6, 428.733, 463.8, 559.5, 749.6, 1025.67, 1165.7, 1328.77, 1410.33, 1424.27, 1467.97, 1505.67, 1540.47, 1611.93, 1752.77, 1804.2, 1822.33, 1833.03, 2034.77, 2309.1, 2413.23, 2487.57, 2551.17, 2668.93, 2695.73, 2709.77, 3301.77]"
23800,1584.3566333333333,2467.2511008818706,1166.8166555558323,1196.018,1716.835,2207.2399999999998,"[295.633, 344.933, 400.1, 427.833, 459.1, 463.1, 610.2, 763.2, 1151.33, 1215.17, 1219.37, 1441.63, 1668.5, 1683.3, 1716.2, 1717.47, 1774.13, 1817.07, 2110.73, 2120.33, 2188.37, 2251.27, 2353.33, 2365.57, 2427.5, 2446.63, 2469.97, 2506.13, 2507.03, 2615.57]"
24500,1534.5704333333333,2389.7211722190968,1130.151067673251,1358.2189999999998,1667.1500000000001,1977.201,"[245.733, 297.033, 368.067, 427.067, 441.267, 570.433, 646.433, 862.6, 1127.73, 1457.0, 1510.33, 1512.07, 1528.3, 1558.73, 1655.53, 1678.77, 1738.93, 1772.4, 1834.53, 1938.8, 1973.13, 1986.7, 2139.93, 2142.93, 2185.17, 2367.6, 2458.1, 2468.9, 2529.97, 2612.93]"
25200,1582.2415666666668,2463.9573976511824,1165.258991730431,1360.1300000000001,1683.3150000000001,2101.4200000000001,"[316.8, 391.5, 418.167, 423.567, 475.7, 614.933, 635.1, 1279.83, 1325.13, 1375.13, 1406.37, 1458.33, 1482.6, 1513.4, 1572.7, 1793.93, 1858.5, 1869.47, 1926.73, 1953.27, 2090.5, 2126.9, 2193.33, 2297.33, 2357.63, 2385.3, 2388.67, 2462.43, 2476.3, 2597.7]"
25900,1573.7164333333335,2450.6815706313669,1158.9805646674288,1518.8409999999999,1667.585,1982.9489999999998,"[290.633, 293.567, 420.5, 447.433, 780.567, 821.333, 1043.2, 1333.73, 1442.87, 1551.4, 1565.27, 1606.57, 1630.63, 1650.4, 1666.77, 1668.4, 1795.33, 1820.43, 1848.9, 1905.73, 1965.9, 2022.73, 2098.27, 2144.3, 2149.9, 2154.37, 2177.33, 2271.2, 2305.83, 2338.0]"
26600,1750.1071000000002,2725.3672426337625,1288.8853874965207,1563.2190000000001,1852.9650000000001,2090.2389999999996,"[272.033, 329.3, 336.433, 427.4, 664.067, 749.4, 1198.43, 1441.8, 1557.5, 1565.67, 1600.83, 1635.9, 1655.73, 1786.0, 1803.93, 1902.0, 1958.83, 1963.9, 1979.1, 2041.23, 2066.77, 2145.0, 2361.6, 2382.1, 2554.07, 2614.53, 2788.8, 2893.23, 2896.83, 2930.8]"
27300,1663.2055,2590.0390824471874,1224.8857600508247,1564.268,1904.835,2095.8090000000002,"[303.133, 324.533, 383.833, 444.433, 510.8, 561.233, 972.9, 1252.1, 1491.93, 1595.27, 1610.5, 1629.17, 1733.37, 1882.93, 1890.0, 1919.67, 1952.43, 1998.07, 2000.3, 2054.3, 2088.87, 2112.0, 2148.63, 2226.43, 2240.63, 2266.63, 2445.8, 2458.17, 2565.0, 2833.1]"
28000,1834.2023333333334,2856.3251675449346,1350.8182357213202,1653.4479999999999,1862.8000000000002,2305.0899999999992,"[316.533, 353.5, 403.133, 450.9, 642.967, 851.067, 1040.27, 1090.97, 1522.73, 1709.47, 1762.6, 1776.2, 1833.83, 1857.2, 1858.63, 1866.97, 1892.1, 2031.8, 2036.23, 2184.67, 2247.4, 2439.7, 2518.47, 2526.2, 2536.93, 2674.4, 2956.27, 2964.6, 3218.8, 3461.53]"
28700,1929.0372333333332,3004.0075179099199,1420.6604281418258,1676.52,2152.4000000000001,2387.8400000000001,"[312.6, 346.4, 381.067, 521.4, 755.7, 1362.97, 1585.2, 1602.1, 1625.77, 1698.27, 1892.43, 1934.8, 1936.37, 1967.47, 2144.13, 2160.67, 2246.7, 2258.07, 2300.63, 2320.0, 2376.77, 2413.67, 2445.53, 2481.87, 2510.87, 2549.47, 2623.63, 2709.93, 2924.0, 3482.63]"
29400,1866.5863333333332,2906.7553913783509,1374.6677843510508,1655.2809999999999,1943.9349999999999,2191.3999999999996,"[301.9, 408.167, 421.933, 497.6, 1153.87, 1195.6, 1540.17, 1599.9, 1605.0, 1676.83, 1809.53, 1846.03, 1864.27, 1889.77, 1896.7, 1991.17, 2050.33, 2056.77, 2060.77, 2065.87, 2147.03, 2294.93, 2311.13, 2458.73, 2477.93, 2579.63, 2832.63, 2931.17, 2994.2, 3038.03]"
30100,2006.6716666666666,3124.9043141729035,1477.8351500145079,1829.3710000000001,2183.7849999999999,2340.1800000000003,"[324.433, 364.067, 438.233, 439.367, 1034.63, 1338.6, 1595.4, 1627.17, 1763.27, 1857.7, 1934.67, 2069.53, 2128.63, 2163.2, 2170.6, 2196.97, 2243.0, 2296.93, 2297.77, 2306.3, 2336.07, 2349.77, 2463.87, 2467.5, 2675.87, 2889.37, 3025.03, 3097.5, 3138.5, 3166.2]"
30800,1991.4390666666666,3101.1832350114378,1466.616936252859,1674.6599999999999,2012.115,2441.6879999999996,"[309.833, 392.933, 443.233, 607.633, 1232.27, 1372.9, 1467.7, 1538.53, 1604.17, 1704.87, 1819.07, 1883.97, 1942.33, 1949.37, 2011.5, 2012.73, 2036.17, 2288.5, 2289.93, 2354.13, 2405.37, 2526.43, 2541.3, 2731.27, 2738.6, 2854.3, 2904.83, 2959.1, 3347.63, 3472.57]"
31500,2022.0112333333334,3148.7919679682232,1489.1321405399426,1799.25,2084.3999999999996,2365.8899999999994,"[320.167, 344.667, 380.233, 467.1, 1415.43, 1468.6, 1590.9, 1632.7, 1664.43, 1857.03, 1887.5, 1921.17, 2044.17, 2071.67, 2084.37, 2084.43, 2131.27, 2135.93, 2270.27, 2282.33, 2357.7, 2385.0, 2640.27, 2835.37, 2837.93, 2901.5, 3033.47, 3052.03, 3254.03, 3308.67]"
32200,2115.6404333333335,3294.5967330788876,1558.0863820963532,1952.8719999999998,2256.0999999999999,2637.5319999999997,"[284.7, 400.633, 584.867, 686.533, 1533.0, 1606.67, 1702.93, 1740.07, 1831.87, 2004.73, 2065.53, 2101.17, 2129.87, 2192.0, 2221.37, 2290.83, 2322.2, 2386.37, 2459.23, 2530.47, 2607.43, 2707.77, 2728.07, 2796.03, 2834.37, 2836.07, 2840.9, 2852.03, 3034.93, 3156.57]"
32900,2236.1867666666667,3482.3184034191063,1646.8640389321081,2137.0379999999996,2367.7650000000003,2573.9899999999998,"[430.7, 438.533, 461.433, 968.367, 1570.97, 1911.17, 2000.7, 2108.7, 2133.93, 2138.37, 2142.7, 2158.27, 2254.43, 2264.2, 2321.8, 2413.73, 2474.1, 2474.37, 2497.9, 2500.83, 2562.5, 2600.8, 2723.03, 2811.43, 2882.77, 2954.07, 3038.97, 3158.0, 3229.13, 3459.7]"
33600,2111.5554333333334,3288.2353365756908,1555.0779394656574,1950.0419999999999,2258.8649999999998,2571.7199999999998,"[313.333, 481.733, 543.967, 1067.27, 1576.93, 1628.13, 1675.73, 1769.5, 1929.07, 1959.03, 1971.03, 1980.57, 2039.27, 2203.77, 2239.63, 2278.1, 2318.37, 2488.87, 2506.2, 2528.43, 2570.1, 2575.5, 2588.6, 2595.5, 2604.93, 2682.43, 2693.97, 2714.73, 3390.57, 3431.4]"
34300,2035.8382999999999,3170.324269937083,1499.3152340081117,1760.931,1965.8699999999999,2357.4200000000001,"[400.433, 511.533, 580.733, 1170.27, 1388.2, 1554.7, 1710.63, 1714.2, 1723.67, 1776.9, 1785.43, 1807.27, 1817.77, 1861.3, 1880.87, 2050.87, 2061.17, 2139.9, 2203.4, 2275.57, 2354.93, 2363.23, 2419.87, 2469.13, 2665.1, 2689.4, 2732.4, 3021.27, 3225.73, 4719.27]"
35000,2242.2568666666671,3491.7711115988009,1651.3344300245408,2061.5610000000001,2220.5,2638.4499999999998,"[395.3, 451.933, 464.233, 1658.97, 1661.57, 1791.4, 1951.13, 1997.57, 2051.67, 2065.8, 2116.67, 2132.0, 2196.77, 2208.33, 2215.93, 2225.07, 2284.07, 2329.33, 2526.13, 2580.43, 2620.87, 2679.47, 2764.33, 2804.57, 2944.0, 2998.8, 3107.43, 3208.83, 3316.23, 3518.87]"
35700,2200.4555666666665,3426.6757275965829,1620.5494084973673,2049.5309999999999,2291.1849999999999,2552.9499999999998,"[273.9, 360.067, 509.6, 1766.57, 1774.17, 1978.57, 2006.3, 2016.4, 2035.37, 2055.6, 2072.7, 2151.8, 2156.8, 2215.53, 2272.67, 2309.7, 2375.83, 2382.13, 2453.37, 2457.3, 2543.5, 2575.0, 2647.3, 2750.83, 2787.7, 2863.0, 2966.23, 3037.2, 3055.83, 3162.7]"
36400,2281.0608999999999,3552.198979886824,1679.9120819518203,2012.2800000000002,2450.1300000000001,2812.7289999999998,"[330.267, 360.7, 548.8, 1345.77, 1646.97, 1648.03, 1702.67, 1830.0, 1909.03, 2056.53, 2326.8, 2349.1, 2428.37, 2445.3, 2447.73, 2452.53, 2453.6, 2577.1, 2655.93, 2662.53, 2801.17, 2839.7, 2909.33, 2919.17, 3032.8, 3071.9, 3087.4, 3094.57, 3110.33, 3387.7]"
37100,2206.3595666666665,3435.8697753211536,1624.8974734402379,2020.329,2250.6149999999998,2654.4399999999996,"[297.567, 476.0, 580.2, 1575.4, 1827.3, 1917.37, 1947.5, 1961.23, 1998.3, 2029.77, 2045.57, 2100.3, 2122.1, 2242.53, 2248.5, 2252.73, 2291.07, 2308.83, 2531.8, 2637.8, 2642.23, 2682.93, 2691.53, 2710.97, 2883.57, 2956.73, 2962.03, 2998.03, 3028.03, 3242.87]"
37800,2181.2635333333333,3396.7887915535257,1606.4152270408842,1964.8519999999999,2354.3999999999996,2551.6719999999996,"[405.0, 421.433, 646.433, 1279.37, 1635.63, 1738.53, 1799.37, 1895.87, 1939.47, 1975.73, 2100.23, 2106.7, 2156.8, 2312.97, 2340.47, 2368.33, 2378.43, 2425.17, 2448.23, 2477.17, 2506.33, 2657.47, 2712.6, 2745.73, 2797.07, 2863.1, 2875.2, 2999.7, 3191.57, 3237.8]"
38500,2153.7732000000001,3353.9792663788949,1586.1696723941191,2033.0880000000002,2244.6999999999998,2449.2709999999997,"[345.6, 369.133, 827.633, 1385.4, 1483.7, 1553.63, 1939.0, 2001.9, 2026.83, 2035.77, 2057.7, 2133.37, 2175.93, 2179.77, 2216.47, 2272.93, 2295.7, 2393.03, 2396.77, 2428.53, 2431.7, 2490.27, 2499.7, 2573.13, 2731.1, 2760.27, 2896.83, 3135.07, 3148.3, 3428.03]"
39200,2177.2739999999999,3390.5760612240142,1603.4770918740342,2002.8579999999997,2228.0,2406.5320000000002,"[362.0, 399.333, 648.767, 1625.57, 1719.2, 1726.33, 1781.0, 1811.73, 1941.23, 2029.27, 2063.2, 2076.33, 2087.23, 2177.3, 2214.5, 2241.5, 2242.93, 2262.27, 2278.17, 2376.83, 2396.83, 2429.17, 2538.73, 2614.43, 2619.0, 2704.83, 2706.27, 3195.57, 3566.93, 4481.77]"
39900,2192.6334333333334,3414.4946525331311,1614.7887134219732,1919.759,2286.665,2540.6489999999994,"[320.1, 367.533, 1002.27, 1609.4, 1681.8, 1777.4, 1825.77, 1843.63, 1915.93, 1921.4, 1971.6, 2028.67, 2089.6, 2094.13, 2273.4, 2299.93, 2358.03, 2427.3, 2437.6, 2490.97, 2513.97, 2602.9, 2652.23, 2678.07, 2752.9, 2916.6, 2964.8, 3036.77, 3340.13, 3584.17]"
40600,2310.2471333333333,3597.6494578961601,1701.4066005783643,2150.1889999999999,2383.835,2669.2110000000002,"[363.767, 375.167, 1095.5, 1586.67, 1607.37, 1647.87, 1921.27, 2132.87, 2149.23, 2150.6, 2189.43, 2196.63, 2210.9, 2333.5, 2363.37, 2404.3, 2432.83, 2553.57, 2602.47, 2644.03, 2658.3, 2694.67, 2707.73, 2738.3, 2773.67, 2966.8, 3062.57, 3333.0, 3368.8, 4042.23]"
41300,2420.8406666666665,3769.872056726706,1782.8544097238405,2131.0599999999999,2547.915,2785.2309999999998,"[472.2, 496.7, 1006.6, 1730.57, 1925.3, 2026.1, 2061.93, 2110.4, 2112.23, 2139.13, 2155.37, 2366.97, 2393.53, 2411.0, 2535.53, 2560.3, 2604.6, 2627.67, 2631.53, 2693.8, 2761.0, 2841.77, 2855.6, 2867.33, 2935.6, 2962.33, 3061.0, 3702.0, 3715.0, 3862.13]"
42000,2350.569133333333,3660.4411910177942,1731.1021755489671,2116.29,2362.75,2635.6390000000001,"[476.367, 506.767, 1857.97, 1866.07, 1956.93, 1999.87, 2040.83, 2042.1, 2089.13, 2127.93, 2162.33, 2244.0, 2302.9, 2334.57, 2335.27, 2390.23, 2399.17, 2440.1, 2465.83, 2468.97, 2613.07, 2688.3, 2750.0, 2866.77, 2898.57, 2901.03, 2972.37, 2978.5, 3583.53, 3757.6]"
42700,2478.8720000000003,3860.2417803356384,1825.5922156274185,2162.902,2395.8150000000001,3029.1199999999999,"[359.6, 440.1, 1480.7, 1811.33, 1900.7, 1975.07, 2051.33, 2104.5, 2143.47, 2171.23, 2183.5, 2214.0, 2265.77, 2277.83, 2343.33, 2448.3, 2498.9, 2630.0, 2783.27, 2982.63, 3020.27, 3049.77, 3095.3, 3129.53, 3231.17, 3235.43, 3270.4, 3680.97, 3687.03, 3900.73]"
43400,2433.0342000000001,3788.8605268144111,1791.8344698214682,2347.0099999999998,2562.2349999999997,2773.9199999999996,"[450.933, 475.533, 1507.2, 1792.5, 1820.37, 2213.57, 2273.57, 2273.97, 2299.9, 2367.2, 2464.0, 2517.37, 2520.83, 2547.1, 2559.1, 2565.37, 2632.43, 2680.43, 2707.3, 2735.93, 2767.47, 2788.97, 2792.97, 2838.77, 2866.27, 2933.6, 2976.4, 3015.6, 3050.7, 3555.67]"
44100,2418.9229,3766.8856003822075,1781.4420496269672,2260.8009999999999,2501.9650000000001,2706.1990000000001,"[413.5, 661.267, 1542.57, 1574.1, 1729.27, 1900.73, 2012.5, 2040.6, 2245.8, 2267.23, 2288.23, 2320.6, 2323.73, 2387.97, 2480.0, 2523.93, 2554.47, 2613.0, 2624.7, 2628.63, 2704.27, 2710.7, 2747.63, 2801.73, 3076.33, 3323.33, 3348.77, 3452.7, 3474.43, 3794.97]"
44800,2402.6812333333337,3741.5931446810055,1769.4806977558417,2281.9690000000001,2592.8000000000002,2710.27,"[482.167, 622.0, 1579.87, 1789.43, 1885.9, 1917.87, 1955.97, 2102.27, 2214.23, 2311.0, 2333.77, 2415.97, 2435.47, 2560.17, 2588.37, 2597.23, 2612.23, 2616.43, 2635.03, 2646.03, 2690.53, 2756.33, 2780.03, 2819.7, 2835.3, 2955.1, 3026.17, 3120.1, 3325.87, 3469.9]"
45500,2310.7535666666668,3598.4381049551002,1701.7795689087452,2127.5619999999999,2303.5999999999999,2502.4499999999998,"[415.067, 674.3, 1747.2, 1858.0, 1977.2, 2004.63, 2006.2, 2059.5, 2118.77, 2131.33, 2185.4, 2239.97, 2269.13, 2269.77, 2303.1, 2304.1, 2305.8, 2316.9, 2357.73, 2456.47, 2463.27, 2593.87, 2679.57, 2699.77, 2901.33, 3001.1, 3106.7, 3182.2, 3201.63, 3492.6]"
46200,2287.3924333333334,3562.058807061007,1684.575008462878,2099.6300000000001,2384.8000000000002,2599.5299999999997,"[636.933, 720.2, 1719.2, 1778.3, 1804.43, 1821.73, 1829.5, 2015.4, 2059.1, 2117.0, 2123.67, 2226.93, 2304.07, 2313.8, 2374.97, 2394.63, 2423.97, 2456.3, 2503.47, 2542.53, 2597.37, 2604.57, 2654.77, 2754.0, 2757.23, 2856.87, 2878.8, 2901.37, 3172.73, 3277.93]"
46900,2498.1590999999999,3890.2767596494182,1839.7964099634014,2335.2280000000001,2596.5999999999999,2823.6019999999999,"[497.5, 540.633, 1742.83, 1844.5, 2017.87, 2097.7, 2116.33, 2155.63, 2264.43, 2365.57, 2469.63, 2480.6, 2533.03, 2543.83, 2580.7, 2612.5, 2665.17, 2697.0, 2747.07, 2794.27, 2814.83, 2844.07, 2857.23, 2884.4, 2961.93, 3101.23, 3253.93, 3311.73, 3504.5, 3644.13]"
47600,2407.7251999999999,3749.4478991279016,1773.1953818067125,2114.5700000000002,2285.6999999999998,2563.3809999999994,"[573.033, 746.933, 1661.47, 1765.3, 1840.67, 1878.73, 1964.07, 2041.43, 2101.2, 2120.3, 2153.87, 2162.7, 2200.03, 2210.17, 2256.23, 2315.17, 2343.7, 2369.7, 2452.97, 2476.27, 2505.13, 2699.3, 2707.17, 3088.67, 3160.03, 3329.97, 3552.27, 3649.2, 3695.4, 4210.67]"
48300,2588.5723333333331,4031.0734368512135,1906.3822179288948,2333.4099999999999,2663.9300000000003,3048.5409999999997,"[469.733, 787.367, 1198.43, 1650.1, 1944.47, 1965.77, 2034.1, 2284.9, 2317.17, 2340.37, 2462.4, 2498.8, 2557.17, 2621.43, 2634.33, 2693.53, 2801.27, 2886.97, 2976.27, 2992.97, 3030.73, 3090.1, 3124.67, 3165.53, 3186.6, 3211.6, 3263.63, 3541.33, 3707.1, 4218.33]"
49000,2498.5071000000003,3890.8186852266804,1840.0526983441805,2251.8410000000003,2479.7849999999999,2882.2699999999995,"[680.9, 920.333, 1475.83, 1531.1, 1668.5, 2007.4, 2129.8, 2167.0, 2245.87, 2254.4, 2263.53, 2342.87, 2428.1, 2454.43, 2456.8, 2502.77, 2602.17, 2658.17, 2768.4, 2830.43, 2872.37, 2905.37, 2933.47, 3043.6, 3178.8, 3301.03, 3346.5, 3634.23, 3637.17, 3713.87]"
49700,2438.2836666666667,3797.0352976582249,1795.7004965799545,2292.9389999999999,2462.6999999999998,2710.808,"[558.433, 979.067, 1822.57, 1879.43, 2078.97, 2085.4, 2147.23, 2154.53, 2270.7, 2302.47, 2335.27, 2348.73, 2353.8, 2375.4, 2424.37, 2501.03, 2534.07, 2595.57, 2597.97, 2681.13, 2703.77, 2727.23, 2770.33, 2793.6, 2806.67, 2819.07, 3043.27, 3312.13, 3460.9, 3685.4]"
50400,2476.0073333333335,3855.7807569534702,1823.4825007381323,2279.0219999999999,2463.8000000000002,2838.0599999999995,"[548.1, 1216.43, 1582.0, 1617.53, 1846.9, 2063.97, 2105.1, 2253.87, 2273.87, 2281.23, 2289.47, 2314.97, 2385.57, 2419.03, 2463.7, 2463.9, 2545.5, 2694.5, 2703.8, 2798.93, 2813.37, 2895.67, 2916.37, 2920.47, 3004.03, 3193.13, 3194.7, 3219.57, 3532.87, 3721.67]"
51100,2603.1416666666669,4053.7616390839112,1917.1119617479444,2388.431,2583.6350000000002,2923.402,"[772.7, 1790.53, 1846.53, 2035.5, 2060.33, 2164.77, 2230.47, 2280.33, 2315.4, 2419.73, 2422.13, 2466.63, 2488.23, 2489.1, 2531.37, 2635.9, 2670.5, 2694.9, 2766.43, 2825.23, 2904.73, 2966.97, 2968.97, 2980.33, 2984.5, 3020.17, 3240.17, 3280.83, 3681.87, 4159.0]"
51800,2563.8293333333336,3992.5422168564564,1888.1599667633368,2257.498,2513.52,2838.6099999999997,"[1085.97, 1459.67, 2017.0, 2093.33, 2137.83, 2160.4, 2176.63, 2194.07, 2239.83, 2265.07, 2309.23, 2310.07, 2324.3, 2338.53, 2498.67, 2528.37, 2579.17, 2660.87, 2662.93, 2712.47, 2834.2, 2848.9, 2852.57, 2858.53, 2875.87, 2890.93, 3292.77, 3371.7, 3908.17, 4426.83]"
52500,2527.7776666666668,3936.4004919439158,1861.6093251702812,2188.3980000000001,2550.8850000000002,2857.8999999999996,"[1290.53, 1664.73, 1753.03, 1937.07, 1992.67, 2045.23, 2109.33, 2140.43, 2171.43, 2195.67, 2258.03, 2339.9, 2380.77, 2503.93, 2538.6, 2563.17, 2566.07, 2583.33, 2778.97, 2789.63, 2831.47, 2919.57, 2982.47, 2999.1, 3050.37, 3124.0, 3150.77, 3184.03, 3310.7, 3678.33]"
53200,2531.8559999999998,3942.7515067310719,1864.6128580618813,2161.1210000000001,2443.3999999999996,2794.0499999999997,"[1632.7, 1705.3, 1738.93, 1783.3, 1939.03, 1952.07, 1987.27, 2119.33, 2152.0, 2165.03, 2175.27, 2220.63, 2283.2, 2355.83, 2423.33, 2463.47, 2617.43, 2638.73, 2640.37, 2697.23, 2790.93, 2801.33, 2964.53, 2970.67, 3052.53, 3163.97, 3303.2, 3642.97, 3767.17, 3807.93]"
53900,2648.1600000000003,4123.8667720695639,1950.2662024242902,2447.8890000000001,2690.085,2882.9989999999998,"[1436.67, 1839.43, 1934.97, 1987.67, 2109.63, 2240.1, 2314.8, 2328.17, 2372.03, 2480.4, 2521.03, 2551.9, 2653.7, 2657.17, 2661.8, 2718.37, 2727.23, 2773.8, 2781.8, 2839.7, 2864.57, 2926.0, 2957.37, 2985.97, 3117.3, 3186.63, 3230.93, 3262.53, 3281.83, 3701.3]"
54600,2613.6306666666665,4070.095712014639,1924.8366997536646,2265.5320000000002,2411.9200000000001,2902.1000000000004,"[1180.7, 1808.2, 2026.93, 2075.3, 2151.1, 2236.37, 2256.37, 2259.77, 2260.87, 2267.53, 2298.53, 2302.1, 2349.1, 2365.6, 2400.87, 2422.97, 2453.6, 2622.1, 2688.8, 2707.1, 2899.4, 2908.4, 3011.07, 3049.4, 3310.2, 3429.27, 3570.93, 3587.87, 3627.7, 3880.77]"
55300,2636.8083333333334,4106.1893050833251,1941.9061441796271,2423.4189999999999,2600.165,2829.4589999999998,"[1922.8, 1943.73, 2042.93, 2063.93, 2068.17, 2209.17, 2236.17, 2291.27, 2400.83, 2433.1, 2458.07, 2477.7, 2497.27, 2515.77, 2597.6, 2602.73, 2605.6, 2610.3, 2681.23, 2685.27, 2792.07, 2916.7, 2990.87, 3018.93, 3056.07, 3081.63, 3232.9, 3312.37, 3667.87, 3691.2]"
56000,2832.1166666666668,4410.334653605174,2085.7430881527316,2388.3609999999999,2929.5349999999999,3189.9789999999998,"[1487.57, 1867.13, 2036.7, 2111.77, 2182.7, 2194.37, 2282.63, 2385.7, 2386.1, 2389.33, 2497.73, 2531.2, 2551.03, 2814.83, 2928.9, 2930.17, 2951.8, 2993.23, 3056.07, 3131.17, 3179.17, 3215.2, 3269.7, 3320.23, 3378.93, 3469.33, 3478.3, 3660.67, 3697.77, 4584.07]"
56700,2603.277,4053.9723879195121,1917.2116294515806,2366.1890000000003,2602.7849999999999,2770.2089999999998,"[1930.33, 1986.9, 2045.9, 2054.7, 2093.8, 2122.37, 2156.67, 2180.13, 2358.3, 2369.57, 2471.73, 2473.0, 2488.07, 2531.3, 2557.07, 2648.5, 2655.1, 2655.47, 2661.33, 2710.27, 2730.6, 2862.63, 2876.2, 2887.0, 2891.77, 2916.0, 3159.23, 3366.87, 3464.17, 3793.33]"
57400,2647.0233333333331,4122.0966894848298,1949.4290919085267,2374.8720000000003,2601.8500000000004,2942.6989999999996,"[1769.27, 1796.83, 1959.17, 2011.87, 2058.67, 2179.7, 2278.1, 2312.57, 2370.07, 2376.93, 2453.43, 2457.13, 2554.47, 2557.1, 2573.8, 2629.9, 2667.2, 2669.7, 2672.13, 2900.7, 2935.37, 2959.8, 2987.27, 3078.47, 3180.37, 3274.17, 3293.17, 3313.3, 3466.27, 3673.77]"
58100,2597.5679999999998,4045.0820053890966,1913.0071743772496,2339.2079999999996,2508.0799999999999,2853.8299999999999,"[1852.27, 1907.87, 1923.03, 1937.77, 1957.0, 2131.0, 2185.13, 2309.5, 2337.43, 2339.97, 2345.93, 2358.8, 2469.2, 2490.37, 2499.23, 2516.93, 2533.23, 2585.03, 2648.87, 2798.27, 2826.5, 2917.6, 2951.87, 3087.07, 3096.43, 3153.5, 3219.77, 3349.5, 3548.97, 3649.0]"
58800,2545.8176666666668,3964.4934155467699,1874.8950791623868,2341.6509999999998,2557.23,2670.0690000000004,"[1673.37, 1996.7, 2042.53, 2106.13, 2122.23, 2161.67, 2228.47, 2297.2, 2306.07, 2356.9, 2377.27, 2422.57, 2455.27, 2491.83, 2536.23, 2578.23, 2585.13, 2594.83, 2605.17, 2619.1, 2666.07, 2679.4, 2710.53, 2726.8, 2794.9, 3002.67, 3087.93, 3100.47, 3199.83, 3849.03]"
59500,2509.6726666666664,3908.2063466096756,1848.2757012219956,2167.6189999999997,2589.4499999999998,2885.2890000000002,"[1596.4, 1819.03, 1863.77, 1870.6, 1888.93, 1986.03, 2004.7, 2063.23, 2088.33, 2201.6, 2212.3, 2308.67, 2503.97, 2541.2, 2549.17, 2629.73, 2638.67, 2662.53, 2700.67, 2874.73, 2882.67, 2891.4, 2903.5, 2992.47, 2992.77, 3005.1, 3048.67, 3091.97, 3135.87, 3341.5]"
60200,2613.2370000000001,4069.4826716825073,1924.5467796600822,2329.0619999999999,2584.0649999999996,2894.8689999999997,"[1701.57, 1811.9, 1907.33, 2022.0, 2150.1, 2163.37, 2204.93, 2243.67, 2252.37, 2361.93, 2507.43, 2537.73, 2544.7, 2580.7, 2582.43, 2585.7, 2638.07, 2728.97, 2811.17, 2830.4, 2852.8, 2993.03, 3005.27, 3034.37, 3093.97, 3133.9, 3186.1, 3247.67, 3325.33, 3358.2]"
60900,2667.9676666666664,4154.7124076802875,1964.8537737375357,2215.0719999999997,2701.3299999999999,3092.0709999999999,"[1759.4, 1773.97, 1874.9, 2005.53, 2037.67, 2082.2, 2113.73, 2117.8, 2209.57, 2217.43, 2228.43, 2236.13, 2572.5, 2593.23, 2654.93, 2747.73, 2763.33, 2785.07, 2961.9, 2988.03, 3078.13, 3124.6, 3238.53, 3239.5, 3278.53, 3335.83, 3348.9, 3522.03, 3572.07, 3577.43]"
61600,2668.2033333333334,4155.0794013422837,1965.0273330145578,2476.2009999999996,2587.98,2920.1289999999999,"[1749.3, 1814.87, 1953.4, 1984.83, 2022.2, 2095.2, 2117.5, 2382.67, 2445.87, 2489.2, 2495.6, 2499.57, 2507.53, 2567.37, 2573.13, 2602.83, 2643.2, 2670.27, 2807.7, 2890.43, 2910.1, 2943.53, 3057.93, 3096.53, 3213.07, 3235.3, 3380.93, 3451.87, 3572.9, 3871.27]"
62300,2746.5320000000002,4277.0572976050398,2022.7133305679374,2387.3400000000001,2700.8199999999997,3041.0299999999993,"[1817.83, 1855.3, 2019.8, 2047.03, 2141.53, 2307.43, 2315.97, 2380.6, 2382.93, 2389.23, 2479.7, 2490.5, 2563.23, 2588.47, 2695.47, 2706.17, 2776.07, 2827.57, 2841.7, 2911.4, 2981.93, 3178.93, 3182.63, 3229.57, 3349.73, 3376.57, 3430.07, 3541.73, 3748.07, 3838.8]"
63000,2678.5686666666666,4171.2208934404798,1972.6609953600587,2349.2510000000002,2696.3500000000004,2850.0289999999995,"[1629.27, 2041.3, 2076.3, 2125.3, 2160.83, 2179.97, 2320.3, 2334.13, 2347.9, 2349.83, 2433.23, 2485.43, 2586.43, 2633.17, 2681.03, 2711.67, 2712.93, 2769.87, 2772.17, 2779.57, 2813.9, 2934.33, 2943.67, 2962.33, 3085.17, 3235.23, 3457.67, 3525.77, 3612.33, 3656.03]"
63700,2815.058,4383.7699186033315,2073.1800477554661,2506.3999999999996,2735.0349999999999,3040.4919999999993,"[1782.7, 2084.8, 2115.87, 2281.2, 2387.37, 2395.97, 2423.43, 2439.57, 2477.0, 2519.0, 2561.8, 2581.0, 2636.53, 2725.4, 2727.97, 2742.1, 2742.53, 2786.37, 2828.8, 2947.3, 3010.33, 3110.87, 3157.53, 3316.8, 3387.8, 3431.7, 3506.93, 3590.57, 3838.23, 3914.27]"
64400,2612.4289999999996,4068.2244076985203,1923.9517192817216,2373.9789999999998,2512.5149999999999,2813.3910000000001,"[1695.6, 1788.53, 2028.3, 2075.43, 2111.43, 2140.5, 2272.03, 2305.27, 2346.63, 2385.7, 2446.9, 2451.8, 2453.33, 2473.03, 2494.7, 2530.33, 2533.67, 2536.67, 2608.0, 2780.4, 2801.13, 2842.0, 2914.83, 2985.77, 3127.03, 3254.9, 3271.3, 3405.5, 3471.53, 3840.63]"
65100,2578.7049999999999,4015.7074589411677,1899.1153130938192,2114.7219999999998,2560.085,2833.252,"[1698.63, 1740.5, 1758.57, 1977.13, 2000.8, 2005.33, 2051.83, 2058.03, 2091.37, 2124.73, 2171.9, 2194.1, 2196.2, 2202.5, 2498.97, 2621.2, 2633.97, 2723.83, 2779.13, 2822.5, 2828.53, 2844.27, 2986.07, 3189.27, 3196.23, 3235.93, 3299.13, 3450.73, 3738.17, 4241.6]"
65800,2660.9499999999998,4143.7840942913208,1959.6855368787812,2387.5010000000002,2591.0,2819.0619999999999,"[1839.67, 1933.9, 2245.77, 2295.43, 2297.4, 2329.1, 2338.07, 2343.27, 2371.8, 2394.23, 2432.4, 2443.43, 2470.97, 2476.53, 2576.37, 2605.63, 2692.67, 2705.9, 2763.93, 2779.7, 2805.43, 2850.87, 2887.53, 2899.67, 2944.73, 3057.93, 3274.57, 3512.2, 3629.07, 3630.33]"
66500,2566.2330000000002,3996.2853445744936,1889.9301731941773,2270.4809999999998,2432.3000000000002,2772.9079999999999,"[1657.7, 1669.87, 2019.07, 2035.47, 2060.27, 2201.87, 2214.07, 2240.3, 2258.77, 2275.5, 2345.63, 2346.63, 2391.87, 2400.9, 2406.6, 2458.0, 2594.17, 2658.3, 2713.83, 2715.6, 2768.27, 2783.73, 2886.17, 2887.67, 2985.7, 3152.9, 3271.93, 3282.9, 3332.07, 3971.23]"
67200,2702.9446666666668,4209.1805999672633,1990.6129653884157,2468.98,2588.8000000000002,2829.5520000000001,"[1932.03, 2060.6, 2262.9, 2290.17, 2347.43, 2368.33, 2426.1, 2453.67, 2462.33, 2471.83, 2488.07, 2517.2, 2521.77, 2530.43, 2579.33, 2598.27, 2618.3, 2630.97, 2670.17, 2777.0, 2825.73, 2838.47, 2839.37, 2859.7, 2882.67, 2993.73, 3469.1, 3549.87, 3659.5, 4163.3]"
67900,2843.1469999999999,4427.5117218783089,2093.8664969729971,2632.6590000000001,2848.335,2998.1599999999999,"[2126.3, 2160.6, 2377.57, 2383.9, 2456.87, 2482.97, 2527.47, 2536.37, 2594.53, 2649.0, 2661.03, 2696.0, 2755.87, 2817.0, 2830.97, 2865.7, 2869.4, 2875.63, 2894.7, 2925.6, 2984.63, 3029.73, 3035.43, 3050.07, 3226.97, 3250.23, 3403.07, 3586.23, 3614.47, 3626.1]"
68600,2752.2803333333336,4286.0089322600879,2026.9467531029311,2384.3789999999999,2693.8499999999999,2954.0619999999999,"[1791.43, 1849.17, 2029.4, 2239.77, 2260.1, 2314.93, 2319.83, 2334.0, 2373.9, 2388.87, 2486.93, 2537.9, 2573.1, 2668.23, 2692.43, 2695.27, 2717.17, 2733.67, 2856.97, 2877.9, 2949.73, 2964.17, 3013.07, 3053.47, 3239.6, 3380.33, 3469.73, 3663.07, 4031.1, 4063.17]"
69300,2754.5333333333333,4289.5174331956323,2028.6059994302154,2510.8800000000001,2674.3499999999999,2901.8609999999999,"[1961.7, 2125.7, 2146.67, 2380.63, 2384.0, 2385.83, 2440.5, 2443.33, 2482.53, 2523.03, 2540.6, 2560.8, 2619.5, 2638.6, 2666.5, 2682.2, 2701.93, 2722.77, 2861.67, 2887.97, 2896.2, 2915.07, 2916.1, 3046.6, 3065.6, 3282.77, 3412.27, 3577.57, 3656.73, 3710.63]"
70000,2815.7583333333332,4384.8605178732805,2073.6958158474367,2579.0289999999995,2832.6800000000003,3090.1579999999999,"[2036.57, 2057.83, 2169.6, 2234.37, 2248.0, 2299.47, 2398.77, 2429.63, 2511.43, 2608.0, 2650.07, 2683.77, 2735.53, 2787.83, 2827.33, 2838.03, 2887.03, 2947.4, 3058.4, 3060.73, 3078.47, 3117.43, 3167.23, 3178.9, 3256.83, 3290.47, 3299.8, 3498.7, 3499.13, 3616.0]"
70700,2689.9626666666668,4188.9642843235688,1981.0522304479773,2272.681,2530.1350000000002,2992.239,"[1707.2, 2128.3, 2129.2, 2168.97, 2205.87, 2208.2, 2219.03, 2224.43, 2268.67, 2274.4, 2357.37, 2377.4, 2441.47, 2502.9, 2526.77, 2533.5, 2568.37, 2691.87, 2720.83, 2726.37, 2976.9, 3028.03, 3113.33, 3286.0, 3365.43, 3410.13, 3527.9, 3629.8, 3671.87, 3708.37]"
71400,2600.5823333333333,4049.7760982963514,1915.2271129092267,2352.3919999999998,2662.0500000000002,2802.6599999999999,"[2019.37, 2073.9, 2121.53, 2132.17, 2189.7, 2253.97, 2277.2, 2293.6, 2322.67, 2365.13, 2369.6, 2472.23, 2561.43, 2649.67, 2652.1, 2672.0, 2703.8, 2733.73, 2742.33, 2747.77, 2801.1, 2806.3, 2854.73, 2867.47, 2887.17, 2902.27, 2913.13, 2945.53, 3083.8, 3602.07]"
72100,2686.3676666666665,4183.3659439492749,1978.4046536407923,2477.029,2625.665,2864.54,"[1900.93, 1962.6, 2049.67, 2069.47, 2121.37, 2297.7, 2317.9, 2424.9, 2455.7, 2486.17, 2493.43, 2498.13, 2506.4, 2536.73, 2584.1, 2667.23, 2684.73, 2692.8, 2745.33, 2773.97, 2841.17, 2919.07, 3003.37, 3160.3, 3186.9, 3291.57, 3310.33, 3447.23, 3530.13, 3631.7]"
72800,2690.9320000000002,4190.4737858357103,1981.7661065124457,2337.5009999999997,2671.5999999999999,3037.971,"[1781.07, 1822.6, 1972.97, 2196.73, 2197.8, 2207.8, 2209.6, 2216.17, 2309.27, 2349.6, 2419.33, 2580.97, 2591.77, 2631.97, 2658.6, 2684.6, 2702.3, 2721.43, 2965.5, 3027.23, 3031.8, 3052.37, 3060.4, 3127.27, 3156.27, 3172.8, 3230.37, 3490.77, 3534.47, 3624.13]"
73500,2474.9736666666663,3854.1710718815461,1822.7212456913928,2260.721,2430.6700000000001,2641.3209999999999,"[1801.57, 1816.13, 1940.57, 1942.47, 2026.1, 2027.97, 2145.5, 2223.7, 2252.3, 2264.33, 2274.7, 2306.97, 2312.9, 2355.87, 2412.37, 2448.97, 2460.67, 2470.2, 2553.67, 2600.5, 2624.5, 2680.57, 2740.77, 2755.77, 2791.43, 2805.8, 2843.07, 3068.47, 3596.2, 3705.17]"
74200,2635.8033333333337,4104.6242613903732,1941.1660010109981,2385.701,2555.5,2822.77,"[1944.53, 1999.93, 2059.67, 2185.87, 2218.57, 2241.7, 2249.73, 2250.6, 2321.7, 2413.13, 2420.67, 2507.17, 2516.0, 2544.2, 2545.93, 2565.07, 2615.9, 2708.2, 2745.5, 2781.27, 2815.33, 2840.13, 2918.43, 2936.07, 3141.17, 3163.1, 3184.3, 3212.2, 3426.8, 3601.23]"
74900,2822.0673333333334,4394.6852548472507,2078.3421474403517,2346.819,2751.7350000000001,3309.7809999999999,"[1942.37, 1955.37, 1978.87, 1987.23, 2166.93, 2197.23, 2258.03, 2271.77, 2286.5, 2372.67, 2431.73, 2567.57, 2596.8, 2601.27, 2739.4, 2764.07, 2935.6, 3095.7, 3108.37, 3137.77, 3294.73, 3344.9, 3383.9, 3397.93, 3412.07, 3522.47, 3538.3, 3541.67, 3579.47, 4251.33]"
75600,2749.8613333333333,4282.2419265951594,2025.1652542721713,2431.8389999999999,2769.3999999999996,2900.4200000000001,"[1840.07, 1961.7, 2230.2, 2248.63, 2296.63, 2364.0, 2394.63, 2413.8, 2416.53, 2438.4, 2504.67, 2555.8, 2680.87, 2692.93, 2764.97, 2773.83, 2783.87, 2795.3, 2831.43, 2868.07, 2883.8, 2939.2, 3013.77, 3015.4, 3194.57, 3288.8, 3363.8, 3391.87, 3745.33, 3802.97]"
76300,2796.7363333333333,4355.23836749781,2059.686857286581,2491.8009999999999,2792.5349999999999,3159.2979999999998,"[1353.87, 1755.83, 2001.2, 2114.93, 2212.23, 2280.43, 2349.1, 2463.1, 2478.2, 2497.63, 2525.57, 2641.9, 2717.07, 2733.0, 2785.5, 2799.57, 2915.43, 2917.1, 2921.17, 3042.13, 3158.77, 3160.53, 3182.9, 3299.3, 3346.93, 3353.53, 3425.37, 3464.53, 3656.1, 4349.17]"
77000,2787.04,4340.1386806041764,2052.5458872593017,2519.9009999999998,2909.585,3120.1409999999996,"[1902.07, 1969.97, 2108.0, 2226.3, 2243.77, 2277.03, 2343.37, 2387.8, 2439.17, 2554.5, 2564.57, 2597.37, 2717.43, 2863.87, 2868.4, 2950.77, 3025.57, 3028.2, 3031.67, 3067.33, 3119.7, 3121.17, 3201.97, 3245.37, 3247.9, 3252.63, 3265.8, 3281.63, 3292.4, 3415.47]"
77700,2792.5710000000004,4348.7518713163381,2056.6192522997862,2488.6190000000001,2787.9499999999998,3140.1980000000003,"[1670.4, 1841.23, 1918.37, 2128.77, 2175.2, 2247.5, 2328.53, 2382.43, 2440.13, 2509.4, 2621.2, 2701.0, 2726.97, 2727.57, 2748.97, 2826.93, 2917.93, 3040.53, 3046.47, 3082.07, 3127.07, 3170.83, 3206.9, 3228.03, 3228.93, 3265.4, 3592.3, 3612.73, 3628.27, 3635.07]"
78400,2779.1386666666667,4327.8342707541751,2046.7268644834542,2557.1199999999999,2722.27,2952.8109999999997,"[1864.77, 2128.3, 2142.6, 2171.27, 2283.03, 2358.57, 2391.67, 2532.93, 2551.87, 2559.37, 2561.83, 2587.9, 2616.37, 2643.0, 2719.27, 2725.27, 2780.5, 2791.3, 2912.27, 2927.17, 2947.9, 2964.27, 3029.4, 3160.1, 3162.83, 3200.27, 3403.63, 3404.6, 3758.57, 4093.33]"
79100,2711.5923333333335,4222.6472429278856,1996.9816334559914,2488.7110000000002,2685.3000000000002,2975.3699999999999,"[1829.4, 1870.67, 2241.9, 2247.87, 2341.8, 2376.73, 2400.1, 2429.13, 2479.8, 2492.53, 2514.17, 2516.77, 2537.1, 2579.5, 2602.93, 2767.67, 2785.9, 2812.07, 2899.4, 2952.8, 2969.67, 2988.67, 3011.43, 3142.73, 3165.7, 3167.0, 3281.13, 3287.8, 3313.77, 3341.63]"
79800,2678.3933333333334,4170.9478543086416,1972.53186922185,2442.6880000000001,2630.1199999999999,2877.8299999999999,"[1770.73, 1929.77, 2009.0, 2112.0, 2215.67, 2279.23, 2315.5, 2358.4, 2402.83, 2459.77, 2461.93, 2500.77, 2540.7, 2581.87, 2597.17, 2663.07, 2670.7, 2740.73, 2757.4, 2767.93, 2848.73, 2945.73, 2949.77, 2964.67, 3066.97, 3134.53, 3137.73, 3307.47, 3914.53, 3946.5]"
