agents,meanScore,clow,chigh,Q1,Q2,Q3,means
300,6.0377807666666667,9.4023788142322804,4.4465892419179411,2.2399999999999998,3.7166649999999999,6.8399989999999997,"[0.1, 0.4, 0.466667, 0.633333, 0.8, 0.933333, 1.1, 2.06667, 2.1, 2.3, 2.73333, 2.73333, 2.9, 3.26667, 3.63333, 3.8, 4.2, 4.26667, 4.53333, 4.93333, 6.8, 6.93333, 7.66667, 8.33333, 12.0667, 12.5, 16.1, 17.6667, 18.7667, 26.4]"
600,19.274450000000002,30.015280007596292,14.194878106049806,9.1400000000000006,15.333349999999999,22.10000999999999,"[2.73333, 4.56667, 4.7, 5.93333, 6.06667, 6.63333, 8.16667, 8.3, 9.0, 9.2, 10.1667, 10.2, 10.4667, 11.6667, 15.1667, 15.5, 17.4, 18.3333, 18.4667, 21.0, 21.0, 24.6667, 26.2, 29.8333, 30.1333, 35.3, 35.9667, 42.8667, 51.3, 67.3]"
900,38.36889,59.750238109552342,28.257185891915629,28.093309999999999,37.033349999999999,47.176690000000001,"[6.96667, 8.03333, 10.5667, 12.3667, 12.8667, 22.1, 23.8667, 24.9333, 28.0, 28.1333, 30.0, 30.0, 30.0333, 33.6, 36.0, 38.0667, 41.8667, 44.4333, 45.0333, 46.2, 47.1667, 47.2, 49.2, 51.4333, 58.4333, 61.6, 66.7333, 68.0667, 72.5, 75.6667]"
1200,55.098877666666667,85.80313530447269,40.57816706876114,45.929990000000004,58.866700000000002,66.223320000000001,"[9.73333, 12.3, 19.1333, 19.7, 29.4, 36.2, 36.8333, 41.5333, 44.1333, 46.7, 47.7333, 50.6667, 50.6667, 52.2, 57.3667, 60.3667, 60.4333, 61.9667, 63.2667, 65.9667, 66.0333, 66.6667, 68.1333, 68.8667, 70.9, 76.6333, 77.8667, 87.4, 95.9333, 108.233]"
1500,70.77555000000001,110.21574939578727,52.123422724831755,57.033320000000003,67.633300000000006,78.066679999999991,"[26.9667, 27.8, 33.9, 43.5667, 49.8, 51.3333, 54.0667, 54.9333, 55.1667, 57.8333, 61.9333, 63.7, 65.4, 66.2333, 67.1333, 68.1333, 68.7333, 71.9333, 75.6, 76.6, 77.2667, 79.9333, 89.6667, 91.0, 97.4333, 103.233, 103.7, 104.533, 117.567, 118.167]"
1800,94.87448333333333,147.74399180396989,69.87134399638488,74.963300000000004,83.450000000000003,112.91699999999999,"[21.3333, 46.9667, 52.7333, 55.6, 57.1, 60.3667, 69.0333, 69.3, 73.6333, 75.5333, 76.7333, 78.6333, 80.4, 83.1333, 83.2, 83.7, 88.7, 94.5667, 102.933, 108.567, 110.667, 118.167, 127.333, 129.267, 134.467, 136.067, 145.067, 149.733, 150.967, 182.333]"
2100,112.09662333333334,174.56329686481598,82.554776106007964,84.466679999999997,104.09999999999999,128.10679999999996,"[56.9333, 63.6, 63.6333, 72.9667, 74.1667, 75.7667, 76.7667, 78.9333, 79.3333, 86.6667, 90.6, 98.1333, 99.8667, 101.6, 102.733, 105.467, 106.933, 113.467, 120.933, 121.967, 123.167, 139.633, 146.533, 148.1, 149.2, 154.233, 162.633, 169.3, 180.4, 199.233]"
2400,139.12557999999999,216.65433980835968,102.46054489406859,101.2769,130.61699999999999,156.78299999999996,"[59.0333, 78.5667, 80.0667, 82.5667, 84.6667, 88.4333, 97.3333, 99.0667, 99.2, 102.167, 106.3, 119.033, 119.367, 122.533, 129.367, 131.867, 135.067, 138.867, 142.767, 147.6, 150.633, 171.133, 174.633, 179.1, 180.867, 192.333, 202.4, 216.467, 228.6, 313.733]"
2700,153.34449000000001,238.796842710015,112.93221564217775,127.99699999999999,147.483,169.06999999999999,"[53.0667, 87.7333, 90.5667, 92.9667, 96.2333, 108.767, 111.567, 120.0, 121.767, 130.667, 134.8, 136.567, 137.033, 139.867, 144.133, 150.833, 153.067, 154.667, 154.667, 161.667, 167.6, 172.5, 178.6, 184.033, 186.033, 202.3, 219.7, 240.533, 281.9, 286.5]"
3000,178.29660000000001,277.65370080092521,131.30846813907112,151.3999,171.56650000000002,205.29319999999998,"[67.0, 94.5, 111.367, 117.5, 125.6, 126.433, 127.267, 134.833, 148.133, 152.8, 160.033, 160.6, 163.233, 168.1, 169.0, 174.133, 180.433, 182.1, 183.833, 188.2, 202.433, 211.967, 212.533, 215.133, 217.333, 225.867, 228.0, 235.3, 314.067, 351.167]"
3300,203.16893333333334,316.38632608684884,149.62596824307963,159.18689999999998,193.3835,236.01699999999997,"[102.2, 103.9, 107.967, 114.133, 127.733, 134.133, 134.667, 136.633, 152.7, 161.967, 179.0, 179.2, 179.767, 185.4, 186.867, 199.9, 216.967, 218.2, 223.7, 224.967, 232.867, 243.367, 252.233, 267.1, 276.3, 283.867, 294.267, 299.233, 335.5, 340.333]"
3600,218.22,339.82471112055919,160.71048980916126,176.03989999999999,212.19999999999999,235.81309999999996,"[111.733, 124.233, 134.333, 138.3, 142.1, 146.967, 151.7, 162.433, 166.333, 180.2, 191.867, 196.267, 196.567, 208.567, 210.633, 213.767, 217.167, 220.8, 227.933, 231.5, 235.433, 236.7, 240.567, 258.167, 261.233, 293.1, 298.067, 316.133, 349.567, 484.233]"
3900,254.99336666666665,397.09030870295487,187.79263520798756,196.23679999999999,241.8665,267.17679999999996,"[130.433, 131.1, 133.033, 137.133, 149.067, 153.233, 166.767, 176.867, 192.433, 197.867, 199.267, 205.267, 207.633, 224.933, 234.3, 249.433, 253.2, 254.267, 260.867, 261.367, 264.067, 274.433, 277.267, 279.433, 301.9, 323.4, 328.4, 346.967, 610.3, 725.167]"
4200,287.46793333333335,447.66156814876814,211.70888264332928,195.21010000000001,240.7165,282.86689999999999,"[146.633, 147.767, 152.567, 155.0, 168.267, 178.533, 182.233, 191.767, 194.767, 195.4, 212.6, 214.167, 225.567, 229.867, 239.0, 242.433, 243.933, 248.4, 252.967, 253.767, 278.867, 292.2, 292.7, 345.533, 383.0, 435.033, 446.4, 454.833, 545.567, 1074.27]"
4500,330.87219999999996,515.25318386409992,243.67442638729153,234.37700000000001,273.16700000000003,347.59299999999996,"[138.3, 146.667, 158.633, 185.0, 198.033, 214.5, 216.2, 218.2, 231.367, 235.667, 259.533, 263.133, 265.167, 265.467, 270.867, 275.467, 286.833, 302.6, 311.933, 344.867, 346.933, 349.133, 349.167, 377.8, 413.0, 434.133, 454.3, 491.233, 614.633, 1307.4]"
4800,362.93790000000001,565.18773266521123,267.28955952391345,248.47320000000002,291.93349999999998,353.16989999999998,"[150.2, 152.5, 189.167, 200.867, 226.033, 233.8, 238.233, 242.733, 242.967, 250.833, 255.467, 280.1, 282.1, 290.5, 290.6, 293.267, 300.733, 320.533, 337.567, 347.667, 352.2, 355.433, 358.633, 494.4, 515.3, 535.467, 593.6, 607.867, 638.5, 1310.87]"
5100,421.76666666666665,656.79926523820552,310.61464386938525,275.69,331.0,426.79999999999995,"[170.033, 174.033, 215.667, 225.133, 246.6, 251.1, 263.8, 268.933, 271.0, 277.7, 278.5, 285.967, 296.533, 318.633, 324.0, 338.0, 362.1, 383.2, 384.867, 421.133, 422.0, 438.0, 491.067, 622.267, 655.233, 670.567, 712.667, 721.6, 829.167, 1333.5]"
5400,469.76126666666664,731.53921153252668,345.96078846747326,295.46690000000001,373.5,466.89700000000005,"[202.533, 224.0, 227.967, 241.433, 265.467, 268.267, 272.267, 285.267, 289.4, 298.067, 299.733, 316.5, 367.133, 368.033, 372.367, 374.633, 402.167, 417.333, 420.667, 458.767, 466.267, 468.367, 562.267, 607.233, 662.933, 737.067, 790.333, 831.3, 895.9, 1699.17]"
5700,557.51686666666671,868.19726954376017,410.58935349128797,308.68689999999998,401.56700000000001,685.15009999999995,"[184.933, 216.5, 216.767, 256.733, 263.6, 266.033, 279.333, 287.033, 291.7, 315.967, 327.833, 348.567, 350.333, 364.2, 368.667, 434.467, 469.4, 508.967, 516.833, 606.5, 681.5, 693.667, 824.533, 874.433, 889.7, 925.067, 1032.33, 1084.77, 1327.17, 1517.97]"
6000,584.56129999999996,910.31241364108939,430.50652023865842,356.267,473.86700000000002,744.15299999999957,"[178.933, 194.367, 224.2, 250.233, 250.667, 264.533, 314.1, 321.4, 347.867, 359.867, 386.867, 387.0, 450.5, 460.4, 471.367, 476.367, 527.367, 555.067, 557.267, 654.867, 703.233, 839.633, 865.667, 905.4, 961.4, 984.767, 988.233, 1107.7, 1252.4, 1295.17]"
6300,646.2888333333334,1006.4380720737938,475.96643278888922,319.81689999999998,533.51700000000005,776.81009999999992,"[234.1, 236.0, 239.7, 240.233, 251.8, 284.2, 285.5, 294.4, 306.4, 325.567, 326.433, 361.933, 450.533, 479.567, 532.967, 534.067, 589.567, 616.267, 652.9, 703.3, 762.6, 809.967, 885.267, 995.567, 1017.6, 1065.27, 1118.9, 1217.63, 1453.3, 2117.13]"
6600,727.86450000000002,1133.4723831335821,536.04371876867503,346.95699999999999,564.38350000000003,953.65319999999997,"[206.667, 229.367, 251.433, 279.767, 291.8, 295.7, 322.067, 335.8, 342.267, 348.967, 366.367, 387.5, 488.733, 508.467, 513.0, 615.767, 636.933, 642.333, 745.7, 863.7, 937.533, 991.267, 1080.07, 1280.7, 1290.7, 1330.4, 1344.13, 1348.3, 1397.7, 2162.8]"
6900,755.61670000000004,1176.6897021142438,556.48212796710698,412.68989999999997,637.11699999999996,898.20999999999981,"[217.567, 255.867, 292.833, 311.433, 321.8, 335.0, 338.267, 388.0, 393.533, 420.9, 478.733, 480.3, 513.367, 532.3, 576.667, 697.567, 771.367, 808.633, 815.133, 822.967, 888.4, 921.1, 971.967, 1002.37, 1196.77, 1357.33, 1392.93, 1436.6, 1741.27, 1987.53]"
7200,825.89566666666667,1286.1321434365395,608.2398365010713,424.72309999999999,814.63349999999991,1065.4799999999996,"[242.267, 242.9, 260.3, 263.033, 275.6, 297.367, 306.467, 397.333, 419.1, 427.133, 483.2, 504.3, 558.167, 656.833, 809.867, 819.4, 830.833, 877.2, 906.167, 936.133, 1032.57, 1142.27, 1152.27, 1268.53, 1372.23, 1453.1, 1508.27, 1615.43, 1687.17, 2031.43]"
7500,899.03089999999997,1400.0225271787938,662.10107365306158,423.1499,763.89999999999998,1255.8710000000001,"[251.4, 252.733, 282.933, 305.467, 308.0, 322.933, 328.467, 395.767, 397.133, 434.3, 454.867, 505.9, 612.533, 651.967, 663.233, 864.567, 981.667, 1156.23, 1184.7, 1249.1, 1254.53, 1259.0, 1293.4, 1298.47, 1535.7, 1536.2, 1574.83, 1840.73, 1878.5, 1895.67]"
7800,1002.6853666666667,1561.4392130524789,738.43853176371761,493.41319999999996,936.2165,1363.0709999999997,"[221.933, 231.033, 279.767, 311.833, 320.733, 343.5, 411.733, 456.4, 476.567, 500.633, 572.833, 618.9, 769.833, 805.8, 826.233, 1046.2, 1155.6, 1170.23, 1212.77, 1238.43, 1329.9, 1440.47, 1467.63, 1552.93, 1617.63, 1772.97, 1933.97, 1971.23, 1974.6, 2048.27]"
8100,1026.0082,1597.7588679879248,755.61488575848182,445.77300000000002,864.35000000000002,1435.3999999999999,"[230.767, 246.0, 317.167, 340.633, 356.8, 359.8, 371.033, 409.2, 444.933, 446.133, 499.3, 578.3, 623.567, 732.933, 825.0, 903.7, 1046.7, 1294.93, 1325.43, 1330.8, 1433.57, 1439.67, 1458.97, 1486.87, 1641.4, 1766.0, 1771.3, 2067.1, 2128.57, 2903.67]"
8400,1014.0745666666667,1579.1751291000196,746.82623183948749,523.88009999999997,958.58499999999992,1492.4789999999998,"[209.7, 259.067, 273.033, 301.833, 317.667, 382.233, 382.867, 385.267, 409.967, 572.7, 673.367, 774.9, 799.933, 842.733, 864.8, 1052.37, 1276.7, 1324.27, 1327.03, 1426.4, 1481.07, 1519.1, 1524.17, 1536.27, 1545.77, 1557.63, 1564.63, 1622.13, 2074.53, 2140.1]"
8700,1084.2239999999999,1688.4158536796683,798.48854414282857,555.12689999999986,1176.7,1525.8510000000001,"[262.2, 288.667, 290.133, 353.667, 380.533, 381.733, 416.5, 436.867, 479.9, 587.367, 844.133, 976.0, 1079.53, 1119.73, 1146.5, 1206.9, 1389.9, 1440.63, 1496.03, 1507.2, 1525.23, 1527.3, 1530.87, 1548.1, 1560.47, 1590.07, 1660.5, 1764.43, 1802.93, 1932.7]"
9000,1185.7263333333333,1846.481113981486,873.24104027871329,962.63009999999986,1339.9000000000001,1546.788,"[253.3, 280.433, 310.6, 331.033, 352.433, 364.0, 368.267, 395.867, 739.167, 1058.4, 1107.73, 1108.3, 1186.27, 1237.57, 1337.43, 1342.37, 1348.63, 1354.93, 1426.17, 1495.4, 1542.57, 1556.63, 1619.13, 1693.73, 1711.5, 1728.23, 1776.43, 1974.9, 2042.07, 2528.3]"
9300,1197.9198333333334,1865.4695321606109,882.22107582764579,868.3431999999998,1199.6500000000001,1570.1209999999999,"[228.733, 255.133, 284.933, 323.6, 379.333, 390.133, 513.6, 558.6, 631.067, 970.033, 1055.13, 1103.83, 1120.57, 1146.07, 1197.3, 1202.0, 1329.2, 1390.1, 1424.5, 1484.33, 1556.3, 1602.37, 1618.57, 1618.63, 1732.03, 1894.6, 1923.43, 2063.17, 2413.4, 2526.9]"
9600,1339.3067333333333,2085.6453292861324,986.34699440339,1026.0799,1421.28,1712.8609999999996,"[316.733, 318.8, 321.2, 339.433, 362.333, 373.067, 469.033, 765.4, 976.333, 1047.4, 1224.67, 1234.17, 1332.33, 1372.73, 1395.73, 1446.83, 1614.57, 1616.83, 1640.2, 1661.87, 1695.83, 1752.6, 1829.23, 1970.1, 1983.97, 2009.03, 2037.47, 2243.47, 2246.07, 2581.77]"
9900,1419.2601999999999,2210.1534573820322,1045.2295935690961,1005.5308999999999,1546.2849999999999,1967.7380000000001,"[237.333, 275.667, 285.667, 356.267, 443.833, 580.4, 618.633, 673.533, 925.733, 1039.73, 1107.47, 1121.17, 1189.1, 1219.9, 1475.7, 1616.87, 1677.17, 1776.4, 1793.4, 1843.43, 1967.27, 1968.83, 1985.8, 1995.03, 2026.6, 2114.3, 2159.67, 2260.63, 2502.0, 3340.27]"
10200,1363.2266999999999,2122.8948745272351,1003.9631137289274,1117.7109999999998,1512.77,1742.5890000000002,"[318.633, 343.667, 346.9, 374.7, 382.767, 509.067, 667.167, 760.6, 931.7, 1197.43, 1213.17, 1277.0, 1423.13, 1495.87, 1511.47, 1514.07, 1522.47, 1560.23, 1601.83, 1735.67, 1736.67, 1756.4, 1915.23, 1965.7, 1981.87, 2008.47, 2024.73, 2125.83, 2138.63, 2555.73]"
10500,1483.067,2309.5170692302922,1092.2208046457858,1182.4289999999999,1654.2150000000001,1754.6209999999999,"[264.833, 332.5, 346.3, 366.833, 371.4, 561.667, 621.0, 876.067, 1093.9, 1220.37, 1298.4, 1334.97, 1513.17, 1596.17, 1648.0, 1660.43, 1717.77, 1726.1, 1726.9, 1735.33, 1744.7, 1777.77, 1799.77, 1819.83, 1905.17, 2079.5, 2154.0, 2352.83, 2530.63, 4315.7]"
10800,1497.1077666666667,2331.3821571067988,1102.5612798006578,1246.0009999999997,1511.915,1832.6199999999994,"[293.4, 372.067, 380.133, 399.833, 441.967, 612.933, 753.8, 900.2, 1015.47, 1344.8, 1362.5, 1448.8, 1454.37, 1481.87, 1510.03, 1513.8, 1525.97, 1643.07, 1742.63, 1747.13, 1799.23, 1910.53, 2000.1, 2046.77, 2089.83, 2246.3, 2381.57, 2423.03, 3018.53, 3052.57]"
11100,1592.5681,2480.0384681620285,1172.8640793943969,1329.2289999999998,1622.4300000000001,1853.1189999999997,"[290.233, 385.633, 391.267, 464.2, 714.767, 835.633, 924.1, 997.8, 1136.4, 1411.87, 1412.13, 1447.77, 1470.7, 1501.3, 1508.13, 1736.73, 1743.97, 1781.93, 1783.63, 1806.37, 1815.67, 1940.5, 1955.13, 1969.07, 2263.3, 2371.7, 2546.07, 2777.8, 2798.97, 3594.27]"
11400,1630.8524666666667,2539.6570816847743,1201.0590171591919,1405.828,1724.6500000000001,2056.6599999999999,"[301.9, 338.567, 418.767, 667.067, 844.767, 872.433, 981.433, 1327.07, 1335.73, 1435.87, 1484.13, 1593.93, 1688.6, 1699.3, 1719.2, 1730.1, 1788.73, 1815.2, 1855.47, 1987.07, 2043.67, 2086.97, 2167.47, 2244.63, 2259.93, 2279.57, 2334.07, 2496.27, 2561.23, 2566.43]"
11700,1682.4229666666665,2619.9656247369358,1239.0386721619566,1459.2999999999997,1768.8499999999999,2003.98,"[279.333, 317.733, 354.9, 513.233, 1203.2, 1216.4, 1255.67, 1282.57, 1284.23, 1534.33, 1590.8, 1618.73, 1700.27, 1715.17, 1752.6, 1785.1, 1890.63, 1892.53, 1911.3, 1911.83, 1996.9, 2020.5, 2061.1, 2076.5, 2279.73, 2319.87, 2529.53, 2533.0, 2636.53, 3008.47]"
12000,1792.4724333333334,2791.3409717215004,1320.0857974998585,1455.8699999999999,1758.75,2178.3509999999997,"[285.633, 432.3, 433.933, 526.767, 1102.13, 1106.67, 1367.77, 1368.13, 1410.37, 1475.37, 1669.23, 1714.8, 1720.5, 1737.77, 1743.3, 1774.2, 1973.8, 2041.33, 2050.8, 2112.0, 2145.9, 2254.07, 2368.7, 2400.2, 2405.5, 2515.6, 2582.83, 2702.07, 3005.37, 3347.13]"
12300,1680.5031999999999,2616.976053877625,1237.6248391433548,1444.038,1827.635,2155.1399999999994,"[259.933, 329.5, 364.433, 491.7, 936.5, 1115.83, 1269.13, 1371.0, 1431.13, 1449.57, 1483.57, 1522.93, 1583.63, 1654.57, 1737.4, 1917.87, 1925.43, 1983.23, 2101.1, 2105.83, 2135.37, 2201.27, 2241.63, 2260.2, 2266.5, 2301.13, 2323.77, 2382.07, 2433.1, 2835.77]"
12600,1824.8041000000001,2841.6896990840073,1343.8968046776909,1502.479,1973.0500000000002,2138.4009999999998,"[352.1, 401.233, 458.3, 473.2, 1245.4, 1283.43, 1304.57, 1479.97, 1495.5, 1505.47, 1636.8, 1696.9, 1737.73, 1908.37, 1956.13, 1989.97, 1998.37, 2007.9, 2046.6, 2098.27, 2132.83, 2151.4, 2238.87, 2267.97, 2406.67, 2442.2, 2484.67, 2767.5, 2924.83, 3850.97]"
12900,1860.2805333333333,2896.9356376280807,1370.0238094329013,1709.1419999999998,1970.335,2240.1909999999998,"[292.533, 431.133, 441.333, 841.067, 1180.93, 1422.97, 1453.37, 1496.4, 1590.87, 1759.83, 1763.7, 1803.57, 1806.67, 1877.07, 1960.9, 1979.77, 2037.37, 2094.9, 2131.17, 2190.87, 2234.2, 2254.17, 2318.57, 2485.87, 2512.4, 2555.27, 2644.4, 2673.97, 2780.57, 2792.57]"
13200,1795.5814333333333,2796.182484996516,1322.3754543269904,1588.4299999999998,1786.1849999999999,2131.6779999999994,"[320.0, 346.433, 461.3, 564.1, 1391.67, 1419.9, 1488.3, 1498.47, 1582.9, 1590.8, 1630.03, 1646.57, 1650.33, 1684.4, 1755.3, 1817.07, 1823.03, 1923.47, 1982.2, 2080.4, 2115.97, 2168.33, 2234.27, 2365.07, 2384.4, 2401.53, 2467.67, 2526.73, 3062.8, 3484.0]"
13500,1744.5929666666666,2716.780317663181,1284.8244440959477,1713.3999999999999,1805.915,1901.1879999999999,"[294.833, 358.433, 711.233, 734.6, 1117.57, 1448.13, 1646.8, 1675.0, 1679.87, 1727.77, 1735.23, 1757.37, 1786.63, 1796.43, 1800.8, 1811.03, 1837.4, 1843.5, 1867.83, 1891.7, 1900.27, 1903.33, 1973.43, 1974.67, 1996.17, 2297.47, 2475.33, 2535.8, 2658.53, 3100.63]"
13800,2024.1365666666668,3152.101659041612,1490.6973653635507,1762.75,2117.6999999999998,2467.011,"[316.1, 401.267, 691.333, 778.667, 1160.67, 1382.73, 1617.87, 1699.23, 1733.7, 1775.2, 1880.87, 1924.73, 1980.33, 2061.17, 2069.77, 2165.63, 2251.73, 2273.03, 2365.57, 2381.2, 2458.5, 2486.87, 2604.1, 2619.8, 2705.3, 2721.0, 2826.63, 2865.9, 3251.77, 3273.43]"
14100,1801.7667666666666,2805.8146411379521,1326.9307102596863,1593.8409999999999,1885.2,2145.8409999999994,"[331.533, 390.367, 682.0, 843.233, 1267.1, 1356.2, 1397.3, 1559.67, 1575.9, 1601.53, 1702.9, 1756.27, 1764.83, 1797.5, 1863.67, 1906.73, 1934.47, 1941.43, 1946.77, 2079.83, 2090.5, 2274.97, 2304.1, 2415.9, 2416.2, 2515.93, 2534.3, 2536.83, 2588.77, 2676.27]"
14400,1955.4163666666668,3045.0866186550893,1440.0876274761733,1744.6410000000001,1981.635,2356.991,"[359.467, 370.267, 800.7, 884.867, 1397.17, 1453.97, 1460.73, 1589.2, 1707.1, 1760.73, 1874.5, 1891.13, 1909.97, 1944.7, 1964.87, 1998.4, 2018.7, 2059.73, 2095.33, 2172.5, 2349.2, 2375.17, 2421.3, 2426.7, 2431.2, 2475.0, 2737.33, 3049.53, 3261.1, 3421.93]"
14700,1878.9574666666667,2926.020430381348,1383.7786398981798,1624.8179999999998,1891.8800000000001,2188.9299999999994,"[334.567, 344.267, 740.933, 961.267, 1454.13, 1480.23, 1482.67, 1559.47, 1582.23, 1643.07, 1666.57, 1673.97, 1746.67, 1816.83, 1855.23, 1928.53, 1936.6, 1995.27, 2065.17, 2082.53, 2141.2, 2300.3, 2329.5, 2512.0, 2552.83, 2590.5, 2685.53, 2691.2, 2754.03, 3461.43]"
15000,1860.5834333333332,2897.4073308963352,1370.2468834287001,1758.05,1915.6849999999999,2143.1590000000001,"[366.167, 379.933, 895.533, 1087.63, 1302.3, 1625.8, 1690.8, 1695.17, 1752.1, 1760.6, 1774.07, 1774.13, 1829.7, 1837.87, 1907.6, 1923.77, 1934.37, 1970.37, 1975.3, 2030.97, 2126.17, 2182.8, 2193.33, 2202.03, 2349.03, 2398.83, 2429.43, 2488.27, 2858.73, 3074.7]"
15300,1988.0339999999999,3095.8806697271089,1464.1092379125016,1835.9879999999998,2069.6150000000002,2285.9279999999999,"[323.533, 378.367, 1182.8, 1345.0, 1390.53, 1545.8, 1598.67, 1653.27, 1809.43, 1847.37, 1850.17, 1851.53, 1862.73, 1895.17, 2038.2, 2101.03, 2143.43, 2157.37, 2241.03, 2275.47, 2283.87, 2290.73, 2299.87, 2327.03, 2490.4, 2507.93, 2618.6, 2864.93, 3126.73, 3340.03]"
15600,2077.8678,3235.7750200793325,1530.2683159045198,1919.289,2083.915,2216.02,"[310.067, 386.767, 1562.47, 1577.97, 1605.4, 1703.3, 1758.73, 1852.23, 1859.53, 1944.9, 1964.57, 1989.53, 2035.27, 2050.57, 2056.7, 2111.13, 2128.8, 2154.23, 2183.97, 2198.87, 2215.3, 2217.7, 2279.73, 2516.67, 2525.23, 2636.6, 2796.9, 3111.0, 3206.23, 3395.67]"
15900,2062.1390999999999,3211.2813855187883,1518.6847439080882,1839.4090000000001,2109.2150000000001,2412.2299999999996,"[339.1, 409.033, 1485.9, 1550.07, 1672.4, 1730.4, 1800.73, 1807.57, 1829.0, 1843.87, 1891.53, 1908.17, 1965.97, 1967.93, 2106.7, 2111.73, 2144.87, 2223.17, 2283.8, 2286.67, 2388.83, 2466.83, 2537.57, 2554.23, 2590.5, 2661.43, 2734.87, 2792.13, 2849.77, 2929.4]"
16200,2064.3336666666669,3214.6988907132472,1520.3009563722017,1777.1509999999998,2064.8499999999999,2385.6700000000001,"[320.5, 449.3, 1152.83, 1551.27, 1614.23, 1641.9, 1667.4, 1722.33, 1742.9, 1791.83, 1818.7, 1863.73, 1983.7, 2000.23, 2037.6, 2092.1, 2211.3, 2333.63, 2333.63, 2352.33, 2384.83, 2387.63, 2401.6, 2444.5, 2632.47, 2734.37, 2756.3, 2809.4, 3202.47, 3495.0]"
16500,2016.6844666666666,3140.4968211269311,1485.2091853566451,1808.9779999999998,2003.7,2384.2799999999997,"[284.767, 367.167, 1378.93, 1420.13, 1516.47, 1598.9, 1606.5, 1715.37, 1727.33, 1843.97, 1900.77, 1937.97, 1959.17, 1988.9, 1994.47, 2012.93, 2040.0, 2132.7, 2214.37, 2355.07, 2380.77, 2392.47, 2416.7, 2485.47, 2561.8, 2640.07, 2663.67, 2801.07, 2935.3, 3227.33]"
16800,2048.8605666666667,3190.6032911456568,1508.9056237726866,1846.0409999999997,2069.5799999999999,2333.7280000000001,"[327.2, 336.567, 1442.47, 1546.6, 1587.3, 1674.77, 1709.33, 1713.07, 1774.97, 1876.5, 1888.6, 1958.03, 1980.73, 1983.93, 2002.63, 2136.53, 2210.6, 2230.93, 2287.7, 2291.47, 2329.27, 2344.13, 2354.23, 2448.13, 2599.7, 2622.5, 2655.9, 2755.23, 2776.77, 3620.03]"
17100,1988.6177666666665,3096.7897446921065,1464.5391592163885,1766.0500000000002,2006.5500000000002,2227.4919999999993,"[287.9, 411.133, 1343.07, 1416.0, 1442.03, 1668.37, 1682.03, 1703.57, 1764.93, 1766.53, 1824.77, 1863.63, 1913.07, 1915.03, 1926.93, 2086.17, 2106.33, 2167.9, 2170.77, 2190.5, 2191.93, 2310.47, 2335.77, 2402.2, 2542.77, 2568.1, 2619.7, 2639.83, 2905.3, 3491.8]"
17400,2008.463,3127.693881272714,1479.1543969094375,1801.4100000000001,1961.3699999999999,2372.5500000000002,"[399.833, 463.767, 1308.63, 1335.87, 1405.63, 1595.6, 1668.07, 1720.43, 1794.27, 1804.47, 1809.47, 1831.67, 1844.37, 1916.6, 1956.97, 1965.77, 2006.9, 2066.77, 2193.13, 2213.4, 2358.9, 2404.4, 2466.67, 2472.07, 2533.9, 2906.1, 2911.03, 2956.3, 2968.27, 2974.63]"
17700,1959.2932000000001,3051.1238460749519,1442.9427635036154,1797.02,1997.5699999999999,2220.7899999999995,"[357.833, 374.433, 1304.2, 1678.07, 1691.1, 1692.4, 1702.0, 1717.23, 1762.93, 1811.63, 1820.97, 1881.47, 1942.9, 1979.43, 1995.57, 1999.57, 2033.03, 2062.97, 2083.73, 2164.87, 2184.7, 2305.0, 2322.3, 2394.9, 2487.8, 2522.73, 2543.3, 2564.03, 2614.6, 2783.1]"
18000,2141.0285666666664,3334.1325917347854,1576.7837487141712,1938.5589999999997,2188.0650000000001,2503.1879999999996,"[348.567, 440.9, 1220.3, 1603.6, 1681.03, 1728.07, 1804.47, 1893.63, 1918.7, 1947.07, 1960.93, 1985.33, 2140.4, 2175.47, 2180.83, 2195.3, 2260.87, 2296.1, 2368.23, 2463.43, 2489.37, 2535.43, 2553.37, 2571.8, 2816.33, 2853.87, 2913.1, 2928.53, 2941.4, 3014.43]"
18300,2025.2440999999999,3153.8263735272517,1491.5130203194665,1913.3389999999999,2151.665,2247.0500000000002,"[439.633, 499.0, 1049.0, 1472.67, 1478.07, 1505.7, 1634.67, 1854.5, 1903.63, 1917.5, 1985.87, 2118.87, 2122.7, 2128.83, 2129.93, 2173.4, 2180.77, 2196.27, 2205.63, 2220.57, 2236.67, 2271.27, 2294.43, 2364.17, 2536.97, 2548.3, 2731.3, 2781.87, 2804.43, 2970.7]"
18600,2259.387666666667,3518.4481767681896,1663.9505937988179,1899.3719999999998,2387.5150000000003,2683.2009999999991,"[384.533, 413.367, 1307.87, 1494.27, 1696.23, 1836.97, 1846.07, 1859.03, 1872.17, 1911.03, 2053.73, 2154.9, 2216.93, 2268.33, 2378.0, 2397.03, 2414.83, 2486.57, 2496.03, 2525.87, 2627.2, 2813.87, 2815.9, 2828.8, 2903.3, 2947.6, 2990.03, 3073.8, 3324.67, 3442.7]"
18900,1946.9661000000001,3031.9273783063963,1433.8643367832117,1746.7,1954.8,2098.5309999999999,"[465.5, 570.533, 1225.53, 1619.57, 1630.37, 1690.3, 1704.87, 1723.7, 1735.57, 1751.47, 1779.87, 1783.33, 1793.5, 1846.4, 1905.27, 2004.33, 2023.9, 2066.97, 2073.3, 2078.07, 2086.93, 2125.6, 2192.83, 2502.0, 2515.3, 2601.37, 2607.53, 2695.3, 2769.4, 2840.37]"
19200,2120.5953333333332,3302.3127877994953,1561.7354720329097,1983.9499999999998,2190.75,2338.3890000000001,"[418.833, 564.967, 1611.07, 1629.73, 1653.77, 1656.57, 1841.2, 1845.3, 1953.57, 1996.97, 2017.07, 2071.7, 2099.93, 2103.43, 2170.33, 2211.17, 2236.47, 2238.27, 2244.57, 2257.57, 2334.9, 2346.53, 2582.9, 2602.27, 2727.47, 2775.53, 2821.7, 2830.03, 2832.37, 2941.67]"
19500,2107.3692000000001,3281.7162937144349,1551.9949424467984,1766.1909999999998,2199.25,2363.1509999999998,"[384.333, 492.733, 1382.2, 1563.6, 1593.4, 1628.5, 1678.57, 1733.23, 1754.2, 1771.33, 1856.2, 2052.23, 2103.63, 2130.73, 2189.3, 2209.2, 2223.03, 2243.0, 2322.1, 2352.57, 2353.83, 2384.9, 2492.17, 2510.2, 2587.4, 2628.63, 2838.83, 3075.43, 3080.63, 3604.97]"
19800,2264.8076666666666,3526.8885119082929,1667.9422116833637,2108.2200000000003,2200.7849999999999,2694.9800000000005,"[307.0, 645.2, 1308.53, 1434.07, 1562.9, 1747.73, 1785.47, 1935.53, 2106.33, 2109.03, 2121.0, 2147.97, 2160.3, 2163.3, 2181.07, 2220.5, 2315.1, 2396.8, 2590.7, 2624.83, 2694.8, 2695.4, 2842.37, 2875.53, 2924.23, 2940.53, 3010.57, 3054.17, 3183.27, 3860.0]"
20100,2231.0577666666668,3474.3312301841261,1643.0867311590755,2148.8499999999999,2365.9349999999999,2608.7820000000002,"[416.7, 425.233, 1293.7, 1456.17, 1504.8, 1514.9, 1757.2, 1821.17, 1941.93, 2237.53, 2239.2, 2255.33, 2268.13, 2299.63, 2324.67, 2407.2, 2407.47, 2416.57, 2574.03, 2585.4, 2604.63, 2618.47, 2641.0, 2649.6, 2654.3, 2827.83, 2857.5, 2875.07, 3325.07, 3731.3]"
20400,2166.6762333333331,3374.0726105961016,1595.6722514749727,1903.1979999999999,2224.3000000000002,2408.558,"[350.4, 390.967, 1446.23, 1446.9, 1469.67, 1727.33, 1796.0, 1812.77, 1849.13, 1926.37, 2059.37, 2123.7, 2171.43, 2194.6, 2199.4, 2249.2, 2303.2, 2346.0, 2363.6, 2399.2, 2401.97, 2423.93, 2575.03, 2685.67, 2698.33, 2710.63, 2723.23, 2772.73, 3254.63, 4128.67]"
20700,2214.6882333333333,3448.8396531692861,1631.0312104920997,2108.25,2264.2849999999999,2512.299,"[416.267, 523.6, 1529.47, 1893.23, 1898.93, 1941.23, 1943.83, 2021.23, 2105.03, 2109.63, 2120.23, 2138.6, 2190.23, 2248.6, 2259.97, 2268.6, 2323.37, 2330.33, 2386.67, 2441.63, 2506.17, 2526.6, 2543.6, 2570.2, 2611.33, 2651.63, 2683.37, 2799.87, 2818.33, 3638.87]"
21000,2112.0934333333335,3289.0731410600779,1555.4741554106549,1922.8109999999999,2213.3000000000002,2384.7289999999998,"[361.933, 433.9, 1326.3, 1495.87, 1537.67, 1558.43, 1569.93, 1785.6, 1797.07, 1976.7, 2016.1, 2075.43, 2102.33, 2155.37, 2176.27, 2250.33, 2307.9, 2313.63, 2353.83, 2362.13, 2367.2, 2425.63, 2495.57, 2573.47, 2584.47, 2585.7, 2677.3, 2969.17, 3143.57, 3584.0]"
21300,2100.9238,3271.6791468302972,1547.2481575919915,1902.529,2136.5799999999999,2542.0900000000001,"[410.267, 420.467, 1454.27, 1498.93, 1689.63, 1734.17, 1741.33, 1807.33, 1838.43, 1930.0, 1987.33, 2038.3, 2043.33, 2069.6, 2071.03, 2202.13, 2289.4, 2306.5, 2322.83, 2527.67, 2540.2, 2546.5, 2563.2, 2602.63, 2683.13, 2694.07, 2714.27, 2735.77, 2741.53, 2823.47]"
21600,2208.1249000000003,3438.6188537284106,1626.1975723526959,1873.0100000000002,2286.5999999999999,2616.75,"[356.3, 566.067, 1274.07, 1502.97, 1606.3, 1702.0, 1754.77, 1819.13, 1867.13, 1875.53, 2039.77, 2067.07, 2212.9, 2276.9, 2280.7, 2292.5, 2417.9, 2449.57, 2455.43, 2510.4, 2611.53, 2628.93, 2708.43, 2787.03, 2851.97, 2902.47, 2983.07, 3026.67, 3197.27, 3218.97]"
21900,2150.2263333333335,3348.4558819944059,1583.5575439032027,1987.239,2167.8150000000001,2498.8979999999997,"[267.5, 359.8, 1439.23, 1442.83, 1460.17, 1650.03, 1903.1, 1967.53, 1984.6, 1988.37, 2001.23, 2009.0, 2054.27, 2165.3, 2167.53, 2168.1, 2214.93, 2295.53, 2329.3, 2394.7, 2494.47, 2509.23, 2544.27, 2570.2, 2748.13, 2752.7, 2768.0, 3028.27, 3242.3, 3586.17]"
22200,2182.9706666666666,3399.4472375797568,1607.6724639310389,1928.1509999999998,2180.0,2483.049,"[364.9, 537.8, 1307.83, 1624.77, 1699.7, 1738.73, 1749.93, 1819.2, 1919.8, 1931.73, 1961.8, 2089.8, 2094.93, 2141.77, 2151.57, 2208.43, 2227.7, 2259.17, 2354.03, 2369.8, 2472.9, 2506.73, 2543.2, 2612.23, 2639.1, 2819.1, 2880.6, 3112.77, 3386.8, 3962.3]"
22500,2309.3098666666669,3596.189892438169,1700.7163403589448,2253.7399999999998,2419.4650000000001,2511.5689999999995,"[402.433, 438.233, 1510.5, 1718.87, 1790.93, 1871.93, 1893.17, 1980.53, 2252.13, 2254.43, 2278.73, 2292.47, 2304.8, 2328.83, 2395.73, 2443.2, 2472.6, 2477.7, 2493.17, 2494.43, 2501.6, 2534.83, 2608.8, 2626.67, 2640.1, 2671.87, 2956.27, 3342.57, 3566.67, 3735.1]"
22800,2324.2426666666665,3619.4441058293378,1711.713763153474,2211.7509999999997,2397.1149999999998,2577.1700000000001,"[403.8, 543.0, 1756.1, 1795.07, 1902.43, 2040.2, 2051.13, 2126.4, 2170.5, 2229.43, 2290.37, 2292.6, 2309.37, 2352.33, 2381.1, 2413.13, 2470.97, 2496.37, 2513.07, 2568.43, 2572.1, 2589.0, 2613.63, 2675.73, 2681.43, 2710.93, 3095.13, 3126.7, 3255.53, 3301.3]"
23100,2255.7208000000001,3512.7379214949897,1661.2500900041844,2018.8399999999999,2261.23,2580.1700000000001,"[412.967, 504.567, 1543.13, 1611.5, 1706.93, 1831.4, 1903.3, 1941.1, 1987.9, 2032.1, 2145.97, 2194.7, 2210.9, 2212.33, 2250.93, 2271.53, 2290.7, 2354.17, 2379.7, 2447.83, 2579.57, 2581.57, 2655.33, 2705.87, 2813.47, 2944.8, 3008.67, 3099.53, 3321.13, 3728.03]"
23400,2205.5319,3434.5808852748514,1624.2879293315466,2001.7919999999999,2279.9700000000003,2551.4699999999998,"[454.3, 464.567, 1497.57, 1620.83, 1756.3, 1831.5, 1839.63, 1948.43, 1955.97, 2021.43, 2028.2, 2177.33, 2203.0, 2220.53, 2264.67, 2295.27, 2347.53, 2379.63, 2381.6, 2464.57, 2531.7, 2597.6, 2606.0, 2630.7, 2675.57, 2682.33, 2772.07, 2810.5, 3094.6, 3612.03]"
23700,2289.7647666666667,3565.7531407136585,1686.32213911997,2048.319,2369.75,2634.2889999999998,"[625.8, 798.733, 1443.2, 1461.57, 1507.77, 1743.23, 1772.17, 1793.33, 1978.2, 2078.37, 2129.97, 2177.3, 2225.2, 2290.9, 2336.57, 2402.93, 2410.83, 2484.1, 2563.93, 2585.63, 2610.07, 2690.8, 2700.47, 2760.03, 2803.43, 2830.13, 3008.37, 3403.67, 3456.37, 3619.87]"
24000,2068.2584333333334,3220.8107626714345,1523.1913934237398,1821.3099999999999,2021.6199999999999,2311.9599999999996,"[655.1, 715.433, 1347.23, 1486.8, 1653.47, 1728.5, 1734.17, 1749.37, 1790.93, 1834.33, 1906.43, 1959.53, 1960.63, 1992.07, 2009.97, 2033.27, 2073.23, 2166.07, 2222.67, 2257.57, 2276.17, 2395.47, 2397.1, 2545.33, 2631.2, 2769.2, 2804.3, 2860.67, 3044.27, 3047.27]"
24300,2283.0942,3555.365351370288,1681.4095278272166,2122.5700000000002,2323.1799999999998,2637.5409999999997,"[583.533, 981.433, 1480.83, 1761.97, 1830.2, 1842.87, 1954.33, 1971.6, 2088.27, 2137.27, 2177.23, 2180.6, 2194.3, 2218.1, 2321.93, 2324.43, 2339.1, 2407.83, 2423.43, 2621.57, 2626.93, 2662.3, 2667.67, 2686.27, 2734.63, 2771.63, 2995.97, 3044.9, 3190.67, 3271.03]"
24600,2382.1684333333333,3709.6494349647842,1754.3738233384765,2080.3699999999999,2412.4650000000001,2680.4900000000002,"[563.433, 1308.37, 1446.5, 1682.57, 1696.53, 1766.83, 1794.73, 2072.37, 2074.07, 2083.07, 2121.17, 2123.3, 2223.23, 2358.13, 2380.8, 2444.13, 2468.1, 2518.8, 2545.53, 2650.13, 2678.03, 2686.23, 2777.17, 2778.63, 2902.3, 3004.37, 3273.1, 3335.1, 3792.8, 3915.53]"
24900,2221.2291,3459.0254662271091,1635.8483028107528,1859.318,2104.4849999999997,2541.3609999999999,"[636.033, 1558.03, 1616.77, 1654.4, 1729.8, 1804.67, 1808.07, 1828.27, 1855.93, 1860.77, 1937.03, 1943.63, 1968.03, 2013.8, 2053.1, 2155.87, 2331.17, 2405.17, 2471.93, 2532.77, 2533.03, 2560.8, 2656.43, 2664.77, 2675.43, 2771.13, 2821.23, 2956.37, 3055.87, 3776.57]"
25200,2267.7625666666663,3531.4900518170548,1670.1183798913055,2100.4609999999998,2295.0500000000002,2523.3299999999999,"[607.767, 1272.53, 1347.33, 1838.73, 1883.03, 1981.67, 1985.83, 2000.03, 2046.47, 2123.6, 2130.3, 2217.73, 2267.9, 2284.13, 2289.07, 2301.03, 2347.13, 2359.1, 2365.87, 2433.63, 2514.27, 2544.47, 2586.17, 2586.83, 2598.9, 2660.83, 2748.37, 3155.73, 3264.1, 3290.33]"
25500,2373.0103333333332,3695.3879159155986,1747.6292410970627,2058.5700000000002,2310.7150000000001,2612.741,"[1017.4, 1049.77, 1510.13, 1685.0, 1731.93, 1787.33, 1819.37, 1911.9, 2024.13, 2073.33, 2100.0, 2195.43, 2211.73, 2245.33, 2298.0, 2323.43, 2335.03, 2424.7, 2446.67, 2475.9, 2600.03, 2642.4, 2913.1, 3139.23, 3164.37, 3173.67, 3210.0, 3247.8, 3386.4, 4046.8]"
25800,2264.0026666666668,3525.6349196965257,1667.3493606875963,2163.8710000000001,2240.3199999999997,2484.799,"[667.0, 1153.77, 1462.97, 1596.23, 1770.73, 1970.37, 2012.67, 2069.9, 2140.47, 2173.9, 2175.07, 2180.2, 2184.0, 2195.63, 2229.87, 2250.77, 2279.0, 2312.53, 2378.67, 2431.3, 2472.1, 2514.43, 2515.07, 2697.13, 2764.47, 2947.53, 2995.07, 3052.23, 3150.37, 3176.63]"
26100,2301.1676666666667,3583.5103911876608,1694.7199287095809,2057.9400000000001,2315.335,2609.431,"[1311.03, 1539.23, 1556.93, 1612.97, 1756.9, 1757.93, 2022.7, 2023.3, 2043.03, 2064.33, 2065.73, 2099.9, 2167.87, 2203.27, 2278.5, 2352.17, 2358.03, 2444.97, 2461.97, 2513.77, 2594.53, 2644.2, 2655.33, 2733.77, 2792.73, 2822.47, 2839.1, 2886.0, 3205.8, 3226.57]"
26400,2354.9786666666669,3667.3079694577941,1734.3496242788267,2145.6489999999999,2332.6499999999996,2602.6499999999996,"[873.3, 1808.33, 1933.2, 1968.27, 2004.33, 2058.1, 2092.93, 2121.3, 2135.1, 2150.17, 2164.67, 2207.57, 2248.3, 2253.23, 2308.6, 2356.7, 2372.87, 2483.93, 2492.43, 2571.9, 2588.1, 2636.6, 2665.7, 2698.87, 2749.8, 2796.8, 2868.23, 2868.43, 3028.43, 3143.17]"
26700,2323.8556666666668,3618.8414472132463,1711.4287527989875,2283.0799999999999,2416.6849999999999,2539.5609999999997,"[1399.27, 1420.73, 1581.6, 1620.67, 2027.2, 2059.87, 2070.8, 2138.27, 2277.2, 2285.6, 2290.5, 2301.4, 2304.9, 2335.3, 2413.6, 2419.77, 2455.37, 2456.4, 2506.03, 2528.73, 2536.93, 2545.7, 2605.63, 2612.63, 2622.7, 2645.3, 2689.6, 2709.47, 2864.07, 2990.43]"
27000,2486.8166666666666,3872.6136713398955,1831.4431517073858,2316.7190000000001,2595.1849999999999,2724.4809999999998,"[1397.63, 1508.03, 1603.83, 1812.33, 1846.93, 2024.8, 2082.3, 2305.77, 2315.83, 2317.1, 2355.23, 2447.17, 2526.53, 2559.5, 2592.2, 2598.17, 2654.47, 2672.33, 2693.3, 2718.97, 2721.4, 2731.67, 2824.17, 2828.37, 2869.37, 2994.5, 3065.77, 3091.7, 3194.9, 3250.23]"
27300,2426.7983333333332,3779.1496772653954,1787.241998066429,2162.252,2343.4499999999998,2647.2399999999998,"[1276.3, 1779.07, 1880.8, 1908.83, 1922.47, 2079.6, 2104.3, 2120.9, 2139.67, 2171.93, 2174.4, 2201.37, 2206.9, 2212.33, 2320.97, 2365.93, 2429.07, 2502.73, 2557.73, 2594.03, 2637.13, 2670.83, 2729.37, 2747.87, 2822.7, 2874.5, 3021.53, 3103.93, 3356.43, 3890.33]"
27600,2371.3906666666667,3692.865678003805,1746.4364199838394,1929.8600000000001,2315.8499999999999,2668.7280000000001,"[1435.97, 1533.5, 1603.9, 1723.37, 1739.57, 1789.07, 1849.57, 1918.47, 1927.9, 1930.7, 2155.07, 2183.43, 2199.47, 2221.63, 2284.5, 2347.2, 2593.93, 2629.53, 2642.73, 2649.73, 2664.87, 2677.73, 2688.0, 2702.23, 2923.23, 2993.83, 3119.5, 3289.73, 3334.63, 3388.73]"
27900,2411.8796666666667,3755.9174731122284,1776.2549839187818,2253.319,2347.6700000000001,2552.6989999999996,"[1519.37, 1701.7, 1705.47, 1938.9, 1973.23, 1983.73, 2031.2, 2175.3, 2236.33, 2260.6, 2274.33, 2305.27, 2331.27, 2333.37, 2345.17, 2350.17, 2359.9, 2390.4, 2455.33, 2512.4, 2530.7, 2604.03, 2607.87, 2714.63, 2824.43, 2846.53, 2935.63, 2985.27, 3552.83, 3571.03]"
28200,2582.711666666667,4021.9468702809004,1902.0660662901441,2331.6599999999999,2614.0999999999999,2781.8400000000001,"[1758.9, 1937.8, 1943.17, 1972.17, 2050.07, 2111.8, 2156.33, 2158.2, 2168.77, 2401.47, 2435.37, 2439.27, 2496.1, 2596.5, 2607.73, 2620.47, 2639.8, 2643.13, 2657.27, 2704.13, 2777.4, 2792.2, 2867.27, 2905.23, 3075.17, 3120.33, 3127.0, 3271.77, 3462.63, 3583.9]"
28500,2578.3233333333333,4015.113105697907,1898.8342305306085,2335.3900000000003,2559.0299999999997,2814.6889999999999,"[1316.4, 1654.87, 1863.5, 1865.67, 2122.3, 2131.43, 2287.87, 2296.47, 2313.97, 2344.57, 2359.93, 2384.63, 2397.87, 2465.8, 2519.63, 2598.43, 2749.67, 2749.73, 2751.73, 2764.87, 2806.7, 2833.33, 2849.03, 2974.53, 3062.7, 3227.0, 3313.7, 3325.77, 3501.87, 3515.73]"
28800,2369.433,3689.8170870888089,1744.9946750984802,2185.9120000000003,2327.3199999999997,2508.9409999999998,"[1477.43, 1612.7, 1929.37, 2033.77, 2059.63, 2082.1, 2091.47, 2108.43, 2184.47, 2186.53, 2204.57, 2224.13, 2237.77, 2252.9, 2277.37, 2377.27, 2413.7, 2441.4, 2442.27, 2447.03, 2491.73, 2549.1, 2564.43, 2613.03, 2647.0, 2747.0, 2959.33, 3025.93, 3038.7, 3362.43]"
29100,2499.7386666666666,3892.7365515392348,1840.9596989959657,2186.1910000000003,2476.8850000000002,2825.3389999999999,"[1294.97, 1407.67, 1621.33, 1814.03, 1960.33, 1982.9, 2129.93, 2137.9, 2143.4, 2204.53, 2247.23, 2250.83, 2319.0, 2405.63, 2448.47, 2505.3, 2518.67, 2545.7, 2575.83, 2616.73, 2815.37, 2848.6, 2866.57, 3056.67, 3088.97, 3127.9, 3249.57, 3493.83, 3543.17, 3771.13]"
29400,2448.9523333333332,3813.6491578362175,1803.5575520542952,2076.6289999999999,2247.8149999999996,2627.0499999999997,"[1577.03, 1661.9, 1697.7, 1784.07, 1834.83, 1935.97, 2000.67, 2022.73, 2028.63, 2097.2, 2105.37, 2138.2, 2153.63, 2178.57, 2222.43, 2273.2, 2367.6, 2420.97, 2555.2, 2599.57, 2612.2, 2661.7, 2938.6, 3010.1, 3193.07, 3219.93, 3333.07, 3531.03, 3638.87, 3674.53]"
29700,2507.4436666666666,3904.7352198518729,1846.6341299554542,2255.6880000000001,2432.665,2594.9619999999995,"[1518.97, 1595.27, 1706.6, 1722.37, 2044.57, 2093.87, 2148.5, 2191.13, 2218.63, 2271.57, 2298.5, 2354.9, 2361.47, 2367.33, 2426.93, 2438.4, 2439.47, 2482.03, 2482.67, 2513.9, 2538.43, 2726.87, 2770.4, 3035.47, 3155.73, 3182.4, 3418.77, 3418.93, 3528.7, 3770.53]"
30000,2433.2383333333332,3789.1784149595401,1791.9848060325689,2195.6889999999999,2410.4499999999998,2614.8499999999995,"[1667.17, 1710.23, 1717.7, 1967.03, 1994.4, 2060.03, 2104.0, 2116.47, 2146.5, 2216.77, 2250.1, 2278.93, 2288.43, 2298.57, 2376.0, 2444.9, 2480.67, 2482.73, 2531.83, 2595.7, 2605.43, 2636.83, 2672.43, 2707.83, 2801.77, 2889.67, 3101.7, 3238.93, 3264.7, 3349.7]"
30300,2509.0533333333337,3907.2418851896082,1847.819586460035,2260.3720000000003,2408.9200000000001,2698.4810000000002,"[1760.5, 1820.23, 1873.4, 1986.53, 2063.3, 2117.13, 2192.73, 2223.63, 2252.77, 2263.63, 2266.97, 2271.33, 2337.13, 2348.3, 2351.97, 2465.87, 2530.97, 2583.77, 2632.8, 2633.93, 2692.4, 2712.67, 2748.5, 2817.47, 2867.4, 2962.57, 3176.37, 3196.53, 3270.87, 3849.93]"
30600,2555.4870000000001,3979.5510564904434,1882.0161647463299,2241.8310000000001,2500.8000000000002,2731.9899999999998,"[1804.8, 1902.47, 1983.27, 2049.07, 2075.6, 2143.97, 2210.97, 2239.2, 2241.67, 2241.9, 2304.17, 2404.4, 2418.07, 2466.23, 2482.2, 2519.4, 2543.93, 2578.0, 2594.93, 2624.33, 2713.03, 2776.23, 2810.8, 2869.53, 2982.67, 3005.53, 3196.03, 3269.07, 3531.37, 3681.77]"
30900,2437.3656666666666,3795.6057353595879,1795.0244255065204,2137.9399999999996,2276.5999999999999,2598.1299999999992,"[1774.83, 1797.13, 1859.07, 1877.1, 1883.97, 1914.9, 2021.0, 2027.57, 2134.37, 2139.47, 2162.47, 2168.0, 2208.03, 2213.67, 2271.87, 2281.33, 2394.53, 2432.3, 2446.6, 2486.5, 2547.1, 2717.2, 2835.03, 2884.23, 2932.3, 3076.23, 3107.0, 3419.63, 3484.17, 3623.37]"
31200,2502.0463333333332,3896.3301825463036,1842.6592051838325,2167.0999999999999,2362.0150000000003,2858.3999999999996,"[1669.63, 1746.7, 1843.43, 1987.17, 1993.27, 2025.4, 2028.33, 2093.23, 2125.1, 2185.1, 2193.5, 2211.43, 2267.67, 2314.2, 2345.63, 2378.4, 2472.87, 2581.0, 2611.43, 2638.7, 2842.53, 2895.43, 2899.6, 2992.8, 3039.17, 3075.2, 3257.03, 3260.47, 3379.4, 3707.57]"
31500,2442.5899999999997,3803.7413671339318,1798.8719425486167,2174.6399999999999,2490.2150000000001,2649.0379999999996,"[1380.6, 1487.4, 1578.0, 1780.6, 2004.23, 2059.9, 2099.07, 2121.2, 2142.37, 2188.47, 2189.57, 2355.97, 2377.37, 2420.53, 2424.03, 2556.4, 2564.53, 2601.37, 2602.07, 2617.93, 2620.07, 2716.63, 2736.93, 2880.77, 2927.77, 3028.1, 3054.23, 3064.63, 3307.33, 3389.63]"
31800,2538.3779999999997,3952.9079395325025,1869.4160558188944,2118.8710000000001,2430.2150000000001,2736.2389999999996,"[1642.0, 1648.47, 1855.03, 1884.27, 1908.83, 1939.4, 2018.93, 2082.87, 2115.0, 2120.53, 2229.13, 2290.47, 2318.83, 2327.0, 2426.1, 2434.33, 2472.33, 2491.1, 2550.5, 2604.4, 2666.9, 2898.03, 2899.2, 2918.33, 3114.67, 3415.2, 3571.03, 3680.8, 3717.93, 3909.73]"
32100,2538.2906666666668,3952.7719390523862,1869.3517382367449,2350.3299999999999,2484.6800000000003,2691.201,"[1457.43, 1792.03, 1840.9, 1984.87, 1995.27, 2158.93, 2236.37, 2241.37, 2341.23, 2354.23, 2410.03, 2417.6, 2448.13, 2480.47, 2484.33, 2485.03, 2531.43, 2542.97, 2587.1, 2613.17, 2686.83, 2701.4, 2757.6, 2808.03, 2862.07, 2863.97, 3200.5, 3481.9, 3572.13, 3811.4]"
32400,2496.797,3888.1556193368115,1838.7932766201284,2323.4990000000003,2541.8999999999996,2664.6989999999996,"[1208.43, 1766.8, 1867.63, 1922.93, 2033.2, 2097.47, 2216.23, 2312.87, 2321.63, 2324.3, 2345.0, 2407.07, 2456.93, 2457.23, 2525.43, 2558.37, 2564.57, 2566.37, 2599.23, 2615.03, 2627.07, 2752.5, 2806.9, 2886.53, 2902.93, 2982.9, 3050.4, 3083.43, 3307.03, 3337.5]"
32700,2463.7940000000003,3836.7614531691279,1814.4878587153914,2242.0500000000002,2525.1999999999998,2704.261,"[1656.4, 1761.23, 1794.13, 1836.53, 2028.7, 2031.63, 2080.67, 2088.17, 2152.73, 2280.33, 2292.43, 2325.33, 2378.33, 2492.13, 2523.03, 2527.37, 2566.63, 2573.03, 2641.13, 2666.43, 2700.73, 2712.5, 2735.4, 2766.1, 2784.13, 2816.67, 3015.47, 3086.13, 3295.8, 3304.53]"
33000,2525.4363333333331,3932.7544332708467,1859.8850247999826,2306.971,2637.4300000000003,2822.5300000000002,"[1798.2, 1802.2, 1847.3, 1891.87, 1978.53, 2014.6, 2021.47, 2118.43, 2299.6, 2310.13, 2329.8, 2388.5, 2468.57, 2553.03, 2630.83, 2644.03, 2704.87, 2714.67, 2800.3, 2809.37, 2818.3, 2832.4, 2846.5, 2868.1, 2872.2, 2931.3, 2970.13, 3013.83, 3043.3, 3440.73]"
33300,2454.8380000000002,3822.8146558416797,1807.8921152146543,2242.6990000000001,2469.5650000000001,2653.5599999999999,"[1596.73, 1713.5, 1733.57, 1896.0, 1910.87, 1915.07, 2127.43, 2148.13, 2180.63, 2269.3, 2275.97, 2287.47, 2330.57, 2376.03, 2458.1, 2481.03, 2535.1, 2558.73, 2625.47, 2646.53, 2650.17, 2661.47, 2800.23, 2810.17, 2836.5, 2897.27, 2970.8, 3005.67, 3349.23, 3597.4]"
33600,2464.5206666666663,3837.8930602174314,1815.0230202767877,2123.3890000000001,2388.9350000000004,2756.8299999999999,"[1851.3, 1875.27, 1924.3, 1937.33, 1973.87, 2002.1, 2028.47, 2040.4, 2107.73, 2130.1, 2140.1, 2183.1, 2197.77, 2228.7, 2240.8, 2537.07, 2552.77, 2598.77, 2618.77, 2733.63, 2752.3, 2767.4, 2828.17, 2865.37, 2975.53, 3039.37, 3070.5, 3103.53, 3220.87, 3410.23]"
33900,2514.7620000000002,3916.1317486342218,1852.023796047411,2232.5099999999998,2475.8000000000002,2750.6289999999999,"[1695.27, 1831.8, 1927.47, 2017.53, 2074.67, 2087.43, 2160.17, 2166.73, 2209.97, 2242.17, 2246.23, 2333.1, 2441.17, 2457.77, 2464.77, 2486.83, 2541.2, 2554.27, 2603.17, 2636.73, 2733.67, 2790.2, 2814.97, 2817.9, 2823.67, 2830.53, 2837.2, 3288.37, 3467.4, 3860.5]"
34200,2534.3503333333333,3946.6358257872462,1866.4498369444191,2303.1700000000001,2642.8699999999999,2815.6489999999999,"[1555.77, 1690.33, 1738.83, 1756.4, 2033.5, 2059.67, 2076.67, 2142.93, 2272.37, 2316.37, 2448.93, 2476.9, 2526.73, 2600.2, 2630.17, 2655.57, 2660.57, 2750.53, 2801.3, 2804.77, 2810.6, 2827.43, 2851.13, 2899.4, 2906.97, 3037.17, 3102.07, 3187.33, 3197.53, 3212.37]"
34500,2358.4946666666665,3672.7832864970187,1736.9390206777309,2082.6700000000001,2353.3149999999996,2513.1609999999996,"[1470.7, 1585.67, 1651.6, 1881.17, 1930.57, 2000.93, 2002.37, 2042.97, 2064.33, 2090.53, 2261.9, 2269.13, 2300.27, 2306.3, 2342.2, 2364.43, 2366.2, 2422.37, 2428.1, 2469.3, 2486.83, 2574.6, 2663.3, 2685.97, 2797.83, 2847.53, 2868.6, 2888.77, 3225.17, 3465.2]"
34800,2376.3456666666666,3700.5818884501546,1750.0855835664829,1985.54,2410.5500000000002,2623.9599999999996,"[1599.77, 1606.27, 1610.0, 1723.37, 1777.7, 1829.43, 1834.1, 1917.93, 1970.07, 1992.17, 2098.63, 2183.77, 2211.57, 2243.0, 2401.53, 2419.57, 2423.9, 2518.67, 2540.07, 2598.27, 2599.27, 2681.57, 2846.97, 2849.13, 2908.7, 2986.87, 3157.97, 3181.0, 3240.5, 3338.6]"
35100,2376.5419999999999,3700.8876299875169,1750.2301753828415,2219.8499999999999,2359.48,2549.1610000000001,"[1468.3, 1798.83, 1812.87, 1829.13, 1877.53, 2066.23, 2067.47, 2101.03, 2166.23, 2242.83, 2271.17, 2324.6, 2327.37, 2335.93, 2343.83, 2375.13, 2438.8, 2439.23, 2465.53, 2516.3, 2534.23, 2584.0, 2587.9, 2598.73, 2666.23, 2793.87, 2928.03, 2953.73, 3139.4, 3241.8]"
35400,2425.9156666666668,3777.7751380617674,1786.5919486102007,1945.1089999999999,2401.6500000000001,2721.5879999999997,"[1686.73, 1769.1, 1779.1, 1792.97, 1796.8, 1865.1, 1902.13, 1935.53, 1941.7, 1946.57, 1998.47, 2201.5, 2246.23, 2311.43, 2399.77, 2403.53, 2412.37, 2416.3, 2556.17, 2662.67, 2702.67, 2765.73, 2786.5, 2956.4, 2971.07, 2975.5, 3172.53, 3336.97, 3400.2, 3685.73]"
35700,2353.2283333333335,3664.5822499116266,1733.0605722793341,2046.7280000000001,2350.4300000000003,2663.1399999999999,"[1595.17, 1685.63, 1936.97, 1948.67, 1950.8, 1961.7, 1972.2, 1994.87, 2025.63, 2055.77, 2071.77, 2105.4, 2114.03, 2301.83, 2340.23, 2360.63, 2364.57, 2365.37, 2374.83, 2426.3, 2653.87, 2684.77, 2747.17, 2763.5, 2786.2, 2789.97, 2986.9, 3007.43, 3031.87, 3192.8]"
36000,2515.6886666666669,3917.5748071637108,1852.7062497816694,2232.71,2515.7150000000001,2722.2190000000001,"[1839.5, 1872.13, 1919.37, 2002.9, 2010.3, 2034.07, 2093.17, 2155.83, 2208.0, 2243.3, 2336.1, 2357.13, 2429.57, 2431.23, 2503.93, 2527.5, 2548.87, 2635.93, 2680.5, 2707.07, 2719.3, 2729.03, 2829.4, 2831.53, 2843.93, 2934.3, 3096.0, 3113.6, 3316.7, 3520.47]"
36300,2474.9380000000001,3854.1155297007363,1822.694978587233,2122.1010000000001,2375.085,2657.1479999999997,"[1863.3, 1914.83, 2001.77, 2044.07, 2060.47, 2072.03, 2077.5, 2084.53, 2095.97, 2133.3, 2220.87, 2225.73, 2259.6, 2326.67, 2345.1, 2405.07, 2406.3, 2424.97, 2436.03, 2547.6, 2646.27, 2682.53, 2756.37, 2853.23, 2888.53, 3023.37, 3049.9, 3068.03, 3575.07, 3759.13]"
36600,2527.0833333333335,3935.3192362184027,1861.0979758434971,2116.0590000000002,2436.8499999999999,2780.5,"[1497.87, 1764.23, 1819.4, 1842.47, 1896.2, 2027.47, 2065.97, 2068.6, 2110.13, 2118.6, 2255.77, 2293.73, 2312.37, 2361.27, 2371.0, 2502.7, 2565.7, 2607.1, 2689.97, 2698.47, 2776.27, 2790.37, 2905.27, 3071.87, 3104.23, 3188.63, 3290.1, 3315.97, 3619.8, 3880.97]"
36900,2470.5523333333335,3847.285917804159,1819.4651067233356,2248.6689999999999,2441.3150000000001,2737.6379999999999,"[1844.1, 1862.57, 1992.57, 2026.27, 2059.67, 2158.3, 2192.97, 2229.87, 2232.1, 2255.77, 2259.47, 2267.6, 2330.47, 2425.57, 2433.63, 2449.0, 2452.5, 2478.13, 2636.03, 2651.8, 2735.97, 2741.53, 2768.07, 2874.7, 2896.5, 2898.97, 2906.17, 2909.6, 2948.8, 3197.87]"
37200,2628.1656666666668,4092.7304484097335,1935.5411584163728,2336.308,2624.4000000000001,2966.1299999999997,"[1797.03, 1813.77, 1816.97, 1839.83, 1865.57, 1916.13, 2082.13, 2278.7, 2298.83, 2352.37, 2371.8, 2464.1, 2519.07, 2519.7, 2624.13, 2624.67, 2645.8, 2745.87, 2833.9, 2933.7, 2960.43, 2979.43, 2993.23, 3055.87, 3244.1, 3262.27, 3281.0, 3319.77, 3335.6, 4069.2]"
37500,2307.8779999999997,3593.9601074672069,1699.6618265960381,2106.3400000000001,2187.27,2416.2089999999998,"[1538.3, 1601.53, 1837.6, 1903.17, 1925.4, 1997.83, 2011.2, 2057.2, 2099.97, 2109.07, 2132.8, 2148.93, 2162.83, 2174.37, 2182.57, 2191.97, 2228.4, 2325.33, 2350.7, 2368.83, 2414.67, 2419.8, 2458.73, 2605.13, 2696.97, 2754.1, 3002.37, 3033.8, 3200.1, 3302.67]"
37800,2527.3240000000001,3935.6940161674279,1861.2752174248405,2367.5900000000001,2592.8000000000002,2686.451,"[1654.77, 1768.07, 1999.17, 2086.3, 2210.27, 2227.73, 2323.17, 2324.17, 2352.47, 2374.07, 2554.23, 2564.3, 2567.93, 2586.53, 2592.63, 2592.97, 2593.03, 2612.9, 2637.33, 2663.5, 2664.8, 2736.97, 2738.6, 2772.67, 2781.53, 2798.47, 2811.97, 2819.2, 3109.2, 3300.77]"
38100,2397.8246666666669,3734.030220271979,1765.9040264709417,2218.6119999999996,2362.75,2619.0099999999998,"[1697.03, 1934.43, 1941.63, 1983.6, 2061.03, 2123.07, 2131.23, 2142.53, 2172.37, 2238.43, 2284.0, 2296.83, 2326.67, 2347.47, 2352.37, 2373.13, 2388.53, 2491.03, 2497.9, 2594.27, 2603.5, 2655.2, 2661.93, 2668.07, 2675.13, 2704.63, 2793.87, 2900.23, 2919.93, 2974.7]"
38400,2418.7963333333332,3766.6885035031978,1781.3488382302414,2273.672,2419.0149999999999,2519.8089999999997,"[1471.6, 1662.27, 1773.57, 1877.97, 1956.13, 2146.13, 2163.53, 2183.93, 2198.87, 2305.73, 2338.57, 2354.87, 2374.97, 2393.9, 2410.83, 2427.2, 2482.93, 2500.73, 2501.9, 2510.03, 2518.6, 2522.63, 2528.07, 2589.9, 2604.0, 2775.5, 2785.33, 2791.93, 3532.1, 3880.17]"
38700,2556.6513333333332,3981.3642231967397,1882.8736506793384,2200.8180000000002,2506.1999999999998,2794.672,"[1458.97, 1734.7, 1815.1, 1972.47, 2008.27, 2083.33, 2110.97, 2111.77, 2167.33, 2215.17, 2220.1, 2223.03, 2239.37, 2268.73, 2501.3, 2511.1, 2544.1, 2614.37, 2658.6, 2705.03, 2793.73, 2796.87, 3125.33, 3193.37, 3221.33, 3254.87, 3307.4, 3456.13, 3466.83, 3919.87]"
39000,2598.9083333333333,4047.1692493988357,1913.9942774223762,2126.6589999999997,2548.1500000000001,2945.9489999999992,"[1639.97, 1673.83, 1874.13, 1897.43, 2066.1, 2070.27, 2094.5, 2095.83, 2122.9, 2128.27, 2205.67, 2380.5, 2404.17, 2467.97, 2511.5, 2584.8, 2588.43, 2648.07, 2666.2, 2863.97, 2875.47, 3110.4, 3123.13, 3184.57, 3194.03, 3242.3, 3243.77, 3533.9, 3649.8, 3825.37]"
39300,2599.4369999999999,4047.992519480767,1914.3836197326402,2346.6219999999998,2566.585,2860.7309999999998,"[1374.23, 1964.03, 2045.4, 2070.67, 2095.23, 2112.1, 2129.73, 2159.53, 2172.07, 2421.43, 2475.6, 2492.53, 2521.03, 2540.2, 2560.57, 2572.6, 2642.83, 2697.5, 2723.57, 2784.87, 2855.1, 2873.87, 2963.3, 3008.67, 3021.13, 3071.93, 3263.73, 3410.8, 3461.93, 3496.93]"
39600,2546.8333333333335,3966.0750699853861,1875.6430779135683,2175.2890000000002,2509.5649999999996,2749.299,"[1661.17, 1833.27, 1924.7, 1998.8, 2041.9, 2058.6, 2063.63, 2127.0, 2130.93, 2194.3, 2248.77, 2257.53, 2415.4, 2508.47, 2508.93, 2510.2, 2511.17, 2637.97, 2680.13, 2691.33, 2740.8, 2769.13, 2843.1, 2990.1, 3012.17, 3017.4, 3119.7, 3567.3, 3624.93, 3716.17]"
39900,2357.438333333333,3671.1383035905624,1736.1610725180676,2115.3490000000002,2356.6999999999998,2682.29,"[1526.27, 1582.0, 1780.6, 1802.37, 1817.37, 1938.33, 1972.53, 2024.03, 2062.03, 2138.2, 2141.73, 2236.67, 2294.9, 2305.07, 2334.8, 2378.6, 2380.4, 2396.37, 2632.23, 2638.97, 2679.77, 2688.17, 2701.47, 2725.07, 2730.43, 2734.97, 2806.83, 2995.77, 3104.27, 3172.93]"
40200,2449.761,3814.9084599918074,1804.1531034065654,2125.48,2524.4000000000001,2681.3009999999999,"[1416.77, 1889.5, 1890.57, 1934.63, 1942.5, 1961.1, 1977.37, 2023.47, 2077.53, 2146.03, 2167.63, 2185.9, 2473.03, 2497.6, 2524.0, 2524.8, 2558.4, 2571.47, 2571.93, 2614.6, 2679.33, 2685.9, 2688.2, 2700.3, 2749.33, 3116.1, 3204.27, 3206.97, 3255.0, 3258.6]"
40500,2438.7146666666667,3797.7064756001778,1796.0179112124711,2118.4610000000002,2456.7649999999999,2723.489,"[1527.27, 1603.33, 1777.7, 1849.17, 1888.3, 1943.67, 2066.87, 2073.2, 2088.9, 2131.13, 2185.5, 2235.1, 2335.6, 2416.0, 2448.6, 2464.93, 2646.07, 2652.33, 2655.17, 2668.97, 2709.8, 2755.43, 2760.77, 2869.1, 2944.13, 2986.4, 2990.83, 2995.9, 3148.7, 3342.57]"
40800,2518.4559999999997,3921.8842574917012,1854.7442824801624,2148.7510000000002,2318.9349999999999,2921.5799999999999,"[1378.73, 1871.57, 1876.73, 1899.3, 1951.27, 1970.17, 2007.9, 2131.97, 2140.47, 2152.3, 2165.13, 2185.03, 2233.5, 2274.63, 2305.5, 2332.37, 2514.47, 2620.57, 2634.83, 2650.43, 2904.33, 2961.83, 3005.3, 3092.53, 3237.23, 3243.33, 3295.03, 3364.53, 3394.6, 3758.1]"
41100,2372.2103333333334,3694.1421099908603,1747.0400724056169,2121.259,2346.0300000000002,2521.4409999999998,"[1475.33, 1643.07, 1888.7, 1912.97, 1983.17, 1985.23, 2000.93, 2037.7, 2079.0, 2139.37, 2164.27, 2231.43, 2250.03, 2271.37, 2325.03, 2367.03, 2376.63, 2403.2, 2420.2, 2443.2, 2487.13, 2601.5, 2619.7, 2638.8, 2691.43, 2746.23, 2923.93, 3253.23, 3253.33, 3553.17]"
41400,2670.4683333333332,4158.6065893666992,1966.6954168722136,2419.971,2657.0500000000002,2901.1589999999997,"[1644.87, 1843.97, 2091.97, 2175.7, 2201.87, 2211.37, 2266.53, 2334.87, 2379.0, 2437.53, 2455.83, 2457.4, 2490.97, 2510.97, 2575.77, 2738.33, 2784.33, 2819.7, 2825.6, 2875.67, 2880.0, 2950.53, 2990.33, 3105.0, 3138.6, 3182.67, 3351.77, 3398.83, 3440.67, 3553.4]"
41700,2448.3499999999999,3812.7111697920495,1803.1139571270276,2146.5510000000004,2504.75,2666.482,"[1516.33, 1544.07, 1716.93, 1869.07, 1893.9, 1981.5, 2081.93, 2109.87, 2136.1, 2151.03, 2180.6, 2227.83, 2391.9, 2465.7, 2481.83, 2527.67, 2538.0, 2568.17, 2587.3, 2637.2, 2650.63, 2703.47, 2842.1, 2856.83, 2957.97, 2958.8, 3059.1, 3149.5, 3269.3, 3395.87]"
42000,2596.1933333333336,4042.9412955417547,1911.9947861757819,2374.3380000000002,2523.0500000000002,2733.7109999999998,"[1824.3, 2008.33, 2115.47, 2183.67, 2189.47, 2327.43, 2329.8, 2332.8, 2348.13, 2385.57, 2419.47, 2444.17, 2446.73, 2464.63, 2517.5, 2528.6, 2598.77, 2632.1, 2651.37, 2683.03, 2723.7, 2757.07, 2770.63, 2873.53, 2896.8, 3085.73, 3208.3, 3212.43, 3289.6, 3636.67]"
42300,2564.563333333333,3993.6852437924035,1888.7005290377383,2234.3420000000001,2550.2799999999997,2767.7809999999999,"[1594.67, 1627.53, 1758.13, 1850.9, 1921.83, 2074.1, 2078.4, 2170.6, 2172.07, 2261.03, 2267.57, 2299.37, 2300.97, 2411.4, 2536.13, 2564.43, 2611.03, 2650.33, 2667.77, 2673.47, 2766.83, 2770.0, 2795.63, 3055.17, 3155.17, 3367.8, 3418.4, 3503.67, 3571.33, 4041.17]"
42600,2713.9856666666669,4226.3742789860617,1998.7442297912341,2426.9119999999998,2690.6000000000004,3051.6299999999997,"[1448.07, 1486.97, 2072.27, 2108.43, 2136.17, 2234.7, 2331.57, 2380.87, 2402.37, 2437.43, 2526.57, 2536.37, 2551.37, 2576.63, 2602.4, 2778.8, 2830.27, 2858.07, 2911.07, 3022.7, 3050.7, 3053.8, 3061.73, 3089.8, 3241.0, 3330.53, 3437.97, 3478.57, 3704.97, 3737.4]"
42900,2670.2850000000003,4158.3210921756145,1966.5603990470913,2422.7110000000002,2605.52,2828.9699999999998,"[1786.87, 1937.67, 2107.83, 2116.33, 2177.97, 2260.6, 2302.57, 2330.7, 2387.9, 2437.63, 2444.93, 2446.2, 2467.03, 2533.4, 2553.77, 2657.27, 2663.03, 2728.73, 2804.1, 2808.73, 2828.97, 2828.97, 2844.67, 3020.07, 3141.07, 3198.1, 3253.37, 3391.47, 3557.5, 4091.1]"
43200,2525.0863333333332,3932.209393178774,1859.627263497475,2286.1080000000002,2435.4000000000001,2715.8199999999997,"[1748.07, 1860.7, 1871.87, 1996.73, 2051.3, 2114.27, 2145.73, 2233.83, 2245.13, 2303.67, 2381.43, 2391.43, 2398.9, 2405.53, 2431.03, 2439.77, 2494.23, 2564.27, 2593.9, 2603.73, 2685.43, 2786.73, 2803.27, 2825.57, 2836.13, 2966.77, 3021.1, 3174.67, 3570.1, 3807.3]"
43500,2596.7419999999997,4043.7957107718039,1912.3988577033313,2301.0320000000002,2620.0,2873.3620000000001,"[1568.7, 1734.13, 1827.1, 2018.37, 2027.13, 2041.43, 2193.67, 2246.37, 2252.27, 2321.93, 2340.17, 2353.97, 2411.8, 2608.0, 2613.63, 2626.37, 2663.8, 2682.93, 2819.0, 2858.83, 2872.03, 2876.47, 2904.07, 2962.33, 3033.1, 3118.0, 3159.93, 3199.23, 3535.1, 4032.4]"
43800,2497.2586666666666,3888.8745531725453,1839.1332760524836,2233.0479999999998,2507.98,2669.2490000000003,"[1803.67, 1857.13, 2112.27, 2131.93, 2162.6, 2172.07, 2190.33, 2194.5, 2194.73, 2249.47, 2264.5, 2304.67, 2337.4, 2475.0, 2490.43, 2525.53, 2542.27, 2597.33, 2632.03, 2633.23, 2665.07, 2679.0, 2735.63, 2741.13, 2768.8, 2776.43, 2999.07, 3111.27, 3131.4, 3438.87]"
44100,2590.6979999999999,4034.3836470104047,1907.9476882394579,2456.0100000000002,2585.3850000000002,2751.5299999999997,"[1867.87, 1992.13, 2135.27, 2159.37, 2171.87, 2281.87, 2329.93, 2354.37, 2454.4, 2456.7, 2484.0, 2528.07, 2552.2, 2559.87, 2568.5, 2602.27, 2602.33, 2605.17, 2667.83, 2675.0, 2738.63, 2781.63, 2792.33, 2805.9, 2823.83, 2860.97, 2960.13, 3068.0, 3358.03, 3482.47]"
44400,2538.1603333333333,3952.5689765038137,1869.2557528374302,2274.9699999999998,2601.0999999999999,2715.0699999999997,"[1499.03, 1769.23, 1828.8, 1936.8, 2016.7, 2097.23, 2103.1, 2218.3, 2258.87, 2281.87, 2314.27, 2417.1, 2524.47, 2564.67, 2569.77, 2632.43, 2647.4, 2653.73, 2659.3, 2671.6, 2681.77, 2792.77, 2825.57, 2881.43, 2893.53, 2896.8, 2942.13, 2975.77, 3793.3, 3797.07]"
44700,2555.9676666666664,3980.2995782168896,1882.3701569351067,2368.8420000000001,2589.8150000000001,2765.1199999999999,"[1452.9, 1647.77, 1819.4, 1987.9, 1988.2, 2061.03, 2214.9, 2337.33, 2355.57, 2374.53, 2443.87, 2487.17, 2498.93, 2517.83, 2577.5, 2602.13, 2619.83, 2632.93, 2690.67, 2712.23, 2737.1, 2830.5, 2836.37, 2870.57, 2933.33, 3003.03, 3032.67, 3369.8, 3519.57, 3523.47]"
45000,2669.6026666666667,4157.2585235389724,1966.0578872506787,2384.7619999999997,2577.0999999999999,2802.1509999999998,"[1940.57, 1965.93, 2207.3, 2222.07, 2231.17, 2299.37, 2364.6, 2380.97, 2384.37, 2384.93, 2413.6, 2419.03, 2465.33, 2466.93, 2566.77, 2587.43, 2634.6, 2647.37, 2667.6, 2674.17, 2786.5, 2838.67, 2920.23, 2952.1, 2997.9, 3170.9, 3238.97, 3516.8, 3593.87, 4148.03]"
45300,2603.1036666666669,4053.7024633024857,1917.0839762351006,2371.4690000000001,2656.5999999999999,2859.3299999999999,"[1532.73, 1815.47, 1854.37, 2027.27, 2028.93, 2139.87, 2213.27, 2266.1, 2313.6, 2396.27, 2411.8, 2433.03, 2458.37, 2533.0, 2631.33, 2681.87, 2682.83, 2796.0, 2807.87, 2827.53, 2858.4, 2861.5, 2935.9, 3015.6, 3116.77, 3123.37, 3132.33, 3175.8, 3328.23, 3693.7]"
45600,2484.6146666666668,3869.1845905320529,1829.8214648841808,2126.2799999999997,2437.8299999999999,2927.7510000000002,"[1278.3, 1357.57, 1740.47, 1905.13, 1910.7, 1915.03, 2001.67, 2075.9, 2107.8, 2134.2, 2263.43, 2281.83, 2365.97, 2392.43, 2437.73, 2437.93, 2442.47, 2469.57, 2622.33, 2647.37, 2922.3, 2940.47, 2984.3, 3047.93, 3080.6, 3214.2, 3219.27, 3254.07, 3407.7, 3679.77]"
45900,2439.4866666666667,3798.9086783175508,1796.5864589997166,2257.6199999999999,2440.1500000000001,2608.2699999999995,"[1469.3, 1507.7, 1739.47, 1917.77, 2010.23, 2115.53, 2184.33, 2225.33, 2248.73, 2261.43, 2289.33, 2343.67, 2382.57, 2399.07, 2418.9, 2461.4, 2516.37, 2521.4, 2543.57, 2588.47, 2596.93, 2634.73, 2719.07, 2725.03, 2741.53, 2816.17, 2905.5, 3119.87, 3353.83, 3427.37]"
46200,2643.569,4116.7174033189694,1946.8851105962542,2318.0599999999999,2511.3649999999998,2875.6179999999995,"[1746.9, 1849.43, 1945.1, 1955.53, 2077.97, 2184.27, 2197.63, 2228.13, 2270.67, 2338.37, 2348.9, 2412.33, 2461.93, 2473.8, 2481.83, 2540.9, 2699.43, 2700.97, 2716.97, 2740.37, 2813.17, 3021.33, 3172.23, 3178.77, 3330.7, 3333.73, 3350.7, 3388.97, 3422.97, 3923.07]"
46500,2606.6453333333334,4059.2177499484633,1919.6922751295226,2310.7780000000002,2590.6149999999998,2819.0299999999997,"[1983.2, 2014.6, 2021.23, 2130.63, 2171.87, 2233.83, 2255.83, 2258.07, 2269.03, 2328.67, 2413.67, 2416.87, 2533.73, 2543.2, 2586.7, 2594.53, 2625.7, 2644.17, 2650.77, 2659.0, 2812.37, 2834.57, 2916.53, 2931.43, 2988.93, 3049.2, 3079.67, 3133.5, 3211.03, 3906.83]"
46800,2619.9566666666665,4079.9469223645092,1929.4955511812732,2276.9989999999998,2480.9000000000001,2822.3409999999994,"[1558.4, 1705.87, 1827.13, 1887.03, 1895.2, 2134.9, 2166.8, 2202.1, 2264.7, 2282.27, 2387.37, 2405.4, 2447.13, 2464.97, 2476.63, 2485.17, 2501.57, 2591.03, 2689.8, 2699.5, 2723.53, 3052.9, 3083.2, 3225.23, 3251.5, 3269.07, 3463.27, 3747.7, 3815.63, 3893.7]"
47100,2423.6846666666665,3774.3008967891519,1784.9489044219306,2100.77,2381.3649999999998,2624.3109999999992,"[1330.63, 1519.57, 1792.87, 1831.87, 1905.73, 1931.77, 2018.9, 2027.33, 2087.47, 2106.47, 2110.4, 2263.8, 2318.93, 2364.43, 2379.93, 2382.8, 2430.27, 2462.23, 2488.7, 2507.57, 2567.23, 2757.5, 2763.97, 2947.9, 3050.17, 3057.83, 3063.93, 3182.3, 3506.37, 3551.67]"
47400,2547.9296666666664,3967.7823431880788,1876.4504845078036,2254.3019999999997,2538.9849999999997,2700.3989999999999,"[1710.77, 1961.4, 1982.5, 2117.07, 2131.3, 2132.13, 2175.83, 2203.97, 2234.17, 2262.93, 2273.47, 2279.77, 2394.17, 2403.73, 2512.37, 2565.6, 2588.0, 2617.47, 2622.2, 2663.2, 2692.47, 2718.9, 2770.0, 2816.07, 2866.33, 3139.17, 3185.53, 3192.57, 3384.23, 3840.57]"
47700,2662.474666666667,4146.1583927495521,1960.8083942098956,2513.2690000000002,2715.9850000000001,2901.6809999999996,"[1612.27, 1699.33, 2211.43, 2235.87, 2278.47, 2299.43, 2344.13, 2435.33, 2480.53, 2527.3, 2541.4, 2640.27, 2668.4, 2674.0, 2693.57, 2738.4, 2802.03, 2839.8, 2862.77, 2880.53, 2884.83, 2941.0, 2945.77, 2958.47, 3033.67, 3075.87, 3079.8, 3100.47, 3174.03, 3215.07]"
48000,2536.9553333333333,3950.6924813296764,1868.3683174959399,2272.6890000000003,2523.9849999999997,2775.9479999999994,"[1415.4, 1699.5, 1883.07, 1925.63, 1962.03, 1982.67, 2009.4, 2124.27, 2261.93, 2277.3, 2393.47, 2423.63, 2439.37, 2460.4, 2522.0, 2525.97, 2537.13, 2596.9, 2663.8, 2729.5, 2742.87, 2853.13, 3015.6, 3024.13, 3029.43, 3039.33, 3222.87, 3309.73, 3513.83, 3524.37]"
48300,2686.1186666666667,4182.9781868551991,1978.2212748855798,2224.3299999999999,2735.2150000000001,2900.7399999999998,"[1885.1, 1956.47, 2015.67, 2032.0, 2059.43, 2137.43, 2168.03, 2179.17, 2183.17, 2241.97, 2284.9, 2451.43, 2455.83, 2670.0, 2732.33, 2738.1, 2763.57, 2789.93, 2811.3, 2828.03, 2866.27, 2981.17, 2999.07, 3031.93, 3403.13, 3432.03, 3477.23, 3610.73, 3682.77, 3715.37]"
48600,2547.4859999999999,3967.091439985651,1876.1237413710062,2108.4010000000003,2442.3699999999999,2826.8879999999999,"[1584.47, 1625.83, 1664.97, 1877.93, 1881.83, 1919.97, 1943.27, 2000.03, 2037.47, 2138.8, 2218.7, 2253.57, 2382.73, 2393.57, 2397.47, 2487.27, 2588.8, 2701.6, 2709.1, 2796.9, 2825.07, 2831.13, 2971.67, 3040.77, 3109.43, 3267.77, 3378.03, 3464.83, 3885.67, 4045.93]"
48900,2727.489,4247.4024448240443,2008.6889063289316,2343.902,2732.6000000000004,2869.1999999999998,"[1959.47, 2241.6, 2242.2, 2270.0, 2290.3, 2299.67, 2305.43, 2308.4, 2322.37, 2353.13, 2498.3, 2541.77, 2589.23, 2647.0, 2698.07, 2767.13, 2787.23, 2807.43, 2832.9, 2848.93, 2861.67, 2886.77, 2915.4, 2923.97, 3139.93, 3204.1, 3245.03, 3457.5, 3638.27, 3941.47]"
49200,2652.6336666666666,4130.8334226178613,1953.5608828442462,2294.9319999999998,2576.5150000000003,2876.1089999999995,"[1554.3, 1675.97, 1784.5, 1861.17, 1928.97, 2048.3, 2165.73, 2191.37, 2267.17, 2306.83, 2398.53, 2494.57, 2521.67, 2554.6, 2558.0, 2595.03, 2599.47, 2664.73, 2757.73, 2774.3, 2852.37, 2931.5, 3099.3, 3107.57, 3309.73, 3316.53, 3686.37, 3824.1, 3867.5, 3881.1]"
49500,2489.0140000000001,3876.0354849465111,1833.0614017132241,2184.0809999999997,2387.0,2596.4499999999998,"[1710.97, 1742.93, 1814.97, 1973.03, 2073.23, 2082.43, 2086.87, 2158.17, 2168.1, 2190.93, 2227.03, 2237.4, 2249.0, 2262.33, 2352.3, 2421.7, 2450.8, 2456.43, 2548.13, 2557.7, 2584.63, 2624.03, 2718.53, 2735.67, 2883.27, 3061.77, 3106.5, 3506.5, 3592.6, 4092.47]"
49800,2774.7856666666671,4321.055529266192,2043.5210503411245,2502.3710000000001,2766.1350000000002,3086.6289999999999,"[1688.93, 1719.43, 1739.37, 1762.37, 1887.33, 2142.9, 2183.43, 2197.1, 2411.07, 2541.5, 2647.17, 2659.5, 2677.1, 2707.8, 2754.77, 2777.5, 2835.07, 2914.9, 2967.57, 3054.67, 3058.3, 3152.73, 3261.53, 3338.9, 3355.63, 3395.17, 3484.5, 3611.9, 4047.53, 4267.9]"
50100,2682.8726666666666,4177.923329315573,1975.8307229200377,2462.288,2632.1700000000001,2796.232,"[1995.73, 2106.97, 2191.87, 2253.8, 2259.7, 2278.53, 2447.23, 2454.6, 2461.63, 2462.57, 2477.17, 2478.07, 2565.13, 2596.47, 2625.27, 2639.07, 2683.77, 2684.17, 2688.43, 2752.2, 2794.33, 2800.67, 2811.37, 2907.87, 2942.53, 2968.8, 3067.3, 3236.63, 3671.97, 4182.33]"
50400,2519.8573333333334,3924.0664942032022,1855.776309638012,2186.002,2481.75,2911.549,"[1324.77, 1724.0, 1724.8, 1905.83, 2006.2, 2036.23, 2047.67, 2062.87, 2182.67, 2187.43, 2269.47, 2396.07, 2401.07, 2408.13, 2477.07, 2486.43, 2627.6, 2646.87, 2807.07, 2892.77, 2907.37, 2921.3, 2986.13, 3003.07, 3007.67, 3036.13, 3048.43, 3191.1, 3308.6, 3570.9]"
50700,2717.4696666666664,4231.7997637882972,2001.3100594424809,2475.9099999999999,2675.8150000000001,2904.8009999999999,"[1844.4, 1926.07, 1961.07, 2175.9, 2246.9, 2312.97, 2319.5, 2345.9, 2400.17, 2508.37, 2546.9, 2597.53, 2621.87, 2633.33, 2662.6, 2689.03, 2693.37, 2760.43, 2809.27, 2892.57, 2903.7, 2907.37, 3016.8, 3097.43, 3195.8, 3296.87, 3322.37, 3431.37, 3677.53, 3726.7]"
51000,2624.6013333333335,4087.1798639292206,1932.9161664090263,2413.7599999999998,2690.4499999999998,2792.2189999999996,"[1857.43, 1969.97, 2030.23, 2107.17, 2132.13, 2205.3, 2289.13, 2341.17, 2382.4, 2427.2, 2474.33, 2525.07, 2570.07, 2630.67, 2676.13, 2704.77, 2716.47, 2741.5, 2764.0, 2770.7, 2771.0, 2841.73, 2877.4, 2898.73, 2955.97, 2992.07, 3072.07, 3154.83, 3337.37, 3521.03]"
51300,2836.6643333333336,4417.4165412015109,2089.0922666766469,2569.6509999999998,2817.9700000000003,3027.4899999999998,"[1788.73, 2160.43, 2167.9, 2178.67, 2204.93, 2252.37, 2373.03, 2521.5, 2564.1, 2572.03, 2607.03, 2622.8, 2677.17, 2733.7, 2813.27, 2822.67, 2865.33, 2879.37, 2905.27, 2915.8, 2961.67, 3181.07, 3181.23, 3189.63, 3303.5, 3323.3, 3413.3, 3602.13, 3838.13, 4479.87]"
51600,2633.3333333333335,4100.7778355977416,1939.3469426761585,2440.3490000000002,2581.25,2718.25,"[1652.17, 1856.23, 2218.43, 2224.9, 2251.33, 2280.47, 2297.5, 2393.93, 2438.13, 2441.3, 2512.0, 2524.07, 2527.9, 2555.57, 2579.73, 2582.77, 2603.1, 2622.8, 2633.4, 2671.0, 2716.57, 2722.17, 2912.23, 3098.13, 3196.77, 3216.27, 3269.53, 3319.6, 3323.4, 3358.6]"
51900,2716.6686666666665,4230.5524006061532,2000.7201542901707,2314.5,2694.335,2948.5910000000003,"[1793.77, 2021.7, 2050.27, 2112.87, 2218.2, 2240.57, 2257.43, 2259.13, 2292.1, 2324.1, 2412.6, 2448.1, 2458.57, 2573.1, 2595.37, 2793.3, 2867.83, 2871.63, 2876.27, 2926.2, 2946.53, 2953.4, 3024.07, 3046.9, 3072.9, 3150.63, 3281.03, 3444.23, 4051.53, 4135.73]"
52200,2682.4216666666666,4177.2210062255017,1975.4985790702351,2480.4489999999996,2713.4699999999998,2786.1910000000003,"[1855.7, 1863.03, 2186.33, 2223.07, 2284.27, 2345.5, 2415.43, 2449.07, 2464.3, 2487.37, 2584.8, 2622.47, 2638.83, 2655.17, 2703.47, 2723.47, 2730.63, 2740.8, 2746.0, 2773.67, 2782.63, 2794.5, 2871.7, 2900.9, 3006.57, 3065.5, 3101.2, 3241.07, 3581.03, 3634.17]"
52500,2375.6010000000001,3699.422250768544,1749.5371657095284,2196.6210000000001,2400.6849999999999,2585.0,"[1492.67, 1619.67, 1883.33, 1974.37, 1987.67, 2114.37, 2148.3, 2161.13, 2170.77, 2207.7, 2209.4, 2307.33, 2309.33, 2351.83, 2389.5, 2411.87, 2431.23, 2518.8, 2539.23, 2539.43, 2582.9, 2589.9, 2633.0, 2634.93, 2669.4, 2700.8, 2711.0, 2787.27, 2885.67, 3305.23]"
52800,2679.8153333333335,4173.1622743398639,1973.5791165708956,2422.5709999999999,2524.7650000000003,2812.1599999999994,"[1633.17, 2093.87, 2125.17, 2232.33, 2261.3, 2365.8, 2367.43, 2379.53, 2408.27, 2428.7, 2428.9, 2438.37, 2503.57, 2505.73, 2511.0, 2538.53, 2659.7, 2677.17, 2711.23, 2720.8, 2723.63, 3018.73, 3192.23, 3249.9, 3272.37, 3363.73, 3379.13, 3385.57, 3391.67, 3426.93]"
53100,2524.5926666666664,3931.4406271060493,1859.2636973174619,2298.2510000000002,2422.0999999999999,2734.8209999999999,"[1795.37, 2006.9, 2055.87, 2116.2, 2136.17, 2138.67, 2205.2, 2264.9, 2280.8, 2305.73, 2326.17, 2331.13, 2365.8, 2388.87, 2393.7, 2450.5, 2463.93, 2564.33, 2565.73, 2700.07, 2734.8, 2734.87, 2864.07, 2889.93, 2947.87, 2969.7, 3022.2, 3065.3, 3187.03, 3465.97]"
53400,2563.1773333333331,3991.5268850277939,1887.6797942798084,2333.7919999999999,2506.5149999999999,2788.5879999999997,"[1898.17, 1919.03, 1996.5, 2003.9, 2035.0, 2157.0, 2219.33, 2272.2, 2316.67, 2341.13, 2387.27, 2397.6, 2449.6, 2463.47, 2477.83, 2535.2, 2562.23, 2612.3, 2728.1, 2731.07, 2778.37, 2812.43, 2842.67, 2904.63, 2963.23, 3027.53, 3041.43, 3217.1, 3317.63, 3486.7]"
53700,2602.9413333333337,4053.4496685169247,1916.9644240881282,2380.0899999999997,2592.3000000000002,2727.2400000000002,"[1658.1, 1881.7, 2101.43, 2135.8, 2149.87, 2171.53, 2181.4, 2231.97, 2284.4, 2421.1, 2438.33, 2469.4, 2486.03, 2500.3, 2572.73, 2611.87, 2644.7, 2680.6, 2689.97, 2703.1, 2713.53, 2759.23, 2809.97, 3074.57, 3086.8, 3198.47, 3290.37, 3317.0, 3354.47, 3469.5]"
54000,2508.1999999999998,3905.9130255365526,1847.1911398558254,2264.9300000000003,2483.5999999999999,2691.9090000000001,"[1784.77, 1843.0, 1898.03, 1950.17, 1955.9, 2087.33, 2120.53, 2210.03, 2262.27, 2266.07, 2280.4, 2286.47, 2378.03, 2410.97, 2426.27, 2540.93, 2555.77, 2564.93, 2602.77, 2634.83, 2686.5, 2704.53, 2713.13, 2846.97, 2875.4, 2920.37, 3013.33, 3076.67, 3364.13, 3985.5]"
54300,2621.9210000000003,4083.0058949955446,1930.9422058057278,2350.4099999999999,2662.3999999999996,2856.6799999999998,"[1669.33, 1811.43, 1835.37, 1903.93, 1934.9, 2048.87, 2117.47, 2166.73, 2301.9, 2371.2, 2512.7, 2559.53, 2571.63, 2598.77, 2636.93, 2687.87, 2799.2, 2804.03, 2826.5, 2838.8, 2856.5, 2857.1, 2873.43, 3105.93, 3138.8, 3267.27, 3267.97, 3314.07, 3479.37, 3500.1]"
54600,2642.5986666666668,4115.2063445494223,1946.1704980709212,2291.5389999999998,2590.1700000000001,2889.6979999999994,"[1861.6, 1876.37, 1903.53, 2106.3, 2149.33, 2163.47, 2178.17, 2215.07, 2270.7, 2300.47, 2314.37, 2329.3, 2329.5, 2338.37, 2566.57, 2613.77, 2655.53, 2667.5, 2793.77, 2824.77, 2862.47, 2953.23, 3133.97, 3135.37, 3193.63, 3234.1, 3363.13, 3460.5, 3651.93, 3831.17]"
54900,2560.3663333333334,3987.1494344597445,1885.6096027902404,2319.3119999999999,2531.8850000000002,2786.6189999999997,"[1929.23, 2024.57, 2084.33, 2131.4, 2143.87, 2251.67, 2268.9, 2272.23, 2305.27, 2325.33, 2328.4, 2393.83, 2431.7, 2496.87, 2527.8, 2535.97, 2600.93, 2653.7, 2672.87, 2709.93, 2780.7, 2800.43, 2843.63, 2855.0, 2894.77, 2924.13, 2962.8, 3026.13, 3248.1, 3386.5]"
55200,2728.9850000000001,4249.7321019033052,2009.7906517819356,2377.3600000000001,2562.3699999999999,3109.2400000000002,"[1823.87, 1897.5, 2109.03, 2119.43, 2120.37, 2271.93, 2326.47, 2360.43, 2376.73, 2377.63, 2401.27, 2429.93, 2437.4, 2484.8, 2551.67, 2573.07, 2605.07, 2711.07, 2823.7, 3028.8, 3093.67, 3145.57, 3219.9, 3240.37, 3247.97, 3401.03, 3551.17, 3629.07, 3671.83, 3838.8]"
55500,2560.5049999999997,3987.3653741533653,1885.711725363424,2134.75,2504.7150000000001,2882.4479999999999,"[1814.83, 1819.1, 1829.23, 1873.97, 1908.4, 2091.13, 2098.6, 2130.67, 2130.9, 2136.4, 2176.87, 2221.0, 2462.83, 2467.93, 2498.1, 2511.33, 2536.97, 2575.8, 2677.93, 2707.27, 2868.87, 2914.13, 2963.07, 2998.7, 3303.43, 3305.8, 3313.43, 3376.5, 3379.03, 3722.93]"
55800,2741.1469999999999,4268.671466474143,2018.7474888136417,2557.5519999999997,2795.5799999999999,2946.3890000000001,"[1868.4, 1880.9, 2062.67, 2161.67, 2237.87, 2405.17, 2451.0, 2475.0, 2509.07, 2578.33, 2692.8, 2724.43, 2756.17, 2767.03, 2775.83, 2815.33, 2821.8, 2841.97, 2913.83, 2916.77, 2942.0, 2956.63, 2991.33, 3086.5, 3102.37, 3219.97, 3244.57, 3299.5, 3304.1, 3431.4]"
56100,2766.1753333333331,4307.6470239153905,2037.1798768124825,2396.009,2714.7849999999999,2994.1789999999996,"[1617.43, 1760.6, 1951.0, 2158.5, 2212.43, 2298.2, 2304.9, 2368.23, 2370.9, 2406.77, 2457.8, 2533.77, 2577.7, 2621.53, 2673.0, 2756.57, 2757.8, 2778.2, 2795.33, 2957.73, 2969.87, 3050.9, 3099.6, 3157.97, 3539.73, 3585.8, 3591.73, 3594.6, 3833.1, 4203.57]"
56400,2682.1346666666664,4176.7740733500013,1975.2872148021786,2359.8310000000001,2570.8500000000004,3128.7599999999993,"[1498.27, 1686.23, 1848.63, 1930.7, 2049.5, 2133.33, 2189.17, 2247.47, 2355.47, 2361.7, 2417.8, 2456.97, 2462.67, 2561.97, 2570.03, 2571.67, 2603.93, 2730.3, 2956.47, 2978.93, 3112.5, 3166.7, 3204.93, 3205.67, 3264.53, 3319.13, 3406.87, 3542.23, 3726.87, 3903.4]"
56700,2730.3253333333332,4251.8193459130443,2010.7777548270622,2343.7109999999998,2738.7150000000001,3108.1799999999998,"[1737.77, 1946.97, 2024.57, 2054.27, 2111.2, 2178.6, 2268.4, 2314.2, 2338.37, 2346.0, 2348.8, 2447.73, 2501.6, 2555.7, 2732.83, 2744.6, 2963.83, 2987.47, 3029.5, 3054.8, 3100.17, 3126.87, 3177.0, 3184.0, 3299.97, 3318.7, 3402.17, 3445.77, 3451.13, 3716.77]"
57000,2749.7710000000002,4282.1012543428251,2025.0987273074293,2319.1399999999999,2916.2849999999999,3048.7979999999998,"[1663.9, 1955.27, 2080.57, 2090.2, 2145.83, 2160.73, 2198.83, 2239.4, 2260.27, 2344.37, 2404.07, 2489.93, 2599.4, 2657.4, 2895.47, 2937.1, 2965.57, 2985.13, 3016.97, 3017.7, 3031.47, 3089.23, 3106.27, 3118.57, 3346.27, 3399.97, 3415.17, 3443.57, 3581.9, 3852.6]"
57300,2624.7676666666666,4087.4388877444062,1933.0386643994561,2374.498,2559.8649999999998,2873.259,"[1692.2, 1890.43, 1947.27, 1989.87, 2080.73, 2140.5, 2174.23, 2300.27, 2370.83, 2376.07, 2394.63, 2395.6, 2436.47, 2477.87, 2526.8, 2592.93, 2620.43, 2750.07, 2836.27, 2851.7, 2870.4, 2879.93, 2910.0, 2956.73, 3007.27, 3029.83, 3146.03, 3558.57, 3720.7, 3818.4]"
57600,2602.7586666666666,4053.165209497442,1916.8298972369146,2305.0909999999999,2518.7150000000001,2858.9000000000001,"[1866.07, 1941.4, 2005.43, 2106.27, 2169.83, 2240.5, 2258.8, 2287.57, 2298.7, 2307.83, 2355.7, 2405.37, 2415.4, 2485.4, 2508.23, 2529.2, 2672.43, 2684.03, 2698.33, 2739.17, 2846.3, 2888.3, 3000.37, 3095.37, 3153.77, 3186.77, 3191.03, 3229.83, 3250.73, 3264.63]"
57900,2654.0873333333334,4133.097155800272,1954.6314514539947,2340.3020000000001,2593.1000000000004,2828.0799999999995,"[1860.9, 2022.0, 2102.93, 2141.67, 2149.8, 2176.5, 2230.6, 2272.13, 2324.37, 2347.13, 2360.0, 2438.63, 2464.97, 2507.53, 2547.3, 2638.9, 2647.37, 2665.7, 2677.43, 2684.4, 2772.67, 2957.37, 3026.97, 3042.43, 3118.03, 3147.43, 3435.03, 3568.03, 3570.17, 3724.23]"
58200,2707.4393333333333,4216.1799529210857,1993.9231114865229,2387.6610000000001,2730.6199999999999,2935.6499999999996,"[1902.03, 2038.87, 2232.87, 2265.9, 2266.13, 2284.6, 2326.07, 2364.77, 2366.5, 2396.73, 2524.17, 2653.47, 2659.2, 2689.3, 2719.87, 2741.37, 2767.17, 2776.93, 2777.97, 2848.1, 2931.6, 2945.1, 2949.03, 2970.23, 3009.9, 3187.23, 3242.2, 3327.7, 3368.17, 3690.0]"
58500,2815.7190000000001,4384.7992657486475,2073.6668483867738,2578.2020000000002,2859.5650000000001,3134.1320000000001,"[1952.17, 1990.0, 2115.17, 2136.4, 2329.53, 2471.4, 2474.43, 2506.13, 2574.87, 2579.63, 2610.93, 2618.83, 2633.6, 2769.57, 2820.23, 2898.9, 3001.93, 3012.4, 3038.77, 3074.8, 3120.53, 3165.87, 3210.27, 3215.83, 3242.57, 3251.57, 3282.4, 3408.87, 3459.67, 3504.3]"
58800,2688.8223333333331,4187.1884917950138,1980.2124195757119,2315.261,2785.7650000000003,2967.7110000000002,"[1619.87, 1720.2, 1819.83, 1900.03, 2013.47, 2111.43, 2150.03, 2162.9, 2274.57, 2332.7, 2405.27, 2463.77, 2632.0, 2711.77, 2725.73, 2845.8, 2866.57, 2867.6, 2874.27, 2877.63, 2961.63, 2981.9, 2983.3, 3041.6, 3222.07, 3243.73, 3401.07, 3612.73, 3853.23, 3987.97]"
59100,2577.1100000000001,4013.2236333787205,1897.9406580152488,2274.951,2604.1500000000001,2805.5409999999997,"[1500.07, 1693.43, 1774.17, 1901.87, 2102.6, 2110.13, 2131.13, 2136.17, 2261.7, 2280.63, 2308.33, 2362.73, 2456.87, 2480.93, 2533.9, 2674.4, 2681.3, 2682.7, 2695.3, 2752.4, 2776.33, 2873.7, 2895.87, 2906.5, 3021.1, 3152.87, 3252.37, 3309.5, 3331.83, 4272.47]"
59400,2735.3110000000001,4259.5833122531758,2014.4495032095444,2481.712,2819.0,3015.7709999999997,"[1457.83, 2095.93, 2109.23, 2248.8, 2277.6, 2294.37, 2314.47, 2378.73, 2396.97, 2518.03, 2518.5, 2544.67, 2564.0, 2753.97, 2815.0, 2823.0, 2880.8, 2894.2, 2897.3, 2943.73, 2983.53, 3091.0, 3111.2, 3143.53, 3144.17, 3163.5, 3368.6, 3369.9, 3453.57, 3503.2]"
59700,2799.2846666666665,4359.2067784539031,2061.563605055791,2355.6399999999999,2785.6500000000001,3207.049,"[1787.27, 1799.6, 1989.23, 2027.47, 2188.77, 2272.5, 2288.8, 2310.1, 2321.27, 2370.37, 2374.43, 2377.7, 2549.53, 2605.57, 2737.13, 2834.17, 2873.27, 2917.43, 3066.97, 3125.37, 3205.3, 3211.13, 3224.7, 3277.23, 3285.83, 3630.87, 3636.7, 3647.8, 3938.3, 4103.73]"
60000,2639.1460000000002,4109.8296538125715,1943.627744193423,2384.4799999999996,2657.8649999999998,2811.5309999999999,"[1899.43, 1971.73, 2035.4, 2060.43, 2087.33, 2125.8, 2214.93, 2237.97, 2265.83, 2435.33, 2437.1, 2517.6, 2550.07, 2631.9, 2649.23, 2666.5, 2687.77, 2724.9, 2784.17, 2790.2, 2795.13, 2849.8, 2860.6, 2862.03, 2957.0, 3091.63, 3211.77, 3441.77, 3576.43, 3754.6]"
60300,2627.828,4092.2046144923324,1935.2924801311915,2402.7489999999998,2663.5299999999997,2845.011,"[2023.97, 2104.17, 2151.97, 2162.8, 2207.37, 2280.8, 2292.87, 2325.17, 2327.73, 2434.9, 2454.97, 2473.5, 2516.77, 2604.17, 2621.33, 2705.73, 2760.57, 2780.3, 2814.43, 2819.13, 2828.13, 2884.4, 2931.73, 2942.7, 2953.7, 2957.73, 2978.47, 3037.53, 3156.33, 3301.47]"
60600,2749.8669999999997,4282.2507510537926,2025.1694275504024,2504.3400000000001,2751.6350000000002,2941.009,"[1461.2, 1731.17, 2022.17, 2217.1, 2275.6, 2281.4, 2281.6, 2284.6, 2428.53, 2536.83, 2553.37, 2667.8, 2709.73, 2711.7, 2732.57, 2770.7, 2772.4, 2784.23, 2789.5, 2901.4, 2930.8, 2964.83, 2977.07, 3142.97, 3158.87, 3242.73, 3344.77, 3644.53, 3929.67, 4246.17]"
60900,2624.3220000000001,4086.7448700271661,1932.7104483409298,2342.221,2640.8149999999996,2823.232,"[1750.57, 1915.3, 1957.93, 2025.37, 2105.0, 2154.13, 2160.27, 2215.43, 2252.6, 2380.63, 2422.07, 2559.43, 2559.73, 2560.07, 2621.2, 2660.43, 2686.3, 2691.43, 2791.13, 2803.77, 2808.73, 2857.07, 2895.0, 2906.27, 2977.83, 3065.97, 3227.27, 3311.33, 3538.37, 3869.03]"
61200,2706.6183333333333,4214.9014445908233,1993.3184771169267,2521.9899999999998,2613.02,2878.712,"[1644.63, 1669.57, 1885.27, 1959.27, 2054.67, 2167.83, 2219.8, 2303.97, 2521.57, 2522.17, 2537.37, 2544.8, 2547.8, 2586.4, 2610.37, 2615.67, 2650.33, 2746.03, 2847.1, 2852.83, 2876.93, 2882.87, 2965.83, 3243.77, 3479.0, 3482.6, 3544.63, 3626.77, 3633.5, 3975.2]"
61500,2867.3506666666667,4465.2030610454722,2111.6915502457387,2544.6390000000001,2814.5349999999999,3166.6900000000001,"[2071.93, 2123.73, 2165.03, 2275.97, 2370.17, 2441.93, 2490.37, 2524.33, 2528.63, 2551.5, 2613.77, 2697.27, 2708.97, 2752.87, 2802.0, 2827.07, 2876.5, 2932.9, 3025.1, 3137.17, 3151.57, 3201.97, 3232.9, 3246.5, 3261.4, 3306.7, 3379.8, 3433.1, 3619.4, 4269.97]"
61800,2660.3466666666664,4142.8445489897467,1959.2412054906488,2359.221,2674.8299999999999,3011.6480000000001,"[1335.1, 1896.87, 2127.33, 2227.5, 2267.83, 2276.37, 2286.0, 2297.33, 2342.4, 2366.43, 2389.97, 2416.6, 2434.37, 2459.4, 2611.73, 2737.93, 2795.63, 2863.1, 2882.47, 2977.23, 3007.67, 3020.93, 3021.73, 3041.97, 3098.07, 3188.6, 3237.37, 3302.17, 3435.13, 3465.17]"
62100,2631.7653333333337,4098.3360559852554,1938.192172040925,2478.5619999999999,2665.3499999999999,2833.799,"[1670.77, 1875.93, 2054.23, 2096.7, 2261.23, 2402.43, 2409.3, 2425.5, 2450.17, 2490.73, 2525.0, 2527.43, 2549.07, 2585.0, 2665.0, 2665.7, 2686.23, 2779.37, 2780.03, 2782.07, 2832.47, 2836.9, 2868.07, 2914.97, 2924.53, 3051.5, 3091.73, 3112.37, 3309.3, 3329.23]"
62400,2707.6336666666666,4216.4825799436376,1994.0662303811534,2338.5390000000002,2660.6499999999996,2916.0899999999997,"[1878.5, 1971.3, 1981.33, 2039.97, 2138.07, 2165.2, 2260.87, 2273.0, 2330.3, 2342.07, 2346.77, 2450.13, 2511.9, 2646.07, 2652.7, 2668.6, 2744.5, 2749.93, 2835.33, 2887.93, 2915.1, 2918.4, 3163.8, 3206.1, 3247.27, 3274.9, 3517.9, 3567.2, 3644.07, 3899.8]"
62700,2775.9203333333335,4322.8224973361121,2044.3566879351581,2554.6819999999998,2756.52,2951.8599999999997,"[1930.47, 2182.8, 2210.2, 2310.73, 2327.37, 2337.73, 2424.2, 2438.33, 2513.97, 2572.13, 2598.77, 2604.43, 2682.47, 2698.7, 2716.57, 2796.47, 2826.53, 2837.53, 2847.3, 2946.13, 2949.73, 2956.83, 3076.63, 3108.57, 3141.3, 3146.4, 3153.83, 3232.63, 3390.33, 4318.53]"
63000,2595.9639999999999,4042.5841645099958,1911.8258911509004,2467.4119999999998,2630.6499999999996,2852.6500000000001,"[1723.33, 1847.93, 1901.7, 2067.57, 2155.23, 2157.17, 2237.83, 2325.7, 2460.37, 2470.43, 2480.97, 2503.8, 2565.53, 2582.83, 2604.47, 2656.83, 2693.67, 2732.93, 2733.23, 2805.93, 2845.0, 2870.5, 2878.57, 2909.67, 2986.9, 3053.43, 3071.9, 3096.53, 3217.4, 3241.57]"
63300,2596.2739999999999,4043.0669143058326,1912.0541940188359,2271.54,2568.1149999999998,2857.0709999999999,"[2025.33, 2084.0, 2113.77, 2118.63, 2123.53, 2135.97, 2183.63, 2216.77, 2250.33, 2280.63, 2300.43, 2360.8, 2433.97, 2539.23, 2564.23, 2572.0, 2588.33, 2592.27, 2769.93, 2782.77, 2848.83, 2876.3, 2891.47, 2916.33, 2994.27, 3013.67, 3073.83, 3190.17, 3274.1, 3772.7]"
63600,2615.6330000000003,4073.2138604271004,1926.3113398909632,2408.319,2547.0999999999999,2771.2289999999994,"[1695.67, 1917.4, 2122.97, 2143.07, 2159.3, 2217.17, 2225.07, 2317.5, 2405.33, 2409.6, 2441.03, 2446.13, 2476.73, 2477.5, 2497.6, 2596.6, 2598.17, 2614.03, 2678.73, 2688.53, 2720.4, 2889.83, 3016.1, 3040.03, 3046.13, 3257.83, 3259.07, 3295.6, 3310.77, 3505.1]"
63900,2583.3033333333337,4022.8682475794058,1902.5018056348597,2212.8609999999999,2488.7199999999998,2888.1220000000003,"[1563.0, 1741.8, 1966.27, 1967.83, 1974.37, 2010.63, 2018.63, 2181.0, 2207.87, 2215.0, 2310.67, 2377.83, 2383.3, 2449.43, 2449.47, 2527.97, 2609.13, 2649.73, 2650.6, 2708.47, 2878.03, 2911.67, 3007.93, 3101.5, 3137.23, 3223.7, 3382.37, 3523.5, 3619.7, 3750.47]"
64200,2704.3113333333331,4211.3088517553579,1991.6194619029693,2571.9979999999996,2688.0649999999996,2952.1390000000001,"[1688.23, 1853.73, 2015.37, 2137.9, 2153.47, 2235.9, 2410.0, 2528.07, 2562.73, 2575.97, 2581.9, 2584.9, 2609.67, 2613.4, 2687.2, 2688.93, 2695.37, 2709.63, 2821.5, 2942.5, 2950.9, 2955.03, 2993.57, 3063.6, 3084.23, 3086.6, 3200.33, 3469.67, 3560.57, 3668.47]"
64500,2639.1563333333334,4109.845745472433,1943.6353542890206,2375.8719999999998,2479.0649999999996,2943.4589999999998,"[1940.63, 1977.5, 2068.07, 2181.87, 2182.73, 2252.13, 2292.37, 2330.7, 2372.47, 2377.33, 2395.53, 2398.17, 2415.5, 2426.93, 2469.43, 2488.7, 2559.2, 2766.3, 2788.53, 2853.83, 2910.6, 3020.13, 3029.67, 3030.4, 3031.73, 3042.87, 3044.0, 3151.03, 3289.57, 4086.77]"
64800,2781.3439999999996,4331.2685424200372,2048.3510061762067,2522.4110000000001,2724.1700000000001,2979.7499999999995,"[1633.83, 1748.1, 1936.9, 1967.83, 2236.4, 2279.87, 2396.7, 2479.57, 2480.6, 2540.33, 2574.77, 2627.2, 2654.33, 2693.1, 2709.37, 2738.97, 2839.27, 2871.6, 2939.93, 2946.07, 2961.33, 3022.73, 3198.13, 3304.5, 3322.3, 3509.43, 3567.23, 3596.0, 3781.93, 3882.0]"
65100,2645.924,4120.3847445099191,1948.6194759316984,2458.4610000000002,2629.6500000000001,2881.2279999999996,"[1586.53, 1910.43, 2018.57, 2112.9, 2198.37, 2278.43, 2420.23, 2431.37, 2445.77, 2463.9, 2480.23, 2506.87, 2537.87, 2546.43, 2550.27, 2709.03, 2713.53, 2773.63, 2776.63, 2866.13, 2868.97, 2909.83, 2929.77, 2947.03, 2991.1, 2991.33, 3053.97, 3199.4, 3355.77, 3803.43]"
65400,2669.4693333333335,4157.0508892181824,1965.959692468771,2370.3899999999999,2695.9849999999997,2859.3999999999996,"[1950.5, 1968.4, 2038.27, 2045.33, 2097.17, 2163.43, 2176.43, 2250.03, 2367.17, 2371.77, 2410.2, 2517.77, 2562.27, 2665.53, 2688.37, 2703.6, 2711.77, 2730.87, 2815.77, 2857.07, 2858.83, 2860.73, 2935.43, 2936.97, 3074.33, 3191.1, 3272.17, 3495.97, 3607.63, 3759.2]"
65700,2775.3890000000001,4321.9950745677652,2043.965381729256,2621.0509999999999,2766.6799999999998,3074.1500000000001,"[1874.0, 1950.2, 2108.7, 2238.67, 2242.5, 2299.0, 2325.87, 2549.3, 2611.37, 2625.2, 2626.47, 2642.43, 2659.33, 2699.2, 2718.93, 2814.43, 2889.2, 2901.47, 2978.23, 3050.87, 3070.1, 3083.6, 3134.63, 3165.77, 3254.93, 3289.1, 3313.77, 3331.93, 3392.2, 3420.27]"
66000,2556.7289999999998,3981.4851701885991,1882.9308491397996,2275.0619999999999,2534.7349999999997,2799.0219999999995,"[1516.73, 1724.27, 2028.17, 2076.23, 2101.03, 2146.8, 2153.67, 2186.97, 2214.47, 2301.03, 2361.7, 2414.87, 2433.7, 2505.83, 2511.5, 2557.97, 2564.7, 2634.37, 2662.57, 2719.33, 2760.43, 2889.07, 2915.27, 3022.03, 3052.1, 3054.17, 3107.23, 3158.13, 3409.5, 3518.03]"
66300,2773.0406666666668,4318.3381150928553,2042.2359261329079,2415.0799999999999,2774.9000000000001,3006.4479999999999,"[1993.4, 2089.7, 2153.9, 2227.3, 2304.33, 2314.77, 2331.53, 2357.33, 2385.33, 2427.83, 2476.47, 2492.0, 2550.87, 2739.53, 2741.03, 2808.77, 2899.0, 2954.9, 2987.83, 2997.43, 3001.87, 3017.13, 3097.57, 3129.63, 3144.6, 3236.77, 3242.77, 3400.13, 3600.87, 4086.63]"
66600,2671.9676666666664,4160.9414373039808,1967.7996171947655,2436.652,2603.2349999999997,2772.9299999999998,"[2232.13, 2249.3, 2250.4, 2256.37, 2274.03, 2346.4, 2382.5, 2383.8, 2409.17, 2448.43, 2473.57, 2478.53, 2507.5, 2563.67, 2584.27, 2622.2, 2634.0, 2659.87, 2742.5, 2753.87, 2757.57, 2808.77, 2845.87, 2911.0, 2934.93, 3083.57, 3150.97, 3221.07, 3480.27, 3712.5]"
66900,2674.1623333333332,4164.3590982241803,1969.4159033049657,2291.7399999999998,2680.9650000000001,2877.4690000000001,"[1882.17, 1898.03, 1928.23, 2065.37, 2078.9, 2104.67, 2150.17, 2154.2, 2269.2, 2301.4, 2511.73, 2545.2, 2621.8, 2634.07, 2635.4, 2726.53, 2728.07, 2745.93, 2806.2, 2859.5, 2866.87, 2902.2, 2999.37, 3098.53, 3254.13, 3334.8, 3426.8, 3449.93, 3563.57, 3681.9]"
67200,2699.8663333333334,4204.3868425860301,1988.345893361123,2426.681,2595.0500000000002,2826.4720000000002,"[1949.17, 2019.97, 2084.27, 2161.0, 2163.97, 2329.63, 2347.23, 2390.83, 2426.17, 2426.9, 2433.37, 2458.4, 2499.87, 2515.87, 2575.27, 2614.83, 2684.47, 2704.7, 2756.47, 2757.8, 2812.03, 2860.17, 2902.47, 3068.47, 3125.03, 3136.87, 3490.23, 3503.77, 3767.43, 4029.33]"
67500,2745.6926666666668,4275.7502395556685,2022.0951944158292,2461.9009999999998,2694.3500000000004,2961.5389999999993,"[1804.27, 2011.43, 2075.37, 2083.73, 2197.5, 2209.9, 2212.27, 2331.0, 2452.5, 2465.93, 2479.33, 2481.6, 2599.3, 2599.77, 2661.63, 2727.07, 2741.33, 2755.53, 2839.97, 2841.37, 2932.7, 3028.83, 3134.07, 3168.7, 3182.37, 3367.27, 3573.07, 3679.27, 3814.07, 3919.63]"
67800,2640.1370000000002,4111.3728959018417,1944.3575769099516,2450.8609999999999,2681.5500000000002,2825.3099999999995,"[1724.27, 1761.17, 1913.83, 2083.87, 2143.7, 2154.73, 2245.13, 2370.87, 2447.2, 2452.43, 2465.43, 2494.97, 2597.03, 2620.13, 2670.97, 2692.13, 2702.23, 2732.43, 2781.33, 2794.0, 2806.2, 2869.9, 2984.33, 3033.23, 3057.87, 3093.93, 3101.0, 3177.1, 3403.37, 3829.33]"
68100,2639.2193333333335,4109.9438526890053,1943.6817513234716,2299.9079999999999,2764.8499999999999,2913.5479999999998,"[1508.67, 1767.4, 1898.67, 1930.73, 1991.87, 2001.4, 2211.57, 2222.8, 2229.53, 2330.07, 2469.77, 2558.47, 2675.9, 2684.33, 2751.33, 2778.37, 2780.1, 2833.77, 2848.4, 2860.23, 2905.07, 2933.33, 3012.13, 3049.87, 3085.7, 3098.23, 3226.57, 3411.1, 3443.53, 3677.67]"
68400,2621.4179999999997,4082.2225945203645,1930.5717659909808,2300.5,2663.1999999999998,2862.808,"[1803.8, 1834.2, 1879.8, 2013.37, 2044.4, 2068.6, 2142.17, 2225.87, 2231.2, 2330.2, 2349.93, 2363.5, 2440.0, 2548.8, 2618.7, 2707.7, 2711.17, 2775.2, 2799.13, 2834.77, 2861.47, 2865.93, 3009.13, 3083.33, 3118.0, 3136.0, 3192.07, 3292.93, 3361.4, 3999.77]"
68700,2589.4566666666665,4032.4505714838519,1907.0334948198974,2404.1889999999999,2646.2349999999997,2761.9689999999996,"[1553.13, 1746.5, 1976.7, 1984.1, 2045.1, 2095.33, 2184.5, 2227.47, 2356.33, 2424.7, 2495.7, 2550.6, 2584.07, 2623.13, 2643.5, 2648.97, 2662.57, 2675.13, 2694.7, 2708.53, 2740.87, 2811.2, 2922.6, 2926.5, 2940.7, 3017.7, 3113.7, 3155.27, 3484.17, 3690.23]"
69000,2737.4496666666669,4262.9137667586429,2016.0245475113429,2410.7910000000002,2829.6999999999998,3019.431,"[1881.1, 2001.67, 2027.67, 2159.77, 2176.3, 2192.27, 2303.17, 2349.5, 2405.87, 2412.9, 2585.4, 2697.87, 2782.03, 2812.63, 2821.1, 2838.3, 2851.3, 2871.6, 2900.27, 2924.2, 3003.3, 3057.07, 3091.2, 3143.4, 3144.43, 3159.2, 3223.37, 3347.7, 3381.9, 3577.0]"
69300,2673.3933333333334,4163.1615672790258,1968.8495649003132,2343.3420000000001,2620.7199999999998,2951.5909999999994,"[1785.03, 1884.77, 2086.03, 2099.9, 2189.87, 2221.83, 2269.1, 2314.97, 2318.17, 2354.13, 2436.97, 2460.7, 2466.9, 2479.07, 2595.47, 2645.97, 2719.23, 2719.53, 2827.03, 2830.67, 2911.1, 3046.07, 3110.67, 3112.63, 3128.37, 3136.0, 3296.33, 3413.13, 3434.43, 3907.73]"
69600,2634.1473333333333,4102.0454431261633,1939.9464218197047,2392.3500000000004,2616.0349999999999,2958.8720000000003,"[1668.2, 1748.27, 1979.7, 2028.17, 2094.6, 2096.6, 2126.13, 2159.53, 2384.93, 2395.53, 2406.63, 2448.8, 2483.13, 2496.73, 2591.3, 2640.77, 2696.03, 2813.17, 2891.53, 2899.3, 2946.53, 2987.67, 3004.63, 3061.77, 3118.33, 3143.2, 3239.17, 3292.7, 3318.9, 3862.47]"
69900,2830.5950000000003,4407.9650269191616,2084.6224402042108,2529.1500000000001,2860.0799999999999,3162.2999999999997,"[2072.43, 2128.6, 2219.23, 2256.8, 2374.0, 2460.3, 2479.37, 2487.67, 2522.57, 2531.97, 2533.23, 2764.27, 2764.87, 2787.47, 2834.83, 2885.33, 2912.87, 3036.37, 3044.63, 3060.1, 3157.77, 3172.87, 3212.7, 3238.43, 3253.17, 3283.4, 3288.5, 3326.0, 3409.3, 3418.8]"
70200,2584.5799999999999,4024.856346200967,1903.4420206716252,2263.0889999999999,2464.4350000000004,2922.9489999999996,"[1906.07, 2001.4, 2017.63, 2090.83, 2096.37, 2165.03, 2182.3, 2243.3, 2248.13, 2269.5, 2310.87, 2322.23, 2334.4, 2428.77, 2445.57, 2483.3, 2643.83, 2654.6, 2681.93, 2792.17, 2905.6, 2963.43, 3016.97, 3038.03, 3062.0, 3071.3, 3178.77, 3192.47, 3255.47, 3535.13]"
70500,2612.7253333333333,4068.6858749764765,1924.1699571845118,2378.5709999999999,2562.5500000000002,2863.8979999999997,"[1643.93, 1804.17, 1848.9, 1877.4, 1961.93, 2033.53, 2207.17, 2299.43, 2351.67, 2390.1, 2409.5, 2423.93, 2467.93, 2473.17, 2549.7, 2575.4, 2645.77, 2715.17, 2725.23, 2745.5, 2854.97, 2884.73, 2995.33, 3140.73, 3206.6, 3290.4, 3353.5, 3405.47, 3516.27, 3584.23]"
70800,2698.5533333333337,4202.3421636120538,1987.3789202462879,2566.489,2702.2650000000003,2945.5480000000002,"[1585.37, 1762.97, 1795.67, 1838.57, 1893.23, 2233.63, 2410.03, 2410.5, 2514.5, 2588.77, 2591.1, 2622.23, 2631.83, 2639.17, 2648.3, 2756.23, 2798.03, 2837.27, 2874.13, 2875.77, 2935.57, 2968.83, 3009.1, 3014.57, 3120.83, 3132.0, 3224.6, 3394.9, 3778.4, 4070.5]"
71100,2787.8413333333333,4341.3865628721223,2053.1360378985664,2460.5209999999997,2596.6800000000003,3165.3599999999997,"[1953.97, 1990.4, 2237.63, 2254.87, 2258.0, 2267.8, 2311.3, 2334.43, 2457.7, 2461.73, 2476.3, 2478.0, 2478.2, 2519.2, 2554.03, 2639.33, 2696.67, 2875.57, 2917.47, 3025.07, 3123.87, 3262.17, 3274.3, 3299.2, 3410.5, 3428.6, 3453.53, 3470.4, 3732.97, 3992.03]"
71400,2683.1970000000001,4178.4283998008941,1976.0695817270282,2379.0990000000002,2587.2849999999999,2941.8989999999999,"[1831.1, 1907.53, 2005.07, 2023.87, 2205.67, 2244.83, 2246.23, 2300.37, 2368.9, 2383.47, 2388.5, 2391.2, 2504.4, 2549.27, 2579.67, 2594.9, 2614.27, 2618.77, 2685.33, 2724.63, 2927.07, 2976.5, 3088.4, 3128.97, 3161.9, 3272.73, 3477.67, 3493.63, 3524.83, 4276.23]"
71700,2663.7836666666667,4148.1968426939047,1961.7724214812736,2469.2190000000001,2617.8150000000001,2832.6709999999998,"[1963.17, 2036.27, 2129.77, 2162.27, 2172.67, 2230.07, 2390.57, 2423.27, 2429.9, 2486.07, 2493.67, 2507.9, 2532.77, 2533.87, 2596.1, 2639.53, 2643.93, 2687.1, 2776.67, 2794.63, 2832.2, 2833.77, 2894.77, 2946.27, 2995.3, 3048.37, 3123.53, 3190.07, 3485.4, 3933.63]"
72000,2741.6366666666668,4269.4340035172436,2019.1081091501983,2381.8400000000001,2556.0799999999999,2931.0689999999995,"[1994.87, 2164.43, 2290.23, 2301.7, 2327.23, 2334.03, 2352.1, 2352.37, 2365.67, 2388.77, 2396.37, 2423.4, 2429.5, 2469.43, 2539.03, 2573.13, 2688.13, 2741.03, 2786.53, 2826.47, 2905.47, 2990.8, 3057.17, 3185.97, 3379.2, 3510.77, 3519.0, 3547.07, 3678.33, 3730.9]"
72300,2802.5813333333335,4364.3405370354312,2063.9914710384578,2630.8919999999998,2883.75,2990.6509999999998,"[1658.17, 1893.7, 2019.03, 2126.5, 2160.57, 2229.8, 2460.37, 2563.9, 2617.27, 2636.73, 2660.93, 2690.47, 2817.4, 2852.8, 2881.2, 2886.3, 2910.17, 2923.0, 2966.43, 2972.23, 2984.33, 3005.4, 3101.27, 3103.67, 3159.17, 3188.2, 3453.87, 3573.23, 3784.6, 3796.73]"
72600,2867.4213333333332,4465.31310723549,2111.7435934801497,2516.8310000000001,2884.8000000000002,3214.4400000000005,"[1947.1, 2108.63, 2182.0, 2268.9, 2294.87, 2416.97, 2435.03, 2442.73, 2445.27, 2547.5, 2566.8, 2705.8, 2717.33, 2756.97, 2853.93, 2915.67, 2995.67, 3025.13, 3028.6, 3060.43, 3204.03, 3238.73, 3279.37, 3318.57, 3325.3, 3366.97, 3549.03, 3571.87, 3650.57, 3802.87]"
72900,2702.0843333333332,4207.840839512367,1989.9793635581566,2351.0809999999997,2666.1499999999996,2974.3000000000002,"[1695.33, 1820.67, 2047.9, 2091.5, 2243.57, 2284.5, 2301.4, 2327.67, 2339.37, 2356.1, 2474.67, 2561.9, 2581.93, 2657.8, 2661.1, 2671.2, 2738.13, 2771.7, 2850.03, 2879.7, 2953.3, 3023.3, 3069.87, 3123.3, 3174.77, 3242.0, 3294.03, 3399.33, 3435.63, 3990.83]"
73200,2628.5986666666668,4093.4047408664983,1935.8600459706179,2396.7910000000002,2601.3500000000004,2918.3989999999994,"[1415.7, 1517.57, 1976.0, 2033.1, 2052.17, 2306.53, 2320.17, 2359.23, 2361.0, 2412.13, 2420.23, 2450.23, 2475.9, 2574.23, 2581.4, 2621.3, 2631.3, 2710.67, 2732.67, 2816.83, 2896.7, 2969.03, 3026.6, 3037.37, 3080.83, 3100.63, 3186.87, 3354.03, 3436.47, 4001.07]"
73500,2814.8256666666666,4383.408115799356,2073.008943347992,2622.2179999999998,2765.3299999999999,2896.431,"[1942.87, 2059.63, 2331.1, 2342.57, 2469.4, 2521.1, 2535.47, 2563.6, 2572.63, 2643.47, 2682.0, 2698.57, 2704.03, 2738.97, 2761.73, 2768.93, 2822.23, 2823.63, 2825.13, 2845.83, 2886.33, 2920.0, 2993.9, 3033.6, 3164.23, 3303.43, 3365.0, 3464.13, 3547.93, 4113.33]"
73800,2732.8073333333332,4255.6844587945452,2012.605650692273,2391.4110000000001,2676.9499999999998,2986.5479999999993,"[2003.7, 2051.8, 2080.0, 2101.8, 2222.03, 2229.07, 2323.17, 2364.03, 2381.1, 2395.83, 2534.73, 2538.6, 2598.67, 2616.2, 2638.53, 2715.37, 2804.33, 2812.87, 2870.63, 2918.1, 2966.97, 3032.23, 3060.53, 3102.3, 3142.23, 3225.9, 3375.03, 3407.37, 3693.7, 3777.4]"
74100,2673.0603333333333,4162.6430005628526,1968.6043234324986,2369.2799999999997,2637.3499999999999,2780.9810000000002,"[1787.33, 1809.67, 1821.37, 2051.2, 2211.13, 2214.27, 2268.9, 2313.3, 2314.33, 2392.83, 2474.8, 2507.83, 2509.77, 2536.7, 2622.83, 2651.87, 2652.73, 2666.6, 2723.17, 2728.33, 2771.3, 2803.57, 2912.9, 3151.0, 3253.67, 3387.93, 3562.67, 3665.47, 3670.07, 3754.27]"
74400,2598.6763333333338,4046.8079656806626,1913.8234185018573,2372.7510000000002,2564.5349999999999,2772.2819999999997,"[1833.9, 2056.13, 2244.53, 2246.8, 2271.1, 2272.9, 2279.57, 2333.5, 2372.1, 2373.03, 2378.47, 2454.43, 2507.23, 2552.43, 2560.57, 2568.5, 2619.23, 2637.07, 2647.4, 2658.73, 2742.93, 2840.77, 2842.67, 2909.67, 2972.63, 3015.1, 3023.63, 3179.3, 3266.4, 3299.57]"
74700,2703.9626666666668,4210.7658880064937,1991.3626825482809,2409.3410000000003,2661.9499999999998,2818.799,"[1998.23, 2124.73, 2291.47, 2303.43, 2309.53, 2359.97, 2367.53, 2391.6, 2408.9, 2409.53, 2509.1, 2542.3, 2571.5, 2583.2, 2609.13, 2714.77, 2717.73, 2721.8, 2747.17, 2778.6, 2803.37, 2854.8, 2935.57, 2948.6, 2955.43, 3023.63, 3383.33, 3393.53, 3679.7, 3680.7]"
75000,2649.1016666666669,4125.3331894601406,1950.9597030715124,2518.8109999999997,2732.52,2850.3609999999999,"[1799.47, 1808.53, 1825.1, 1833.9, 1941.6, 2139.13, 2215.57, 2312.13, 2446.27, 2549.9, 2577.8, 2607.07, 2625.53, 2667.57, 2723.87, 2741.17, 2787.7, 2792.07, 2827.73, 2829.33, 2849.2, 2853.07, 2892.03, 2905.67, 3029.9, 3076.87, 3080.6, 3316.0, 3684.6, 3733.67]"
75300,2638.0133333333333,4108.0658002574619,1942.793579521117,2348.1199999999999,2639.8299999999999,2941.3890000000001,"[1848.5, 1977.0, 1982.17, 2073.57, 2182.63, 2239.83, 2266.17, 2331.47, 2337.83, 2352.53, 2371.13, 2408.3, 2415.8, 2589.9, 2629.83, 2649.83, 2672.37, 2810.07, 2896.47, 2909.7, 2919.0, 2993.63, 3022.5, 3066.8, 3070.57, 3092.3, 3118.0, 3131.9, 3277.47, 3503.13]"
75600,2840.3566666666666,4423.1664546299808,2091.8115256746246,2461.2020000000002,2822.2650000000003,3135.1089999999999,"[1778.93, 2002.93, 2064.3, 2136.93, 2187.27, 2383.17, 2412.87, 2420.8, 2437.57, 2471.33, 2511.6, 2542.73, 2552.4, 2741.8, 2815.63, 2828.9, 2831.0, 2879.63, 2912.9, 3050.37, 3129.07, 3149.2, 3191.8, 3255.0, 3404.5, 3501.87, 3768.83, 3773.03, 4015.67, 4058.67]"
75900,2669.1793333333335,4156.599284570465,1965.7461188181219,2318.6219999999998,2682.6800000000003,2997.6509999999994,"[1720.67, 1990.6, 2009.1, 2031.77, 2087.53, 2113.73, 2136.87, 2263.27, 2300.87, 2326.23, 2345.37, 2385.77, 2554.3, 2575.63, 2651.33, 2714.03, 2785.6, 2790.47, 2839.57, 2869.0, 2973.6, 3053.77, 3093.47, 3108.03, 3151.4, 3188.17, 3266.3, 3318.67, 3659.03, 3771.23]"
76200,2728.1626666666666,4248.4515172298343,2009.1850354645196,2436.3299999999999,2629.8999999999996,2842.4189999999999,"[1799.47, 2153.87, 2252.83, 2279.73, 2341.7, 2349.0, 2374.03, 2405.97, 2407.07, 2448.87, 2459.63, 2463.97, 2491.47, 2601.23, 2624.47, 2635.33, 2712.7, 2777.93, 2815.73, 2821.03, 2823.6, 2886.33, 3013.33, 3128.93, 3146.7, 3225.43, 3226.77, 3334.9, 3894.23, 3948.63]"
76500,2652.52,4130.6564143593878,1953.4771717926699,2386.1390000000001,2608.6700000000001,2792.6900000000001,"[2054.63, 2078.57, 2079.57, 2090.3, 2131.7, 2150.37, 2166.13, 2244.27, 2337.93, 2406.8, 2458.17, 2475.73, 2505.4, 2508.87, 2602.37, 2614.97, 2615.37, 2629.8, 2631.87, 2702.07, 2792.57, 2792.97, 2826.87, 2872.77, 3067.17, 3087.87, 3119.5, 3228.93, 3769.43, 4532.63]"
76800,2727.5799999999999,4247.5441552479824,2008.7559242675836,2488.0219999999999,2681.5500000000002,2909.5399999999995,"[2062.97, 2065.53, 2105.77, 2125.63, 2235.17, 2332.93, 2369.43, 2424.43, 2443.67, 2507.03, 2514.33, 2563.1, 2628.37, 2657.23, 2680.3, 2682.8, 2791.03, 2843.77, 2852.27, 2864.03, 2864.3, 3015.1, 3120.57, 3171.73, 3195.2, 3195.8, 3205.37, 3282.4, 3356.97, 3670.17]"
77100,2654.8356666666668,4134.2625034257044,1955.1825696674514,2424.7280000000001,2709.0999999999999,2886.3890000000001,"[1684.7, 1741.63, 2031.23, 2081.3, 2173.47, 2252.73, 2265.17, 2272.6, 2394.53, 2437.67, 2565.37, 2626.5, 2661.43, 2689.57, 2703.23, 2714.97, 2715.13, 2742.27, 2757.53, 2814.47, 2880.17, 2900.9, 2917.23, 2937.17, 2970.37, 3060.47, 3250.73, 3321.67, 3467.93, 3612.93]"
77400,2661.2396666666668,4144.2351798532372,1959.8988650424758,2434.2079999999996,2671.8850000000002,2838.1499999999996,"[1912.57, 1958.07, 2025.77, 2208.8, 2213.13, 2261.87, 2302.2, 2375.5, 2379.93, 2457.47, 2533.1, 2548.53, 2601.37, 2643.17, 2667.07, 2676.7, 2717.9, 2775.9, 2780.93, 2805.4, 2823.27, 2872.87, 2945.03, 2968.17, 2993.13, 3172.67, 3174.47, 3269.9, 3335.53, 3436.77]"
77700,2675.5769999999998,4166.5620983677591,1970.4577499410057,2422.221,2725.8850000000002,2938.5520000000001,"[1682.23, 1709.27, 2053.8, 2239.6, 2257.23, 2259.9, 2333.93, 2336.07, 2359.27, 2449.2, 2582.07, 2648.2, 2658.3, 2696.37, 2699.77, 2752.0, 2756.47, 2799.27, 2861.2, 2874.33, 2935.63, 2945.37, 2948.1, 3031.27, 3038.53, 3041.93, 3103.43, 3310.67, 3427.43, 3476.47]"
78000,2652.4303333333332,4130.5167802786573,1953.411135801837,2468.5010000000002,2622.75,2840.4609999999998,"[1887.2, 1891.83, 1893.97, 1989.77, 2031.33, 2092.5, 2135.07, 2186.37, 2462.6, 2471.03, 2482.1, 2539.2, 2540.6, 2555.03, 2596.73, 2648.77, 2655.67, 2694.23, 2734.87, 2836.93, 2837.2, 2848.07, 3016.73, 3081.3, 3109.5, 3219.17, 3223.6, 3289.27, 3302.7, 4319.57]"
78300,2741.8163333333337,4269.7137907645083,2019.2404266188187,2480.3990000000003,2804.4499999999998,3081.5509999999999,"[1978.17, 2058.2, 2223.5, 2229.73, 2238.9, 2270.33, 2274.07, 2302.67, 2368.63, 2528.3, 2595.5, 2618.93, 2642.63, 2667.3, 2773.23, 2835.67, 2839.83, 2839.97, 2958.8, 3053.2, 3077.93, 3090.0, 3112.8, 3151.37, 3154.27, 3158.3, 3217.83, 3236.43, 3262.0, 3496.0]"
78600,2735.5623333333333,4259.974702947864,2014.6346003734398,2426.3009999999999,2668.1149999999998,2862.4919999999993,"[1522.77, 1593.27, 2056.93, 2065.0, 2221.77, 2262.03, 2271.37, 2292.3, 2394.5, 2439.93, 2483.97, 2544.6, 2623.77, 2642.17, 2666.7, 2669.53, 2725.03, 2731.5, 2759.6, 2805.53, 2809.23, 2986.77, 3010.6, 3066.57, 3278.57, 3354.53, 3428.73, 3849.1, 4180.67, 4329.83]"
78900,2896.6856666666667,4510.8852070482289,2133.2956297001965,2660.2910000000002,2870.6149999999998,3104.9099999999999,"[1825.13, 2148.77, 2351.03, 2372.43, 2379.9, 2382.03, 2472.9, 2599.13, 2651.87, 2663.9, 2691.47, 2810.63, 2830.83, 2832.37, 2851.73, 2889.5, 2895.67, 2911.0, 2941.73, 3095.33, 3101.37, 3113.17, 3149.47, 3228.37, 3315.03, 3565.37, 3604.87, 3611.03, 3627.67, 3986.87]"
79200,2716.6399999999999,4230.5077592271828,2000.6990424120604,2354.0819999999999,2602.1500000000001,2955.8689999999997,"[1625.63, 1684.7, 1871.07, 2178.0, 2246.4, 2340.17, 2340.9, 2348.47, 2349.07, 2356.23, 2508.53, 2571.8, 2584.9, 2586.17, 2589.3, 2615.0, 2715.3, 2786.03, 2892.9, 2905.83, 2953.97, 2960.3, 2996.6, 3012.73, 3252.0, 3261.4, 3340.27, 3623.57, 3879.03, 4122.93]"
79500,2778.1486666666669,4326.2925859223114,2045.9977682277899,2513.5680000000002,2673.8000000000002,2870.4499999999998,"[2055.67, 2062.63, 2073.63, 2136.8, 2310.8, 2353.2, 2362.33, 2444.53, 2472.73, 2531.07, 2570.17, 2578.7, 2620.93, 2621.6, 2670.33, 2677.27, 2680.03, 2743.8, 2775.27, 2802.93, 2823.8, 2979.3, 3082.9, 3215.07, 3259.67, 3327.1, 3359.97, 3877.5, 3915.2, 3959.53]"
79800,2677.6293333333333,4169.7581096505155,1971.9692131215193,2375.4189999999999,2770.6149999999998,3004.8189999999995,"[1735.9, 1810.83, 1882.07, 1886.23, 1943.37, 2007.37, 2099.1, 2257.57, 2301.1, 2407.27, 2412.07, 2420.27, 2440.0, 2499.27, 2769.43, 2771.8, 2791.73, 2887.9, 2943.47, 2947.6, 3001.27, 3013.1, 3114.3, 3122.1, 3144.0, 3331.2, 3385.8, 3447.5, 3741.83, 3813.43]"
